12987 20160101  2.422  -98.06   26.53    10.6     6.5     8.6     8.7     4.4     1.88 C    10.4     6.8     8.8   100.0   100.0   100.0   0.107   0.103   0.129   0.174   0.198    13.6    14.9    17.0    18.9    19.9
12987 20160102  2.422  -98.06   26.53     6.6     5.4     6.0     5.8    23.9     0.72 C     7.1     5.6     6.2   100.0   100.0   100.0   0.166   0.156   0.131   0.173   0.199    11.4    12.9    15.6    18.1    19.5
12987 20160103  2.422  -98.06   26.53    11.6     5.4     8.5     7.7     0.8     4.37 C    14.0     3.8     7.7   100.0   100.0   100.0   0.176   0.185   0.179   0.171   0.197    11.4    12.3    14.2    17.1    18.8
12987 20160104  2.422  -98.06   26.53    18.7     4.1    11.4    10.3     0.0    11.40 C    23.8     2.4     9.7   100.0    32.6    73.4   0.161   0.171   0.186   0.175   0.195    12.2    12.6    14.0    16.2    18.2
12987 20160105  2.422  -98.06   26.53    17.1     4.6    10.9    12.2     0.0     2.84 C    18.0     3.3    12.0   100.0    82.7    97.0   0.156   0.165   0.184   0.179   0.195    12.6    13.0    14.2    15.8    17.7
12987 20160106  2.422  -98.06   26.53    23.5    12.2    17.8    16.9     0.0     6.88 C    26.8    11.5    16.8   100.0   100.0   100.0   0.155   0.163   0.182   0.188   0.192    15.4    15.0    15.0    15.9    17.5
12987 20160107  2.422  -98.06   26.53    23.2    14.0    18.6    17.7     0.0     8.15 C    31.0    11.8    18.0   100.0    57.1    93.4   0.154   0.162   0.181   0.198   0.192    16.8    16.5    16.2    16.4    17.5
12987 20160108  2.422  -98.06   26.53    24.8    13.5    19.2    17.9     0.0     7.12 C    26.9    12.1    17.5   100.0    51.7    91.1   0.151   0.159   0.180   0.204   0.194    17.0    16.8    16.7    17.0    17.8
12987 20160109  2.422  -98.06   26.53    22.1     9.3    15.7    15.3     0.0    12.27 C    27.7     7.0    14.4   100.0    18.1    51.1   0.147   0.155   0.179   0.207   0.193    15.9    16.2    16.8    17.3    18.0
12987 20160110  2.422  -98.06   26.53    14.7     0.8     7.8     7.9     0.0    12.03 C    22.1     0.0     7.9   100.0    34.7    72.4   0.141   0.150   0.176   0.207   0.195    13.6    14.3    15.8    17.0    18.0
12987 20160111  2.422  -98.06   26.53    12.7     2.9     7.8     9.0     0.0     2.02 C    14.5     2.2     9.2   100.0    74.9    98.3   0.137   0.149   0.174   0.208   0.194    12.5    13.3    14.9    16.4    17.7
12987 20160112  2.422  -98.06   26.53    19.0     7.9    13.5    12.5     0.0     7.51 C    23.9     5.5    12.3   100.0    43.5    83.9   0.137   0.147   0.173   0.208   0.195    13.8    14.0    14.7    16.0    17.4
12987 20160113  2.422  -98.06   26.53    20.1     6.2    13.1    13.7     0.0     4.30 C    23.5     5.0    13.6   100.0    64.2    91.6   0.135   0.145   0.172   0.208   0.195    13.7    14.0    14.8    16.0    17.2
12987 20160114  2.422  -98.06   26.53    23.7    13.0    18.3    17.2     0.0     8.37 C    30.8    11.5    17.3   100.0    62.0    94.8   0.137   0.145   0.172   0.207   0.197    15.9    15.6    15.5    16.1    17.2
12987 20160115  2.422  -98.06   26.53    29.2    10.5    19.8    18.1     0.2    12.56 C    36.1     7.3    16.7   100.0    10.6    62.7   0.135   0.143   0.171   0.208   0.198    16.3    16.0    16.1    16.4    17.3
12987 20160116  2.422  -98.06   26.53    25.1     9.0    17.0    18.1     0.3    13.48 C    28.7     6.3    17.0   100.0    14.3    56.8   0.133   0.141   0.170   0.208   0.198    16.4    16.1    16.3    16.7    17.4
12987 20160117  2.422  -98.06   26.53    17.9     3.2    10.5    10.3     0.0    12.50 C    26.1     1.4    10.3   100.0    34.7    72.7   0.129   0.138   0.168   0.207   0.198    14.8    15.1    16.0    16.7    17.4
12987 20160118  2.422  -98.06   26.53    22.4     3.9    13.1    12.6     0.2    12.18 C    30.2     3.4    12.8   100.0    38.9    83.1   0.128   0.136   0.167   0.207   0.198    14.8    14.8    15.5    16.4    17.4
12987 20160119  2.422  -98.06   26.53    24.3     9.4    16.8    16.7     0.0     8.43 C    29.4     7.6    16.3   100.0    54.3    86.6   0.127   0.136   0.167   0.206   0.198    15.6    15.4    15.7    16.4    17.3
12987 20160120  2.422  -98.06   26.53    27.5    14.4    21.0    20.0     0.0    11.86 C    33.8    13.2    20.1   100.0    48.3    86.8   0.128   0.135   0.166   0.207   0.200    17.9    17.1    16.5    16.7    17.3
12987 20160121  2.422  -98.06   26.53    26.2     9.5    17.8    19.1     0.2    12.13 C    30.3     6.1    18.5   100.0    10.7    66.4   0.127   0.135   0.167   0.207   0.199    18.5    18.0    17.5    17.2    17.5
12987 20160122  2.422  -98.06   26.53    21.5     4.1    12.8    12.6     1.4    13.93 C    28.5     1.3    11.2    96.1    16.0    43.4   0.122   0.131   0.166   0.207   0.199    15.8    16.2    17.0    17.4    17.8
12987 20160123  2.422  -98.06   26.53    19.7     0.1     9.9     9.6     1.1    13.91 C    28.9    -1.1     9.5   100.0    24.8    67.9   0.119   0.129   0.163   0.206   0.199    14.5    14.9    16.0    17.1    17.8
12987 20160124  2.422  -98.06   26.53    25.1     5.2    15.2    15.6     0.4    12.41 C    29.2     1.9    15.1   100.0    39.4    78.8   0.118   0.128   0.162   0.206   0.200    15.2    15.1    15.7    16.7    17.5
12987 20160125  2.422  -98.06   26.53    26.1    15.1    20.6    19.9     0.0     8.70 C    33.0    13.7    19.7   100.0    47.0    85.5   0.120   0.128   0.161   0.205   0.199    17.5    17.0    16.6    16.7    17.4
12987 20160126  2.422  -98.06   26.53    22.6    10.8    16.7    15.4     0.2     4.27 C    26.8    10.7    15.6   100.0    48.9    84.9   0.117   0.128   0.163   0.205   0.200    17.2    17.3    17.2    17.2    17.5
12987 20160127  2.422  -98.06   26.53    14.6     4.0     9.3    10.3     0.2     3.79 C    16.4     1.3     9.9    70.0    25.8    47.8   0.113   0.125   0.161   0.205   0.199    14.5    15.3    16.5    17.2    17.7
12987 20160128  2.422  -98.06   26.53    23.0     0.4    11.7    11.4     0.0    14.20 C    31.7    -1.8    10.4   100.0    17.2    56.2   0.111   0.122   0.160   0.204   0.200    13.8    14.3    15.4    16.7    17.6
12987 20160129  2.422  -98.06   26.53    25.3     3.4    14.4    14.4     0.0    12.10 C    31.1     0.7    13.5   100.0    18.7    61.9   0.111   0.122   0.158   0.203   0.200    14.5    14.6    15.3    16.3    17.3
12987 20160130  2.422  -98.06   26.53    27.5     9.5    18.5    18.3     0.0    12.82 C    34.8     5.7    18.2   100.0    36.1    80.5   0.111   0.122   0.159   0.204   0.199    16.5    16.0    15.9    16.3    17.2
12987 20160131  2.422  -98.06   26.53    34.1    14.9    24.5    22.3     0.0    14.18 C    41.3    13.7    21.6   100.0     8.9    68.4   0.111   0.122   0.159   0.202   0.199    18.6    17.8    17.0    16.8    17.2
12987 20160201  2.422  -98.06   26.53    31.7    17.3    24.5    22.5     0.0    13.76 C    36.9    16.0    22.6   100.0    33.3    82.6   0.110   0.123   0.161   0.203   0.200    19.9    19.0    17.9    17.4    17.5
12987 20160202  2.422  -98.06   26.53    26.0     9.3    17.7    19.2     0.0    13.88 C    32.9     6.5    18.4   100.0    16.9    56.5   0.107   0.122   0.160   0.204   0.200    19.6    19.1    18.6    18.0    17.9
12987 20160203  2.422  -98.06   26.53    21.7     7.3    14.5    13.4     0.0    15.56 C    28.6     4.6    12.7    93.8    14.7    43.1   0.102   0.119   0.159   0.203   0.201    17.2    17.4    17.9    18.1    18.2
12987 20160204  2.422  -98.06   26.53    19.6     2.8    11.2    10.5     0.0    15.47 C    27.7     0.7    10.5    97.8    15.0    49.1   0.098   0.117   0.157   0.203   0.202    15.9    16.3    17.1    17.8    18.2
12987 20160205  2.422  -98.06   26.53    20.6    -1.0     9.8    11.0     0.8     6.80 C    24.2    -2.3    10.4   100.0    32.2    71.3   0.095   0.115   0.155   0.202   0.202    14.5    15.1    16.3    17.3    18.0
12987 20160206  2.422  -98.06   26.53    22.5     5.2    13.8    14.1     0.3    16.46 C    30.2     0.9    12.9   100.0     9.5    52.6   0.095   0.116   0.154   0.201   0.200    15.9    15.8    16.2    17.0    17.8
12987 20160207  2.422  -98.06   26.53    24.5    -0.2    12.1    12.5     0.0    13.75 C    34.3    -2.6    11.9    74.7    14.4    40.8   0.092   0.114   0.154   0.201   0.199    14.9    15.1    15.9    16.8    17.6
12987 20160208  2.422  -98.06   26.53    19.7     6.9    13.3    13.5     0.3    11.85 C    23.9     4.7    12.6   100.0    19.1    56.3   0.092   0.114   0.153   0.201   0.200    15.8    15.7    16.1    16.7    17.4
12987 20160209  2.422  -98.06   26.53    25.0     6.2    15.6    14.3     0.0    15.73 C    34.1     2.3    14.1    61.5    11.2    34.7   0.090   0.113   0.152   0.201   0.201    15.8    15.6    16.0    16.7    17.4
12987 20160210  2.422  -98.06   26.53    27.5     3.7    15.6    15.6     0.0    14.68 C    36.0     0.2    14.8   100.0    13.6    50.2   0.089   0.113   0.153   0.200   0.200    16.1    15.9    16.1    16.7    17.3
12987 20160211  2.422  -98.06   26.53    28.8    11.1    20.0    19.1     0.0    14.98 C    35.8     8.9    18.9   100.0    19.6    66.0   0.088   0.112   0.152   0.199   0.198    17.6    17.0    16.6    16.8    17.3
12987 20160212  2.422  -98.06   26.53    29.9    12.7    21.3    20.0     0.0    14.48 C    38.1    10.2    20.2   100.0    24.7    74.8   0.088   0.112   0.152   0.200   0.199    19.0    18.2    17.5    17.2    17.4
12987 20160213  2.422  -98.06   26.53    27.4     8.9    18.1    17.3     0.3    15.11 C    35.3     8.1    17.8 -9999.0 -9999.0 -9999.0   0.087   0.112   0.153   0.199   0.200    19.1    18.5    17.9    17.7    17.7
12987 20160214  2.422  -98.06   26.53    28.5    11.9    20.2    19.7     0.0    15.29 C    34.6     9.7    19.9   100.0    33.9    79.0   0.085   0.112   0.153   0.198   0.200    19.4    18.8    18.2    17.9    17.9
12987 20160215  2.422  -98.06   26.53    32.5    16.1    24.3    22.3     0.0    15.04 C    42.0    14.2    22.8   100.0    25.4    74.7   0.087   0.111   0.153   0.192   0.200    20.8    19.8    18.8    18.3    18.2
12987 20160216  2.422  -98.06   26.53    30.1    12.5    21.3    20.0     0.0    14.51 C    39.3    11.3    21.1 -9999.0 -9999.0 -9999.0   0.085   0.111   0.152   0.187   0.201    21.1    20.2    19.4    18.8    18.5
12987 20160217  2.422  -98.06   26.53    28.8    14.5    21.7    20.0     0.0    16.17 C    35.8    12.3    21.1 -9999.0 -9999.0 -9999.0   0.084   0.111   0.152   0.187   0.202    21.8    20.8    19.9    19.2    18.8
12987 20160218  2.422  -98.06   26.53    29.4    13.3    21.4    20.5     0.0    16.47 C    36.0    12.0    20.8   100.0    34.3    78.6   0.083   0.109   0.147   0.186   0.200    21.0    20.5    19.9    19.5    19.1
12987 20160219  2.422  -98.06   26.53    31.0    15.0    23.0    22.0     0.0    15.23 C    37.3    14.0    22.6   100.0    39.9    84.0   0.083   0.108   0.149   0.185   0.200    21.6    20.9    20.1    19.7    19.3
12987 20160220  2.422  -98.06   26.53    30.5    19.5    25.0    23.3     0.0    10.94 C    37.2    18.4    24.2   100.0    45.8    85.3   0.083   0.109   0.146   0.186   0.202    22.7    21.8    20.8    20.0    19.6
12987 20160221  2.422  -98.06   26.53    30.2    18.1    24.1    22.8     0.0    11.45 C    38.2    17.3    23.4   100.0    41.9    83.2   0.083   0.108   0.149   0.186   0.202    22.5    21.9    21.0    20.4    19.8
12987 20160222  2.422  -98.06   26.53    28.6    18.0    23.3    22.0     0.0     9.54 C    36.5    16.6    22.9   100.0    48.0    87.5   0.082   0.107   0.147   0.180   0.202    22.5    21.9    21.2    20.7    20.1
12987 20160223  2.422  -98.06   26.53    32.3    12.5    22.4    22.9     0.0    18.60 C    39.7    11.1    23.6   100.0    17.4    60.9   0.083   0.106   0.140   0.178   0.201    23.0    22.2    21.4    20.8    20.3
12987 20160224  2.422  -98.06   26.53    23.2     7.6    15.4    14.9     0.0    19.94 C    32.5     2.9    14.4    63.0    10.8    32.9   0.078   0.104   0.140   0.182   0.202    20.4    20.5    21.0    20.9    20.5
12987 20160225  2.422  -98.06   26.53    25.7     2.7    14.2    14.9     0.0    19.31 C    36.2    -0.1    15.0   100.0    14.4    51.7   0.075   0.102   0.136   0.182   0.201    19.0    19.1    19.9    20.5    20.4
12987 20160226  2.422  -98.06   26.53    24.8     6.2    15.5    15.1     0.0    18.01 C    35.7     4.2    15.6   100.0    28.4    71.0   0.074   0.101   0.133   0.181   0.201    19.3    19.2    19.6    20.1    20.2
12987 20160227  2.422  -98.06   26.53    23.2     8.7    15.9    16.9     0.0     7.02 C    28.3     6.9    16.9   100.0    48.0    77.7   0.073   0.100   0.132   0.181   0.201    19.0    19.0    19.5    19.9    20.0
12987 20160228  2.422  -98.06   26.53    26.4    17.0    21.7    21.0     0.0    10.42 C    32.0    15.5    21.5   100.0    50.5    81.7   0.075   0.100   0.132   0.180   0.199    20.5    20.0    19.7    19.8    19.9
12987 20160229  2.422  -98.06   26.53    30.3    15.1    22.7    21.4     0.0    11.55 C    37.9    13.1    22.0   100.0    42.1    84.7   0.076   0.100   0.132   0.179   0.200    21.3    20.6    20.1    20.0    19.9
12987 20160301  2.422  -98.06   26.53    31.1    18.8    24.9    23.8     0.0    13.55 C    39.9    17.8    24.7   100.0    43.4    83.5   0.077   0.100   0.132   0.179   0.199    22.7    21.6    20.7    20.3    20.0
12987 20160302  2.422  -98.06   26.53    29.6    18.8    24.2    23.1     0.0    10.96 C    39.4    16.9    24.0   100.0    48.0    84.7   0.077   0.101   0.131   0.176   0.199    23.2    22.3    21.4    20.7    20.3
12987 20160303  2.422  -98.06   26.53 -9999.0 -9999.0 -9999.0 -9999.0 -9999.0 -9999.00 U -9999.0 -9999.0 -9999.0 -9999.0 -9999.0 -9999.0 -99.000 -99.000 -99.000 -99.000 -99.000 -9999.0 -9999.0 -9999.0 -9999.0 -9999.0
12987 20160304  2.422  -98.06   26.53    28.6    12.8    20.7    20.7     0.0    22.52 C    43.6    11.1    23.4    96.5    32.3    68.3   0.080   0.102   0.134   0.178   0.200    24.9    24.1    23.2    21.7    20.9
12987 20160305  2.422  -98.06   26.53    28.7    16.0    22.4    22.1     0.0    11.56 C    41.5    14.4    23.4    92.3    51.8    76.3   0.079   0.100   0.131   0.179   0.199    24.0    23.5    22.9    21.9    21.3
12987 20160306  2.422  -98.06   26.53    30.1    18.4    24.3    23.1     0.0    12.61 C    38.0    17.0    24.2    92.5    43.8    72.4   0.076   0.100   0.130   0.177   0.202    24.1    23.4    22.8    22.1    21.4
12987 20160307  2.422  -98.06   26.53    28.2    21.8    25.0    24.4     0.0    11.07 C    32.6    20.6    25.0    81.2    52.1    69.1   0.077   0.099   0.130   0.177   0.200    24.3    23.8    23.1    22.3    21.6
12987 20160308  2.422  -98.06   26.53    30.9    22.8    26.8    25.6     0.0    12.28 C    38.6    21.8    26.4    83.8    48.6    70.8   0.077   0.099   0.130   0.177   0.200    25.0    24.2    23.4    22.5    21.8
12987 20160309  2.422  -98.06   26.53    23.8    16.2    20.0    19.4    31.0     6.67 C    26.8    16.1    19.5    95.5    64.3    87.0   0.111   0.103   0.133   0.178   0.201    22.6    23.1    23.1    22.7    21.9
12987 20160310  2.422  -98.06   26.53    25.3    14.0    19.6    18.8     8.8    16.68 C    40.1    11.0    20.7    94.8    48.6    78.7   0.187   0.189   0.194   0.176   0.200    21.1    21.3    21.6    22.2    21.9
12987 20160311  2.422  -98.06   26.53    22.9    11.9    17.4    16.8     0.0    13.64 C    36.1    10.4    17.7    96.0    47.4    75.0   0.164   0.173   0.197   0.176   0.190    19.5    20.3    21.0    21.7    21.6
12987 20160312  2.422  -98.06   26.53    28.4    12.1    20.2    20.2     0.0    23.02 C    41.3     9.6    22.4    95.9    31.4    68.9   0.157   0.165   0.194   0.177   0.190    21.0    20.8    20.9    21.2    21.3
12987 20160313  2.422  -98.06   26.53    35.0    18.7    26.8    24.8     0.0    22.84 C    48.4    17.3    27.1    95.1    18.4    66.4   0.154   0.162   0.193   0.180   0.190    24.0    23.2    22.3    21.4    21.2
12987 20160314  2.422  -98.06   26.53    33.2    19.5    26.3    24.1     0.0    21.09 C    45.2    18.4    26.8    96.1    39.9    76.4   0.151   0.158   0.190   0.182   0.190    25.1    24.3    23.3    22.0    21.5
12987 20160315  2.422  -98.06   26.53    31.8    20.7    26.2    24.9     0.0    14.92 C    41.4    19.2    25.9    92.2    47.9    74.9   0.148   0.154   0.188   0.184   0.190    24.8    24.3    23.7    22.5    21.8
12987 20160316  2.422  -98.06   26.53    27.7    22.0    24.8    24.3     0.0     7.50 C    32.6    22.0    25.1    94.8    61.3    81.5   0.145   0.151   0.186   0.185   0.190    24.5    24.2    23.7    22.8    22.1
12987 20160317  2.422  -98.06   26.53    29.1    22.0    25.5    24.5     0.0     8.78 C    36.0    21.4    25.4    95.3    61.4    82.9   0.142   0.149   0.184   0.185   0.192    24.7    24.3    23.7    22.9    22.3
12987 20160318  2.422  -98.06   26.53    32.6    21.3    27.0    25.2     0.0    19.23 C    47.8    20.1    28.4    95.4    40.8    77.7   0.141   0.147   0.183   0.186   0.192    26.4    25.4    24.4    23.1    22.5
12987 20160319  2.422  -98.06   26.53    23.0    15.2    19.1    18.2     0.6    11.61 C    27.5    15.1    19.6    88.5    44.6    60.9   0.134   0.143   0.180   0.187   0.192    23.2    23.7    23.8    23.5    22.7
12987 20160320  2.422  -98.06   26.53    20.5     7.7    14.1    15.2     0.0    19.91 C    35.4     4.7    17.8    77.8    20.1    41.5   0.130   0.138   0.178   0.186   0.193    21.8    22.0    22.4    22.9    22.7
12987 20160321  2.422  -98.06   26.53    23.2     6.0    14.6    14.5     0.0    25.21 C    41.2     2.5    17.3    81.6    22.9    52.6   0.127   0.135   0.174   0.186   0.192    20.9    21.1    21.5    22.3    22.3
12987 20160322  2.422  -98.06   26.53    27.1     9.8    18.4    19.0     0.0    21.38 C    36.3     6.7    20.3    93.1    43.8    68.8   0.126   0.134   0.173   0.185   0.193    21.4    21.3    21.4    21.8    22.0
12987 20160323  2.422  -98.06   26.53    32.0    20.1    26.1    24.3     0.0    23.05 C    43.1    19.2    26.6    85.9    43.3    69.9   0.125   0.133   0.172   0.185   0.192    24.3    23.5    22.5    21.8    21.8
12987 20160324  2.422  -98.06   26.53    27.8    14.2    21.0    21.8     0.4    23.34 C    41.5     7.7    23.6    94.0    15.2    50.9   0.121   0.131   0.171   0.186   0.192    24.8    24.2    23.4    22.4    22.0
12987 20160325  2.422  -98.06   26.53    25.6     9.6    17.6    17.4     0.0    23.53 C    40.6     6.5    19.8    87.7    35.2    60.8   0.115   0.127   0.169   0.186   0.194    23.1    22.9    22.7    22.5    22.1
12987 20160326  2.422  -98.06   26.53    26.5    13.1    19.8    20.3     0.0    11.14 C    35.4    11.4    21.8    95.1    58.1    81.3   0.111   0.125   0.167   0.186   0.194    23.0    22.8    22.5    22.4    22.1
12987 20160327  2.422  -98.06   26.53    30.7    18.5    24.6    23.5     0.0    15.55 C    46.4    15.7    25.7    96.4    43.2    76.1   0.110   0.125   0.166   0.185   0.194    25.0    24.2    23.3    22.5    22.1
12987 20160328  2.422  -98.06   26.53    26.3    16.0    21.2    20.6     0.0    12.29 C    38.3    14.8    22.1    94.0    57.2    77.6   0.105   0.122   0.165   0.187   0.193    24.0    23.8    23.4    22.8    22.3
12987 20160329  2.422  -98.06   26.53    29.2    18.2    23.7    23.1     0.0     9.34 C    36.9    17.7    24.4    93.4    61.6    83.0   0.103   0.120   0.163   0.186   0.192    24.1    23.7    23.3    22.9    22.4
12987 20160330  2.422  -98.06   26.53    28.9    23.1    26.0    25.2     0.0     8.32 C    35.7    22.5    25.8    87.1    65.3    79.0   0.102   0.120   0.162   0.186   0.192    24.8    24.4    23.7    23.0    22.4
12987 20160331  2.422  -98.06   26.53    37.4    22.6    30.0    28.6     0.0    24.50 C    50.7    21.2    31.6    91.4    17.1    61.4   0.103   0.120   0.161   0.185   0.193    27.5    26.2    24.8    23.3    22.6
12987 20160401  2.422  -98.06   26.53    25.9    14.9    20.4    22.2     0.0    13.58 C    37.6    13.4    23.5    95.0    42.7    70.4   0.098   0.117   0.159   0.186   0.202    26.3    26.0    25.3    23.9    23.0
12987 20160402  2.422  -98.06   26.53    22.4    10.5    16.5    15.9     0.0    10.49 C    31.3     5.8    16.3    66.8    24.8    45.3   0.091   0.113   0.155   0.185   0.204    22.4    23.0    23.5    23.9    23.2
12987 20160403  2.422  -98.06   26.53    26.9     7.3    17.1    17.6     0.0    24.14 C    42.2     3.7    19.8    82.8    19.2    48.3   0.090   0.111   0.151   0.184   0.203    22.4    22.3    22.5    23.1    23.0
12987 20160404  2.422  -98.06   26.53    30.0     8.4    19.2    19.3     0.0    26.67 C    44.3     6.1    21.8    96.1    21.8    61.4   0.089   0.110   0.149   0.182   0.202    23.8    23.3    23.0    22.8    22.7
12987 20160405  2.422  -98.06   26.53    30.1     9.7    19.9    20.3     0.0    25.53 C    42.9     8.4    22.8    96.7    29.9    68.5   0.086   0.109   0.147   0.181   0.202    24.4    23.9    23.4    22.9    22.6
12987 20160406  2.422  -98.06   26.53    30.7    16.4    23.5    22.9     0.0    20.30 C    46.6    15.1    25.9    93.2    40.8    71.4   0.085   0.109   0.145   0.181   0.201    25.6    24.8    24.0    23.2    22.7
12987 20160407  2.422  -98.06   26.53    29.9    17.2    23.5    23.2     0.0    21.28 C    42.3    15.1    25.7    96.6    39.2    68.4   0.084   0.108   0.144   0.180   0.201    26.4    25.6    24.6    23.5    22.9
12987 20160408  2.422  -98.06   26.53    29.6    18.6    24.1    22.6     0.0    16.65 C    42.7    17.2    24.6    95.4    37.4    71.5   0.083   0.106   0.142   0.180   0.199    26.1    25.5    24.7    23.8    23.1
12987 20160409  2.422  -98.06   26.53    30.2    16.5    23.3    22.7     0.0    15.39 C    40.8    15.6    23.9    93.5    43.2    69.1   0.081   0.105   0.140   0.179   0.201    25.4    25.0    24.5    24.0    23.3
12987 20160410  2.422  -98.06   26.53    30.2    16.8    23.5    23.5     0.4    14.72 C    39.9    15.1    24.5    95.0    49.7    74.5   0.081   0.104   0.137   0.178   0.201    25.2    24.8    24.5    24.0    23.4
12987 20160411  2.422  -98.06   26.53    31.1    21.4    26.2    25.7     0.0    13.64 C    40.5    20.1    27.0    95.3    55.7    76.7   0.083   0.104   0.137   0.178   0.200    26.3    25.6    24.9    24.0    23.4
12987 20160412  2.422  -98.06   26.53    30.4    21.4    25.9    24.8     0.0    12.72 C    38.6    20.1    26.4    95.8    43.3    78.6   0.083   0.104   0.136   0.179   0.199    26.6    25.9    25.2    24.2    23.5
12987 20160413  2.422  -98.06   26.53    27.3    19.6    23.4    23.8     0.0    11.06 C    38.2    17.6    25.4    92.7    58.2    79.1   0.082   0.103   0.136   0.177   0.199    26.6    26.1    25.3    24.4    23.7
12987 20160414  2.422  -98.06   26.53    31.4    16.5    23.9    22.7     0.0    26.02 C    45.9    15.1    26.5    94.7    36.9    69.1   0.082   0.102   0.134   0.176   0.199    27.6    26.5    25.6    24.6    23.7
12987 20160415  2.422  -98.06   26.53    31.1    14.8    22.9    22.4     0.0    19.62 C    43.8    12.1    25.2    96.3    37.8    74.6   0.080   0.102   0.133   0.175   0.197    27.0    26.4    25.7    24.7    23.9
12987 20160416  2.422  -98.06   26.53    31.2    21.8    26.5    25.2     0.0    14.74 C    40.7    21.1    26.8    93.8    54.2    78.5   0.080   0.100   0.132   0.175   0.196    27.5    26.8    25.9    24.9    24.1
12987 20160417  2.422  -98.06   26.53    33.2    22.8    28.0    26.5     0.4    15.26 C    41.9    22.0    27.9    93.4    51.7    78.4   0.080   0.100   0.132   0.175   0.197    27.9    27.1    26.1    25.0    24.3
12987 20160418  2.422  -98.06   26.53    33.4    21.4    27.4    25.4     5.2    13.27 C    43.1    20.4    26.7    94.0    45.0    78.4   0.080   0.100   0.132   0.174   0.197    27.5    27.1    26.3    25.3    24.4
12987 20160419  2.422  -98.06   26.53    32.3    19.4    25.8    24.2     0.0    21.93 C    45.2    18.8    26.4    95.9    40.3    76.7   0.084   0.099   0.131   0.173   0.195    27.3    26.7    26.0    25.3    24.5
12987 20160420  2.422  -98.06   26.53    32.4    20.0    26.2    25.2     0.0    20.24 C    46.5    19.0    27.3    95.7    45.0    75.2   0.089   0.098   0.131   0.172   0.195    27.6    26.9    26.2    25.3    24.6
12987 20160421  2.422  -98.06   26.53    33.1    21.3    27.2    25.5     1.2    22.71 C    48.8    19.1    27.7    95.7    39.9    76.6   0.093   0.100   0.131   0.170   0.195    28.1    27.3    26.5    25.4    24.7
12987 20160422  2.422  -98.06   26.53    32.7    20.5    26.6    24.7     0.0    20.07 C    46.9    19.1    27.5    96.5    39.4    73.2   0.095   0.100   0.131   0.169   0.193    28.4    27.6    26.7    25.6    24.7
12987 20160423  2.422  -98.06   26.53    32.3    18.2    25.3    23.9     2.9    21.04 C    45.4    17.4    26.4    94.8    33.6    69.6   0.094   0.099   0.131   0.169   0.193    27.8    27.3    26.6    25.7    24.9
12987 20160424  2.422  -98.06   26.53    31.6    19.4    25.5    24.6     3.3    17.72 C    39.1    18.9    25.8    95.8    50.0    78.7   0.105   0.099   0.130   0.169   0.192    26.4    26.5    26.2    25.7    25.0
12987 20160425  2.422  -98.06   26.53    35.6    22.5    29.0    27.8     0.0    25.91 C    44.9    21.7    30.1    94.6    42.3    73.4   0.109   0.099   0.130   0.168   0.192    28.9    27.7    26.6    25.5    24.9
12987 20160426  2.422  -98.06   26.53    33.4    24.2    28.8    27.7     0.0    18.16 C    40.9    23.4    29.0    88.3    53.9    73.6   0.107   0.101   0.131   0.168   0.190    28.7    28.2    27.1    25.9    25.1
12987 20160427  2.422  -98.06   26.53    35.6    21.6    28.6    28.0     0.0    21.43 C    46.4    19.9    29.8    96.0    28.5    70.0   0.106   0.102   0.131   0.168   0.190    29.7    28.8    27.6    26.1    25.2
12987 20160428  2.422  -98.06   26.53    34.0    21.6    27.8    27.5     0.0    17.20 C    41.7    20.7    29.1    96.4    50.9    77.3   0.103   0.102   0.131   0.167   0.189    29.4    28.8    27.7    26.4    25.4
12987 20160429  2.422  -98.06   26.53    31.5    24.9    28.2    27.7     0.0    11.46 C    36.1    24.1    28.3    92.6    60.3    78.9   0.099   0.101   0.130   0.167   0.189    28.6    28.4    27.6    26.6    25.6
12987 20160430  2.422  -98.06   26.53    36.8    23.9    30.4    28.4     0.2    18.97 C    48.1    22.9    30.4    94.2    34.1    73.0   0.098   0.101   0.131   0.165   0.188    29.9    29.0    27.9    26.6    25.8
12987 20160501  2.422  -98.06   26.53    33.4    23.8    28.6    27.7     0.0    15.06 C    40.9    22.9    29.3    94.8    51.7    75.7   0.095   0.101   0.131   0.165   0.187    29.8    29.2    28.2    26.8    25.8
12987 20160502  2.422  -98.06   26.53    25.9    20.0    22.9    23.6     0.0    11.11 C    32.0    20.0    24.9    91.3    46.2    65.2   0.090   0.100   0.130   0.164   0.186    28.1    28.1    27.7    26.9    26.0
12987 20160503  2.422  -98.06   26.53    23.3    18.3    20.8    20.6     0.0     7.70 C    28.6    18.1    22.1    69.9    52.1    59.0   0.085   0.097   0.129   0.163   0.186    25.6    26.1    26.4    26.6    25.9
12987 20160504  2.422  -98.06   26.53    32.9    16.8    24.9    23.6     0.0    27.62 C    44.9    14.2    26.4    81.8    17.9    50.5   0.086   0.098   0.128   0.161   0.186    27.8    26.9    26.4    26.1    25.6
12987 20160505  2.422  -98.06   26.53    35.3    13.9    24.6    24.8     0.0    27.49 C    48.1    12.1    27.6    94.4    18.6    52.0   0.083   0.098   0.128   0.160   0.185    28.5    27.6    27.0    26.1    25.5
12987 20160506  2.422  -98.06   26.53    34.0    13.1    23.5    24.4     0.0    27.71 C    45.5    10.9    26.6    95.7    19.8    55.8   0.080   0.098   0.128   0.159   0.184    28.9    28.0    27.3    26.3    25.6
12987 20160507  2.422  -98.06   26.53    32.4    16.4    24.4    24.4     0.0    25.08 C    42.6    14.0    26.3    96.3    37.0    65.9   0.078   0.098   0.127   0.159   0.182    28.6    28.0    27.3    26.4    25.7
12987 20160508  2.422  -98.06   26.53    30.1    21.9    26.0    25.0     0.0    10.86 C    36.2    20.5    25.6    84.4    48.9    67.2   0.076   0.096   0.127   0.158   0.181    27.6    27.5    27.0    26.5    25.8
12987 20160509  2.422  -98.06   26.53    33.1    21.8    27.5    26.6     0.0    19.69 C    41.8    20.3    28.2    85.3    41.2    68.7   0.077   0.095   0.126   0.158   0.182    28.4    27.7    26.9    26.4    25.7
12987 20160510  2.422  -98.06   26.53    34.8    22.8    28.8    27.9     0.0    21.61 C    43.6    22.2    29.9    94.5    46.2    72.8   0.078   0.096   0.127   0.158   0.182    29.9    28.8    27.7    26.5    25.7
12987 20160511  2.422  -98.06   26.53    34.2    24.0    29.1    28.0     0.0    16.50 C    43.1    23.2    29.4    91.7    42.5    71.4   0.078   0.096   0.126   0.158   0.182    29.9    29.2    28.1    26.8    25.9
12987 20160512  2.422  -98.06   26.53    34.3    23.2    28.8    27.3     0.0    14.79 C    43.1    21.8    28.9    95.5    45.1    74.6   0.078   0.095   0.127   0.157   0.180    29.9    29.2    28.2    27.1    26.1
12987 20160513  2.422  -98.06   26.53    34.3    22.7    28.5    27.2     0.0    20.14 C    46.0    21.5    29.7    95.6    43.1    73.8   0.077   0.095   0.126   0.157   0.180    30.6    29.6    28.5    27.2    26.3
12987 20160514  2.422  -98.06   26.53    32.8    20.1    26.5    25.2    49.7    12.08 C    44.8    19.6    26.4    95.3    47.5    82.2   0.123   0.131   0.148   0.157   0.180    28.4    28.5    28.2    27.4    26.4
12987 20160515  2.422  -98.06   26.53    29.3    21.5    25.4    24.1     3.8    11.62 C    34.7    20.7    24.5    96.3    68.2    88.6   0.187   0.190   0.211   0.157   0.180    26.2    26.6    26.7    27.0    26.4
12987 20160516  2.422  -98.06   26.53    32.0    20.6    26.3    26.1     0.0    18.38 C    39.4    19.8    27.4    95.6    49.4    77.0   0.177   0.181   0.206   0.159   0.181    27.1    26.8    26.6    26.5    26.1
12987 20160517  2.422  -98.06   26.53    35.3    22.9    29.1    27.8     0.0    22.22 C    41.9    22.2    29.4    95.8    50.4    77.1   0.165   0.171   0.199   0.171   0.180    28.6    28.1    27.3    26.5    26.0
12987 20160518  2.422  -98.06   26.53    32.5    21.7    27.1    25.6     2.7    15.73 C    41.3    21.7    26.3    93.7    49.2    79.1   0.156   0.163   0.194   0.174   0.181    27.9    27.9    27.4    26.9    26.2
12987 20160519  2.422  -98.06   26.53    32.8    21.8    27.3    24.7    24.4    13.68 C    37.3    20.8    25.0    96.1    58.1    85.1   0.183   0.180   0.208   0.176   0.181    26.7    27.0    26.8    26.8    26.3
12987 20160520  2.422  -98.06   26.53    28.7    20.7    24.7    24.5     0.7     9.17 C    34.0    20.9    25.1    94.4    73.9    87.7   0.186   0.191   0.219   0.195   0.181    26.3    26.4    26.4    26.6    26.2
12987 20160521  2.422  -98.06   26.53    33.2    24.9    29.0    28.3     0.4    17.15 C    37.1    24.5    28.9    95.5    60.2    80.8   0.177   0.181   0.211   0.209   0.180    27.9    27.6    26.9    26.4    26.1
12987 20160522  2.422  -98.06   26.53    34.1    24.2    29.2    28.1     0.0    17.35 C    39.6    23.8    29.0    95.9    57.2    80.3   0.166   0.172   0.204   0.217   0.181    28.5    28.2    27.5    26.7    26.1
12987 20160523  2.422  -98.06   26.53    34.5    24.6    29.5    28.3     0.0    17.43 C    39.6    24.1    29.0    94.9    52.4    76.8   0.157   0.165   0.198   0.221   0.183    28.8    28.5    28.0    26.9    26.3
12987 20160524  2.422  -98.06   26.53    33.8    25.3    29.5    28.9     0.0    16.03 C    38.6    24.6    29.4    93.4    57.3    76.6   0.150   0.158   0.194   0.222   0.181    29.0    28.7    28.0    27.1    26.5
12987 20160525  2.422  -98.06   26.53    34.4    24.4    29.4    29.2     0.3    18.00 C    39.2    23.3    30.0    93.2    54.8    75.7   0.143   0.153   0.190   0.221   0.183    29.8    29.3    28.5    27.3    26.6
12987 20160526  2.422  -98.06   26.53    33.7    23.7    28.7    28.5     0.0    18.23 C    38.0    22.6    28.9    93.5    55.2    74.7   0.136   0.146   0.186   0.221   0.184    29.3    29.1    28.5    27.6    26.8
12987 20160527  2.422  -98.06   26.53    35.7    24.7    30.2    29.5     0.0    23.27 C    41.5    23.6    30.5    93.6    52.2    74.6   0.130   0.139   0.182   0.219   0.186    30.5    30.0    29.1    27.8    26.9
12987 20160528  2.422  -98.06   26.53    33.9    24.5    29.2    28.9     0.0    20.50 C    38.7    23.4    29.6    94.3    52.2    73.2   0.124   0.133   0.178   0.218   0.187    30.4    30.0    29.3    28.0    27.1
12987 20160529  2.422  -98.06   26.53    33.1    23.7    28.4    28.0     0.0    18.36 C    37.6    22.7    28.6    95.0    53.7    76.4   0.119   0.128   0.173   0.216   0.191    30.2    29.9    29.2    28.1    27.4
12987 20160530  2.422  -98.06   26.53    33.1    23.6    28.4    27.2     0.0    15.96 C    39.1    22.5    27.9    95.0    52.3    77.8   0.114   0.124   0.169   0.214   0.193    29.6    29.5    29.1    28.2    27.4
12987 20160531  2.422  -98.06   26.53    34.3    21.6    28.0    28.2     8.5    20.51 C    37.9    20.8    28.9    91.9    48.1    72.8   0.111   0.120   0.165   0.212   0.194    30.0    29.7    29.1    28.1    27.4
12987 20160601  2.422  -98.06   26.53    32.4    21.9    27.1    26.1     1.8    22.23 C    38.1    21.2    27.2    92.8    48.3    73.9   0.137   0.117   0.161   0.210   0.197    28.3    28.5    28.4    28.1    27.4
12987 20160602  2.422  -98.06   26.53    32.1    21.3    26.7    24.4     3.2    16.62 C    39.4    20.5    25.5    94.4    57.7    84.0   0.136   0.118   0.160   0.208   0.198    28.1    28.2    28.2    27.9    27.4
12987 20160603  2.422  -98.06   26.53    32.1    20.2    26.1    24.0    44.9    18.38 C    37.9    19.8    24.9    95.7    52.4    84.5   0.170   0.156   0.193   0.212   0.200    26.3    26.9    27.2    27.6    27.2
12987 20160604  2.422  -98.06   26.53    29.7    21.2    25.4    24.3     1.4    12.33 C    32.8    20.0    24.5    94.7    54.7    82.2   0.184   0.192   0.225   0.236   0.200    26.1    26.4    26.6    27.0    26.9
12987 20160605  2.422  -98.06   26.53    30.9    20.3    25.6    24.7     0.0    18.10 C    34.3    19.6    25.1    91.8    52.1    73.8   0.171   0.179   0.214   0.240   0.202    26.1    26.3    26.5    26.7    26.6
12987 20160606  2.422  -98.06   26.53    32.4    21.4    26.9    26.2     0.0    20.28 C    36.9    20.2    26.7    93.2    45.9    70.8   0.162   0.170   0.207   0.239   0.209    27.1    26.9    26.9    26.6    26.4
12987 20160607  2.422  -98.06   26.53    33.6    21.4    27.5    25.8    38.3    19.40 C    40.0    20.0    27.2    95.5    45.0    79.3   0.177   0.182   0.216   0.240   0.215    27.2    27.3    27.2    26.7    26.4
12987 20160608  2.422  -98.06   26.53    31.9    21.7    26.8    26.1     0.0    20.77 C    37.4    20.9    27.1    95.9    53.3    79.5   0.189   0.197   0.231   0.261   0.221    27.4    27.3    27.1    26.7    26.4
12987 20160609  2.422  -98.06   26.53    33.2    21.1    27.1    26.6     0.0    18.62 C    39.7    20.6    28.0    95.7    51.7    78.4   0.174   0.183   0.218   0.259   0.244    27.5    27.4    27.2    26.7    26.4
12987 20160610  2.422  -98.06   26.53    33.5    22.8    28.2    27.1     0.0    14.72 C    37.4    22.1    27.7    95.2    58.4    81.1   0.165   0.175   0.211   0.256   0.256    27.5    27.5    27.3    26.8    26.5
12987 20160611  2.422  -98.06   26.53    34.2    24.1    29.1    28.4     0.0    15.36 C    39.9    23.3    29.3    95.6    51.9    78.9   0.159   0.169   0.206   0.252   0.259    28.0    27.8    27.5    26.9    26.5
12987 20160612  2.422  -98.06   26.53    35.0    25.1    30.0    29.2     0.0    20.97 C    38.4    24.1    30.0    95.4    52.4    77.5   0.153   0.164   0.201   0.249   0.261    29.1    28.8    28.2    27.1    26.6
12987 20160613  2.422  -98.06   26.53    35.2    25.6    30.4    29.5     0.0    23.89 C    39.5    25.2    30.6    94.7    50.3    75.4   0.144   0.156   0.197   0.247   0.261    30.0    29.6    28.8    27.4    26.7
12987 20160614  2.422  -98.06   26.53    35.1    25.4    30.2    29.5     0.0    25.53 C    38.9    24.9    30.5    93.9    43.0    72.5   0.135   0.148   0.192   0.244   0.260    30.5    30.1    29.3    27.8    27.0
12987 20160615  2.422  -98.06   26.53    35.7    25.7    30.7    30.0     0.0    26.87 C    38.4    25.4    30.8    93.6    41.0    70.4   0.127   0.139   0.186   0.242   0.260    30.9    30.5    29.7    28.1    27.3
12987 20160616  2.422  -98.06   26.53    35.5    25.0    30.2    29.7     0.0    25.48 C    39.4    24.0    30.6    94.1    45.8    72.8   0.120   0.132   0.179   0.238   0.260    31.2    30.7    29.9    28.4    27.5
12987 20160617  2.422  -98.06   26.53    37.0    23.3    30.1    29.5     0.0    24.41 C    41.7    21.5    30.7    95.8    38.9    72.8   0.115   0.125   0.173   0.233   0.258    31.3    30.8    30.1    28.7    27.7
12987 20160618  2.422  -98.06   26.53    36.7    23.6    30.1    29.4     0.0    25.96 C    41.5    22.1    30.0    96.4    40.9    72.1   0.110   0.119   0.166   0.229   0.256    31.6    31.1    30.3    28.9    27.9
12987 20160619  2.422  -98.06   26.53    34.3    23.0    28.7    27.9     0.0    20.71 C    39.2    21.6    28.3    95.9    45.6    74.3   0.105   0.115   0.162   0.226   0.255    30.9    30.7    30.2    29.0    28.0
12987 20160620  2.422  -98.06   26.53    33.9    22.7    28.3    27.2     0.0    19.99 C    38.4    21.9    27.8    95.2    46.4    76.1   0.101   0.113   0.158   0.222   0.252    30.5    30.3    29.9    29.0    28.1
12987 20160621  2.422  -98.06   26.53    34.6    22.4    28.5    26.9     7.5    18.84 C    41.6    21.9    27.5    95.5    43.0    78.8   0.101   0.118   0.155   0.220   0.249    29.7    29.7    29.6    28.9    28.2
12987 20160622  2.422  -98.06   26.53    35.9    23.1    29.5    28.3     0.0    25.23 C    40.0    22.0    28.9    95.8    39.6    72.8   0.111   0.129   0.152   0.217   0.249    29.5    29.4    29.2    28.7    28.0
12987 20160623  2.422  -98.06   26.53    35.7    21.2    28.5    28.3     0.0    26.52 C    39.9    19.7    29.0    95.7    36.6    69.4   0.110   0.121   0.150   0.213   0.246    29.7    29.6    29.3    28.6    28.0
12987 20160624  2.422  -98.06   26.53    36.2    23.2    29.7    29.1     0.0    24.85 C    40.3    22.4    29.8    95.0    38.0    69.6   0.109   0.115   0.148   0.210   0.244    30.5    30.2    29.7    28.6    28.0
12987 20160625  2.422  -98.06   26.53    33.8    25.5    29.7    28.4     0.6    16.11 C    37.4    24.7    28.5    91.2    52.4    77.1   0.106   0.112   0.147   0.207   0.241    29.9    30.0    29.5    28.8    28.0
12987 20160626  2.422  -98.06   26.53    35.8    24.1    29.9    29.0     0.0    25.03 C    40.9    23.1    30.0    95.4    38.2    71.7   0.106   0.110   0.145   0.203   0.238    30.6    30.1    29.5    28.7    28.1
12987 20160627  2.422  -98.06   26.53    34.9    23.1    29.0    28.7     0.0    22.22 C    40.1    21.8    29.5    95.9    47.5    73.1   0.104   0.109   0.143   0.201   0.235    30.7    30.4    29.9    28.9    28.1
12987 20160628  2.422  -98.06   26.53    36.8    22.5    29.7    29.0     0.0    26.75 C    44.4    21.6    30.7    95.5    38.5    71.5   0.102   0.109   0.142   0.197   0.232    31.3    30.8    30.2    28.9    28.2
12987 20160629  2.422  -98.06   26.53    35.5    22.0    28.8    28.6     0.0    19.58 C    41.2    21.0    29.5    95.3    41.4    72.4   0.100   0.108   0.140   0.194   0.229    31.0    30.8    30.3    29.1    28.3
12987 20160630  2.422  -98.06   26.53    36.8    23.9    30.4    29.0    14.5    22.83 C    43.0    22.9    29.8    95.1    35.3    71.0   0.118   0.117   0.139   0.191   0.225    30.6    30.6    30.2    29.2    28.4
12987 20160701  2.422  -98.06   26.53    37.2    24.1    30.7    30.0     0.0    26.38 C    41.5    23.6    30.7    94.9    30.4    65.9   0.152   0.130   0.149   0.189   0.222    29.9    30.0    29.7    29.1    28.4
12987 20160702  2.422  -98.06   26.53    36.1    25.0    30.5    30.1     0.0    25.69 C    39.7    24.0    30.6    94.7    38.4    67.8   0.140   0.120   0.147   0.187   0.220    30.3    30.2    29.8    29.0    28.4
12987 20160703  2.422  -98.06   26.53    36.1    27.1    31.6    30.7     0.0    22.69 C    40.5    26.4    31.4    88.6    49.8    68.7   0.131   0.114   0.144   0.185   0.218    31.0    30.7    30.2    29.1    28.4
12987 20160704  2.422  -98.06   26.53    37.5    26.1    31.8    31.0     0.0    27.67 C    41.5    25.5    31.6    91.1    37.4    64.9   0.123   0.110   0.141   0.182   0.213    31.6    31.1    30.5    29.2    28.5
12987 20160705  2.422  -98.06   26.53    37.0    26.1    31.6    30.9     0.0    27.48 C    41.3    25.5    31.8    91.2    41.2    66.7   0.115   0.108   0.140   0.180   0.211    32.1    31.6    30.9    29.5    28.6
12987 20160706  2.422  -98.06   26.53    37.4    26.5    31.9    30.9     0.0    26.96 C    40.6    26.1    31.6    87.9    32.1    63.8   0.110   0.108   0.137   0.178   0.207    32.4    31.9    31.1    29.6    28.8
12987 20160707  2.422  -98.06   26.53    37.1    26.9    32.0    30.9     0.0    26.88 C    41.6    26.4    31.8    88.9    35.7    65.6   0.104   0.107   0.135   0.175   0.204    32.6    32.0    31.2    29.8    28.9
12987 20160708  2.422  -98.06   26.53    37.5    26.2    31.8    31.0     0.0    26.93 C    41.1    25.5    31.8    89.5    37.3    65.8   0.100   0.106   0.134   0.175   0.200    32.8    32.2    31.4    30.0    29.1
12987 20160709  2.422  -98.06   26.53    37.7    26.6    32.2    31.1     0.0    25.24 C    42.7    26.0    32.0    90.2    38.5    67.0   0.097   0.106   0.133   0.177   0.197    33.0    32.4    31.6    30.3    29.2
12987 20160710  2.422  -98.06   26.53    36.3    26.5    31.4    30.6     0.0    21.86 C    40.9    25.9    31.2    87.0    41.8    65.8   0.093   0.105   0.132   0.174   0.193    32.6    32.2    31.6    30.4    29.2
12987 20160711  2.422  -98.06   26.53    37.0    26.7    31.8    30.9     0.0    27.01 C    41.4    26.1    31.8    83.4    37.4    63.4   0.092   0.104   0.131   0.172   0.192    32.8    32.3    31.5    30.4    29.4
12987 20160712  2.422  -98.06   26.53    37.4    25.5    31.4    30.5     0.0    24.65 C    42.7    24.8    31.5    92.4    38.5    66.7   0.090   0.104   0.131   0.170   0.191    32.8    32.3    31.6    30.4    29.4
12987 20160713  2.422  -98.06   26.53    38.4    26.0    32.2    31.2     0.0    26.84 C    42.5    25.5    32.2    93.1    28.1    64.7   0.088   0.103   0.131   0.169   0.189    33.3    32.6    31.8    30.5    29.5
12987 20160714  2.422  -98.06   26.53    38.1    26.4    32.2    31.1     0.0    26.07 C    43.2    25.8    32.3    89.7    38.0    64.8   0.087   0.102   0.130   0.167   0.186    33.4    32.9    32.0    30.7    29.6
12987 20160715  2.422  -98.06   26.53    38.8    25.9    32.3    31.3     0.0    26.80 C    43.9    25.4    32.5    90.6    24.5    61.7   0.086   0.102   0.130   0.166   0.186    33.7    33.0    32.2    30.8    29.7
12987 20160716  2.422  -98.06   26.53    38.5    24.5    31.5    30.2     0.0    23.30 C    45.2    23.1    31.4    94.1    33.4    67.3   0.084   0.101   0.130   0.165   0.185    33.4    33.0    32.2    31.1    29.8
12987 20160717  2.422  -98.06   26.53    38.2    23.9    31.1    30.3     0.0    23.66 C    44.8    23.4    31.6    94.6    32.9    66.4   0.083   0.099   0.129   0.164   0.184    33.3    32.8    32.2    31.1    29.9
12987 20160718  2.422  -98.06   26.53    38.2    24.4    31.3    30.0     0.0    21.50 C    46.0    24.0    31.3    94.5    32.7    68.9   0.082   0.099   0.129   0.162   0.182    33.3    32.9    32.2    31.1    29.9
12987 20160719  2.422  -98.06   26.53    36.5    23.9    30.2    29.2     0.0    18.58 C    43.3    22.5    30.1    95.0    39.6    70.0   0.081   0.098   0.127   0.163   0.181    32.5    32.4    31.9    31.0    29.9
12987 20160720  2.422  -98.06   26.53    35.9    23.8    29.8    29.0     0.0    19.02 C    43.0    22.9    29.7    93.9    39.7    69.6   0.080   0.097   0.126   0.162   0.182    32.0    31.9    31.6    30.9    29.9
12987 20160721  2.422  -98.06   26.53    36.9    22.8    29.9    29.3     0.0    24.02 C    43.5    21.4    30.5    94.2    36.8    67.4   0.081   0.096   0.126   0.161   0.180    32.0    31.8    31.3    30.6    29.9
12987 20160722  2.422  -98.06   26.53    36.6    22.9    29.7    29.3     0.0    20.86 C    43.2    21.9    30.4    94.4    39.3    67.7   0.080   0.096   0.126   0.160   0.180    32.2    32.0    31.4    30.6    29.8
12987 20160723  2.422  -98.06   26.53    38.7    23.4    31.1    30.4     0.0    25.63 C    46.9    22.6    32.3    94.8    32.0    65.8   0.080   0.095   0.126   0.160   0.179    33.0    32.4    31.7    30.6    29.8
12987 20160724  2.422  -98.06   26.53    39.3    25.1    32.2    31.4     0.0    25.75 C    47.6    24.3    32.9    89.7    32.0    62.4   0.080   0.096   0.126   0.160   0.179    33.6    33.0    32.2    30.8    29.9
12987 20160725  2.422  -98.06   26.53    39.1    24.7    31.9    31.0     0.0    23.60 C    46.6    23.9    32.7    92.9    30.8    63.5   0.079   0.095   0.126   0.160   0.178    33.9    33.2    32.4    31.1    29.9
12987 20160726  2.422  -98.06   26.53    38.5    25.8    32.2    31.0     0.0    24.63 C    45.0    24.9    32.4    91.0    28.4    62.5   0.079   0.094   0.126   0.159   0.178    33.8    33.3    32.6    31.3    30.1
12987 20160727  2.422  -98.06   26.53    38.3    26.9    32.6    31.0     0.0    19.18 C    43.0    26.5    32.1    86.4    29.8    62.0   0.077   0.094   0.125   0.159   0.178    33.6    33.2    32.4    31.4    30.1
12987 20160728  2.422  -98.06   26.53    37.7    25.1    31.4    30.5     0.0    17.24 C    44.5    24.3    31.4    91.9    35.3    64.8   0.076   0.093   0.124   0.158   0.178    33.1    32.8    32.3    31.3    30.2
12987 20160729  2.422  -98.06   26.53    39.3    24.3    31.8    29.9     0.0    20.13 C    48.4    23.6    31.4    94.5    29.9    67.5   0.076   0.092   0.124   0.158   0.176    33.0    32.7    32.2    31.3    30.1
12987 20160730  2.422  -98.06   26.53    37.4    23.6    30.5    29.8     0.0    22.92 C    44.4    22.2    31.2    94.7    37.4    67.1   0.076   0.092   0.123   0.157   0.175    33.0    32.6    32.1    31.2    30.2
12987 20160731  2.422  -98.06   26.53    38.7    24.8    31.7    30.7     0.0    24.20 C    45.3    23.8    32.1    89.3    29.7    61.4   0.076   0.092   0.124   0.158   0.176    33.4    33.0    32.2    31.2    30.1
12987 20160801  2.422  -98.06   26.53    38.7    24.6    31.6    30.7     0.0    26.02 C    45.6    23.9    32.2    91.8    26.2    62.5   0.076   0.092   0.123   0.157   0.174    33.8    33.2    32.4    31.3    30.2
12987 20160802  2.422  -98.06   26.53    38.2    23.4    30.8    30.2     0.0    21.79 C    46.7    22.3    31.4    93.4    35.7    64.8   0.075   0.091   0.123   0.157   0.174    33.5    33.1    32.5    31.4    30.2
12987 20160803  2.422  -98.06   26.53    38.9    23.1    31.0    30.2     0.0    23.70 C    48.2    22.2    31.9    93.1    30.1    64.8   0.075   0.090   0.122   0.157   0.174    33.5    33.0    32.4    31.4    30.3
12987 20160804  2.422  -98.06   26.53    39.1    23.7    31.4    30.2     0.0    24.38 C    46.9    22.5    32.1    92.7    31.2    64.8   0.075   0.090   0.122   0.156   0.174    33.8    33.3    32.5    31.4    30.4
12987 20160805  2.422  -98.06   26.53    39.0    24.2    31.6    30.7     0.0    22.94 C    46.6    22.8    32.3    93.7    26.5    64.5   0.074   0.090   0.123   0.156   0.173    33.9    33.4    32.6    31.4    30.5
12987 20160806  2.422  -98.06   26.53    39.1    25.1    32.1    31.3     0.0    22.26 C    47.5    23.8    33.0    93.4    32.0    64.3   0.075   0.090   0.122   0.156   0.174    34.2    33.7    32.9    31.6    30.5
12987 20160807  2.422  -98.06   26.53    39.4    25.0    32.2    31.1     0.0    22.33 C    47.6    24.0    32.8    94.0    33.2    65.8   0.074   0.089   0.122   0.156   0.174    34.3    33.7    32.9    31.7    30.5
12987 20160808  2.422  -98.06   26.53    40.2    25.4    32.8    31.5     0.0    25.12 C    48.9    24.6    33.5    90.8    30.5    63.8   0.075   0.089   0.122   0.156   0.174    34.5    34.0    33.1    31.7    30.6
12987 20160809  2.422  -98.06   26.53    40.0    26.2    33.1    31.8     0.0    23.39 C    48.0    25.6    33.5    90.5    31.8    63.5   0.074   0.089   0.122   0.156   0.174    34.7    34.2    33.3    32.0    30.8
12987 20160810  2.422  -98.06   26.53    39.8    24.9    32.4    31.8     0.0    24.42 C    46.9    24.4    33.4    93.5    31.9    63.5   0.074   0.089   0.122   0.156   0.173    34.7    34.2    33.4    32.1    30.9
12987 20160811  2.422  -98.06   26.53    40.4    27.7    34.1    32.4     0.0    25.97 C    47.7    27.1    34.1    88.4    26.3    61.5   0.074   0.089   0.122   0.156   0.173    35.2    34.6    33.6    32.1    30.9
12987 20160812  2.422  -98.06   26.53    40.0    26.8    33.4    31.9     0.0    26.14 C    46.9    26.1    33.6    85.1    28.7    60.3   0.074   0.089   0.121   0.156   0.173    35.1    34.5    33.7    32.4    31.1
12987 20160813  2.422  -98.06   26.53    39.4    26.7    33.0    31.6     0.2    19.21 C    48.6    26.0    33.3    88.0    31.3    62.8   0.073   0.088   0.122   0.155   0.173    34.8    34.4    33.6    32.4    31.2
12987 20160814  2.422  -98.06   26.53    36.8    24.8    30.8    28.8     0.0    10.05 C    43.8    24.5    29.7    80.7    38.5    70.4   0.071   0.086   0.120   0.155   0.174    33.5    33.5    33.1    32.4    31.2
12987 20160815  2.422  -98.06   26.53    36.9    23.1    30.0    28.8     0.0    17.16 C    45.8    22.2    30.3    92.7    40.1    69.9   0.071   0.085   0.120   0.153   0.174    32.6    32.6    32.4    32.0    31.2
12987 20160816  2.422  -98.06   26.53    31.1    23.1    27.1    26.4     8.3     8.32 C    33.6    22.8    26.5    94.8    58.5    84.8   0.088   0.095   0.119   0.154   0.171    31.1    31.5    31.7    31.6    31.0
12987 20160817  2.422  -98.06   26.53    36.0    24.1    30.0    28.6     0.0    19.31 C    42.4    23.2    29.8    95.6    40.8    72.3   0.102   0.103   0.118   0.154   0.171    30.4    30.6    30.9    31.1    30.7
12987 20160818  2.422  -98.06   26.53    37.9    23.9    30.9    30.0     0.0    23.95 C    44.4    22.8    31.5    95.7    35.1    67.4   0.100   0.097   0.119   0.154   0.174    31.3    31.1    31.1    30.7    30.4
12987 20160819  2.422  -98.06   26.53    37.0    25.3    31.1    30.2     0.0    22.54 C    43.6    24.6    31.4    92.4    35.3    66.6   0.099   0.093   0.119   0.153   0.172    31.8    31.7    31.4    30.7    30.3
12987 20160820  2.422  -98.06   26.53    37.9    26.1    32.0    30.6     0.0    20.87 C    44.2    25.5    31.7    89.5    34.9    65.1   0.097   0.092   0.120   0.153   0.171    32.0    31.9    31.5    30.8    30.3
12987 20160821  2.422  -98.06   26.53    35.9    24.5    30.2    28.3     1.5    14.11 C    44.2    24.2    29.3    93.1    44.5    78.0   0.093   0.091   0.120   0.153   0.171    31.6    31.7    31.4    30.9    30.2
12987 20160822  2.422  -98.06   26.53    37.1    24.9    31.0    30.3     1.3    21.31 C    41.8    24.4    31.0    94.6    36.4    68.6   0.090   0.090   0.119   0.153   0.172    30.7    30.9    30.9    30.6    30.1
12987 20160823  2.422  -98.06   26.53    38.3    25.0    31.6    30.6     0.0    24.07 C    44.3    24.4    31.8    93.4    28.4    63.4   0.093   0.091   0.119   0.152   0.171    31.3    31.3    31.0    30.4    30.0
12987 20160824  2.422  -98.06   26.53    38.6    24.4    31.5    30.4     0.0    25.65 C    45.2    23.8    31.8    93.1    22.4    62.7   0.093   0.091   0.120   0.152   0.170    31.9    31.8    31.4    30.5    30.0
12987 20160825  2.422  -98.06   26.53    38.5    22.3    30.4    29.4     0.0    23.25 C    46.9    20.9    30.9    94.9    30.1    67.5   0.092   0.091   0.120   0.152   0.171    31.9    31.8    31.4    30.6    30.0
12987 20160826  2.422  -98.06   26.53    38.3    23.3    30.8    29.3     0.0    20.44 C    48.1    21.9    31.0    95.0    27.8    68.3   0.088   0.092   0.120   0.152   0.172    32.0    32.0    31.6    30.6    30.0
12987 20160827  2.422  -98.06   26.53    38.3    22.7    30.5    29.2     0.0    19.91 C    48.7    21.2    30.5    94.6    32.6    68.6   0.086   0.091   0.120   0.152   0.173    31.7    31.7    31.4    30.7    30.0
12987 20160828  2.422  -98.06   26.53    37.5    22.6    30.1    29.2     0.0    22.94 C    46.4    21.3    31.1    93.7    32.5    66.6   0.083   0.091   0.120   0.151   0.172    32.0    32.0    31.5    30.6    30.0
12987 20160829  2.422  -98.06   26.53    36.4    23.2    29.8    29.0     0.0    21.72 C    43.7    21.8    30.6    91.7    37.3    67.6   0.081   0.091   0.120   0.151   0.170    32.3    32.2    31.7    30.7    30.0
12987 20160830  2.422  -98.06   26.53    31.0    24.1    27.6    26.3     1.4    10.67 C    39.3    23.3    27.1    92.8    60.5    84.2   0.079   0.090   0.120   0.152   0.170    31.1    31.5    31.3    30.7    30.0
12987 20160831  2.422  -98.06   26.53    34.9    23.9    29.4    28.0     0.0    20.29 C    42.6    23.5    29.5    93.6    43.4    73.1   0.079   0.089   0.118   0.151   0.171    30.6    30.9    30.7    30.4    30.0
12987 20160901  2.422  -98.06   26.53    37.4    23.3    30.4    29.6     0.0    21.14 C    45.7    22.2    31.0    93.9    34.9    66.9   0.081   0.090   0.119   0.151   0.170    31.2    31.4    31.0    30.3    29.8
12987 20160902  2.422  -98.06   26.53    37.6    23.3    30.5    29.4     0.0    17.19 C    46.0    22.4    30.5    92.5    33.8    64.7   0.080   0.090   0.119   0.151   0.170    31.3    31.5    31.2    30.4    29.8
12987 20160903  2.422  -98.06   26.53    36.0    23.5    29.8    27.1    29.1    11.49 C    45.4    22.3    27.5    93.7    42.9    79.4   0.123   0.121   0.124   0.151   0.170    29.9    30.3    30.6    30.3    29.8
12987 20160904  2.422  -98.06   26.53 -9999.0 -9999.0 -9999.0 -9999.0     7.3    15.22 C    42.2    22.5    26.3    95.2    43.2    85.0   0.187   0.184   0.162   0.151   0.170    28.2    28.7    29.3    29.9    29.7
12987 20160905  2.422  -98.06   26.53    35.6    23.0    29.3    28.5     0.0    20.80 C    41.1    22.2    29.2    95.6    46.2    75.3   0.180   0.182   0.178   0.150   0.169    28.6    28.8    28.9    29.3    29.4
12987 20160906  2.422  -98.06   26.53    36.6    24.4    30.5    29.7     0.0    20.66 C    41.9    23.6    30.6    93.5    42.3    71.2   0.167   0.168   0.182   0.150   0.171    29.4    29.6    29.4    29.2    29.2
12987 20160907  2.422  -98.06   26.53    37.0    25.2    31.1    30.0     0.0    22.61 C    41.9    24.7    31.0    94.7    37.6    68.2   0.156   0.158   0.179   0.150   0.171    30.1    30.3    30.0    29.3    29.1
12987 20160908  2.422  -98.06   26.53    36.7    24.4    30.5    29.6     0.0    22.45 C    42.2    23.7    30.4    93.6    32.7    66.3   0.145   0.146   0.173   0.151   0.170    30.2    30.4    30.2    29.5    29.2
12987 20160909  2.422  -98.06   26.53    36.7    22.5    29.6    29.2     0.0    21.18 C    42.2    21.2    30.0    94.6    34.4    67.5   0.135   0.134   0.167   0.151   0.170    30.1    30.4    30.2    29.6    29.2
12987 20160910  2.422  -98.06   26.53    37.1    23.5    30.3    27.9     1.1    19.08 C    46.0    22.8    28.6    93.8    36.2    75.6   0.124   0.124   0.161   0.152   0.170    29.9    30.3    30.3    29.7    29.3
12987 20160911  2.422  -98.06   26.53    35.9    23.3    29.6    27.4     5.5    21.17 C    42.8    22.6    28.5    94.8    38.8    76.1   0.121   0.123   0.155   0.152   0.170    29.2    29.7    29.8    29.6    29.3
12987 20160912  2.422  -98.06   26.53    35.9    22.9    29.4    28.6     0.0    24.30 C    41.3    21.8    29.5    95.2    35.7    71.1   0.123   0.129   0.150   0.151   0.170    29.2    29.6    29.5    29.3    29.2
12987 20160913  2.422  -98.06   26.53    37.0    22.9    29.9    28.8     0.0    18.55 C    42.5    21.9    29.3    93.6    37.4    70.0   0.116   0.119   0.146   0.150   0.170    29.3    29.7    29.7    29.2    29.0
12987 20160914  2.422  -98.06   26.53    36.8    23.7    30.3    28.7     0.0    18.25 C    42.7    22.8    29.5    93.8    38.1    71.8   0.112   0.111   0.143   0.150   0.170    29.5    29.8    29.7    29.2    29.0
12987 20160915  2.422  -98.06   26.53    33.9    23.8    28.9    27.2     0.0     9.91 C    39.8    23.2    27.5    93.9    52.6    79.9   0.108   0.107   0.140   0.150   0.170    29.0    29.4    29.5    29.2    29.0
12987 20160916  2.422  -98.06   26.53    37.0    23.4    30.2    29.2     0.0    22.52 C    44.8    22.4    30.8    95.4    38.0    71.8   0.105   0.104   0.136   0.151   0.171    29.6    29.8    29.6    29.0    29.0
12987 20160917  2.422  -98.06   26.53    38.4    24.6    31.5    30.5     0.0    19.96 C    44.6    23.4    31.7    94.6    34.7    68.8   0.100   0.102   0.133   0.151   0.170    30.6    30.7    30.2    29.2    29.0
12987 20160918  2.422  -98.06   26.53    38.6    24.1    31.4    30.7     0.0    22.93 C    45.9    22.7    32.2    94.8    31.9    67.1   0.097   0.100   0.130   0.152   0.171    31.2    31.3    30.6    29.5    29.0
12987 20160919  2.422  -98.06   26.53    38.3    24.6    31.4    30.4     0.0    21.75 C    45.7    23.3    31.6    94.8    34.7    68.6   0.094   0.098   0.128   0.151   0.170    31.5    31.6    31.0    29.7    29.2
12987 20160920  2.422  -98.06   26.53    37.6    23.5    30.6    29.1     0.0    16.54 C    43.8    22.3    29.8    93.8    33.4    68.6   0.089   0.097   0.126   0.151   0.170    30.9    31.2    30.8    29.9    29.4
12987 20160921  2.422  -98.06   26.53    36.4    22.1    29.2    28.2     0.0    17.32 C    42.3    21.2    29.0    93.3    29.2    66.1   0.086   0.096   0.125   0.151   0.171    30.2    30.5    30.3    29.8    29.4
12987 20160922  2.422  -98.06   26.53    36.3    22.9    29.6    28.7     4.2    21.15 C    44.0    22.3    29.8    94.4    34.5    67.6   0.087   0.095   0.123   0.151   0.170    29.9    30.3    30.2    29.7    29.3
12987 20160923  2.422  -98.06   26.53    37.2    23.6    30.4    29.8     0.0    20.20 C    43.4    22.6    30.7    93.1    33.8    66.4   0.088   0.094   0.123   0.151   0.170    29.9    30.2    30.1    29.6    29.3
12987 20160924  2.422  -98.06   26.53    38.1    25.3    31.7    30.4     0.0    19.15 C    44.6    24.5    31.4    89.6    32.3    64.0   0.092   0.094   0.122   0.152   0.169    30.4    30.6    30.2    29.5    29.2
12987 20160925  2.422  -98.06   26.53    37.9    24.6    31.2    30.2     0.0    18.75 C    45.2    23.8    31.0    90.6    33.3    64.8   0.091   0.094   0.123   0.151   0.171    30.7    30.8    30.3    29.5    29.2
12987 20160926  2.422  -98.06   26.53    31.8    23.1    27.4    26.3     3.1    12.41 C    35.4    22.8    26.8    93.4    55.9    79.9   0.087   0.093   0.122   0.151   0.171    29.4    30.0    29.9    29.6    29.3
12987 20160927  2.422  -98.06   26.53    28.2    21.5    24.8    24.0     0.0     7.17 C    33.3    21.6    24.6    91.0    63.3    78.8   0.085   0.091   0.121   0.150   0.171    27.6    28.4    28.8    29.3    29.1
12987 20160928  2.422  -98.06   26.53    32.4    20.9    26.6    25.4     0.0    12.79 C    37.8    20.4    25.9    87.4    43.0    70.9   0.086   0.090   0.120   0.150   0.169    27.4    27.9    28.2    28.7    28.9
12987 20160929  2.422  -98.06   26.53    35.3    22.3    28.8    27.5     0.0    18.30 C    41.8    20.1    28.3    89.0    34.7    62.4   0.086   0.091   0.120   0.150   0.168    28.3    28.7    28.6    28.4    28.6
12987 20160930  2.422  -98.06   26.53    32.8    19.4    26.1    25.3     0.0    20.19 C    40.8    18.7    26.4    76.7    27.8    56.7   0.086   0.091   0.120   0.150   0.169    28.0    28.7    28.7    28.4    28.5
12987 20161001  2.422  -98.06   26.53    33.8    16.7    25.2    24.7     0.0    19.90 C    42.8    15.4    26.0    85.3    28.4    58.7   0.085   0.091   0.120   0.149   0.169    27.7    28.4    28.5    28.3    28.5
12987 20161002  2.422  -98.06   26.53    30.9    21.2    26.1    25.5     0.0     8.47 C    37.0    20.6    25.8    79.4    35.0    62.2   0.084   0.090   0.119   0.149   0.168    27.7    28.1    28.3    28.2    28.3
12987 20161003  2.422  -98.06   26.53    35.9    20.3    28.1    26.6     0.0    18.62 C    43.9    18.8    27.8    92.9    32.5    68.2   0.082   0.090   0.119   0.148   0.168    28.1    28.5    28.4    28.0    28.2
12987 20161004  2.422  -98.06   26.53    36.4    20.7    28.6    28.2     0.0    20.93 C    44.2    19.6    29.4    95.1    28.7    66.4   0.082   0.090   0.120   0.148   0.169    28.8    29.1    28.8    28.0    28.2
12987 20161005  2.422  -98.06   26.53    37.0    21.6    29.3    28.5     0.0    19.25 C    45.7    20.6    29.9    94.1    33.3    69.5   0.080   0.091   0.120   0.149   0.168    29.5    29.7    29.2    28.3    28.2
12987 20161006  2.422  -98.06   26.53    37.5    22.2    29.8    28.6     0.0    18.21 C    46.8    21.4    29.7    94.3    34.0    70.7   0.081   0.091   0.120   0.149   0.169    29.8    30.0    29.5    28.6    28.3
12987 20161007  2.422  -98.06   26.53    35.8 -9999.0 -9999.0    26.8     9.6    13.54 C    44.1    21.3    27.4    93.1    41.3    77.8   0.103   0.099   0.119   0.150   0.168    28.9    29.4    29.3    28.7    28.4
12987 20161008  2.422  -98.06   26.53    31.9    19.6    25.7    24.9     0.0    16.86 C    36.6    19.2    25.5    93.4    46.5    73.0   0.136   0.109   0.119   0.149   0.167    27.1    28.0    28.3    28.5    28.4
12987 20161009  2.422  -98.06   26.53    34.2    18.9    26.6    25.0     0.0    18.85 C    39.9    18.0    25.4    91.3    30.8    68.9   0.127   0.104   0.118   0.148   0.168    26.4    27.4    27.8    28.0    28.2
12987 20161010  2.422  -98.06   26.53    32.6    16.5    24.6    23.5     0.0    21.00 C    39.9    14.8    24.2    92.6    20.4    59.2   0.113   0.099   0.118   0.147   0.168    25.7    26.8    27.4    27.7    28.0
12987 20161011  2.422  -98.06   26.53    34.3    14.6    24.4    23.9     0.0    20.76 C    40.8    12.7    24.7    91.7    22.4    60.8   0.102   0.095   0.118   0.146   0.168    25.3    26.3    26.9    27.2    27.8
12987 20161012  2.422  -98.06   26.53    35.7    18.8    27.3    26.7     0.0    19.48 C    43.8    17.6    28.2    93.9    40.5    72.2   0.097   0.093   0.118   0.146   0.166    26.8    27.2    27.3    26.9    27.5
12987 20161013  2.422  -98.06   26.53    36.1    21.5    28.8    27.9     0.0    17.55 C    43.3    20.6    28.6    93.9    36.6    69.1   0.093   0.093   0.118   0.146   0.166    27.9    28.2    27.9    27.2    27.5
12987 20161014  2.422  -98.06   26.53    36.3    20.0    28.1    27.5     0.0    19.65 C    44.0    18.2    28.3    92.8    31.9    66.2   0.090   0.092   0.118   0.147   0.166    27.9    28.3    28.2    27.4    27.5
12987 20161015  2.422  -98.06   26.53    36.2    21.7    28.9    28.0     0.0    18.74 C    43.5    20.1    29.0    93.2    29.6    65.5   0.088   0.091   0.119   0.148   0.166    28.2    28.6    28.3    27.6    27.5
12987 20161016  2.422  -98.06   26.53    36.1    21.6    28.9    28.1     0.0    18.25 C    45.0    20.6    29.2    91.2    33.3    65.9   0.087   0.091   0.119   0.149   0.167    28.5    28.8    28.6    27.7    27.7
12987 20161017  2.422  -98.06   26.53    37.0    21.1    29.1    28.5     0.0    18.39 C    43.7    19.5    29.5    95.5    27.2    66.9   0.085   0.091   0.119   0.147   0.166    28.7    29.1    28.7    27.8    27.7
12987 20161018  2.422  -98.06   26.53    37.2    22.3    29.8    28.6     0.0    17.71 C    43.0    21.4    29.5    94.4    31.3    67.1   0.085   0.091   0.119   0.147   0.166    29.0    29.3    28.9    28.0    27.8
12987 20161019  2.422  -98.06   26.53    36.8    22.7    29.8    28.1     0.0    14.60 C    44.5    21.9    29.1    93.5    33.7    69.9   0.082   0.091   0.119   0.148   0.167    28.9    29.3    28.9    28.1    27.9
12987 20161020  2.422  -98.06   26.53    35.9    21.1    28.5 -9999.0    20.9    16.68 C    42.6    20.2    26.6    94.8    30.5    78.1   0.111   0.103   0.119   0.148   0.167    28.0    28.7    28.7    28.2    28.0
12987 20161021  2.422  -98.06   26.53    27.1    12.8    20.0    21.3     0.0    18.05 C    31.5    11.6    21.3    91.4    33.6    56.6   0.168   0.127   0.137   0.147   0.167    25.0    26.1    27.1    27.8    27.9
12987 20161022  2.422  -98.06   26.53    29.3     9.6    19.5    19.5     0.0    18.22 C    35.0     8.6    20.0    92.1    32.1    64.4   0.151   0.127   0.136   0.146   0.166    22.3    23.5    25.0    26.8    27.5
12987 20161023  2.422  -98.06   26.53    29.9    15.2    22.5    23.4     0.0    10.87 C    33.7    14.0    23.3    89.0    41.9    63.8   0.143   0.127   0.134   0.146   0.166    22.8    23.5    24.6    25.9    27.0
12987 20161024  2.422  -98.06   26.53    33.0    20.4    26.7    25.6     0.0    17.10 C    38.6    18.4    25.8    88.5    39.3    65.4   0.138   0.125   0.133   0.146   0.167    24.4    24.9    25.2    25.5    26.5
12987 20161025  2.422  -98.06   26.53    32.3    17.4    24.8    24.3     0.0    13.35 C    37.4    16.2    24.1    93.6    40.9    68.9   0.131   0.120   0.132   0.146   0.167    24.2    24.9    25.3    25.5    26.4
12987 20161026  2.422  -98.06   26.53    32.7    19.8    26.3    25.1     0.0    17.04 C    38.5    18.0    25.6    89.6    39.6    67.4   0.125   0.115   0.129   0.145   0.165    24.9    25.4    25.5    25.5    26.2
12987 20161027  2.422  -98.06   26.53    32.7    18.0    25.3    24.2     0.0    17.71 C    36.4    16.1    24.1    92.0    19.4    66.8   0.118   0.111   0.128   0.144   0.164    24.7    25.4    25.7    25.5    26.2
12987 20161028  2.422  -98.06   26.53    32.9    15.5    24.2    23.3     0.0    16.25 C    38.4    14.2    23.7    95.0    30.9    72.1   0.111   0.105   0.126   0.144   0.164    24.3    25.0    25.3    25.5    26.1
12987 20161029  2.422  -98.06   26.53    32.4    16.8    24.6    23.6     0.0    13.37 C    38.4    16.1    23.9    96.9    37.8    73.9   0.105   0.102   0.125   0.145   0.165    24.5    25.1    25.4    25.5    26.0
12987 20161030  2.422  -98.06   26.53    32.6    16.0    24.3    23.6     0.0    14.74 C    37.4    15.3    23.9    95.1    42.3    74.7   0.100   0.099   0.124   0.146   0.165    24.4    25.0    25.3    25.4    26.0
12987 20161031  2.422  -98.06   26.53    33.1    17.3    25.2    25.0     0.0    17.89 C    40.8    15.9    25.9    95.5    29.8    71.0   0.097   0.097   0.124   0.146   0.165    25.0    25.5    25.5    25.4    25.9
12987 20161101  2.422  -98.06   26.53    35.5    20.9    28.2    27.1     0.0    14.24 C    40.7    19.3    27.7    95.7    39.1    73.5   0.094   0.096   0.123   0.145   0.165    26.0    26.3    26.0    25.5    25.9
12987 20161102  2.422  -98.06   26.53    34.7    21.9    28.3    27.6     0.0    14.25 C    39.5    21.1    28.2    93.8    43.1    73.4   0.092   0.095   0.123   0.146   0.165    26.9    27.0    26.6    25.7    26.0
12987 20161103  2.422  -98.06   26.53    33.9    21.2    27.6    26.6     0.0    13.06 C    39.7    20.6    27.0    94.5    42.8    74.2   0.089   0.094   0.123   0.146   0.165    26.8    27.2    26.9    26.1    26.1
12987 20161104  2.422  -98.06   26.53    32.9    19.6    26.3    24.7     0.0    11.52 C    37.4    18.7    25.0    94.9    40.6    77.3   0.088   0.093   0.121   0.147   0.166    26.2    26.7    26.7    26.3    26.2
12987 20161105  2.422  -98.06   26.53    32.1    21.2    26.6    24.9     0.0    12.62 C    39.6    20.5    25.8    93.5    39.9    77.7   0.087   0.092   0.121   0.147   0.166    26.2    26.7    26.5    26.2    26.3
12987 20161106  2.422  -98.06   26.53    30.8    20.6    25.7    25.0     0.0     9.26 C    34.4    19.5    25.2    94.4    45.0    76.0   0.086   0.091   0.121   0.147   0.166    26.1    26.5    26.5    26.2    26.3
12987 20161107  2.422  -98.06   26.53    33.0    21.2    27.1    24.8     0.3    12.86 C    39.4    20.6    25.8    92.0    43.9    76.8   0.086   0.091   0.120   0.146   0.166    26.1    26.5    26.5    26.2    26.3
12987 20161108  2.422  -98.06   26.53    22.5    18.6    20.6    20.5     6.8     2.89 C    21.6    18.0    20.0    95.1    80.3    90.1   0.084   0.090   0.120   0.146   0.166    24.4    25.3    25.8    26.2    26.3
12987 20161109  2.422  -98.06   26.53    22.5    18.0    20.3    19.7     0.5     4.48 C    24.1    17.5    19.5    94.0    70.7    86.5   0.088   0.094   0.118   0.146   0.165    22.7    23.5    24.5    25.6    26.1
12987 20161110  2.422  -98.06   26.53    23.6    17.5    20.5    19.7     0.0     7.18 C    25.9    16.8    19.8    92.9    58.0    77.6   0.091   0.095   0.117   0.145   0.164    22.0    22.8    23.8    25.0    25.8
12987 20161111  2.422  -98.06   26.53    25.8    16.4    21.1    20.1     0.0     9.23 C    29.6    15.8    19.9    77.3    28.2    55.8   0.090   0.094   0.117   0.144   0.165    21.4    22.3    23.3    24.5    25.5
12987 20161112  2.422  -98.06   26.53    23.6    17.2    20.4    19.5     0.0     6.03 C    25.5    16.2    19.2    84.4    52.8    70.6   0.089   0.093   0.117   0.144   0.164    21.1    21.8    22.8    24.1    25.1
12987 20161113  2.422  -98.06   26.53    19.8    18.0    18.9    18.9     3.4     3.33 C    20.2    17.4    18.7    95.5    80.7    90.8   0.090   0.092   0.117   0.143   0.164    21.1    21.8    22.6    23.7    24.8
12987 20161114  2.422  -98.06   26.53    26.1    17.4    21.7    20.4     0.0     9.11 C    31.5    15.4    20.7    95.9    57.9    84.7   0.101   0.092   0.117   0.144   0.163    21.6    22.1    22.7    23.6    24.6
12987 20161115  2.422  -98.06   26.53    29.9    14.5    22.2    21.2     0.0    15.85 C    36.4    12.8    21.6    97.8    36.0    74.7   0.099   0.092   0.117   0.143   0.162    21.2    22.0    22.7    23.5    24.4
12987 20161116  2.422  -98.06   26.53    30.8    14.4    22.6    21.7     0.0    16.69 C    36.7    12.3    21.9    96.3    26.9    68.0   0.095   0.091   0.117   0.144   0.162    21.2    22.0    22.7    23.3    24.3
12987 20161117  2.422  -98.06   26.53    30.0    15.4    22.7    22.7     0.0    12.45 C    32.2    13.7    22.7    95.8    49.4    76.7   0.093   0.090   0.117   0.144   0.164    21.8    22.3    22.8    23.2    24.1
12987 20161118  2.422  -98.06   26.53    32.5    16.5    24.5    24.0     0.8    14.04 C    38.8    15.6    24.9    95.1    38.8    72.1   0.091   0.091   0.117   0.144   0.165    23.4    23.7    23.6    23.4    24.1
12987 20161119  2.422  -98.06   26.53    20.7     5.8    13.3    15.2     0.0    16.49 C    24.4     2.8    15.2    64.5    19.4    36.6   0.085   0.089   0.117   0.143   0.164    20.4    21.8    23.0    23.5    24.1
12987 20161120  2.422  -98.06   26.53    23.6     3.5    13.5    13.6     0.0    16.50 C    30.9     1.5    13.9    86.4    30.1    56.4   0.080   0.085   0.115   0.143   0.163    17.8    19.4    21.1    22.9    24.0
12987 20161121  2.422  -98.06   26.53    29.0     9.7    19.3    19.6     0.0    15.31 C    33.1     8.0    19.5    94.5    41.5    71.7   0.082   0.086   0.114   0.142   0.163    19.2    20.1    21.0    22.1    23.6
12987 20161122  2.422  -98.06   26.53    30.3    18.0    24.1    23.7     0.0    11.49 C    33.8    16.6    23.8    94.2    42.9    72.6   0.085   0.087   0.116   0.141   0.162    21.7    21.9    22.0    22.1    23.3
12987 20161123  2.422  -98.06   26.53    30.6    18.0    24.3    23.1     0.0    12.93 C    38.7    16.2    24.0    95.9    40.5    75.2   0.086   0.087   0.117   0.142   0.161    22.6    22.9    22.8    22.5    23.3
12987 20161124  2.422  -98.06   26.53    30.5    17.7    24.1    22.6     0.0    12.36 C    36.9    15.9    23.4    94.2    36.5    72.7   0.085   0.088   0.117   0.143   0.161    23.0    23.3    23.2    22.8    23.4
12987 20161125  2.422  -98.06   26.53    29.6    15.3    22.4    21.4     0.0    11.56 C    34.8    14.0    21.3    96.2    38.9    75.7   0.083   0.087   0.116   0.142   0.163    22.2    22.8    23.1    23.1    23.6
12987 20161126  2.422  -98.06   26.53    26.6    17.4    22.0    19.9    11.9     8.65 C    32.1    16.1    20.1    94.4    56.9    86.9   0.102   0.096   0.117   0.141   0.162    22.0    22.6    22.9    23.1    23.6
12987 20161127  2.422  -98.06   26.53    29.4    16.2    22.8    22.2     0.0    12.50 C    32.6    14.6    21.9    95.9    50.9    79.2   0.150   0.115   0.120   0.142   0.162    21.3    21.9    22.4    23.0    23.6
12987 20161128  2.422  -98.06   26.53    35.0    20.6    27.8    25.6     0.0    14.79 C    38.5    19.1    25.7    93.7    18.9    65.9   0.143   0.111   0.128   0.143   0.162    22.7    22.9    22.9    22.9    23.5
12987 20161129  2.422  -98.06   26.53    33.8    19.4    26.6    25.2     0.0    14.15 C    39.3    17.4    25.2    95.5    27.9    66.7   0.134   0.107   0.128   0.142   0.162    23.0    23.3    23.3    23.1    23.6
12987 20161130  2.422  -98.06   26.53    25.9    12.9    19.4    19.7     0.0    15.60 C    29.5     9.1    19.1    76.9    14.8    40.1   0.125   0.103   0.127   0.143   0.162    20.9    21.9    22.7    23.2    23.6
12987 20161201  2.422  -98.06   26.53    24.9    10.2    17.5    17.4     0.0     5.10 C    28.4     8.7    17.0    87.5    50.3    70.4   0.117   0.100   0.124   0.142   0.162    18.9    19.9    21.2    22.7    23.5
12987 20161202  2.422  -98.06   26.53    27.1    18.3    22.7    22.7     2.4     5.65 C    29.0    17.6    22.6    95.2    75.1    87.6   0.117   0.099   0.124   0.142   0.162    21.3    21.4    21.6    22.2    23.2
12987 20161203  2.422  -98.06   26.53    29.5    14.9    22.2    22.7     0.0     5.54 C    32.7    14.8    22.8    91.6    57.6    79.5   0.118   0.100   0.124   0.142   0.163    22.6    22.8    22.6    22.4    23.1
12987 20161204  2.422  -98.06   26.53    18.3    11.8    15.0    13.8     7.7     1.23 C    18.3    11.7    13.8    94.8    84.4    92.4   0.116   0.097   0.123   0.143   0.163    19.3    20.3    21.4    22.6    23.2
12987 20161205  2.422  -98.06   26.53    18.8    10.6    14.7    13.4     1.1     9.29 C    22.6     9.2    13.4    93.6    57.4    82.5   0.142   0.116   0.120   0.142   0.163    17.5    18.5    19.9    21.9    23.0
12987 20161206  2.422  -98.06   26.53    27.8     8.6    18.2    17.5     0.0    15.20 C    32.0     6.3    17.2    95.9    30.1    71.3   0.142   0.113   0.119   0.141   0.161    17.0    17.9    19.3    21.1    22.5
12987 20161207  2.422  -98.06   26.53    25.0    14.2    19.6    18.1     0.0     6.46 C    28.4    14.3    18.7    86.7    60.8    77.2   0.138   0.112   0.120   0.141   0.161    18.4    18.9    19.6    20.8    22.1
12987 20161208  2.422  -98.06   26.53    17.4     5.4    11.4    10.7     4.1     1.26 C    17.4     5.0    10.6    92.9    74.7    87.1   0.138   0.113   0.120   0.142   0.159    16.7    17.8    19.2    20.8    22.0
12987 20161209  2.422  -98.06   26.53     8.2     4.7     6.5     6.4     0.0     4.77 C    10.5     4.7     6.7    74.5    47.2    56.2   0.138   0.114   0.118   0.140   0.160    12.6    14.2    16.7    20.0    21.7
12987 20161210  2.422  -98.06   26.53    13.7     7.7    10.7    10.9     0.0     3.90 C    15.8     7.7    11.2    82.0    51.1    59.4   0.134   0.114   0.120   0.138   0.158    13.0    14.0    15.8    18.8    21.0
12987 20161211  2.422  -98.06   26.53    28.4    10.8    19.6    18.0     0.0     9.65 C    30.3    11.0    18.1    96.2    54.2    81.8   0.135   0.116   0.123   0.137   0.157    15.9    16.1    16.7    18.3    20.4
12987 20161212  2.422  -98.06   26.53    26.0    13.9    19.9    18.9     0.0    11.05 C    31.2    13.6    19.6    96.2    60.6    86.9   0.134   0.117   0.125   0.138   0.157    18.3    18.4    18.3    18.7    20.2
12987 20161213  2.422  -98.06   26.53    28.0    15.4    21.7    20.5     0.0    10.67 C    33.8    14.3    21.1    96.1    56.8    84.3   0.130   0.115   0.125   0.139   0.156    19.4    19.5    19.3    19.3    20.4
12987 20161214  2.422  -98.06   26.53    21.6    17.0    19.3    19.4     0.0     5.67 C    24.3    17.2    19.7    95.0    63.9    81.4   0.129   0.114   0.126   0.139   0.157    19.9    20.1    20.1    19.9    20.6
12987 20161215  2.422  -98.06   26.53    18.5    14.8    16.7    17.4     0.0     2.56 C    19.2    14.8    17.4    94.5    70.5    80.0   0.125   0.112   0.125   0.141   0.157    18.9    19.4    19.8    20.3    20.9
12987 20161216  2.422  -98.06   26.53    25.0    14.7    19.9    19.2     0.3     4.43 C    26.3    14.8    19.2    96.2    76.7    90.5   0.123   0.111   0.124   0.140   0.157    19.0    19.2    19.6    20.2    20.9
12987 20161217  2.422  -98.06   26.53    32.1    21.4    26.7    25.1     0.0    13.05 C    34.0    20.4    25.2    90.6    45.9    75.4   0.123   0.111   0.126   0.141   0.157    21.3    21.2    20.8    20.3    21.0
12987 20161218  2.422  -98.06   26.53    23.8     4.4    14.1     8.4     0.8     4.98 C    23.5     4.7     8.9    92.3    34.1    53.3   0.114   0.106   0.124   0.141   0.158    17.4    18.8    20.0    20.8    21.2
12987 20161219  2.422  -98.06   26.53     8.6     2.0     5.3     5.2     0.0     5.56 C    10.0     2.4     5.7    44.8    24.3    36.1   0.107   0.100   0.120   0.140   0.158    13.1    14.7    17.0    19.9    21.1
12987 20161220  2.422  -98.06   26.53    17.3     3.6    10.5    10.6     0.0    11.66 C    21.8     2.3    11.4    60.8    23.4    39.9   0.105   0.099   0.118   0.138   0.157    13.5    14.6    16.2    18.7    20.5
12987 20161221  2.422  -98.06   26.53    22.5     8.2    15.4    15.6     0.0     6.54 C    24.4     6.8    15.8    82.7    53.7    66.7   0.104   0.098   0.119   0.138   0.157    15.3    15.8    16.6    18.1    20.0
12987 20161222  2.422  -98.06   26.53    28.1    17.3    22.7    20.3     0.0     9.11 C    34.6    17.4    21.2    95.4    55.1    81.9   0.105   0.099   0.120   0.139   0.156    18.7    18.5    18.3    18.3    19.7
12987 20161223  2.422  -98.06   26.53    30.1    16.7    23.4    22.2     0.0    11.19 C    32.0    16.7    22.6    96.1    47.3    78.7   0.104   0.100   0.122   0.138   0.156    20.2    20.0    19.6    19.0    19.9
12987 20161224  2.422  -98.06   26.53    29.2    20.7    25.0    23.7     0.0     8.51 C    31.9    19.9    23.8    91.4    55.1    80.8   0.103   0.099   0.122   0.140   0.157    21.5    21.3    20.8    19.8    20.2
12987 20161225  2.422  -98.06   26.53    30.0    19.2    24.6    23.7     0.0     9.59 C    32.1    18.6    23.6    94.6    45.0    78.9   0.100   0.098   0.122   0.141   0.157    21.7    21.6    21.3    20.5    20.6
12987 20161226  2.422  -98.06   26.53    30.0    22.2    26.1    24.6     0.0     6.76 C    32.2    21.8    24.6    93.9    53.8    79.8   0.098   0.098   0.123   0.141   0.158    22.6    22.4    21.9    20.9    21.0
12987 20161227  2.422  -98.06   26.53    30.3    20.2    25.2    24.5     0.0     9.82 C    34.7    18.8    25.0    95.5    47.6    80.1   0.098   0.098   0.122   0.142   0.158    23.3    23.1    22.5    21.4    21.3
12987 20161228  2.422  -98.06   26.53    30.0    20.7    25.3    24.0     0.0     9.16 C    34.0    20.5    24.4    95.9    51.6    80.4   0.096   0.096   0.122   0.141   0.159    23.4    23.3    22.8    21.8    21.6
12987 20161229  2.422  -98.06   26.53    27.4    15.8    21.6    21.4     0.0     4.80 C    30.7    15.6    21.5    93.5    27.5    64.0   0.093   0.096   0.121   0.142   0.160    22.7    22.9    22.8    22.2    21.9
12987 20161230  2.422  -98.06   26.53    22.0    11.5    16.8    16.1     0.0     9.42 C    26.5    10.7    16.4    79.3    24.7    45.4   0.089   0.092   0.120   0.142   0.161    20.0    20.7    21.5    22.0    22.1
12987 20161231  2.422  -98.06   26.53    22.8    13.5    18.1    17.0     0.4     6.13 C    25.2    13.6    17.2    94.2    65.2    82.4   0.086   0.091   0.119   0.142   0.162    19.7    20.2    20.9    21.6    21.9
