63869 20160101  2.422  -87.88   30.55    11.5     6.9     9.2     8.4     3.4     2.81 C    11.8     6.0     8.6    93.6    61.3    76.2   0.214   0.157   0.154   0.157   0.236    16.1    17.0    17.2    18.3    18.6
63869 20160102  2.422  -87.88   30.55     8.8     5.1     7.0     7.1     0.0     4.29 C    13.2     4.1     7.1    76.4    53.8    63.5   0.196   0.147   0.143   0.148   0.219    14.8    15.8    16.0    17.6    18.0
63869 20160103  2.422  -87.88   30.55    11.1     5.6     8.3     8.2     0.0     5.95 C    15.4     3.1     8.1    82.4    43.3    60.3   0.185   0.141   0.137   0.141   0.206    14.5    15.3    15.5    17.0    17.6
63869 20160104  2.422  -87.88   30.55    12.5     0.9     6.7     7.0     0.0    14.74 C    18.8    -2.2     6.1    95.1    38.3    62.1   0.178   0.136   0.133   0.138   0.196    13.9    14.8    15.0    16.5    17.2
63869 20160105  2.422  -87.88   30.55    12.3    -1.0     5.6     5.4     0.0    14.30 C    18.1    -3.8     5.0    78.9    43.5    58.7   0.172   0.133   0.130   0.134   0.190    13.2    14.0    14.3    16.0    16.7
63869 20160106  2.422  -87.88   30.55    15.7     1.6     8.6     7.5     0.0    14.45 C    22.0    -0.9     6.9    94.2    40.5    65.1   0.167   0.131   0.128   0.130   0.185    13.1    13.8    14.0    15.6    16.4
63869 20160107  2.422  -87.88   30.55    13.2     5.6     9.4     9.7     1.9     5.37 C    17.9     3.8     9.7    95.7    66.2    81.1   0.164   0.129   0.126   0.128   0.183    13.2    13.8    13.9    15.3    16.1
63869 20160108  2.422  -87.88   30.55    14.6    11.8    13.2    13.0     0.0     3.97 C    17.3    11.8    13.8   100.0    88.6    95.9   0.165   0.128   0.125   0.127   0.179    14.3    14.7    14.6    15.4    16.2
63869 20160109  2.422  -87.88   30.55    20.3    12.6    16.5    15.7     4.9     5.21 C    22.8    10.1    15.0    96.9    74.8    89.9   0.176   0.129   0.125   0.126   0.177    15.2    15.4    15.2    15.8    16.3
63869 20160110  2.422  -87.88   30.55    12.6     0.9     6.8     7.4     0.0     8.22 C    16.7    -2.9     6.6    91.0    56.0    71.5   0.178   0.132   0.127   0.126   0.175    14.4    15.0    15.2    16.0    16.3
63869 20160111  2.422  -87.88   30.55     7.8    -2.3     2.7     1.7     0.0    15.25 C    16.6    -5.7     1.8    96.1    39.3    71.4   0.172   0.130   0.125   0.126   0.174    12.5    13.4    13.7    15.3    15.8
63869 20160112  2.422  -87.88   30.55    14.5    -2.4     6.0     5.2     0.0    15.16 C    22.2    -5.0     4.9    97.4    25.9    72.4   0.168   0.128   0.124   0.125   0.173    11.7    12.6    12.9    14.6    15.4
63869 20160113  2.422  -87.88   30.55    15.0    -1.5     6.7     5.6     0.0    14.77 C    24.0    -5.0     4.7    97.4    36.7    77.8   0.165   0.127   0.124   0.124   0.172    11.5    12.3    12.6    14.2    15.0
63869 20160114  2.422  -87.88   30.55    17.0    -0.2     8.4     9.4     2.3     6.50 C    22.2    -3.2     8.5    97.2    54.9    78.6   0.163   0.125   0.122   0.122   0.171    11.6    12.2    12.4    13.9    14.8
63869 20160115  2.422  -87.88   30.55    16.9     6.8    11.8    11.7    13.2     7.41 C    20.3     5.0    11.2    98.6    76.4    92.2   0.213   0.150   0.152   0.129   0.170    12.5    13.0    13.0    14.0    14.8
63869 20160116  2.422  -87.88   30.55    18.5     3.8    11.2    11.9     1.1    14.79 C    25.6     1.3    11.8   100.0    45.0    78.0   0.192   0.143   0.141   0.134   0.172    13.1    13.4    13.4    14.2    14.9
63869 20160117  2.422  -87.88   30.55    12.2    -0.6     5.8     7.3     0.0    15.31 C    19.8    -4.1     6.8    94.5    34.9    67.7   0.183   0.137   0.135   0.133   0.172    12.9    13.4    13.5    14.3    15.0
63869 20160118  2.422  -87.88   30.55    12.1    -2.5     4.8     4.4     0.0    15.42 C    21.4    -5.8     3.5    95.7    38.5    72.2   0.177   0.134   0.131   0.131   0.174    11.3    12.1    12.5    13.9    14.6
63869 20160119  2.422  -87.88   30.55    13.2    -1.7     5.7     5.0     0.0    15.37 C    21.9    -3.8     4.7    84.9    37.8    63.0   0.173   0.132   0.129   0.128   0.173    10.9    11.6    11.9    13.4    14.3
63869 20160120  2.422  -87.88   30.55    19.6     4.0    11.8    12.5     0.7     6.97 C    26.8     0.0    12.1    96.7    56.6    75.7   0.170   0.131   0.128   0.127   0.173    11.7    12.1    12.1    13.3    14.1
63869 20160121  2.422  -87.88   30.55    21.6    14.3    17.9    16.9    39.2     7.05 C    27.9    13.6    17.3    97.4    69.0    90.6   0.197   0.142   0.136   0.129   0.172    13.9    13.9    13.5    13.8    14.5
63869 20160122  2.422  -87.88   30.55    16.0     2.4     9.2     7.5     1.9     5.55 C    15.4     2.5     7.8    94.9    67.5    78.9   0.250   0.180   0.183   0.184   0.182    13.7    14.2    14.2    14.5    14.9
63869 20160123  2.422  -87.88   30.55     7.5    -0.6     3.5     3.2     0.0    16.15 C    15.4    -4.9     3.5    76.7    44.6    61.7   0.206   0.153   0.151   0.157   0.190    11.4    12.2    12.6    13.9    14.4
63869 20160124  2.422  -87.88   30.55     9.2    -4.8     2.2     1.5     0.0    16.20 C    19.7    -8.5     1.8    96.3    40.0    77.1   0.191   0.145   0.142   0.147   0.190    10.3    11.2    11.5    13.2    13.9
63869 20160125  2.422  -87.88   30.55    16.6    -2.6     7.0     9.5     0.0     4.96 C    26.3    -5.8     9.6    95.9    61.1    81.1   0.186   0.140   0.138   0.142   0.187    10.5    11.0    11.2    12.7    13.6
63869 20160126  2.422  -87.88   30.55    20.9    12.9    16.9    16.9    10.2     3.54 C    22.4    12.5    16.3    94.6    67.2    85.1   0.187   0.138   0.135   0.138   0.186    13.0    13.0    12.8    13.2    13.9
63869 20160127  2.422  -87.88   30.55    13.1     7.9    10.5     9.5     4.1     3.38 C    13.7     6.8    10.0    95.7    68.9    89.9   0.222   0.159   0.156   0.146   0.185    13.0    13.4    13.3    13.7    14.2
63869 20160128  2.422  -87.88   30.55    12.5     1.5     7.0     7.3     0.4     9.07 C    17.4    -2.7     6.1    93.2    34.5    68.7   0.199   0.148   0.145   0.146   0.187    12.1    12.7    12.8    13.7    14.1
63869 20160129  2.422  -87.88   30.55    18.3     2.8    10.6     9.4     0.0    16.53 C    28.5    -1.4     8.4    98.0    35.1    67.8   0.189   0.142   0.139   0.142   0.186    11.6    12.1    12.2    13.3    13.9
63869 20160130  2.422  -87.88   30.55    20.0     1.4    10.7    11.2     0.0    16.36 C    27.1    -1.3    10.5    97.9    53.3    81.6   0.184   0.139   0.136   0.139   0.185    11.8    12.3    12.3    13.2    13.8
63869 20160131  2.422  -87.88   30.55    22.7    10.1    16.4    16.9     0.0    10.02 C    29.1     6.9    16.4    97.3    69.9    85.8   0.180   0.136   0.133   0.136   0.184    13.3    13.4    13.1    13.5    14.1
63869 20160201  2.422  -87.88   30.55    23.2    17.6    20.4    19.8     0.6     8.96 C    28.4    17.0    20.0    95.5    77.2    89.9   0.178   0.135   0.131   0.134   0.182    15.3    15.1    14.6    14.3    14.6
63869 20160202  2.422  -87.88   30.55    22.7    19.2    20.9    21.5     4.0     3.14 C    23.6    17.9    21.0    94.2    88.6    91.9   0.182   0.134   0.130   0.132   0.181    16.6    16.3    15.8    15.1    15.3
63869 20160203  2.422  -87.88   30.55    22.3    12.9    17.6    16.3    30.3     4.93 C    21.7    10.4    16.0    94.6    43.8    76.2   0.260   0.184   0.180   0.166   0.184    17.0    17.0    16.6    16.0    15.9
63869 20160204  2.422  -87.88   30.55    13.1     4.8     8.9     9.3     0.0    17.71 C    23.0     0.3     9.5    64.1    29.7    46.3   0.215   0.157   0.157   0.160   0.192    14.7    15.3    15.4    15.8    15.7
63869 20160205  2.422  -87.88   30.55    12.5    -2.9     4.8     4.4     0.0    18.35 C    25.2    -8.0     4.2    88.3    22.6    56.2   0.195   0.146   0.144   0.149   0.193    12.6    13.5    13.8    14.9    15.2
63869 20160206  2.422  -87.88   30.55    14.2    -3.6     5.3     4.8     0.0    16.77 C    28.4    -7.6     5.0    94.8    21.7    60.8   0.187   0.141   0.138   0.142   0.190    11.6    12.4    12.7    14.1    14.6
63869 20160207  2.422  -87.88   30.55    14.5    -3.0     5.7     7.3     0.0    18.30 C    27.5    -7.1     7.1    91.6    19.0    57.5   0.182   0.138   0.135   0.138   0.189    11.3    11.9    12.2    13.5    14.2
63869 20160208  2.422  -87.88   30.55    15.2     6.8    11.0    10.3     0.0    17.96 C    26.6     1.6    10.5    76.4    22.6    49.3   0.179   0.135   0.132   0.136   0.185    11.9    12.3    12.4    13.3    14.1
63869 20160209  2.422  -87.88   30.55    11.9     4.4     8.1     7.7     0.0    18.56 C    23.9    -1.1     7.6    56.8    23.6    37.9   0.176   0.133   0.130   0.133   0.183    11.3    11.9    12.1    13.2    13.9
63869 20160210  2.422  -87.88   30.55    11.1    -4.4     3.3     5.8     0.0    18.60 C    25.3   -10.0     6.6    84.8    25.7    51.4   0.173   0.131   0.128   0.131   0.181    10.8    11.4    11.6    12.8    13.6
63869 20160211  2.422  -87.88   30.55    18.9     3.3    11.1    13.6     0.0    17.87 C    29.3    -1.8    13.9    92.9    58.9    75.6   0.172   0.131   0.127   0.129   0.180    11.9    12.1    12.1    12.7    13.6
63869 20160212  2.422  -87.88   30.55    21.6    11.6    16.6    16.4     0.0    17.51 C    35.3     5.5    17.2    93.1    44.0    77.1   0.171   0.130   0.126   0.127   0.178    14.0    13.8    13.5    13.4    14.0
63869 20160213  2.422  -87.88   30.55    15.2     1.5     8.3     9.5     0.0    18.36 C    29.2    -3.6     9.7    67.9    25.0    43.2   0.170   0.129   0.125   0.127   0.177    13.3    13.6    13.6    13.8    14.2
63869 20160214  2.422  -87.88   30.55    16.8     1.6     9.2     9.9     0.0    15.33 C    27.2    -3.4    10.6    83.9    46.9    59.2   0.168   0.128   0.124   0.125   0.175    12.3    12.7    12.8    13.5    14.0
63869 20160215  2.422  -87.88   30.55    21.7    11.0    16.3    15.8    35.8     7.49 C    27.1     8.6    15.1    92.8    67.0    81.9   0.209   0.151   0.149   0.144   0.174    13.6    13.7    13.5    13.6    14.2
63869 20160216  2.422  -87.88   30.55    16.3     4.4    10.4    12.3     0.0    19.15 C    28.5     0.7    13.3    98.0    49.2    78.9   0.230   0.167   0.168   0.171   0.184    13.9    14.0    13.9    14.0    14.4
63869 20160217  2.422  -87.88   30.55    17.5     3.7    10.6    11.4     0.0    19.54 C    30.8    -1.3    11.4    96.0    34.2    67.9   0.203   0.151   0.149   0.154   0.189    13.7    13.9    13.9    14.1    14.5
63869 20160218  2.422  -87.88   30.55    19.5     1.5    10.5     9.7     0.0    19.42 C    36.0    -2.2    10.6    96.1    29.7    71.8   0.191   0.145   0.142   0.146   0.191    13.0    13.3    13.4    13.9    14.3
63869 20160219  2.422  -87.88   30.55    21.7     4.4    13.0    13.5     0.0    15.67 C    36.7     0.1    14.0    98.3    56.6    83.9   0.185   0.140   0.137   0.141   0.189    13.3    13.5    13.5    13.8    14.3
63869 20160220  2.422  -87.88   30.55    23.6     9.5    16.6    16.9     0.0    16.80 C    38.8     7.0    18.0   100.0    48.1    83.5   0.182   0.138   0.134   0.138   0.187    14.7    14.6    14.3    14.2    14.6
63869 20160221  2.422  -87.88   30.55    23.2    14.6    18.9    18.8     0.0    13.41 C    39.7    11.6    19.8    97.4    61.4    82.7   0.179   0.135   0.132   0.135   0.185    16.0    15.7    15.3    14.8    15.0
63869 20160222  2.422  -87.88   30.55    21.5    15.0    18.3    18.5     7.9     4.78 C    25.0    13.5    18.4    97.4    79.4    90.0   0.180   0.133   0.130   0.133   0.182    16.3    16.2    15.9    15.4    15.4
63869 20160223  2.422  -87.88   30.55    21.6    16.6    19.1    19.4    26.7     6.08 C    25.2    15.8    19.4    97.6    78.5    90.8   0.248   0.186   0.177   0.155   0.184    17.1    16.9    16.5    15.8    15.8
63869 20160224  2.422  -87.88   30.55    19.1     7.7    13.4    12.0     0.0    12.08 C    23.5     2.7    11.7    87.9    53.0    66.0   0.225   0.167   0.164   0.161   0.192    16.0    16.3    16.3    16.1    15.9
63869 20160225  2.422  -87.88   30.55    16.2     6.9    11.5    11.5     0.0    20.76 C    30.7     2.5    12.5    74.1    34.2    54.4   0.200   0.149   0.146   0.150   0.193    14.4    14.8    14.9    15.5    15.6
63869 20160226  2.422  -87.88   30.55    13.8     0.9     7.4     7.8     0.0    21.09 C    29.8    -4.7     8.9    94.6    31.3    58.7   0.189   0.143   0.139   0.143   0.191    13.7    14.1    14.3    15.0    15.3
63869 20160227  2.422  -87.88   30.55    15.9    -0.6     7.6     7.4     0.0    21.31 C    31.6    -4.5     8.7    96.2    29.8    68.0   0.183   0.139   0.135   0.139   0.189    13.0    13.5    13.7    14.5    15.0
63869 20160228  2.422  -87.88   30.55    18.6    -1.4     8.6     9.1     0.0    21.29 C    33.6    -4.8    10.3    96.5    38.0    76.9   0.179   0.136   0.132   0.135   0.186    13.0    13.4    13.5    14.2    14.8
63869 20160229  2.422  -87.88   30.55    21.7     5.1    13.4    13.8     0.0    19.52 C    38.6     2.9    15.4   100.0    61.0    84.7   0.176   0.134   0.130   0.134   0.185    14.2    14.1    14.0    14.3    14.8
63869 20160301  2.422  -87.88   30.55    22.2     7.1    14.6    16.2     0.0    17.20 C    34.9     4.5    17.6   100.0    70.2    89.0   0.174   0.131   0.128   0.131   0.183    15.1    15.0    14.8    14.7    15.0
63869 20160302  2.422  -87.88   30.55    18.5     2.2    10.4    12.2     0.0    21.83 C    33.2    -1.7    13.6    93.7    25.1    60.0   0.171   0.129   0.126   0.129   0.181    15.6    15.6    15.5    15.2    15.4
63869 20160303  2.422  -87.88   30.55    21.6     1.7    11.7    13.3     5.1    12.43 C    35.3    -2.1    13.9    95.1    60.1    82.0   0.173   0.128   0.125   0.126   0.180    14.6    14.7    14.7    15.0    15.3
63869 20160304  2.422  -87.88   30.55    18.3     6.3    12.3    11.5     0.0    20.08 C    29.6     1.6    12.4    94.7    44.7    77.1   0.182   0.131   0.127   0.126   0.177    15.1    15.3    15.1    15.1    15.4
63869 20160305  2.422  -87.88   30.55    21.2     3.1    12.2    11.9     0.0    21.88 C    32.7    -0.4    13.0    98.9    36.4    77.7   0.175   0.130   0.126   0.126   0.177    14.6    14.8    14.7    15.0    15.3
63869 20160306  2.422  -87.88   30.55    22.1     3.7    12.9    12.0     0.0    22.74 C    38.4    -0.7    13.0    99.9    22.5    67.9   0.169   0.129   0.124   0.125   0.175    14.7    14.9    14.8    15.0    15.3
63869 20160307  2.422  -87.88   30.55    22.8     2.3    12.6    13.8     0.0    16.32 C    34.4    -1.4    14.2    96.7    52.1    79.4   0.166   0.127   0.123   0.124   0.174    14.5    14.6    14.6    14.9    15.2
63869 20160308  2.422  -87.88   30.55    22.9    11.0    17.0    18.3     0.0    14.13 C    31.2     6.9    18.3    98.3    54.5    78.3   0.164   0.125   0.122   0.122   0.174    15.6    15.6    15.3    15.2    15.5
63869 20160309  2.422  -87.88   30.55    24.2    19.2    21.7    21.1     0.0    13.25 C    31.3    16.9    21.7    84.4    66.9    75.3   0.159   0.123   0.121   0.121   0.172    16.9    16.7    16.3    15.7    15.9
63869 20160310  2.422  -87.88   30.55    25.4    20.5    22.9    21.9     0.7    10.80 C    33.7    19.5    22.5    91.7    69.7    80.6   0.157   0.122   0.119   0.120   0.171    18.0    17.7    17.2    16.4    16.3
63869 20160311  2.422  -87.88   30.55    21.1    17.8    19.5    19.6    79.5     0.55 C    20.3    17.2    19.1    97.0    85.9    92.2   0.221   0.171   0.167   0.169   0.180    18.3    18.2    17.9    17.1    16.8
63869 20160312  2.422  -87.88   30.55    21.0    15.0    18.0    19.1    28.7     4.04 C    22.8    12.8    18.5    97.3    76.7    88.2   0.235   0.177   0.171   0.179   0.200    18.1    18.2    17.9    17.4    17.0
63869 20160313  2.422  -87.88   30.55    23.9    14.9    19.4    19.9     0.0    22.55 C    33.0    12.5    21.4    98.6    57.7    84.8   0.216   0.161   0.158   0.169   0.204    18.9    18.6    18.2    17.5    17.3
63869 20160314  2.422  -87.88   30.55    23.8    18.8    21.3    20.7     0.0    20.14 C    35.0    17.2    22.3    95.1    73.6    88.2   0.193   0.146   0.142   0.150   0.199    19.6    19.3    18.9    18.0    17.7
63869 20160315  2.422  -87.88   30.55    22.6    18.5    20.5    20.2     0.0    16.16 C    33.0    17.8    21.5    93.8    75.2    85.3   0.182   0.140   0.136   0.142   0.194    19.7    19.5    19.1    18.3    18.0
63869 20160316  2.422  -87.88   30.55    25.5    16.4    20.9    21.7     0.0    17.99 C    37.9    12.9    23.1    97.0    67.4    83.7   0.175   0.135   0.132   0.137   0.190    20.3    20.0    19.5    18.6    18.2
63869 20160317  2.422  -87.88   30.55    24.6    13.6    19.1    20.5    20.2     9.20 C    32.3    12.8    21.3    96.7    72.4    87.2   0.187   0.143   0.137   0.135   0.186    20.2    20.1    19.8    18.9    18.5
63869 20160318  2.422  -87.88   30.55    18.1    13.1    15.6    15.8    31.0     1.22 C    18.1    11.6    15.8    97.7    89.9    93.8   0.243   0.180   0.169   0.158   0.187    18.3    18.7    18.7    18.7    18.3
63869 20160319  2.422  -87.88   30.55    22.7    12.7    17.7    17.2     5.5    14.41 C    31.3    11.4    18.7    96.7    62.7    79.4   0.236   0.179   0.174   0.178   0.199    18.6    18.6    18.4    18.3    18.2
63869 20160320  2.422  -87.88   30.55    15.1     6.6    10.8    11.4     0.0    21.91 C    28.0     2.4    13.1    66.3    31.9    45.3   0.197   0.149   0.145   0.152   0.201    17.3    17.7    17.9    18.1    18.0
63869 20160321  2.422  -87.88   30.55    15.8     2.2     9.0     9.4     0.0    24.91 C    30.9    -2.1    11.5    85.5    31.9    57.0   0.182   0.141   0.137   0.143   0.196    15.9    16.4    16.6    17.3    17.5
63869 20160322  2.422  -87.88   30.55    18.4     1.0     9.7    11.5     0.0    24.61 C    32.4    -2.1    13.8    97.0    49.7    74.6   0.174   0.136   0.132   0.137   0.191    16.0    16.3    16.3    16.9    17.2
63869 20160323  2.422  -87.88   30.55    24.1     9.6    16.9    18.3     0.0    16.86 C    34.0     6.0    19.1    94.7    50.1    75.9   0.166   0.132   0.129   0.133   0.188    17.3    17.3    17.1    17.0    17.3
63869 20160324  2.422  -87.88   30.55    24.2    16.5    20.4    19.1    30.0     3.62 C    27.5    16.2    18.7    96.3    74.0    88.3   0.211   0.166   0.156   0.144   0.184    17.9    18.0    17.8    17.4    17.5
63869 20160325  2.422  -87.88   30.55    22.6    13.1    17.8    16.6     0.5    17.13 C    32.1    10.9    18.0    96.7    56.3    80.6   0.213   0.161   0.156   0.158   0.191    18.3    18.2    18.0    17.6    17.7
63869 20160326  2.422  -87.88   30.55    24.1    14.2    19.2    19.0    18.8    12.71 C    31.0    14.5    20.0    97.7    71.6    89.3   0.229   0.176   0.167   0.162   0.193    18.6    18.6    18.3    17.8    17.8
63869 20160327  2.422  -87.88   30.55    21.3    14.4    17.8    19.0    32.1     5.10 C    26.6    12.4    18.7    97.6    81.1    91.2   0.242   0.186   0.177   0.178   0.198    19.0    19.0    18.7    18.2    18.1
63869 20160328  2.422  -87.88   30.55    26.2    13.2    19.7    19.2     0.0    23.85 C    35.0    11.6    20.9   100.0    52.0    84.2   0.209   0.157   0.153   0.161   0.207    19.7    19.4    19.1    18.4    18.3
63869 20160329  2.422  -87.88   30.55    24.6    13.4    19.0    18.5     0.0    19.15 C    33.8    10.3    19.3    96.4    40.7    62.7   0.187   0.144   0.140   0.147   0.201    19.5    19.4    19.2    18.7    18.5
63869 20160330  2.422  -87.88   30.55    23.7    17.2    20.5    20.1     0.0    14.71 C    28.2    15.9    20.3    95.0    57.9    79.0   0.175   0.137   0.133   0.140   0.195    19.6    19.6    19.3    18.8    18.6
63869 20160331  2.422  -87.88   30.55    25.5    19.4    22.4    22.7     0.0    10.81 C    30.9    17.1    22.9    92.6    76.4    85.1   0.167   0.133   0.129   0.135   0.191    20.1    20.0    19.5    18.9    18.7
63869 20160401  2.422  -87.88   30.55    22.6    14.0    18.3    19.7   108.7     0.90 C    22.7    14.0    19.8    95.9    90.2    94.1   0.236   0.190   0.181   0.182   0.216    20.2    20.3    20.1    19.5    19.0
63869 20160402  2.422  -87.88   30.55    20.6    10.6    15.6    15.5     0.0    25.45 C    31.1     5.7    15.9    90.9    25.4    51.3   0.220   0.164   0.156   0.166   0.293    19.0    19.2    19.3    19.3    19.0
63869 20160403  2.422  -87.88   30.55    22.6     4.3    13.4    14.7     0.0    26.67 C    34.6     1.1    15.3    94.5    23.0    58.4   0.190   0.146   0.140   0.147   0.285    18.3    18.5    18.5    18.8    18.7
63869 20160404  2.422  -87.88   30.55    24.0    10.4    17.2    18.0     0.0    26.56 C    36.3     6.3    18.7    92.0    29.7    59.7   0.175   0.139   0.133   0.139   0.243    18.8    18.8    18.7    18.6    18.7
63869 20160405  2.422  -87.88   30.55    25.7    10.4    18.1    18.3     0.0    25.28 C    37.6     6.6    18.8    97.3    27.2    66.7   0.161   0.133   0.129   0.134   0.205    19.3    19.2    19.0    18.7    18.8
63869 20160406  2.422  -87.88   30.55    24.0     8.6    16.3    17.7     0.0    18.94 C    33.0     5.7    17.9    97.9    49.1    79.4   0.151   0.128   0.125   0.130   0.197    19.0    19.0    18.9    18.7    18.7
63869 20160407  2.422  -87.88   30.55    24.0    16.7    20.3    20.0     0.0    26.23 C    37.4    12.9    21.6    87.7    30.9    64.8   0.141   0.123   0.122   0.127   0.191    20.0    19.8    19.5    18.9    18.9
63869 20160408  2.422  -87.88   30.55    22.8    14.6    18.7    19.0     0.0    27.05 C    37.2     6.8    19.7    78.2    22.6    41.8   0.130   0.117   0.119   0.123   0.186    19.9    19.8    19.7    19.1    19.1
63869 20160409  2.422  -87.88   30.55    22.4     3.9    13.1    14.5     0.0    25.91 C    37.6     0.2    16.0    94.1    26.8    62.2   0.120   0.111   0.116   0.120   0.182    19.2    19.2    19.2    19.0    19.0
63869 20160410  2.422  -87.88   30.55    23.3    10.5    16.9    17.1     0.0    26.08 C    34.7     8.3    18.9    95.2    38.9    69.0   0.113   0.106   0.114   0.118   0.179    19.5    19.3    19.2    18.9    19.0
63869 20160411  2.422  -87.88   30.55    25.0     9.1    17.1    19.0     1.7    15.76 C    34.6     6.5    19.4    96.7    61.5    80.7   0.107   0.102   0.111   0.116   0.177    19.3    19.3    19.2    18.8    19.0
63869 20160412  2.422  -87.88   30.55    21.5    16.5    19.0    18.8     1.1     6.05 C    28.6    14.3    19.4    96.4    72.3    87.0   0.107   0.102   0.110   0.114   0.173    19.8    19.8    19.6    19.0    19.1
63869 20160413  2.422  -87.88   30.55    20.1    16.6    18.3    18.1    19.6     3.98 C    23.3    16.0    18.4    96.5    87.3    92.8   0.176   0.138   0.131   0.116   0.172    19.3    19.5    19.3    19.1    19.0
63869 20160414  2.422  -87.88   30.55    21.0    16.6    18.8    18.8    21.0     9.36 C    25.4    15.7    19.0    96.7    76.7    90.9   0.240   0.181   0.169   0.143   0.171    19.5    19.6    19.4    19.1    19.1
63869 20160415  2.422  -87.88   30.55    19.9    15.0    17.5    17.4     0.0    10.95 C    28.8    15.4    18.5    92.7    73.4    83.0   0.204   0.156   0.150   0.149   0.179    19.5    19.5    19.3    19.1    19.2
63869 20160416  2.422  -87.88   30.55    22.4    16.3    19.4    18.8     0.0     7.74 C    25.1    15.5    18.8    89.2    68.5    79.1   0.187   0.146   0.140   0.142   0.181    19.3    19.4    19.2    19.1    19.1
63869 20160417  2.422  -87.88   30.55    24.7    14.7    19.7    19.8     0.0    27.00 C    33.7    11.3    20.5    96.5    46.3    69.5   0.173   0.138   0.134   0.137   0.181    19.8    19.8    19.5    19.1    19.2
63869 20160418  2.422  -87.88   30.55    24.9    11.8    18.3    18.2     0.0    28.13 C    36.0     8.1    19.2    96.9    29.0    66.4   0.158   0.132   0.129   0.133   0.182    20.0    19.9    19.7    19.2    19.3
63869 20160419  2.422  -87.88   30.55    26.4    10.0    18.2    18.5     0.0    26.14 C    38.6     8.1    20.0    97.9    39.4    72.2   0.145   0.125   0.125   0.128   0.181    20.0    19.9    19.7    19.3    19.3
63869 20160420  2.422  -87.88   30.55    25.8    13.8    19.8    19.1     0.0    26.42 C    39.0    11.1    20.9    97.1    34.4    75.2   0.132   0.119   0.122   0.125   0.179    20.6    20.4    20.2    19.4    19.5
63869 20160421  2.422  -87.88   30.55    26.1    13.5    19.8    21.1     0.0    17.53 C    36.0    11.1    22.1   100.0    55.2    80.0   0.123   0.115   0.119   0.122   0.178    20.7    20.6    20.4    19.7    19.6
63869 20160422  2.422  -87.88   30.55    26.2    17.1    21.7    21.3     8.8    22.88 C    37.5    15.1    23.4    97.6    58.6    85.0   0.139   0.120   0.118   0.120   0.176    21.8    21.4    21.0    20.0    19.9
63869 20160423  2.422  -87.88   30.55    26.5    13.2    19.9    20.3     0.0    28.12 C    37.7    10.0    21.4    97.6    35.3    67.6   0.131   0.118   0.117   0.118   0.174    21.7    21.6    21.3    20.4    20.1
63869 20160424  2.422  -87.88   30.55    27.0    10.6    18.8    19.7     0.0    26.77 C    39.9     9.1    21.2    97.2    38.3    71.1   0.121   0.113   0.115   0.117   0.173    21.3    21.2    21.0    20.4    20.2
63869 20160425  2.422  -87.88   30.55    27.4    15.2    21.3    21.0     0.0    22.37 C    39.3    12.8    22.1    97.8    56.5    81.2   0.113   0.110   0.112   0.114   0.171    21.6    21.4    21.2    20.5    20.3
63869 20160426  2.422  -87.88   30.55    28.0    15.8    21.9    21.8     0.0    22.86 C    42.5    13.3    23.0   100.0    53.3    80.7   0.106   0.106   0.110   0.112   0.169    21.9    21.7    21.4    20.7    20.4
63869 20160427  2.422  -87.88   30.55    27.9    17.9    22.9    22.3     0.6    13.27 C    37.1    15.9    23.0    98.2    69.5    87.8   0.100   0.103   0.108   0.111   0.167    22.0    21.9    21.6    20.9    20.6
63869 20160428  2.422  -87.88   30.55    25.8    17.3    21.5    21.2     1.7     5.62 C    28.6    15.5    20.0    96.9    60.4    86.1   0.099   0.102   0.107   0.109   0.167    21.3    21.5    21.3    20.9    20.5
63869 20160429  2.422  -87.88   30.55    29.8    16.4    23.1    23.5     0.0    26.22 C    38.8    15.2    24.5    96.6    49.8    76.6   0.096   0.101   0.105   0.108   0.165    22.0    21.8    21.4    20.8    20.6
63869 20160430  2.422  -87.88   30.55    27.2    18.9    23.1    23.6    24.0     9.73 C    31.0    17.4    23.7    96.2    70.7    85.9   0.121   0.120   0.113   0.107   0.163    22.4    22.3    21.9    21.2    20.8
63869 20160501  2.422  -87.88   30.55    26.8    18.8    22.8    23.2     0.0    11.42 C    31.6    17.2    23.3   100.0    71.4    87.7   0.193   0.155   0.141   0.118   0.162    22.2    22.2    21.9    21.2    20.9
63869 20160502  2.422  -87.88   30.55    27.2    17.6    22.4    22.7     2.2    14.02 C    34.9    16.5    23.5    97.5    68.5    86.3   0.174   0.137   0.129   0.119   0.162    22.8    22.6    22.2    21.5    21.1
63869 20160503  2.422  -87.88   30.55    25.9    17.4    21.7    21.0     0.0    10.97 C    35.3    15.2    21.8    97.3    66.7    87.4   0.169   0.132   0.124   0.117   0.162    22.5    22.5    22.2    21.6    21.1
63869 20160504  2.422  -87.88   30.55    23.8    14.8    19.3    19.2     0.0    26.78 C    34.5    11.7    20.2    81.4    34.0    59.2   0.158   0.127   0.121   0.116   0.162    21.9    22.1    21.9    21.6    21.2
63869 20160505  2.422  -87.88   30.55    24.8    15.1    20.0    20.0     0.0    29.17 C    36.1     9.9    20.9    76.5    28.6    49.9   0.142   0.120   0.117   0.114   0.162    21.7    21.8    21.6    21.4    21.1
63869 20160506  2.422  -87.88   30.55    23.7    10.6    17.2    16.9     0.0    29.39 C    35.3     7.2    18.5    90.0    33.2    55.8   0.127   0.115   0.113   0.112   0.162    21.3    21.4    21.4    21.2    21.0
63869 20160507  2.422  -87.88   30.55    26.1     8.3    17.2    18.4     0.0    29.26 C    37.6     6.2    20.0    96.7    31.5    63.9   0.111   0.108   0.110   0.110   0.160    21.3    21.2    21.0    20.9    20.9
63869 20160508  2.422  -87.88   30.55    26.1    12.6    19.3    19.3     0.0    29.01 C    38.1    10.1    20.9    96.0    45.2    71.4   0.096   0.102   0.106   0.107   0.160    21.8    21.6    21.2    21.0    21.0
63869 20160509  2.422  -87.88   30.55    27.2    13.7    20.4    21.5     0.0    22.53 C    37.0    11.8    23.0    93.5    50.8    73.4   0.086   0.095   0.103   0.106   0.158    22.1    21.8    21.4    21.1    21.0
63869 20160510  2.422  -87.88   30.55    27.6    19.9    23.8    23.4     5.6    21.78 C    35.4    17.6    24.2    97.4    61.8    83.9   0.092   0.093   0.100   0.104   0.157    23.0    22.7    22.0    21.4    21.3
63869 20160511  2.422  -87.88   30.55    29.4    17.5    23.4    23.6     0.0    25.09 C    40.2    15.8    25.0    99.5    46.7    79.8   0.086   0.090   0.099   0.102   0.156    23.4    23.0    22.5    21.7    21.5
63869 20160512  2.422  -87.88   30.55    29.3    19.2    24.3    24.0     0.0    19.28 C    40.4    18.1    25.4   100.0    52.1    83.4   0.080   0.087   0.096   0.101   0.155    24.0    23.5    23.0    22.1    21.8
63869 20160513  2.422  -87.88   30.55    30.2    16.2    23.2    24.7     0.0    25.36 C    40.5    14.3    26.0    94.3    44.9    71.9   0.075   0.082   0.093   0.100   0.153    24.6    24.1    23.4    22.5    22.1
63869 20160514  2.422  -87.88   30.55    29.8    13.9    21.9    22.1     0.0    29.17 C    39.2    12.2    23.4    96.9    25.2    66.0   0.069   0.076   0.089   0.097   0.151    24.1    23.7    23.2    22.6    22.3
63869 20160515  2.422  -87.88   30.55    28.2    16.0    22.1    21.6     0.0    25.87 C    38.0    14.5    23.2    96.3    42.7    63.0   0.064   0.070   0.084   0.094   0.150    24.0    23.6    23.1    22.5    22.3
63869 20160516  2.422  -87.88   30.55    27.3    17.6    22.4    22.0     0.0    18.87 C    35.2    15.2    22.5    84.8    41.1    58.0   0.060   0.065   0.079   0.092   0.147    23.6    23.4    22.9    22.4    22.4
63869 20160517  2.422  -87.88   30.55    28.2    19.3    23.8    23.7     0.7    10.99 C    34.1    18.6    24.3    97.1    68.4    84.3   0.059   0.064   0.077   0.091   0.146    23.6    23.4    22.9    22.4    22.3
63869 20160518  2.422  -87.88   30.55    29.8    21.5    25.7    25.2     0.0    24.62 C    40.8    19.7    27.2    96.9    60.2    80.8   0.059   0.062   0.074   0.089   0.143    24.8    24.2    23.5    22.6    22.5
63869 20160519  2.422  -87.88   30.55    29.1    20.0    24.6    24.0     0.0    23.53 C    40.3    19.5    26.2    92.9    60.9    80.7   0.058   0.059   0.070   0.087   0.140    25.2    24.7    24.0    23.1    22.7
63869 20160520  2.422  -87.88   30.55    24.8    19.2    22.0    21.8    43.2     7.00 C    27.4    19.1    21.8    97.1    77.3    90.5   0.185   0.165   0.146   0.101   0.138    23.3    23.4    23.2    23.0    22.5
63869 20160521  2.422  -87.88   30.55    30.9    19.5    25.2    25.2     0.0    27.55 C    39.3    17.1    26.4    96.9    49.2    76.2   0.163   0.136   0.129   0.108   0.137    24.7    24.3    23.7    22.9    22.6
63869 20160522  2.422  -87.88   30.55    27.7    14.1    20.9    21.7     0.0    26.87 C    37.9    12.5    22.8    95.7    38.6    67.9   0.144   0.123   0.119   0.105   0.137    24.4    24.3    23.8    23.2    22.8
63869 20160523  2.422  -87.88   30.55    27.8    11.6    19.7    20.6     0.0    29.79 C    39.5    10.7    22.2    96.5    34.9    66.3   0.127   0.113   0.112   0.103   0.137    23.9    23.8    23.4    23.1    22.8
63869 20160524  2.422  -87.88   30.55    29.4    13.5    21.4    21.6     0.0    29.07 C    40.0    12.5    23.4    96.7    35.7    72.5   0.111   0.105   0.107   0.101   0.137    24.0    23.8    23.3    23.0    22.8
63869 20160525  2.422  -87.88   30.55    29.9    14.8    22.4    22.4     0.0    27.92 C    39.9    13.7    23.8    97.7    36.6    75.6   0.096   0.096   0.102   0.099   0.137    24.3    24.0    23.4    23.0    22.8
63869 20160526  2.422  -87.88   30.55    30.0    17.0    23.5    23.6     0.0    23.62 C    41.0    15.7    24.9    96.6    55.4    79.7   0.085   0.088   0.097   0.096   0.137    24.6    24.3    23.7    23.1    23.0
63869 20160527  2.422  -87.88   30.55    29.5    18.7    24.1    24.1     0.0    21.05 C    38.1    17.9    24.8    97.5    48.1    76.4   0.077   0.081   0.091   0.094   0.136    24.7    24.5    23.9    23.2    23.1
63869 20160528  2.422  -87.88   30.55    29.1    18.0    23.6    23.4     0.0    19.38 C    39.1    17.1    24.2    97.2    51.4    78.3   0.072   0.075   0.086   0.091   0.136    24.7    24.5    23.9    23.3    23.1
63869 20160529  2.422  -87.88   30.55    30.9    17.4    24.1    24.6     0.0    25.99 C    40.7    16.5    26.3    97.4    50.6    75.4   0.067   0.067   0.080   0.088   0.136    25.2    24.7    24.1    23.4    23.2
63869 20160530  2.422  -87.88   30.55    32.5    19.6    26.0    26.6     0.0    27.75 C    42.1    18.8    28.3    96.0    44.8    71.8   0.063   0.060   0.072   0.086   0.133    26.0    25.4    24.6    23.7    23.5
63869 20160531  2.422  -87.88   30.55    31.9    20.1    26.0    25.5     0.0    24.75 C    41.8    18.8    27.0    96.5    49.5    75.4   0.059   0.054   0.064   0.082   0.131    26.4    25.8    25.1    24.1    23.8
63869 20160601  2.422  -87.88   30.55    30.3    18.4    24.3    24.6     0.0    22.25 C    38.7    17.9    25.8    96.8    58.1    79.0   0.058   0.050   0.058   0.080   0.130    26.0    25.6    25.0    24.2    23.8
63869 20160602  2.422  -87.88   30.55    31.2    18.3    24.7    24.9     0.0    26.63 C    42.1    17.4    26.6    97.2    48.7    77.0   0.056   0.046   0.052   0.076   0.127    26.0    25.6    25.0    24.3    23.9
63869 20160603  2.422  -87.88   30.55    31.8    19.3    25.6    25.9     3.2    25.75 C    43.3    18.5    27.6    97.0    53.4    78.1   0.055   0.043   0.047   0.072   0.124    26.3    25.8    25.2    24.4    24.0
63869 20160604  2.422  -87.88   30.55    30.6    21.9    26.3    25.2    33.4    16.99 C    38.1    21.6    26.0    95.8    62.4    85.4   0.164   0.137   0.129   0.081   0.122    25.9    25.8    25.2    24.6    24.1
63869 20160605  2.422  -87.88   30.55    28.2    21.6    24.9    24.6    19.5    12.65 C    33.9    21.7    25.1    96.6    72.3    88.1   0.199   0.164   0.163   0.108   0.120    25.8    25.7    25.2    24.6    24.1
63869 20160606  2.422  -87.88   30.55    29.9    22.8    26.4    25.6     0.3    14.03 C    34.0    21.6    25.8    95.5    64.4    84.9   0.172   0.137   0.136   0.112   0.120    26.0    25.9    25.4    24.8    24.2
63869 20160607  2.422  -87.88   30.55    32.9    20.6    26.7    26.7     0.0    26.05 C    46.5    18.7    28.8    97.2    43.6    73.7   0.156   0.125   0.123   0.108   0.120    26.5    26.2    25.6    24.9    24.3
63869 20160608  2.422  -87.88   30.55    33.5    19.7    26.6    26.4     0.0    28.52 C    47.1    18.3    28.5    95.0    31.8    64.3   0.137   0.114   0.113   0.104   0.121    26.4    26.2    25.6    25.1    24.5
63869 20160609  2.422  -87.88   30.55    31.7    19.8    25.8    25.2     0.0    23.53 C    48.0    18.1    27.5    92.7    32.6    64.5   0.118   0.105   0.106   0.100   0.122    26.3    26.1    25.6    25.1    24.5
63869 20160610  2.422  -87.88   30.55    31.6    19.4    25.5    25.8     0.0    22.88 C    48.6    18.2    28.9    96.1    53.8    78.7   0.101   0.097   0.100   0.098   0.122    26.3    26.1    25.6    25.1    24.5
63869 20160611  2.422  -87.88   30.55    31.1    21.9    26.5    26.3     0.9    19.16 C    46.3    20.9    28.1    97.1    63.7    83.5   0.093   0.091   0.095   0.095   0.122    26.6    26.4    25.9    25.2    24.7
63869 20160612  2.422  -87.88   30.55    32.7    22.4    27.5    27.4     0.0    20.79 C    48.8    21.3    30.4    96.1    54.2    80.1   0.085   0.085   0.091   0.093   0.121    27.0    26.7    26.2    25.4    24.8
63869 20160613  2.422  -87.88   30.55    32.2    21.7    26.9    26.8     0.0    20.79 C    47.8    20.5    29.3    95.5    55.4    78.8   0.077   0.078   0.086   0.089   0.122    27.3    27.0    26.5    25.6    25.0
63869 20160614  2.422  -87.88   30.55    30.6    21.9    26.2    26.8     0.4    19.87 C    46.3    20.9    29.0    94.5    57.1    80.4   0.072   0.071   0.080   0.087   0.121    27.2    26.9    26.5    25.8    25.1
63869 20160615  2.422  -87.88   30.55    30.7    25.9    28.3    27.8     1.4    14.63 C    37.9    24.3    27.9    90.7    70.6    80.0   0.070   0.067   0.076   0.084   0.119    27.0    26.9    26.5    25.8    25.1
63869 20160616  2.422  -87.88   30.55    32.4    27.2    29.8    29.4     0.0    24.26 C    45.5    25.3    31.7    92.0    64.6    77.9   0.069   0.064   0.072   0.083   0.118    27.8    27.5    27.0    26.0    25.2
63869 20160617  2.422  -87.88   30.55    34.0    20.9    27.5    27.9     2.1    25.97 C    48.1    20.1    30.6    95.0    56.6    77.5   0.066   0.060   0.065   0.080   0.116    28.2    27.8    27.4    26.3    25.5
63869 20160618  2.422  -87.88   30.55    31.7    19.9    25.8    25.3     2.4    26.73 C    43.4    19.2    28.2    96.9    53.3    81.5   0.063   0.055   0.059   0.076   0.115    27.6    27.4    27.1    26.4    25.5
63869 20160619  2.422  -87.88   30.55    30.1    21.7    25.9    25.8     0.0    25.50 C    40.3    20.4    27.4    93.3    56.8    77.8   0.063   0.052   0.054   0.074   0.113    27.3    27.3    27.0    26.4    25.5
63869 20160620  2.422  -87.88   30.55    29.8    19.2    24.5    24.9     0.0    20.23 C    42.2    17.7    26.4    94.7    54.6    73.7   0.063   0.050   0.049   0.071   0.112    26.7    26.8    26.6    26.2    25.4
63869 20160621  2.422  -87.88   30.55    30.8    18.0    24.4    24.4     0.0    22.10 C    41.1    16.7    25.3    96.9    45.7    72.7   0.062   0.049   0.046   0.068   0.108    26.0    26.2    26.0    25.9    25.2
63869 20160622  2.422  -87.88   30.55    31.8    17.8    24.8    24.8     0.0    29.62 C    44.8    16.4    26.9    96.6    38.4    70.5   0.059   0.047   0.040   0.065   0.107    26.1    26.2    25.9    25.6    25.1
63869 20160623  2.422  -87.88   30.55    31.9    18.1    25.0    25.3     0.0    25.95 C    43.4    16.4    26.8    96.0    43.2    73.1   0.058   0.044   0.036   0.060   0.103    26.2    26.2    25.9    25.5    25.1
63869 20160624  2.422  -87.88   30.55    32.3    19.5    25.9    26.5     0.0    26.81 C    43.4    18.1    28.0    96.3    44.4    73.7   0.055   0.042   0.033   0.057   0.099    26.6    26.5    26.1    25.6    25.2
63869 20160625  2.422  -87.88   30.55    34.1    22.0    28.0    28.4     0.0    28.20 C    44.6    20.4    30.0    94.9    40.8    71.6   0.055   0.041   0.031   0.053   0.096    27.3    27.0    26.5    25.8    25.3
63869 20160626  2.422  -87.88   30.55    34.3    22.4    28.4    28.1     1.7    24.85 C    44.5    21.4    29.8    96.4    56.2    77.6   0.054   0.040   0.028   0.051   0.091    27.7    27.4    26.9    26.0    25.4
63869 20160627  2.422  -87.88   30.55    32.1    22.1    27.1    25.9    25.1    16.69 C    41.0    21.6    26.6    96.7    62.8    86.4   0.114   0.097   0.073   0.054   0.088    27.0    27.0    26.8    26.2    25.5
63869 20160628  2.422  -87.88   30.55    31.8    21.9    26.8    26.3     0.0    21.77 C    40.0    21.1    27.3    96.7    57.6    80.8   0.141   0.117   0.101   0.062   0.086    27.0    27.0    26.7    26.1    25.4
63869 20160629  2.422  -87.88   30.55    30.7    21.8    26.2    24.8     7.9    14.05 C    40.5    20.8    25.5    96.7    65.4    87.7   0.141   0.116   0.095   0.061   0.085    26.8    26.9    26.7    26.3    25.5
63869 20160630  2.422  -87.88   30.55    30.5    21.6    26.0    25.3     0.0    18.48 C    38.1    21.0    26.0    97.0    63.2    85.3   0.139   0.115   0.097   0.059   0.084    26.6    26.7    26.5    26.1    25.4
63869 20160701  2.422  -87.88   30.55    33.9    22.3    28.1    27.8     1.6    27.28 C    37.8    21.5    28.1    96.6    41.0    75.7   0.125   0.103   0.088   0.060   0.082    27.2    27.1    26.8    26.2    25.5
63869 20160702  2.422  -87.88   30.55    34.3    23.6    28.9    29.0     0.0    28.77 C    39.7    22.2    29.2    96.9    38.0    72.0   0.102   0.092   0.078   0.059   0.082    27.6    27.5    27.2    26.5    25.7
63869 20160703  2.422  -87.88   30.55    32.8    24.1    28.5    29.3     0.0    26.74 C    39.3    23.0    29.7    94.2    55.5    74.1   0.083   0.080   0.069   0.058   0.080    28.0    27.9    27.6    26.7    25.8
63869 20160704  2.422  -87.88   30.55    32.5    27.5    30.0    29.6     0.0    24.90 C    38.6    25.5    29.7    82.3    57.1    71.5   0.071   0.070   0.059   0.056   0.078    28.2    28.1    27.8    27.0    25.9
63869 20160705  2.422  -87.88   30.55    32.8    25.5    29.1    28.6     1.9    20.83 C    39.4    24.7    28.7    93.0    61.6    77.6   0.076   0.060   0.051   0.054   0.076    28.2    28.1    27.9    27.1    26.1
63869 20160706  2.422  -87.88   30.55    31.7    24.7    28.2    28.0     1.3    13.53 C    35.3    23.3    27.3    94.7    69.6    81.9   0.081   0.058   0.046   0.053   0.074    28.0    28.0    27.9    27.2    26.1
63869 20160707  2.422  -87.88   30.55    32.8    23.6    28.2    28.7     0.0    27.93 C    37.4    22.5    28.8    95.8    57.3    77.0   0.073   0.055   0.042   0.051   0.073    28.1    28.1    27.9    27.1    26.1
63869 20160708  2.422  -87.88   30.55    33.5    23.8    28.6    29.1     0.0    28.40 C    38.7    22.7    29.5    95.2    53.3    74.1   0.064   0.050   0.037   0.049   0.070    28.3    28.2    28.0    27.2    26.2
63869 20160709  2.422  -87.88   30.55    33.9    24.7    29.3    28.7     0.0    23.58 C    39.2    24.0    29.3    95.8    52.3    78.2   0.059   0.046   0.033   0.047   0.066    28.6    28.5    28.2    27.4    26.4
63869 20160710  2.422  -87.88   30.55    32.4    23.1    27.7    27.8     0.0    18.38 C    39.2    21.9    28.0    95.2    63.5    79.2   0.056   0.042   0.030   0.045   0.063    28.4    28.3    28.2    27.4    26.4
63869 20160711  2.422  -87.88   30.55    32.2    22.3    27.2    27.2     0.0    19.05 C    35.0    21.6    27.1    96.4    58.4    80.1   0.055   0.041   0.028   0.043   0.060    27.8    27.9    27.8    27.3    26.4
63869 20160712  2.422  -87.88   30.55    31.4    22.8    27.1    25.5     2.9    11.25 C    35.5    22.3    25.2    96.6    63.9    86.8   0.055   0.040   0.025   0.042   0.057    27.1    27.4    27.4    27.1    26.2
63869 20160713  2.422  -87.88   30.55    32.6    22.2    27.4    25.9    21.0    17.60 C    36.8    21.5    26.0    96.8    55.6    85.8   0.103   0.078   0.049   0.041   0.056    26.9    27.1    27.0    26.8    26.0
63869 20160714  2.422  -87.88   30.55    33.3    22.2    27.7    25.8     8.7    20.79 C    36.8    21.4    26.3    97.1    56.8    86.1   0.171   0.141   0.114   0.042   0.055    27.0    27.2    27.0    26.6    26.0
63869 20160715  2.422  -87.88   30.55    31.5    21.0    26.2    25.3     0.0    21.06 C    34.9    20.2    25.6    97.0    56.5    83.0   0.154   0.125   0.109   0.041   0.054    26.9    27.1    27.0    26.7    26.0
63869 20160716  2.422  -87.88   30.55    31.3    22.1    26.7    26.1     0.6    24.14 C    36.4    21.4    26.5    96.1    60.4    81.7   0.130   0.106   0.092   0.041   0.053    27.1    27.3    27.1    26.7    26.0
63869 20160717  2.422  -87.88   30.55    31.0    22.4    26.7    26.0     4.4    14.50 C    35.0    21.6    26.0    96.6    68.4    87.7   0.122   0.098   0.083   0.042   0.053    27.0    27.2    27.2    26.7    26.0
63869 20160718  2.422  -87.88   30.55    32.8    22.6    27.7    26.2     0.4    20.78 C    35.0    21.7    26.2    97.0    56.8    82.9   0.115   0.095   0.078   0.044   0.053    27.1    27.3    27.1    26.7    26.0
63869 20160719  2.422  -87.88   30.55    32.6    21.7    27.2    27.5     0.0    23.99 C    36.2    20.8    27.4    96.4    54.6    78.8   0.098   0.086   0.072   0.045   0.053    27.3    27.4    27.2    26.7    26.0
63869 20160720  2.422  -87.88   30.55    33.9    23.2    28.5    27.3     0.0    17.49 C    37.4    22.6    27.2    96.4    57.7    81.9   0.083   0.077   0.064   0.045   0.052    27.5    27.6    27.4    26.9    26.1
63869 20160721  2.422  -87.88   30.55    32.1    22.5    27.3    26.8     1.1    14.62 C    36.6    22.1    26.8    96.8    68.9    87.0   0.075   0.071   0.058   0.045   0.052    27.3    27.4    27.3    26.9    26.1
63869 20160722  2.422  -87.88   30.55    30.5    23.3    26.9    26.1     2.2    15.21 C    33.5    22.4    26.1    96.6    69.9    87.5   0.076   0.066   0.055   0.045   0.051    27.1    27.3    27.1    26.8    26.0
63869 20160723  2.422  -87.88   30.55    31.7    22.1    26.9    26.6     0.0    20.81 C    35.0    21.5    26.7    97.2    63.6    84.0   0.077   0.062   0.049   0.045   0.051    27.2    27.3    27.1    26.8    26.0
63869 20160724  2.422  -87.88   30.55    32.5    22.8    27.6    26.5    45.4    15.19 C    37.0    22.0    26.3    96.8    59.3    85.0   0.138   0.130   0.107   0.079   0.051    26.7    27.0    26.9    26.7    26.0
63869 20160725  2.422  -87.88   30.55    32.8    24.0    28.4    27.6     1.3    24.84 C    36.0    23.1    27.6    96.1    58.9    80.1   0.162   0.139   0.130   0.098   0.051    27.1    27.2    27.0    26.6    26.0
63869 20160726  2.422  -87.88   30.55    30.9    24.0    27.5    26.4    16.2    18.14 C    34.5    23.6    26.4    96.2    68.5    86.7   0.176   0.155   0.140   0.092   0.051    27.2    27.4    27.2    26.8    26.1
63869 20160727  2.422  -87.88   30.55    31.8    22.6    27.2    26.8     7.8    22.84 C    33.8    22.0    26.4    96.9    64.2    82.3   0.186   0.163   0.151   0.101   0.050    27.3    27.5    27.4    26.9    26.1
63869 20160728  2.422  -87.88   30.55    31.9    22.0    26.9    27.0     0.0    26.08 C    33.9    21.4    26.8    97.2    62.8    82.5   0.171   0.145   0.137   0.102   0.050    27.2    27.4    27.3    27.0    26.1
63869 20160729  2.422  -87.88   30.55    32.0    23.2    27.6    26.9     0.0    23.94 C    34.8    22.6    27.0    96.5    57.4    83.4   0.151   0.125   0.119   0.099   0.050    27.4    27.6    27.5    27.1    26.2
63869 20160730  2.422  -87.88   30.55    33.3    23.0    28.1    28.1     0.0    26.89 C    34.8    22.4    27.8    96.6    55.4    77.9   0.133   0.113   0.108   0.095   0.050    27.6    27.7    27.6    27.1    26.3
63869 20160731  2.422  -87.88   30.55    32.8    23.5    28.2    27.1     0.0    21.24 C    35.2    22.9    27.3    96.6    60.0    83.8   0.115   0.104   0.101   0.091   0.050    27.7    27.8    27.7    27.2    26.4
63869 20160801  2.422  -87.88   30.55    32.3    22.7    27.5    27.6     0.0    25.23 C    35.6    22.2    27.7    96.6    60.2    81.7   0.100   0.097   0.094   0.088   0.050    27.6    27.8    27.6    27.2    26.4
63869 20160802  2.422  -87.88   30.55    30.6    23.9    27.2    25.9    11.0     8.65 C    33.2    23.5    26.0    97.3    76.5    91.9   0.119   0.106   0.098   0.086   0.051    27.4    27.6    27.6    27.3    26.4
63869 20160803  2.422  -87.88   30.55    33.8    22.9    28.3    27.4     0.0    24.56 C    34.7    22.6    27.6    97.6    62.3    85.1   0.124   0.113   0.102   0.084   0.051    27.5    27.6    27.4    27.1    26.4
63869 20160804  2.422  -87.88   30.55    31.8    23.4    27.6    27.2    12.9    12.64 C    32.5    22.6    26.8    96.6    66.6    85.6   0.169   0.145   0.134   0.085   0.053    27.3    27.5    27.4    27.2    26.4
63869 20160805  2.422  -87.88   30.55    32.7    22.7    27.7    27.5     1.5    26.40 C    32.9    22.3    27.3    97.0    59.4    79.8   0.163   0.135   0.126   0.090   0.052    27.4    27.5    27.3    27.1    26.4
63869 20160806  2.422  -87.88   30.55    33.6    22.9    28.2    27.6    18.2    25.14 C    33.9    22.5    27.4    96.7    56.6    81.0   0.163   0.137   0.124   0.090   0.052    27.6    27.7    27.6    27.2    26.5
63869 20160807  2.422  -87.88   30.55    32.5    23.3    27.9    28.2     0.0    26.08 C    34.7    22.8    28.0    96.9    61.9    79.9   0.196   0.170   0.163   0.115   0.052    27.5    27.6    27.5    27.2    26.5
63869 20160808  2.422  -87.88   30.55    32.1    24.8    28.4    27.4     0.9    15.41 C    34.4    24.3    27.4    96.3    68.3    87.0   0.168   0.138   0.133   0.112   0.053    27.9    28.0    27.8    27.4    26.7
63869 20160809  2.422  -87.88   30.55    30.0    24.3    27.1    26.8     1.5    12.19 C    32.7    23.9    26.8    96.9    76.8    89.8   0.162   0.130   0.124   0.108   0.053    27.6    27.8    27.6    27.4    26.6
63869 20160810  2.422  -87.88   30.55    30.0    24.3    27.1    25.9    34.8     5.29 C    31.7    24.0    25.8    96.9    76.5    93.4   0.199   0.172   0.166   0.134   0.053    27.1    27.5    27.4    27.3    26.6
63869 20160811  2.422  -87.88   30.55    28.6    24.5    26.6    26.2    17.1     7.95 C    31.1    24.1    26.1    96.4    83.4    91.4   0.213   0.186   0.184   0.162   0.086    26.9    27.2    27.1    27.1    26.5
63869 20160812  2.422  -87.88   30.55    25.9    23.1    24.5    24.6    43.9     2.22 C    25.5    22.7    24.3    96.1    84.4    92.9   0.225   0.193   0.187   0.168   0.133    26.3    26.7    26.8    26.9    26.4
63869 20160813  2.422  -87.88   30.55    30.5    22.8    26.7    25.1     7.4    16.55 C    32.4    22.4    25.2    96.9    60.3    89.4   0.207   0.167   0.162   0.153   0.171    26.2    26.6    26.5    26.6    26.2
63869 20160814  2.422  -87.88   30.55    32.3    23.2    27.8    27.3     0.0    22.74 C    34.1    22.7    27.0    96.9    59.7    82.4   0.186   0.150   0.146   0.143   0.173    26.6    26.8    26.7    26.5    26.1
63869 20160815  2.422  -87.88   30.55    32.1    23.2    27.7    26.8     0.0    21.50 C    34.0    22.6    26.5    96.4    61.1    82.3   0.170   0.137   0.133   0.132   0.172    26.8    27.0    26.8    26.6    26.1
63869 20160816  2.422  -87.88   30.55    33.1    23.1    28.1    27.5     0.0    22.28 C    35.6    22.4    27.3    97.2    57.2    82.7   0.159   0.129   0.126   0.126   0.170    27.0    27.1    26.9    26.7    26.2
63869 20160817  2.422  -87.88   30.55    32.8    23.2    28.0    27.0     5.1    20.11 C    35.5    22.6    27.0    96.9    59.9    85.5   0.163   0.131   0.124   0.121   0.167    27.2    27.3    27.1    26.7    26.3
63869 20160818  2.422  -87.88   30.55    32.2    22.8    27.5    27.0     0.0    25.15 C    35.6    22.2    27.1    96.8    54.5    82.9   0.166   0.131   0.124   0.120   0.166    27.3    27.4    27.2    26.8    26.3
63869 20160819  2.422  -87.88   30.55    32.1    22.4    27.3    26.6     1.6    18.93 C    35.5    21.8    26.4    97.0    63.3    85.1   0.157   0.124   0.120   0.117   0.164    27.1    27.2    27.1    26.9    26.3
63869 20160820  2.422  -87.88   30.55    31.9    23.5    27.7    27.2     0.0    18.69 C    35.3    22.8    26.8    96.2    60.9    81.9   0.150   0.121   0.117   0.115   0.162    27.1    27.3    27.1    26.8    26.3
63869 20160821  2.422  -87.88   30.55    32.1    23.4    27.7    27.9     0.0    21.82 C    35.2    22.6    27.6    96.1    60.2    79.6   0.141   0.117   0.114   0.112   0.162    27.3    27.4    27.2    26.9    26.3
63869 20160822  2.422  -87.88   30.55    33.0    22.1    27.6    27.0     0.0    25.42 C    35.2    21.4    27.2    96.8    52.2    79.3   0.131   0.112   0.110   0.109   0.158    27.2    27.3    27.1    26.9    26.4
63869 20160823  2.422  -87.88   30.55    33.4    22.1    27.7    26.9     7.3    20.92 C    36.3    21.5    27.3    96.8    60.9    84.6   0.134   0.111   0.108   0.106   0.158    27.2    27.3    27.1    26.9    26.4
63869 20160824  2.422  -87.88   30.55    33.5    24.0    28.7    26.8     4.3    17.04 C    35.8    23.6    27.0    96.9    60.6    87.9   0.149   0.117   0.110   0.106   0.155    27.4    27.4    27.2    26.9    26.5
63869 20160825  2.422  -87.88   30.55    32.4    22.9    27.7    27.1     0.7    21.91 C    33.7    22.2    26.8    96.6    52.5    80.1   0.145   0.117   0.110   0.105   0.155    27.2    27.3    27.1    26.9    26.5
63869 20160826  2.422  -87.88   30.55    33.1    22.0    27.5    26.7     0.0    23.25 C    35.2    20.8    26.2    96.7    45.7    75.6   0.133   0.112   0.108   0.103   0.153    26.9    27.0    26.8    26.8    26.5
63869 20160827  2.422  -87.88   30.55    32.4    21.2    26.8    25.4     6.9    14.87 C    35.1    20.5    25.3    96.9    55.7    85.5   0.136   0.112   0.108   0.102   0.151    26.5    26.7    26.5    26.6    26.3
63869 20160828  2.422  -87.88   30.55    32.2    22.3    27.2    25.3     9.7    13.05 C    35.4    21.4    25.3    96.7    64.2    87.6   0.165   0.138   0.124   0.103   0.150    26.4    26.6    26.4    26.5    26.2
63869 20160829  2.422  -87.88   30.55    32.7    22.4    27.5    27.1     0.0    24.21 C    34.7    21.9    26.6    96.7    51.0    76.7   0.174   0.144   0.131   0.109   0.149    26.6    26.7    26.4    26.4    26.2
63869 20160830  2.422  -87.88   30.55    32.6    23.5    28.1    27.4     0.0    23.43 C    34.3    22.4    26.8    92.7    50.7    73.5   0.155   0.127   0.119   0.108   0.148    26.8    26.8    26.5    26.4    26.2
63869 20160831  2.422  -87.88   30.55    32.7    23.2    27.9    27.4     0.0    23.71 C    34.8    22.0    27.0    94.6    51.8    73.2   0.142   0.118   0.113   0.106   0.148    26.8    26.8    26.5    26.4    26.2
63869 20160901  2.422  -87.88   30.55    32.0    23.2    27.6    26.2     4.3    17.61 C    34.2    22.3    26.1    96.7    59.9    84.5   0.133   0.114   0.109   0.104   0.147    26.7    26.8    26.5    26.4    26.2
63869 20160902  2.422  -87.88   30.55    33.8    23.6    28.7    27.5     0.0    22.18 C    36.3    22.9    27.5    96.4    55.6    81.4   0.140   0.116   0.108   0.103   0.146    27.0    26.9    26.6    26.4    26.2
63869 20160903  2.422  -87.88   30.55    32.0    23.4    27.7    25.8     7.6    12.11 C    35.3    22.7    25.8    96.7    61.6    86.9   0.148   0.122   0.111   0.101   0.145    26.8    26.8    26.5    26.5    26.2
63869 20160904  2.422  -87.88   30.55    28.7    23.3    26.0    25.2     7.4     9.96 C    30.5    22.9    25.4    96.6    73.3    90.4   0.163   0.131   0.117   0.102   0.145    26.5    26.6    26.4    26.3    26.1
63869 20160905  2.422  -87.88   30.55    28.6    22.6    25.6    24.8     1.9    11.06 C    33.3    22.0    25.0    96.9    77.9    91.6   0.172   0.138   0.122   0.106   0.145    26.3    26.5    26.2    26.3    26.1
63869 20160906  2.422  -87.88   30.55    30.9    20.8    25.8    25.2     0.0    14.11 C    33.5    19.8    24.9    97.2    64.5    85.4   0.163   0.130   0.119   0.107   0.144    26.0    26.3    26.0    26.1    26.0
63869 20160907  2.422  -87.88   30.55    31.5    18.8    25.1    24.5     0.0    22.96 C    34.6    17.9    24.4    97.7    49.0    80.8   0.151   0.123   0.114   0.106   0.144    25.6    25.9    25.6    25.9    25.8
63869 20160908  2.422  -87.88   30.55    31.3    18.9    25.1    24.5     0.0    20.40 C    35.0    17.9    24.4    97.3    54.3    82.6   0.144   0.117   0.110   0.104   0.144    25.5    25.7    25.4    25.6    25.6
63869 20160909  2.422  -87.88   30.55    31.7    19.0    25.4    24.8     0.0    23.62 C    55.4    17.0    29.6    97.4    43.5    79.2   0.141   0.114   0.108   0.103   0.144    26.0    26.2    25.8    25.7    25.6
63869 20160910  2.422  -87.88   30.55    30.8    20.7    25.7    25.1     1.3    13.37 C    50.6    19.7    27.6    97.0    61.5    87.9   0.141   0.114   0.108   0.102   0.143    26.2    26.4    26.1    25.9    25.6
63869 20160911  2.422  -87.88   30.55    30.0    22.7    26.4    26.3     0.0    10.94 C    45.5    22.1    29.4    96.1    64.9    83.5   0.141   0.114   0.107   0.101   0.143    26.7    26.8    26.5    26.1    25.8
63869 20160912  2.422  -87.88   30.55    31.1    21.8    26.5    24.5     0.9    13.38 C    56.9    20.6    27.1    93.3    61.0    83.4   0.140   0.113   0.107   0.102   0.142    26.4    26.7    26.4    26.2    25.9
63869 20160913  2.422  -87.88   30.55    31.1    21.4    26.2    25.2     0.6    16.50 C    55.2    20.2    29.6    95.3    58.7    82.9   0.140   0.112   0.105   0.101   0.142    26.4    26.6    26.4    26.2    25.9
63869 20160914  2.422  -87.88   30.55    31.8    21.8    26.8    25.8     0.0    22.72 C    55.6    20.2    30.8    95.6    52.4    77.8   0.139   0.110   0.105   0.100   0.142    26.7    26.9    26.6    26.3    26.0
63869 20160915  2.422  -87.88   30.55    32.3    20.7    26.5    26.0     0.0    18.02 C    57.8    19.6    30.5    97.0    53.8    78.8   0.136   0.108   0.104   0.100   0.141    26.7    26.9    26.6    26.4    26.0
63869 20160916  2.422  -87.88   30.55    28.2    21.7    25.0    24.6    23.0     7.74 C    38.2    20.5    25.4    96.6    77.9    91.3   0.176   0.162   0.145   0.111   0.141    26.1    26.4    26.3    26.3    25.9
63869 20160917  2.422  -87.88   30.55    30.2    23.4    26.8    25.3    65.0    11.05 C    43.9    22.9    27.1    96.5    72.9    91.6   0.259   0.210   0.203   0.183   0.149    26.3    26.5    26.3    26.2    25.9
63869 20160918  2.422  -87.88   30.55    29.7    22.3    26.0    25.8    27.7    14.78 C    39.3    22.1    27.1    97.2    70.5    88.5   0.247   0.188   0.184   0.178   0.181    26.8    26.9    26.6    26.3    26.0
63869 20160919  2.422  -87.88   30.55    32.1    22.3    27.2    26.5     0.0    19.53 C    55.0    21.0    31.3    96.9    51.0    82.4   0.209   0.154   0.151   0.150   0.180    27.4    27.4    27.2    26.6    26.2
63869 20160920  2.422  -87.88   30.55    33.3    21.1    27.2    26.3     0.0    21.28 C    55.4    20.0    31.0    97.3    45.8    78.8   0.187   0.142   0.137   0.136   0.176    27.2    27.4    27.2    26.8    26.3
63869 20160921  2.422  -87.88   30.55    32.5    19.7    26.1    25.1    12.1    13.39 C    58.1    18.8    28.0    97.4    49.8    85.5   0.198   0.150   0.139   0.132   0.174    26.8    27.1    26.9    26.7    26.2
63869 20160922  2.422  -87.88   30.55    31.9    20.8    26.3    25.6     0.0    14.63 C    50.1    20.0    27.9    98.0    51.2    83.1   0.195   0.148   0.140   0.135   0.173    26.9    27.1    26.9    26.7    26.2
63869 20160923  2.422  -87.88   30.55    32.8    21.0    26.9    26.2     0.0    21.46 C    54.0    19.8    30.5    97.4    46.4    78.6   0.179   0.136   0.132   0.130   0.172    27.1    27.2    27.0    26.6    26.2
63869 20160924  2.422  -87.88   30.55    32.7    21.4    27.0    26.8     0.0    21.41 C    53.0    20.3    31.0    96.7    50.1    78.0   0.166   0.129   0.126   0.126   0.171    27.3    27.4    27.2    26.8    26.4
63869 20160925  2.422  -87.88   30.55    32.3    21.4    26.9    25.4     0.0    20.11 C    52.6    20.3    29.4    96.1    55.2    81.9   0.155   0.124   0.122   0.121   0.170    27.4    27.6    27.3    26.9    26.4
63869 20160926  2.422  -87.88   30.55    30.1    20.4    25.2    23.9     9.2    18.00 C    48.2    19.7    27.6    97.1    61.6    86.3   0.162   0.127   0.120   0.118   0.167    26.9    27.2    27.1    26.9    26.3
63869 20160927  2.422  -87.88   30.55    29.8    20.2    25.0    24.4     0.0    15.72 C    43.4    19.7    26.6    97.2    61.0    87.3   0.174   0.133   0.123   0.119   0.165    26.8    27.0    26.9    26.7    26.2
63869 20160928  2.422  -87.88   30.55    29.9    20.9    25.4    25.7     0.0    20.10 C    43.6    20.1    27.9    97.1    53.3    74.4   0.161   0.126   0.120   0.118   0.164    26.8    27.0    26.8    26.7    26.2
63869 20160929  2.422  -87.88   30.55    27.8    14.2    21.0    22.9     0.0    21.71 C    41.7    10.6    23.9    96.6    48.8    65.6   0.148   0.121   0.117   0.115   0.163    26.2    26.6    26.6    26.6    26.1
63869 20160930  2.422  -87.88   30.55    25.5    12.1    18.8    18.5     0.0    22.21 C    38.9     9.2    20.1    95.6    42.1    72.1   0.134   0.116   0.114   0.113   0.162    24.5    25.3    25.4    26.0    25.7
63869 20161001  2.422  -87.88   30.55    27.2    12.1    19.7    19.7     0.0    21.20 C    39.4    10.3    21.5    97.3    39.4    75.0   0.122   0.111   0.111   0.111   0.161    24.0    24.7    24.7    25.4    25.3
63869 20161002  2.422  -87.88   30.55    27.8    13.6    20.7    20.4     0.0    17.72 C    40.2    12.5    21.5    97.3    42.8    77.5   0.112   0.107   0.108   0.108   0.160    23.9    24.5    24.5    25.1    25.0
63869 20161003  2.422  -87.88   30.55    29.4    15.3    22.3    21.6     0.0    20.01 C    39.3    13.5    22.6    96.9    39.0    74.0   0.103   0.102   0.106   0.106   0.158    24.0    24.5    24.4    24.9    24.9
63869 20161004  2.422  -87.88   30.55    30.5    16.1    23.3    23.1     0.0    18.82 C    40.2    14.7    23.6    97.4    52.2    79.5   0.096   0.095   0.103   0.104   0.156    24.3    24.6    24.5    24.8    24.8
63869 20161005  2.422  -87.88   30.55    29.8    19.3    24.6    23.9     0.0    20.49 C    38.5    16.2    23.5    96.5    45.5    68.3   0.089   0.088   0.100   0.102   0.155    24.5    24.9    24.7    24.9    24.8
63869 20161006  2.422  -87.88   30.55    28.7    19.9    24.3    23.8     0.0    10.33 C    34.6    17.0    23.1    83.6    63.4    73.8   0.084   0.083   0.097   0.100   0.153    24.4    24.8    24.6    24.8    24.8
63869 20161007  2.422  -87.88   30.55    30.3    20.5    25.4    24.9     0.0    19.90 C    38.1    18.0    24.3    78.2    44.5    61.3   0.081   0.078   0.095   0.098   0.151    24.6    24.9    24.7    24.9    24.8
63869 20161008  2.422  -87.88   30.55    30.4    19.6    25.0    24.6     0.0    20.47 C    37.4    14.0    23.3    73.2    39.0    54.1   0.075   0.072   0.090   0.096   0.148    24.4    24.8    24.6    24.8    24.8
63869 20161009  2.422  -87.88   30.55    28.1    12.6    20.4    20.1     0.0    20.99 C    35.7     7.1    18.6    85.2    39.3    53.7   0.069   0.068   0.086   0.094   0.147    23.6    24.1    24.1    24.6    24.6
63869 20161010  2.422  -87.88   30.55    27.5    11.9    19.7    19.7     0.0    20.19 C    34.8     8.0    18.3    96.9    37.2    59.1   0.065   0.063   0.082   0.092   0.144    23.1    23.7    23.6    24.2    24.3
63869 20161011  2.422  -87.88   30.55    26.6    10.9    18.7    17.9     0.0    20.48 C    35.4     7.5    17.3    97.5    33.1    71.4   0.061   0.059   0.078   0.090   0.142    22.5    23.2    23.1    23.8    24.1
63869 20161012  2.422  -87.88   30.55    28.2    11.2    19.7    19.2     0.0    19.87 C    36.8     8.6    19.3    97.6    47.6    77.9   0.059   0.056   0.074   0.088   0.139    22.5    23.0    22.9    23.5    23.9
63869 20161013  2.422  -87.88   30.55    28.0    12.7    20.4    19.7     0.0    19.89 C    36.2    10.6    19.4    97.9    41.3    74.8   0.057   0.053   0.070   0.086   0.136    22.6    23.1    22.9    23.4    23.8
63869 20161014  2.422  -87.88   30.55    28.9    12.9    20.9    20.5     0.0    18.73 C    38.2    10.5    20.4    97.9    44.3    76.4   0.055   0.051   0.065   0.085   0.134    22.7    23.1    22.9    23.3    23.7
63869 20161015  2.422  -87.88   30.55    28.4    15.3    21.8    21.8     0.0    14.15 C    36.2    12.4    21.7    97.5    61.3    81.5   0.054   0.049   0.061   0.084   0.132    23.0    23.3    23.0    23.3    23.7
63869 20161016  2.422  -87.88   30.55    27.9    18.8    23.4    22.5     1.1    11.08 C    36.7    17.3    22.3    97.5    65.5    85.9   0.053   0.047   0.059   0.082   0.129    23.5    23.7    23.4    23.5    23.8
63869 20161017  2.422  -87.88   30.55    29.6    18.1    23.8    22.8     0.0    16.77 C    35.1    16.2    22.4    97.5    57.0    83.8   0.053   0.047   0.056   0.081   0.126    23.6    23.8    23.5    23.6    23.8
63869 20161018  2.422  -87.88   30.55    29.6    17.2    23.4    22.7     0.0    17.93 C    36.7    15.3    22.6    97.8    58.5    83.9   0.053   0.045   0.053   0.080   0.124    23.6    23.8    23.5    23.6    23.8
63869 20161019  2.422  -87.88   30.55    29.6    17.1    23.4    22.6     0.0    16.92 C    37.1    15.6    22.4    97.8    49.2    83.5   0.051   0.043   0.050   0.077   0.122    23.7    23.9    23.6    23.7    23.9
63869 20161020  2.422  -87.88   30.55    28.8    16.5    22.6    23.1     0.0    15.71 C    36.3    14.9    23.0    97.8    49.5    79.3   0.051   0.043   0.047   0.076   0.120    23.6    23.8    23.5    23.7    23.9
63869 20161021  2.422  -87.88   30.55    23.8    13.8    18.8    19.4     0.0    19.41 C    31.3     8.2    18.9    82.3    32.0    55.3   0.049   0.042   0.044   0.075   0.118    23.1    23.6    23.4    23.7    23.8
63869 20161022  2.422  -87.88   30.55    22.0     5.9    14.0    14.0     0.0    19.51 C    30.0     2.6    13.1    93.8    22.5    54.4   0.048   0.041   0.043   0.073   0.115    21.3    22.1    22.3    23.2    23.4
63869 20161023  2.422  -87.88   30.55    24.8     4.5    14.7    13.9     0.0    18.77 C    32.2     1.6    13.0    97.1    23.7    67.5   0.046   0.039   0.040   0.072   0.114    20.2    21.1    21.2    22.5    23.0
63869 20161024  2.422  -87.88   30.55    25.5     6.8    16.1    15.9     0.0    17.60 C    32.3     5.0    15.3    98.1    26.2    71.9   0.046   0.039   0.038   0.070   0.112    20.2    20.9    20.9    22.0    22.6
63869 20161025  2.422  -87.88   30.55    26.4    10.1    18.3    17.3     0.0    17.69 C    33.8     7.3    16.5    97.6    32.0    71.7   0.045   0.038   0.036   0.068   0.110    20.6    21.1    21.0    21.8    22.5
63869 20161026  2.422  -87.88   30.55    27.7     9.8    18.8    19.4     0.0    13.67 C    34.0     7.6    19.0    97.6    53.6    81.2   0.044   0.036   0.035   0.066   0.108    20.7    21.2    21.0    21.7    22.4
63869 20161027  2.422  -87.88   30.55    28.1    15.2    21.7    20.9     0.0    14.28 C    35.6    12.7    20.5    97.5    50.7    81.3   0.044   0.036   0.035   0.065   0.107    21.7    21.9    21.5    21.9    22.5
63869 20161028  2.422  -87.88   30.55    27.5    13.2    20.4    19.1     0.0    13.70 C    32.7    10.8    18.1    97.9    46.9    81.5   0.043   0.036   0.035   0.065   0.105    21.2    21.7    21.5    22.0    22.5
63869 20161029  2.422  -87.88   30.55    28.9    12.6    20.8    19.7     0.0    17.20 C    34.2    10.5    19.0    98.0    36.0    74.3   0.043   0.035   0.033   0.063   0.104    21.1    21.5    21.3    21.9    22.5
63869 20161030  2.422  -87.88   30.55    29.5    12.2    20.8    19.6     0.0    16.84 C    35.3    10.3    19.1    98.0    34.5    77.2   0.044   0.035   0.032   0.063   0.102    21.2    21.6    21.3    21.9    22.4
63869 20161031  2.422  -87.88   30.55    29.8    12.1    20.9    19.6     0.0    17.05 C    36.0     9.9    18.9   100.0    31.9    74.9   0.043   0.035   0.030   0.061   0.100    21.1    21.5    21.3    21.8    22.3
63869 20161101  2.422  -87.88   30.55    29.1    11.5    20.3    19.7     0.0    16.74 C    35.6     9.5    19.0    98.6    37.8    75.2   0.043   0.033   0.029   0.059   0.099    20.9    21.4    21.2    21.7    22.3
63869 20161102  2.422  -87.88   30.55    28.6    14.2    21.4    20.6     0.0    15.36 C    34.4    12.2    20.1    97.9    45.0    79.9   0.043   0.034   0.028   0.058   0.097    21.2    21.6    21.2    21.7    22.3
63869 20161103  2.422  -87.88   30.55    27.8    14.0    20.9    20.9     0.0    14.93 C    35.7    12.4    20.9    98.0    57.4    82.7   0.042   0.034   0.028   0.057   0.096    21.4    21.7    21.3    21.7    22.3
63869 20161104  2.422  -87.88   30.55    29.2    15.5    22.3    22.4     0.0    15.74 C    35.9    10.9    21.2    98.3    39.7    66.7   0.042   0.034   0.027   0.056   0.095    21.7    21.9    21.6    21.8    22.3
63869 20161105  2.422  -87.88   30.55    25.5    11.7    18.6    18.4     0.0    15.47 C    32.0     8.9    16.9    92.2    40.3    62.2   0.041   0.033   0.026   0.055   0.093    21.0    21.5    21.3    21.9    22.2
63869 20161106  2.422  -87.88   30.55    23.0    10.6    16.8    16.2     0.0    12.63 C    29.1     5.6    14.7    78.3    29.3    55.9   0.039   0.033   0.025   0.053   0.092    20.0    20.8    20.7    21.6    22.0
63869 20161107  2.422  -87.88   30.55    26.0    14.7    20.4    20.1     0.0     9.03 C    32.1    10.1    19.5    85.8    48.1    66.4   0.039   0.033   0.025   0.053   0.091    20.2    20.7    20.5    21.3    21.8
63869 20161108  2.422  -87.88   30.55    19.7    15.2    17.5    17.8     4.2     3.00 C    20.5    14.9    17.2    90.5    61.2    79.3   0.040   0.033   0.025   0.052   0.089    20.3    20.8    20.7    21.3    21.8
63869 20161109  2.422  -87.88   30.55    21.8    13.4    17.6    16.4     8.8     8.63 C    24.8    11.2    15.9    95.9    47.8    82.3   0.129   0.090   0.025   0.053   0.088    19.7    20.4    20.4    21.1    21.6
63869 20161110  2.422  -87.88   30.55    22.3     7.6    14.9    14.5     0.0    16.36 C    25.1     3.9    12.6    94.1    33.0    65.0   0.125   0.088   0.025   0.053   0.087    19.1    19.8    19.9    20.9    21.4
63869 20161111  2.422  -87.88   30.55    19.5     5.1    12.3    12.4     0.0     9.00 C    25.0     1.9    10.7    95.5    40.8    69.9   0.110   0.079   0.025   0.052   0.087    17.7    18.6    18.8    20.4    20.9
63869 20161112  2.422  -87.88   30.55    22.6     6.8    14.7    14.4     0.0    14.12 C    26.1     4.4    12.6    96.2    38.7    70.1   0.099   0.074   0.026   0.052   0.087    17.6    18.3    18.4    19.9    20.6
63869 20161113  2.422  -87.88   30.55    21.5     9.2    15.3    15.0     0.0     9.56 C    27.3     5.4    14.0    92.1    59.1    77.4   0.090   0.068   0.026   0.052   0.086    17.8    18.5    18.4    19.6    20.4
63869 20161114  2.422  -87.88   30.55    22.2     8.5    15.4    15.1     0.0    14.86 C    26.5     5.7    14.0    98.1    43.5    74.4   0.083   0.063   0.026   0.051   0.085    18.3    18.9    18.7    19.6    20.4
63869 20161115  2.422  -87.88   30.55    23.6     6.1    14.8    14.6     0.0    14.96 C    27.9     3.6    13.6    98.4    36.9    75.4   0.075   0.058   0.027   0.052   0.084    17.7    18.3    18.3    19.5    20.2
63869 20161116  2.422  -87.88   30.55    24.0     7.3    15.7    14.6     0.0    15.45 C    28.3     4.5    13.3    98.6    32.5    76.2   0.069   0.054   0.026   0.052   0.084    17.8    18.4    18.3    19.4    20.1
63869 20161117  2.422  -87.88   30.55    25.2     5.5    15.3    14.9     0.0    14.56 C    31.1     3.0    13.7    98.3    47.1    79.5   0.065   0.050   0.027   0.051   0.083    17.5    18.1    18.0    19.2    20.0
63869 20161118  2.422  -87.88   30.55    25.7     8.2    17.0    16.5     0.0    14.01 C    32.8     6.1    15.5    98.7    46.9    80.1   0.061   0.047   0.026   0.050   0.082    17.8    18.3    18.1    19.1    19.9
63869 20161119  2.422  -87.88   30.55    20.1     7.0    13.6    14.2     0.0    14.61 C    24.7     0.8    13.1    96.8    26.8    54.5   0.057   0.044   0.027   0.050   0.081    17.7    18.3    18.3    19.2    19.9
63869 20161120  2.422  -87.88   30.55    16.0     0.5     8.2     7.8     0.0    16.03 C    24.3    -3.1     6.5    82.7    20.3    50.1   0.054   0.043   0.026   0.050   0.080    15.9    17.0    17.2    18.8    19.6
63869 20161121  2.422  -87.88   30.55    18.3    -1.3     8.5     7.5     0.0    15.83 C    26.6    -5.1     6.1    91.8    16.9    56.3   0.052   0.041   0.024   0.049   0.078    14.7    15.9    16.1    18.1    19.1
63869 20161122  2.422  -87.88   30.55    22.2    -1.7    10.3     9.3     0.0    15.37 C    29.5    -4.5     8.3    97.7    19.7    66.5   0.050   0.039   0.023   0.049   0.079    14.5    15.5    15.6    17.6    18.7
63869 20161123  2.422  -87.88   30.55    24.9     3.4    14.1    14.0     0.0    11.04 C    33.6     1.1    13.5    97.5    47.0    76.4   0.049   0.038   0.024   0.048   0.077    15.3    15.9    15.8    17.3    18.6
63869 20161124  2.422  -87.88   30.55    25.9    12.3    19.1    18.4     0.0    12.74 C    35.2    10.2    18.7    98.2    57.7    83.2   0.049   0.039   0.025   0.048   0.077    17.3    17.5    17.1    17.7    18.8
63869 20161125  2.422  -87.88   30.55    24.2    10.5    17.4    16.7     0.0    12.19 C    32.0     7.3    16.2   100.0    37.1    75.5   0.049   0.039   0.025   0.048   0.077    17.7    18.0    17.7    18.2    19.0
63869 20161126  2.422  -87.88   30.55    19.5     0.9    10.2    11.9     0.0    12.72 C    27.6    -2.5    10.9    89.4    24.9    57.0   0.048   0.039   0.026   0.048   0.075    16.7    17.4    17.4    18.3    19.0
63869 20161127  2.422  -87.88   30.55    19.7     0.1     9.9    10.9     0.0    14.22 C    28.5    -3.2    10.4    92.2    37.3    67.9   0.046   0.037   0.025   0.047   0.074    15.4    16.3    16.4    17.9    18.7
63869 20161128  2.422  -87.88   30.55    24.7    12.7    18.7    20.4     0.0     7.65 C    29.3    10.9    20.2    88.8    51.8    73.2   0.045   0.037   0.026   0.046   0.074    17.1    17.4    17.0    17.8    18.7
63869 20161129  2.422  -87.88   30.55    27.4    22.1    24.7    23.7     0.5     7.87 C    33.6    20.7    23.7    91.3    67.1    82.6   0.047   0.039   0.026   0.046   0.074    19.5    19.3    18.7    18.5    19.2
63869 20161130  2.422  -87.88   30.55    26.0    10.8    18.4    19.9     4.6     4.63 C    30.3     6.6    18.8    95.0    49.8    78.6   0.048   0.040   0.027   0.046   0.073    20.0    20.0    19.6    19.3    19.6
63869 20161201  2.422  -87.88   30.55    16.8     3.1     9.9    10.3     0.0    14.60 C    22.6     0.1     8.9    92.8    34.2    62.2   0.048   0.043   0.027   0.046   0.073    17.1    18.0    18.3    19.2    19.4
63869 20161202  2.422  -87.88   30.55    19.1     2.4    10.7    11.7     0.0    11.99 C    25.9     0.1    10.5    93.7    22.5    50.8   0.047   0.042   0.025   0.046   0.072    15.4    16.5    16.9    18.4    18.9
63869 20161203  2.422  -87.88   30.55    18.8    11.5    15.2    15.1     0.0     6.23 C    24.8     9.4    14.9    63.4    28.3    39.8   0.047   0.039   0.025   0.045   0.072    15.9    16.6    16.7    18.0    18.7
63869 20161204  2.422  -87.88   30.55    23.4    11.4    17.4    17.7    55.2     2.87 C    26.4    10.6    17.7    96.9    44.2    90.1   0.157   0.145   0.128   0.080   0.071    17.3    17.5    17.3    17.9    18.7
63869 20161205  2.422  -87.88   30.55    18.8    15.0    16.9    16.6    51.0     2.28 C    22.1    14.9    16.9    97.2    92.2    95.5   0.226   0.188   0.182   0.152   0.071    18.1    18.5    18.2    18.4    18.9
63869 20161206  2.422  -87.88   30.55    20.0    12.6    16.3    15.9     2.5     8.31 C    21.4    10.5    16.0    96.9    66.3    84.0   0.209   0.166   0.164   0.167   0.113    18.0    18.4    18.2    18.6    18.9
63869 20161207  2.422  -87.88   30.55    18.3    10.3    14.3    13.5     0.0    11.96 C    22.8     8.1    14.0    96.8    61.9    82.0   0.183   0.145   0.145   0.146   0.153    17.6    18.0    18.0    18.5    18.8
63869 20161208  2.422  -87.88   30.55    11.5     5.1     8.3     9.3     0.0     6.01 C    15.4     3.1     9.1    96.1    42.9    66.8   0.172   0.138   0.138   0.137   0.165    16.1    17.0    17.3    18.2    18.5
63869 20161209  2.422  -87.88   30.55     9.9     0.9     5.4     4.5     0.0    14.19 C    16.3    -2.7     4.1    68.9    26.8    47.5   0.165   0.133   0.133   0.132   0.167    14.1    15.3    15.8    17.5    17.9
63869 20161210  2.422  -87.88   30.55    12.2    -1.4     5.4     3.8     0.0    14.17 C    17.5    -3.1     3.3    93.9    22.1    57.3   0.161   0.130   0.129   0.128   0.167    12.9    14.1    14.7    16.6    17.2
63869 20161211  2.422  -87.88   30.55    20.1    -1.2     9.4    10.7     0.0    13.06 C    23.8    -3.1    10.1    95.7    55.4    73.4   0.158   0.128   0.127   0.125   0.166    13.1    14.0    14.3    15.9    16.7
63869 20161212  2.422  -87.88   30.55    24.1     8.3    16.2    16.7     0.0    12.43 C    27.4     7.3    16.4   100.0    65.2    90.2   0.155   0.125   0.125   0.123   0.165    15.3    15.5    15.4    16.2    16.9
63869 20161213  2.422  -87.88   30.55    23.0    17.3    20.1    19.4    42.4     5.05 C    26.8    16.7    19.7   100.0    86.2    96.4   0.202   0.165   0.154   0.142   0.165    17.2    17.2    16.9    16.8    17.4
63869 20161214  2.422  -87.88   30.55    17.8    11.4    14.6    15.8     0.0     2.62 C    20.1    11.6    16.5   100.0    86.6    95.1   0.214   0.169   0.168   0.168   0.179    17.6    17.8    17.6    17.5    17.8
63869 20161215  2.422  -87.88   30.55    14.0     4.1     9.1     9.2     0.0    13.35 C    18.4     1.1     8.9    88.5    39.1    64.3   0.186   0.148   0.146   0.146   0.178    15.9    16.7    16.8    17.5    17.7
63869 20161216  2.422  -87.88   30.55    19.6     3.6    11.6    11.7     0.0    12.86 C    23.0     0.9    11.3    96.9    58.6    72.6   0.174   0.140   0.138   0.137   0.176    14.7    15.5    15.7    16.9    17.2
63869 20161217  2.422  -87.88   30.55    25.4    16.2    20.8    21.7     0.0     7.26 C    27.6    14.6    21.1    91.9    72.4    85.1   0.168   0.135   0.133   0.132   0.173    17.0    17.0    16.8    17.0    17.5
63869 20161218  2.422  -87.88   30.55    24.1     2.4    13.2    13.0    86.0     3.14 C    26.2     3.0    13.4    96.9    73.7    91.9   0.211   0.170   0.161   0.151   0.180    16.0    16.5    16.8    17.5    17.7
63869 20161219  2.422  -87.88   30.55     5.9     0.6     3.2     3.1     0.2     2.65 C     7.2     1.6     4.2    95.0    66.1    80.7   0.215   0.169   0.164   0.162   0.198    11.0    12.3    12.8    15.2    16.2
63869 20161220  2.422  -87.88   30.55    10.5     3.9     7.2     6.3     0.0     6.12 C    15.5     4.7     7.8    97.5    77.3    88.5   0.185   0.147   0.144   0.142   0.192    11.9    12.8    13.0    14.6    15.7
63869 20161221  2.422  -87.88   30.55    17.3     5.2    11.2     9.6     0.0    11.49 C    19.5     5.7    10.8    96.7    44.7    84.1   0.176   0.140   0.137   0.135   0.184    12.9    13.5    13.6    14.6    15.6
63869 20161222  2.422  -87.88   30.55    20.5     9.3    14.9    14.9     0.0     7.03 C    25.1     7.4    14.9    96.1    68.0    86.0   0.170   0.136   0.132   0.131   0.178    14.4    14.6    14.4    15.0    15.8
63869 20161223  2.422  -87.88   30.55    21.7     8.9    15.3    15.6     0.0     8.66 C    25.2     7.0    14.6    97.4    62.6    82.1   0.166   0.133   0.129   0.128   0.174    15.0    15.2    15.1    15.5    16.1
63869 20161224  2.422  -87.88   30.55    25.3    11.5    18.4    18.6     0.0    10.10 C    29.8    10.0    17.7    98.1    59.6    87.1   0.162   0.130   0.127   0.125   0.170    15.9    16.0    15.8    15.9    16.4
63869 20161225  2.422  -87.88   30.55    25.8    17.2    21.5    20.6     0.0     9.62 C    27.9    15.3    20.5    97.7    61.6    86.6   0.159   0.128   0.125   0.123   0.168    17.2    17.1    16.7    16.5    16.8
63869 20161226  2.422  -87.88   30.55    24.7    17.7    21.2    21.2     0.0     5.90 C    26.7    15.3    20.8    96.6    74.1    88.6   0.156   0.126   0.124   0.121   0.166    18.2    18.0    17.6    17.2    17.3
63869 20161227  2.422  -87.88   30.55    25.0    16.3    20.7    20.4     0.0     9.09 C    28.8    14.5    20.5   100.0    73.5    92.2   0.153   0.124   0.122   0.119   0.164    18.5    18.4    18.0    17.7    17.7
63869 20161228  2.422  -87.88   30.55    23.6    18.7    21.1    20.4     0.0     7.91 C    27.4    16.7    20.8   100.0    76.5    93.8   0.151   0.123   0.121   0.117   0.163    19.1    19.0    18.6    18.1    18.1
63869 20161229  2.422  -87.88   30.55    21.0     8.4    14.7    16.7     0.3     7.21 C    23.0     3.4    14.9    95.9    24.6    61.5   0.149   0.122   0.120   0.116   0.160    18.5    18.8    18.6    18.4    18.3
63869 20161230  2.422  -87.88   30.55    12.1     2.0     7.0     6.5     0.0     8.20 C    17.0    -1.3     4.6    91.4    25.6    55.4   0.146   0.120   0.117   0.115   0.159    15.3    16.4    16.7    17.8    17.7
63869 20161231  2.422  -87.88   30.55    19.7     5.9    12.8    12.7    17.8     2.43 C    19.2     6.0    12.4    95.4    54.8    77.6   0.156   0.124   0.118   0.113   0.159    14.9    15.7    15.8    16.9    17.2
