23909 20150101  2.422  -91.72   37.63     2.0    -5.9    -1.9    -1.6     0.0     3.29 C     6.5    -6.3    -1.0    87.3    56.9    69.9   0.311   0.276   0.294   0.283   0.359     2.7     3.1     3.9     5.6     6.7
23909 20150102  2.422  -91.72   37.63     3.1    -0.1     1.5     1.4     3.3     2.23 C     5.4     0.1     2.0    95.7    83.0    92.1   0.310   0.276   0.289   0.283   0.359     3.8     4.0     4.5     5.6     6.5
23909 20150103  2.422  -91.72   37.63     6.5     2.1     4.3     4.2    14.3     1.66 C     7.7     2.1     4.3    95.9    88.4    93.9   0.334   0.322   0.337   0.285   0.360     4.5     4.7     5.0     5.8     6.5
23909 20150104  2.422  -91.72   37.63     4.3   -11.5    -3.6    -4.8     0.2     2.85 C     3.7   -11.4    -4.0    92.5    58.5    77.4   0.338   0.327   0.344   0.287   0.361     3.7     4.3     5.0     5.9     6.5
23909 20150105  2.422  -91.72   37.63    -1.1   -13.1    -7.1    -7.1     0.5    11.31 C     2.6   -12.9    -6.4    90.5    31.1    56.8   0.328   0.290   0.317   0.286   0.361     1.6     2.4     3.5     5.4     6.4
23909 20150106  2.422  -91.72   37.63    -0.8    -6.8    -3.8    -3.5     1.4     7.52 C     4.4    -8.0    -3.4    68.5    50.1    60.0   0.321   0.286   0.302   0.285   0.361     1.5     2.1     3.1     4.9     5.9
23909 20150107  2.422  -91.72   37.63    -5.4   -18.6   -12.0   -11.2     0.0     9.46 C    -4.0   -17.8    -9.5    75.1    34.5    54.4   0.319   0.279   0.294   0.285   0.360     1.2     1.8     2.8     4.6     5.6
23909 20150108  2.422  -91.72   37.63    -1.6   -19.7   -10.6    -9.9     0.0     7.64 C    -0.4   -18.1    -8.8    80.5    27.1    51.5   0.313   0.271   0.285   0.285   0.354     0.4     1.0     2.1     4.3     5.1
23909 20150109  2.422  -91.72   37.63    -1.5   -17.2    -9.3    -8.7     0.0    11.85 C     1.0   -16.4    -8.0    81.4    30.4    50.9   0.310   0.282   0.277   0.284   0.361     0.2     0.9     1.8     3.9     5.0
23909 20150110  2.422  -91.72   37.63     1.3   -19.0    -8.9    -7.5     0.0    11.75 C     4.9   -17.8    -6.5    83.2    23.4    51.2   0.301   0.293   0.271   0.284   0.358     0.0     0.6     1.6     3.6     4.6
23909 20150111  2.422  -91.72   37.63     0.6    -2.1    -0.7    -0.5     8.3     1.61 C     1.3    -1.7    -0.4    95.7    37.8    76.5   0.304   0.295   0.269   0.283   0.361     0.1     0.6     1.5     3.4     4.5
23909 20150112  2.422  -91.72   37.63     0.7    -9.2    -4.3    -2.0     0.0     3.60 C     0.5    -8.6    -2.1    96.9    58.9    82.0   0.319   0.307   0.285   0.283   0.361     0.4     0.9     1.6     3.3     4.3
23909 20150113  2.422  -91.72   37.63    -1.8   -12.7    -7.3    -7.9     0.0    11.83 C     2.8   -11.8    -6.7    86.2    43.5    66.3   0.316   0.305   0.283   0.284   0.363     0.4     0.8     1.6     3.2     4.2
23909 20150114  2.422  -91.72   37.63     0.5   -12.5    -6.0    -5.0     0.0     5.47 C     7.2   -11.7    -3.8    89.1    39.9    67.0   0.310   0.302   0.279   0.283   0.363     0.3     0.7     1.5     3.1     4.1
23909 20150115  2.422  -91.72   37.63     7.2    -6.2     0.5    -0.1     2.3    11.69 C     9.1    -8.8    -1.6    94.4    39.4    71.1   0.313   0.303   0.278   0.283   0.362     0.5     0.9     1.6     3.0     4.0
23909 20150116  2.422  -91.72   37.63    13.9    -8.8     2.6     3.0     0.0    12.06 C    15.5    -8.8     0.4    90.7    31.5    62.2   0.314   0.303   0.280   0.282   0.362     0.6     1.0     1.7     3.0     3.9
23909 20150117  2.422  -91.72   37.63    15.9     0.0     7.9     7.2     0.0     9.89 C    15.0    -4.4     3.6    73.5    33.5    53.1   0.313   0.302   0.281   0.283   0.361     1.2     1.5     2.0     3.1     3.9
23909 20150118  2.422  -91.72   37.63    16.5    -2.3     7.1     6.3     0.0    12.01 C    17.7    -5.1     3.0    73.9    18.2    44.1   0.311   0.289   0.286   0.283   0.362     1.6     2.0     2.4     3.2     4.0
23909 20150119  2.422  -91.72   37.63    17.6    -5.8     5.9     4.8     0.0    12.14 C    20.0    -6.3     2.5    84.2    17.4    54.0   0.311   0.276   0.287   0.283   0.362     2.0     2.3     2.7     3.5     4.1
23909 20150120  2.422  -91.72   37.63     9.2    -2.2     3.5     5.1     0.0     3.78 C    11.3    -5.2     2.2    79.8    42.4    58.3   0.311   0.275   0.287   0.284   0.362     2.6     2.7     3.1     3.7     4.2
23909 20150121  2.422  -91.72   37.63     9.8    -6.5     1.6     2.4     0.0    12.53 C    14.6    -7.6     0.5    91.5    31.0    64.9   0.309   0.273   0.285   0.285   0.362     2.5     2.8     3.2     3.8     4.4
23909 20150122  2.422  -91.72   37.63     4.9    -7.5    -1.3    -1.0     0.0     7.38 C    10.8    -8.2    -1.0    89.6    55.0    75.5   0.306   0.271   0.283   0.285   0.362     2.1     2.4     2.9     3.8     4.4
23909 20150123  2.422  -91.72   37.63     5.4    -8.9    -1.8    -2.4     0.0    11.23 C    11.2    -9.3    -2.0    94.4    46.2    77.1   0.303   0.270   0.281   0.285   0.362     2.0     2.3     2.8     3.8     4.4
23909 20150124  2.422  -91.72   37.63    13.8    -8.2     2.8     5.5     0.0    12.76 C    17.0    -8.6     3.9    89.5    33.2    54.2   0.301   0.269   0.279   0.284   0.361     2.3     2.4     2.8     3.7     4.4
23909 20150125  2.422  -91.72   37.63     9.1    -0.9     4.1     4.9     1.7     2.26 C     8.8    -0.8     4.1    92.0    48.7    76.7   0.301   0.270   0.280   0.283   0.362     3.7     3.8     3.8     4.1     4.5
23909 20150126  2.422  -91.72   37.63    12.7    -1.6     5.5     4.2     0.0    10.06 C    14.2    -1.4     3.2    90.4    41.4    70.0   0.302   0.271   0.279   0.285   0.361     3.6     3.7     3.9     4.4     4.7
23909 20150127  2.422  -91.72   37.63    11.3    -3.8     3.8     4.6     0.0    13.06 C    16.3    -5.3     3.4    86.6    37.0    66.3   0.301   0.270   0.278   0.285   0.361     4.0     4.1     4.3     4.6     4.9
23909 20150128  2.422  -91.72   37.63    12.8    -0.4     6.2     5.8     0.0    12.40 C    14.5    -2.2     4.8    83.2    40.6    64.2   0.299   0.268   0.276   0.285   0.362     4.0     4.1     4.2     4.7     5.0
23909 20150129  2.422  -91.72   37.63    11.1     1.0     6.0     5.4     0.0     1.37 C     7.5    -0.6     4.1    76.5    59.2    64.2   0.295   0.267   0.274   0.284   0.362     4.5     4.6     4.7     4.9     5.2
23909 20150130  2.422  -91.72   37.63     6.5    -5.3     0.6    -0.6     0.0    13.07 C    12.5    -7.6    -0.4    84.2    28.4    60.7   0.293   0.265   0.270   0.284   0.362     3.3     3.7     4.2     4.9     5.3
23909 20150131  2.422  -91.72   37.63     5.4    -3.1     1.1     2.6     0.6     2.40 C     6.6    -2.8     2.4    75.1    42.0    54.8   0.292   0.263   0.269   0.284   0.361     3.4     3.6     4.0     4.7     5.2
23909 20150201  2.422  -91.72   37.63     6.2    -6.1     0.1     1.6    17.8     1.58 C     7.2    -5.6     1.7    95.4    73.3    88.3   0.339   0.314   0.328   0.285   0.362     3.6     3.8     4.2     4.7     5.2
23909 20150202  2.422  -91.72   37.63    -2.4   -10.1    -6.2    -7.3     0.0    11.48 C     6.0   -10.0    -5.8    88.3    57.3    75.2   0.343   0.306   0.340   0.287   0.363     2.0     2.7     3.5     4.6     5.1
23909 20150203  2.422  -91.72   37.63     9.9   -11.1    -0.6     0.3     0.0    14.26 C    11.9   -10.7    -0.6    87.5    32.5    58.7   0.325   0.288   0.319   0.286   0.363     1.5     2.0     2.7     4.2     4.9
23909 20150204  2.422  -91.72   37.63     9.4    -8.2     0.6    -0.3     0.9     8.95 C    15.7    -8.2    -0.4    88.1    44.9    69.4   0.322   0.285   0.306   0.286   0.363     2.3     2.6     3.0     4.0     4.7
23909 20150205  2.422  -91.72   37.63    -0.3   -14.8    -7.5    -7.4     0.0    15.21 C     4.6   -15.5    -6.5    84.2    28.9    59.4   0.313   0.279   0.292   0.287   0.364     1.3     1.9     2.7     3.9     4.6
23909 20150206  2.422  -91.72   37.63    12.0    -6.8     2.6     2.6     0.0    14.14 C    14.8    -8.5     1.4    70.4    37.7    52.7   0.310   0.277   0.290   0.285   0.363     1.6     1.9     2.4     3.6     4.4
23909 20150207  2.422  -91.72   37.63    20.9    -4.4     8.3     9.6     0.0    14.80 C    21.6    -5.6     7.3    91.4    23.6    56.8   0.309   0.277   0.290   0.286   0.362     3.3     3.2     3.3     3.7     4.3
23909 20150208  2.422  -91.72   37.63    21.2     6.1    13.6    12.2     0.0    12.38 C    25.1     1.9    10.0    84.7    31.8    59.3   0.307   0.275   0.288   0.286   0.363     5.4     5.1     4.8     4.4     4.6
23909 20150209  2.422  -91.72   37.63     6.5    -1.9     2.3     1.7     0.0     1.64 C     5.3    -3.5     2.0    88.9    67.7    76.3   0.305   0.272   0.285   0.287   0.363     4.8     5.0     5.1     5.1     5.1
23909 20150210  2.422  -91.72   37.63    10.2    -3.7     3.2     1.7     0.0    14.61 C    15.7    -5.4     2.2    80.2    36.2    62.1   0.303   0.271   0.280   0.287   0.362     4.1     4.3     4.6     5.0     5.2
23909 20150211  2.422  -91.72   37.63     5.7    -6.3    -0.3     0.2     0.0     6.83 C     8.8    -6.7    -0.3    92.2    59.4    72.3   0.300   0.269   0.277   0.286   0.362     3.4     3.7     4.2     4.9     5.2
23909 20150212  2.422  -91.72   37.63    -3.5    -8.9    -6.2    -5.7     0.0    15.07 C     5.0    -8.6    -3.5    78.3    33.0    51.1   0.298   0.267   0.273   0.286   0.363     2.2     2.8     3.5     4.6     5.1
23909 20150213  2.422  -91.72   37.63     5.6    -7.8    -1.1    -2.6     1.3    12.45 C    10.3    -8.1    -2.4    84.6    33.1    58.8   0.297   0.266   0.271   0.285   0.363     2.1     2.5     3.1     4.3     4.9
23909 20150214  2.422  -91.72   37.63     9.2    -9.5    -0.1    -0.4     0.0    14.08 C    14.0    -8.9    -0.3    84.1    22.5    50.5   0.297   0.266   0.271   0.285   0.363     2.3     2.7     3.1     4.1     4.7
23909 20150215  2.422  -91.72   37.63    -6.1   -11.0    -8.5    -8.5     2.5     5.88 C     1.1    -8.8    -5.5    75.9    26.2    41.5   0.295   0.264   0.268   0.283   0.363     1.4     2.0     2.8     4.0     4.6
23909 20150216  2.422  -91.72   37.63    -6.8   -13.4   -10.1    -9.3    11.6     4.62 C    -2.2   -19.0    -8.9    85.8    70.4    79.4   0.296   0.263   0.267   0.282   0.363     1.1     1.6     2.3     3.6     4.4
23909 20150217  2.422  -91.72   37.63     0.1   -15.5    -7.7    -5.4     1.5     7.78 C     1.5   -19.7    -6.3    86.9    59.2    77.6   0.301   0.264   0.267   0.282   0.363     1.0     1.5     2.2     3.5     4.2
23909 20150218  2.422  -91.72   37.63    -4.7   -21.9   -13.3   -10.2     0.0    15.87 C    -1.0   -23.2   -11.5    83.4    37.6    55.5   0.303   0.264   0.268   0.281   0.364     1.0     1.5     2.1     3.3     4.0
23909 20150219  2.422  -91.72   37.63    -6.2   -26.9   -16.6   -13.9     0.0    14.46 C     1.4   -26.1   -11.6    78.6    27.4    52.1   0.302   0.260   0.267   0.280   0.363     0.3     0.9     1.7     3.2     3.9
23909 20150220  2.422  -91.72   37.63    -1.0   -10.1    -5.6    -6.5    22.2     2.59 C     0.0   -11.4    -5.8    92.3    41.9    73.3   0.302   0.260   0.265   0.279   0.363     0.3     0.8     1.5     2.9     3.7
23909 20150221  2.422  -91.72   37.63     1.3    -1.7    -0.2    -0.2     1.5     6.21 C     1.4    -1.4    -0.3    96.3    90.6    93.6   0.307   0.270   0.274   0.279   0.363     0.5     0.9     1.5     2.8     3.6
23909 20150222  2.422  -91.72   37.63     0.3    -8.8    -4.3    -4.2     0.0    11.33 C     2.1    -7.8    -2.6    90.6    39.7    63.9   0.318   0.283   0.292   0.284   0.365     0.8     1.2     1.7     2.8     3.5
23909 20150223  2.422  -91.72   37.63    -6.6   -13.9   -10.2    -9.7     0.0    12.58 C     1.3   -11.5    -6.4    56.7    35.5    46.5   0.317   0.282   0.291   0.286   0.365     0.8     1.2     1.8     2.8     3.5
23909 20150224  2.422  -91.72   37.63     3.6   -10.5    -3.4    -3.7     0.0    18.23 C     4.9   -13.5    -4.4    85.2    34.2    52.3   0.319   0.281   0.295   0.285   0.366     0.7     1.1     1.6     2.7     3.4
23909 20150225  2.422  -91.72   37.63     6.6   -12.1    -2.8    -2.1     0.0    14.33 C     9.6   -12.2    -3.3    90.1    36.2    67.5   0.324   0.287   0.319   0.285   0.366     0.5     0.9     1.5     2.6     3.3
23909 20150226  2.422  -91.72   37.63     0.6   -12.5    -5.9    -6.3     0.3     6.32 C    -0.8   -13.0    -5.2    88.7    52.7    69.3   0.327   0.290   0.332   0.285   0.366     0.6     0.9     1.5     2.6     3.3
23909 20150227  2.422  -91.72   37.63    -6.5   -18.0   -12.3   -10.8     0.0    14.16 C     1.5   -17.7    -8.2    77.0    36.6    54.1   0.320   0.298   0.304   0.286   0.367     0.2     0.7     1.3     2.5     3.2
23909 20150228  2.422  -91.72   37.63    -3.7    -8.3    -6.0    -5.8    13.1     5.59 C     0.6    -7.6    -4.4    89.9    45.4    74.5   0.315   0.310   0.294   0.285   0.367     0.2     0.6     1.2     2.4     3.1
23909 20150301  2.422  -91.72   37.63    -0.1    -4.9    -2.5    -2.2     1.0     4.88 C     0.6    -8.5    -1.8    93.6    78.7    87.1   0.316   0.309   0.292   0.285   0.367     0.3     0.7     1.2     2.3     3.0
23909 20150302  2.422  -91.72   37.63     4.1   -14.1    -5.0    -2.3     0.0    15.78 C     4.1   -15.4    -3.7    92.5    39.7    62.3   0.318   0.298   0.305   0.285   0.367     0.4     0.8     1.3     2.3     3.0
23909 20150303  2.422  -91.72   37.63     8.8     0.3     4.5     4.0     0.6     2.64 C     6.9    -0.4     2.5    96.8    59.7    88.9   0.324   0.313   0.335   0.286   0.367     0.6     0.9     1.4     2.3     3.0
23909 20150304  2.422  -91.72   37.63     3.5    -7.8    -2.2    -4.4     9.0     4.20 C     2.3    -9.5    -3.9    96.8    46.7    74.9   0.326   0.331   0.337   0.288   0.367     0.8     1.2     1.6     2.4     3.0
23909 20150305  2.422  -91.72   37.63    -1.1   -14.8    -8.0    -6.6     0.0    20.30 C     3.6   -14.1    -6.4    82.6    34.3    51.4   0.328   0.332   0.337   0.288   0.367     0.6     0.9     1.4     2.4     3.0
23909 20150306  2.422  -91.72   37.63     8.7   -16.2    -3.7    -2.1     0.0    19.88 C    11.4   -14.9    -2.5    85.1    35.3    58.3   0.328   0.318   0.337   0.288   0.368     0.2     0.6     1.2     2.3     3.0
23909 20150307  2.422  -91.72   37.63    19.4     0.1     9.7     8.8     0.0    19.58 C    21.9    -3.9     6.1    73.2    23.8    46.4   0.337   0.323   0.337   0.288   0.368     1.2     1.4     1.6     2.3     2.9
23909 20150308  2.422  -91.72   37.63    15.6    -2.7     6.4     6.7     0.0     9.40 C    18.4    -3.8     4.9    87.9    27.9    58.7   0.351   0.332   0.336   0.288   0.367     2.6     2.6     2.6     2.7     3.1
23909 20150309  2.422  -91.72   37.63    13.7     2.4     8.1     7.7     5.3     9.15 C    18.3    -2.1     7.8    96.1    42.8    77.3   0.351   0.329   0.336   0.288   0.367     3.9     3.7     3.5     3.2     3.4
23909 20150310  2.422  -91.72   37.63    10.7    -0.4     5.1     6.8     7.0     3.75 C    11.7    -0.6     6.2    97.8    84.5    92.6   0.354   0.330   0.338   0.288   0.367     4.9     4.7     4.4     3.9     3.8
23909 20150311  2.422  -91.72   37.63    21.6    -2.5     9.5     8.8     0.0    20.02 C    30.4    -3.1     8.5   100.0    24.8    70.1   0.355   0.331   0.337   0.289   0.367     5.2     5.0     4.7     4.3     4.2
23909 20150312  2.422  -91.72   37.63    20.0    -1.9     9.0    10.1     1.6    10.89 C    27.6    -4.3     9.3    94.1    27.2    65.3   0.353   0.331   0.337   0.288   0.367     5.8     5.5     5.3     4.7     4.6
23909 20150313  2.422  -91.72   37.63    11.2     9.5    10.4    10.3    16.7     2.31 C    12.3     9.0    10.0    96.1    91.8    94.7   0.355   0.329   0.337   0.290   0.367     6.9     6.7     6.1     5.3     5.0
23909 20150314  2.422  -91.72   37.63    14.9     1.8     8.3    10.3     1.4    11.81 C    21.6    -1.4     9.6    95.4    54.2    80.7   0.358   0.330   0.339   0.290   0.366     7.7     7.5     6.9     5.9     5.5
23909 20150315  2.422  -91.72   37.63    22.6    -4.2     9.2     9.5     0.0    21.85 C    30.8    -5.9     8.2    96.5    11.7    54.4   0.358   0.332   0.339   0.291   0.367     7.1     7.0     6.7     6.2     5.9
23909 20150316  2.422  -91.72   37.63    25.3     3.0    14.1    16.2     0.0    21.05 C    32.7    -0.9    13.8    88.5    32.8    56.3   0.353   0.320   0.338   0.291   0.366     8.3     7.9     7.3     6.4     6.1
23909 20150317  2.422  -91.72   37.63    14.9     5.5    10.2    10.5     0.0    14.81 C    22.2     1.2     9.4    91.6    39.3    62.8   0.343   0.299   0.324   0.290   0.366     8.4     8.4     8.0     7.1     6.5
23909 20150318  2.422  -91.72   37.63     5.7     2.1     3.9     3.4     3.2     2.77 C     6.7     1.8     3.2    87.0    50.5    68.9   0.338   0.296   0.314   0.290   0.366     6.6     7.0     7.2     7.1     6.8
23909 20150319  2.422  -91.72   37.63     7.8     1.8     4.8     4.6     0.9     4.77 C    13.1     1.6     5.4    95.8    76.6    87.0   0.340   0.300   0.330   0.290   0.366     6.2     6.3     6.4     6.7     6.7
23909 20150320  2.422  -91.72   37.63    15.0     2.5     8.8     6.8     0.4    12.44 C    23.3     1.1     7.7    95.4    43.0    78.9   0.339   0.298   0.325   0.291   0.365     6.9     6.9     6.7     6.6     6.6
23909 20150321  2.422  -91.72   37.63    22.5    -0.4    11.1    12.2     0.0    15.90 C    30.4    -2.1    11.1    93.8    25.4    57.3   0.333   0.291   0.300   0.291   0.365     7.6     7.4     7.2     6.8     6.6
23909 20150322  2.422  -91.72   37.63    21.7     3.6    12.7    13.6     0.0    16.44 C    32.7     0.3    13.2    92.4    29.2    54.6   0.327   0.285   0.297   0.291   0.365     8.9     8.6     8.0     7.2     7.0
23909 20150323  2.422  -91.72   37.63    20.7     0.4    10.6    12.1     0.0    13.27 C    29.5    -1.8    10.5    91.4    24.6    62.6   0.322   0.282   0.293   0.290   0.364     8.7     8.7     8.3     7.6     7.3
23909 20150324  2.422  -91.72   37.63    19.1     2.9    11.0    10.5     4.1    11.51 C    24.5     3.1    10.2    86.9    52.7    71.2   0.320   0.281   0.288   0.291   0.364     8.7     8.6     8.4     7.8     7.5
23909 20150325  2.422  -91.72   37.63    22.0     6.5    14.3    12.6    22.4    13.99 C    33.9     1.3    12.7    94.5    25.3    74.3   0.331   0.295   0.303   0.291   0.364     9.8     9.6     9.0     8.1     7.7
23909 20150326  2.422  -91.72   37.63     9.7    -0.6     4.6     5.1     4.1    16.43 C    19.6    -4.1     5.9    92.7    40.4    73.3   0.359   0.337   0.343   0.294   0.365     8.6     8.9     8.8     8.4     8.0
23909 20150327  2.422  -91.72   37.63     5.4    -0.8     2.3     2.5     0.5    15.85 C    18.4    -5.3     3.6    89.4    37.9    64.5   0.358   0.339   0.342   0.293   0.365     7.0     7.4     7.7     8.0     8.0
23909 20150328  2.422  -91.72   37.63     6.4    -1.4     2.5     1.8     1.1    13.28 C    17.8    -5.1     2.9    91.2    57.1    75.2   0.353   0.306   0.338   0.293   0.365     6.4     6.7     7.0     7.6     7.7
23909 20150329  2.422  -91.72   37.63    16.1     0.1     8.1     7.7     0.0    15.90 C    27.2    -1.8     7.1    80.5    45.3    59.5   0.342   0.298   0.314   0.293   0.365     6.6     6.7     6.8     7.2     7.4
23909 20150330  2.422  -91.72   37.63    20.7     0.0    10.3    11.6     0.0    23.45 C    35.1    -4.2    11.2    92.2    16.8    50.4   0.329   0.288   0.299   0.293   0.365     8.0     7.8     7.5     7.3     7.4
23909 20150331  2.422  -91.72   37.63    23.9     6.4    15.1    15.5     0.0    21.74 C    35.2     0.8    14.1    83.8    19.7    50.3   0.322   0.284   0.294   0.293   0.364     9.4     9.1     8.6     7.8     7.5
23909 20150401  2.422  -91.72   37.63    23.6     4.2    13.9    15.3     0.0    15.16 C    32.0     0.7    13.5    85.5    25.5    55.9   0.316   0.280   0.287   0.292   0.364     9.7     9.6     9.1     8.3     8.0
23909 20150402  2.422  -91.72   37.63    21.9    15.1    18.5    17.8     9.3     7.45 C    32.7    12.2    16.3    90.2    57.0    80.4   0.318   0.280   0.285   0.292   0.364    11.3    11.0    10.2     8.9     8.3
23909 20150403  2.422  -91.72   37.63    17.1     3.6    10.4    10.0    12.9     8.23 C    15.8     0.9     9.3    93.7    51.8    73.9   0.354   0.329   0.338   0.295   0.365    10.8    10.9    10.5     9.5     8.9
23909 20150404  2.422  -91.72   37.63    15.5    -3.2     6.1     6.5     0.0    25.33 C    30.5    -6.9     8.3    93.4    14.9    51.4   0.354   0.325   0.340   0.295   0.365     9.2     9.4     9.4     9.3     9.0
23909 20150405  2.422  -91.72   37.63    16.5    -0.8     7.8     8.9     0.0    14.90 C    26.7    -4.6     8.7    85.7    28.0    52.0   0.339   0.297   0.313   0.294   0.365     8.7     8.9     9.0     9.0     8.9
23909 20150406  2.422  -91.72   37.63    19.6     9.1    14.4    13.9     0.5     8.08 C    28.2     7.8    14.0    92.7    66.8    80.4   0.329   0.290   0.299   0.294   0.365     9.9     9.7     9.3     8.9     8.8
23909 20150407  2.422  -91.72   37.63    26.0    16.8    21.4    21.1     0.0    17.20 C    34.5    14.4    21.1    91.1    57.0    74.6   0.324   0.287   0.296   0.295   0.364    12.7    12.2    11.1     9.5     9.0
23909 20150408  2.422  -91.72   37.63    28.2    17.7    22.9    22.4     0.0    11.64 C    37.4    14.4    21.0    83.4    50.3    65.8   0.318   0.284   0.292   0.294   0.363    14.1    13.7    12.6    10.6     9.6
23909 20150409  2.422  -91.72   37.63    27.6    10.0    18.8    20.2     2.8    14.78 C    31.6     8.1    19.0    85.4    41.2    65.1   0.317   0.283   0.289   0.294   0.363    14.7    14.4    13.3    11.4    10.4
23909 20150410  2.422  -91.72   37.63    19.7     4.0    11.8    11.3     0.0    25.71 C    34.1     0.4    12.7    91.0    21.0    53.0   0.310   0.278   0.284   0.294   0.363    12.7    12.9    12.6    11.6    10.8
23909 20150411  2.422  -91.72   37.63    21.3     1.2    11.3    12.6     0.0    18.34 C    34.2    -0.8    13.2    93.7    24.0    53.9   0.302   0.272   0.278   0.293   0.363    11.9    12.0    11.8    11.3    10.8
23909 20150412  2.422  -91.72   37.63    25.3    13.0    19.2    18.9     0.0    15.99 C    37.5     9.2    18.3    68.9    28.3    42.7   0.294   0.265   0.272   0.291   0.362    12.6    12.5    11.9    11.3    10.8
23909 20150413  2.422  -91.72   37.63    20.3    13.7    17.0    16.9     5.2    10.20 C    24.8    12.1    16.1    87.4    36.6    61.3   0.300   0.269   0.273   0.289   0.362    13.3    13.2    12.6    11.5    10.9
23909 20150414  2.422  -91.72   37.63    18.4    12.1    15.2    14.5     0.3    12.57 C    28.5    10.0    14.8    55.6    24.6    38.8   0.297   0.269   0.274   0.289   0.362    12.4    12.5    12.2    11.6    11.1
23909 20150415  2.422  -91.72   37.63    19.5    10.8    15.1    15.3     0.0     9.62 C    28.3     6.7    15.1    89.4    42.4    57.4   0.291   0.264   0.270   0.288   0.363    12.3    12.4    12.0    11.4    11.1
23909 20150416  2.422  -91.72   37.63 -9999.0 -9999.0 -9999.0 -9999.0 -9999.0 -9999.00 U -9999.0 -9999.0 -9999.0 -9999.0 -9999.0 -9999.0 -99.000 -99.000 -99.000 -99.000 -99.000 -9999.0 -9999.0 -9999.0 -9999.0 -9999.0
23909 20150417  2.422  -91.72   37.63    26.8     8.8    17.8    18.4     0.0    20.33 C    40.6     6.5    18.9    96.8    38.1    68.1   0.263   0.250   0.266   0.272   0.321    14.4    14.2    13.5    12.1    11.8
23909 20150418  2.422  -91.72   37.63    24.6    12.4    18.5    18.8     0.0    13.38 C    34.8     8.1    18.5    95.7    42.7    75.0   0.257   0.247   0.264   0.271   0.320    15.3    15.1    14.4    12.7    12.2
23909 20150419  2.422  -91.72   37.63    20.6    10.9    15.8    15.7    15.5     9.07 C    22.2     8.2    14.8    95.2    47.4    78.6   0.291   0.271   0.282   0.270   0.319    14.4    14.5    14.1    13.0    12.6
23909 20150420  2.422  -91.72   37.63    14.3     2.9     8.6    10.3     0.9    20.87 C    24.7    -1.3    10.4    90.0    30.5    56.8   0.296   0.279   0.288   0.276   0.320    12.7    13.0    13.0    12.8    12.4
23909 20150421  2.422  -91.72   37.63    20.0     5.4    12.7    12.7     5.5    20.20 C    28.8    -1.2    12.3    78.6    35.0    53.7   0.288   0.272   0.285   0.276   0.321    11.6    11.8    11.8    12.1    12.0
23909 20150422  2.422  -91.72   37.63    15.0     2.7     8.9     9.9     0.0    24.49 C    27.6    -0.5    11.3    89.3    21.8    50.8   0.290   0.275   0.285   0.276   0.321    11.8    12.0    12.0    11.9    11.8
23909 20150423  2.422  -91.72   37.63    19.1     2.5    10.8    11.5     0.0    21.58 C    36.3    -0.7    13.7    93.1    20.4    51.1   0.280   0.267   0.279   0.276   0.321    11.8    12.0    11.8    11.7    11.6
23909 20150424  2.422  -91.72   37.63    14.6     6.8    10.7    11.3     0.0     8.93 C    19.8     3.7    11.2    94.8    39.0    64.7   0.272   0.260   0.274   0.275   0.320    11.5    11.7    11.7    11.7    11.6
23909 20150425  2.422  -91.72   37.63    23.6    10.9    17.2    16.7     0.0    14.65 C    33.8    10.8    17.2    95.7    41.7    74.2   0.266   0.256   0.271   0.274   0.320    13.1    13.1    12.5    11.7    11.5
23909 20150426  2.422  -91.72   37.63    16.9     7.4    12.1    10.7     0.0    13.56 C    32.0     1.6    11.8    92.9    35.4    70.7   0.262   0.252   0.267   0.272   0.319    12.6    12.8    12.6    12.1    11.9
23909 20150427  2.422  -91.72   37.63    18.1     3.3    10.7    11.1     0.0    23.12 C    33.0     0.3    12.6    89.2    26.7    51.6   0.256   0.247   0.264   0.270   0.318    12.2    12.3    12.1    11.9    11.7
23909 20150428  2.422  -91.72   37.63    19.5     1.3    10.4    11.2     0.0    23.75 C    36.8    -1.1    12.2    93.6    27.9    59.5   0.249   0.241   0.260   0.268   0.317    12.1    12.3    12.1    11.9    11.8
23909 20150429  2.422  -91.72   37.63    21.9     1.7    11.8    12.7     0.0    23.61 C    38.4    -0.6    13.7    94.5    24.1    58.8   0.242   0.235   0.257   0.264   0.314    12.7    12.8    12.5    12.0    11.8
23909 20150430  2.422  -91.72   37.63    20.9     4.3    12.6    13.4     0.0    27.64 C    36.7     0.7    14.6    92.8    22.0    52.7   0.234   0.230   0.254   0.261   0.290    13.4    13.4    13.0    12.2    12.0
23909 20150501  2.422  -91.72   37.63    21.6    -0.4    10.6    11.4     0.0    28.15 C    38.0    -3.1    14.1    94.0    22.2    58.5   0.226   0.224   0.250   0.259   0.287    13.5    13.6    13.2    12.4    12.2
23909 20150502  2.422  -91.72   37.63    24.6     4.7    14.7    17.1     0.0    25.79 C    38.4     1.3    18.9    89.4    23.0    46.5   0.217   0.220   0.248   0.257   0.282    14.8    14.7    14.0    12.8    12.5
23909 20150503  2.422  -91.72   37.63    26.9    10.3    18.6    20.1     0.0    24.98 C    37.8     7.2    20.4    80.1    34.7    50.2   0.207   0.214   0.246   0.255   0.276    16.2    16.1    15.2    13.4    13.0
23909 20150504  2.422  -91.72   37.63    27.5    14.0    20.7    20.8     0.3    23.35 C    39.7    10.3    21.0    88.4    37.5    61.9   0.198   0.208   0.243   0.255   0.271    17.3    17.1    16.1    14.1    13.6
23909 20150505  2.422  -91.72   37.63    26.6    10.3    18.4    19.1     0.0    19.77 C    37.7     7.3    18.6    94.6    40.5    68.6   0.189   0.202   0.240   0.253   0.266    17.1    17.0    16.3    14.6    14.1
23909 20150506  2.422  -91.72   37.63    27.0    11.9    19.4    20.6     0.0    20.95 C    40.1     7.0    19.9    90.5    35.8    56.8   0.182   0.196   0.237   0.252   0.260    17.1    17.0    16.3    14.8    14.4
23909 20150507  2.422  -91.72   37.63    25.8    14.9    20.4    21.1     0.8    17.06 C    34.0    11.5    20.1    92.2    50.1    62.5   0.175   0.191   0.234   0.250   0.250    17.5    17.4    16.7    15.1    14.6
23909 20150508  2.422  -91.72   37.63    23.2    14.9    19.1    18.7    37.4     8.35 C    29.8    11.8    17.9    95.8    73.9    89.4   0.256   0.248   0.266   0.256   0.254    17.1    17.1    16.5    15.3    14.8
23909 20150509  2.422  -91.72   37.63    23.6    15.8    19.7    18.9     4.8    11.60 C    30.3    14.3    19.5    97.6    65.3    89.1   0.302   0.283   0.286   0.263   0.264    17.4    17.4    16.7    15.4    14.9
23909 20150510  2.422  -91.72   37.63    25.5    17.1    21.3    19.8     2.4    13.86 C    28.8    15.8    19.4    91.7    55.0    78.9   0.294   0.278   0.286   0.266   0.269    17.7    17.7    17.1    15.7    15.1
23909 20150511  2.422  -91.72   37.63    20.8     8.0    14.4    16.2    10.1    20.69 C    27.6     4.2    16.6    92.8    41.4    72.5   0.311   0.293   0.312   0.277   0.309    17.1    17.1    16.8    15.8    15.3
23909 20150512  2.422  -91.72   37.63    19.2     5.3    12.2    12.1     0.0    27.82 C    33.1     2.8    13.7    95.6    35.8    66.1   0.295   0.281   0.299   0.278   0.319    15.5    15.7    15.7    15.4    15.0
23909 20150513  2.422  -91.72   37.63    23.0     2.6    12.8    14.6     0.0    26.26 C    35.5     0.5    16.5    96.5    31.4    59.0   0.282   0.271   0.288   0.278   0.316    15.2    15.4    15.2    15.0    14.8
23909 20150514  2.422  -91.72   37.63    24.2    12.3    18.2    18.0     2.1    20.07 C    32.0    11.8    18.3    87.5    47.3    70.2   0.275   0.265   0.282   0.276   0.312    16.2    16.2    15.8    15.1    14.8
23909 20150515  2.422  -91.72   37.63    26.3    16.3    21.3    20.9     0.6    19.29 C    30.5    13.8    21.1    89.2    56.4    76.8   0.269   0.260   0.278   0.274   0.310    17.6    17.5    16.7    15.4    15.0
23909 20150516  2.422  -91.72   37.63    24.8    19.1    21.9    21.3    15.3    13.93 C    31.2    18.0    21.3    92.3    71.7    84.8   0.285   0.271   0.292   0.275   0.311    18.4    18.3    17.5    16.0    15.4
23909 20150517  2.422  -91.72   37.63    24.7    16.1    20.4    20.1    12.3    14.49 C    28.7    13.4    19.6    94.2    64.6    82.6   0.321   0.309   0.333   0.279   0.315    18.5    18.5    17.9    16.4    15.8
23909 20150518  2.422  -91.72   37.63    27.0    13.7    20.4    20.3     0.0    19.80 C    36.0    11.8    20.7    98.8    50.6    78.8   0.308   0.290   0.321   0.280   0.319    18.9    18.8    18.1    16.6    16.1
23909 20150519  2.422  -91.72   37.63    20.6     9.2    14.9    14.7     0.0    27.76 C    32.2     8.2    17.6    88.1    49.0    67.9   0.293   0.280   0.301   0.280   0.317    17.8    17.9    17.6    16.7    16.2
23909 20150520  2.422  -91.72   37.63    13.3     7.4    10.4    11.0     1.4     4.32 C    15.7     8.0    11.7    94.4    70.7    85.9   0.286   0.274   0.290   0.280   0.315    15.9    16.2    16.4    16.4    16.0
23909 20150521  2.422  -91.72   37.63    16.2     4.2    10.2     9.6     0.0    19.95 C    25.1     2.3    11.3    95.5    44.7    75.4   0.284   0.272   0.286   0.280   0.314    14.6    15.0    15.1    15.6    15.4
23909 20150522  2.422  -91.72   37.63    20.9     2.8    11.8    13.5     0.0    22.81 C    31.3     1.0    14.8    96.0    45.0    68.9   0.276   0.265   0.280   0.277   0.313    14.9    15.1    15.0    15.1    15.0
23909 20150523  2.422  -91.72   37.63    22.1    12.6    17.3    17.7     0.0    18.12 C    29.2     9.9    17.9    83.0    49.6    63.1   0.267   0.257   0.274   0.275   0.313    16.3    16.4    16.0    15.4    15.1
23909 20150524  2.422  -91.72   37.63    26.7    18.4    22.5    21.4     2.9    19.01 C    32.1    16.1    21.2    90.6    57.6    72.7   0.259   0.250   0.270   0.272   0.311    17.7    17.6    16.9    15.7    15.4
23909 20150525  2.422  -91.72   37.63    26.9    18.0    22.4    22.3     2.3    24.31 C    33.6    16.1    22.6    90.4    55.5    74.0   0.255   0.248   0.268   0.270   0.311    19.1    18.9    18.1    16.4    15.9
23909 20150526  2.422  -91.72   37.63    24.3    16.7    20.5    19.5     0.3    19.39 C    29.0    12.7    19.3    92.7    55.1    77.4   0.252   0.246   0.265   0.268   0.310    18.9    18.8    18.3    16.9    16.4
23909 20150527  2.422  -91.72   37.63    27.1    16.2    21.7    21.1    22.0    25.59 C    33.2    14.3    21.4    94.4    50.3    77.1   0.284   0.269   0.290   0.274   0.302    19.5    19.4    18.6    17.1    16.6
23909 20150528  2.422  -91.72   37.63    25.7    14.6    20.1    21.1     0.0    18.38 C    31.5    12.9    21.4    95.7    61.4    81.3   0.278   0.267   0.287   0.275   0.304    19.7    19.7    19.0    17.5    17.0
23909 20150529  2.422  -91.72   37.63    24.7    18.1    21.4    20.9    34.7    15.42 C    27.8    16.8    20.9    95.0    66.3    84.2   0.279   0.269   0.288   0.276   0.303    19.9    19.9    19.2    17.8    17.2
23909 20150530  2.422  -91.72   37.63    22.4    16.3    19.4    18.7    10.9    12.00 C    25.4    16.0    18.9    95.3    72.9    88.7   0.342   0.336   0.371   0.285   0.318    19.4    19.4    19.0    17.9    17.4
23909 20150531  2.422  -91.72   37.63    16.4    12.3    14.3    14.2     0.6     8.07 C    18.7    12.6    15.1    94.4    82.7    89.5   0.330   0.314   0.361   0.285   0.317    18.1    18.3    18.2    17.7    17.4
23909 20150601  2.422  -91.72   37.63    16.2    11.8    14.0    13.7     0.0     6.48 C    22.2    12.1    14.6    93.3    76.8    87.6   0.314   0.301   0.321   0.285   0.316    16.8    17.1    17.1    17.2    17.0
23909 20150602  2.422  -91.72   37.63    18.6    10.7    14.7    15.4     0.0    10.89 C    21.1     8.1    15.6    95.3    69.5    83.1   0.306   0.293   0.310   0.285   0.315    17.0    17.2    17.1    16.9    16.6
23909 20150603  2.422  -91.72   37.63    21.5     9.5    15.5    17.0     0.8    14.07 C    26.0     7.3    17.2    95.8    74.4    88.1   0.300   0.286   0.301   0.284   0.315    17.1    17.3    17.0    16.7    16.5
23909 20150604  2.422  -91.72   37.63    27.1    14.7    20.9    21.2     0.0    17.63 C    31.8    12.8    20.9    96.1    62.0    83.5   0.295   0.283   0.297   0.284   0.314    18.8    18.8    18.1    17.0    16.7
23909 20150605  2.422  -91.72   37.63    27.2    16.3    21.7    21.2    10.3    17.07 C    32.0    14.5    21.1    98.1    60.9    84.5   0.312   0.293   0.317   0.285   0.314    19.8    19.7    19.0    17.6    17.2
23909 20150606  2.422  -91.72   37.63    28.5    16.6    22.5    21.9     0.0    22.03 C    34.4    14.9    22.3    98.1    52.6    84.6   0.300   0.288   0.305   0.285   0.313    20.6    20.4    19.7    18.0    17.6
23909 20150607  2.422  -91.72   37.63    30.6    17.3    24.0    25.0     0.0    27.27 C    35.2    15.6    24.6    95.4    53.2    74.7   0.288   0.277   0.294   0.284   0.309    21.5    21.3    20.4    18.6    18.0
23909 20150608  2.422  -91.72   37.63    27.8    17.0    22.4    22.9    19.5    19.78 C    31.7    15.5    22.4    94.6    48.6    78.4   0.317   0.304   0.324   0.286   0.318    21.6    21.6    20.8    19.1    18.5
23909 20150609  2.422  -91.72   37.63    29.8    14.0    21.9    22.7     0.0    29.21 C    33.8    12.1    22.3    95.2    35.3    70.9   0.305   0.292   0.315   0.287   0.319    21.5    21.5    20.8    19.3    18.7
23909 20150610  2.422  -91.72   37.63    31.7    14.2    22.9    23.7     0.0    28.36 C    36.0    12.9    23.3    95.0    39.1    72.0   0.287   0.277   0.296   0.286   0.316    21.9    21.9    21.1    19.5    19.0
23909 20150611  2.422  -91.72   37.63    30.2    16.0    23.1    24.4     0.0    27.69 C    34.6    14.1    23.9    95.2    47.2    71.1   0.272   0.263   0.284   0.283   0.313    22.2    22.1    21.4    19.8    19.2
23909 20150612  2.422  -91.72   37.63    30.4    19.1    24.7    24.9     7.8    21.69 C    35.1    17.2    24.4    94.8    58.1    77.4   0.260   0.253   0.275   0.280   0.311    22.7    22.6    21.8    20.1    19.5
23909 20150613  2.422  -91.72   37.63    28.9    17.9    23.4    23.6     1.1    23.63 C    32.9    16.2    23.4    94.8    57.3    81.2   0.267   0.258   0.273   0.276   0.310    22.4    22.4    21.8    20.2    19.6
23909 20150614  2.422  -91.72   37.63    28.1    20.7    24.4    23.5     2.8    18.16 C    32.0    19.3    23.3    93.9    63.5    83.9   0.263   0.256   0.270   0.273   0.303    22.5    22.4    21.8    20.4    19.8
23909 20150615  2.422  -91.72   37.63    29.3    20.7    25.0    23.5    25.2    19.63 C    34.2    19.6    23.6    95.0    62.4    84.1   0.273   0.260   0.277   0.271   0.283    22.7    22.6    22.0    20.5    19.9
23909 20150616  2.422  -91.72   37.63    27.9    20.9    24.4    23.7    12.8    17.43 C    32.6    19.8    23.9    95.3    70.6    87.1   0.310   0.294   0.321   0.280   0.314    22.9    22.9    22.2    20.7    20.0
23909 20150617  2.422  -91.72   37.63    25.8    20.8    23.3    22.7     1.2     8.60 C    26.8    19.7    22.3    95.0    78.7    89.3   0.322   0.310   0.332   0.282   0.316    22.4    22.4    22.0    20.8    20.2
23909 20150618  2.422  -91.72   37.63    24.5    19.8    22.2    21.9    31.2     8.52 C    28.2    19.4    21.7    95.1    79.8    89.9   0.340   0.323   0.361   0.288   0.324    21.8    21.8    21.5    20.7    20.2
23909 20150619  2.422  -91.72   37.63    24.8    19.7    22.3    21.7    22.1    10.78 C    27.0    19.3    21.5    94.5    82.5    91.5   0.351   0.335   0.377   0.290   0.326    21.9    21.9    21.4    20.6    20.1
23909 20150620  2.422  -91.72   37.63    31.4    18.2    24.8    24.6     0.0    25.06 C    35.0    17.6    24.9    98.1    64.2    82.6   0.344   0.327   0.375   0.290   0.326    22.7    22.5    21.8    20.6    20.1
23909 20150621  2.422  -91.72   37.63    30.7    19.9    25.3    25.6     0.0    23.09 C    35.5    18.4    25.4    94.9    58.7    77.0   0.322   0.307   0.341   0.289   0.324    23.6    23.5    22.7    21.1    20.5
23909 20150622  2.422  -91.72   37.63    30.7    20.4    25.6    25.9     0.0    25.53 C    34.7    18.4    25.6    93.7    55.3    75.7   0.304   0.293   0.310   0.288   0.323    23.8    23.7    23.0    21.4    20.8
23909 20150623  2.422  -91.72   37.63    27.9    19.7    23.8    24.8     0.0    12.82 C    30.1    18.0    24.3    94.9    72.0    81.5   0.293   0.282   0.298   0.287   0.320    23.7    23.7    23.1    21.6    21.0
23909 20150624  2.422  -91.72   37.63    32.0    18.8    25.4    26.1     0.0    26.05 C    35.7    17.6    26.0    95.3    52.6    76.8   0.283   0.271   0.289   0.284   0.318    24.0    23.8    23.1    21.6    21.1
23909 20150625  2.422  -91.72   37.63    31.6    20.3    25.9    26.7     0.3    26.94 C    36.2    19.6    26.5    93.4    55.5    74.7   0.266   0.257   0.279   0.280   0.316    24.7    24.5    23.7    22.0    21.4
23909 20150626  2.422  -91.72   37.63    25.2    19.3    22.2    21.1     6.4     9.28 C    28.3    18.5    21.0    93.1    69.6    88.0   0.261   0.253   0.273   0.277   0.314    23.2    23.3    23.0    22.1    21.5
23909 20150627  2.422  -91.72   37.63    25.0    15.1    20.0    20.3     0.0    24.75 C    29.0    13.6    20.6    95.2    54.9    78.4   0.264   0.256   0.271   0.274   0.303    22.7    22.7    22.4    21.7    21.2
23909 20150628  2.422  -91.72   37.63    27.6    12.8    20.2    21.2     0.2    25.55 C    33.5    11.7    21.4    95.6    53.6    75.6   0.252   0.246   0.265   0.271   0.282    22.1    22.2    22.0    21.4    21.1
23909 20150629  2.422  -91.72   37.63    27.9    17.5    22.7    22.8     0.0    25.48 C    32.6    16.0    22.6    95.0    53.6    76.3   0.238   0.234   0.257   0.268   0.277    22.8    22.8    22.3    21.4    21.0
23909 20150630  2.422  -91.72   37.63    27.6    17.2    22.4    22.9     0.0    19.15 C    30.2    16.1    22.4    95.0    58.4    77.6   0.224   0.223   0.250   0.264   0.270    22.6    22.6    22.2    21.5    21.0
23909 20150701  2.422  -91.72   37.63    27.3    18.8    23.0    22.1    73.4    13.87 C    31.2    18.5    22.2    95.0    70.9    86.9   0.314   0.297   0.337   0.281   0.307    22.0    22.1    21.9    21.3    21.0
23909 20150702  2.422  -91.72   37.63    25.4    18.1    21.8    21.7     0.0    11.03 C    30.0    17.1    21.5    95.6    73.8    86.3   0.328   0.319   0.362   0.286   0.319    22.1    22.2    21.9    21.2    21.0
23909 20150703  2.422  -91.72   37.63    25.3    16.3    20.8    21.0     0.0    15.92 C    29.4    14.7    21.0    95.3    61.6    82.5   0.315   0.299   0.333   0.287   0.318    22.1    22.1    21.8    21.2    20.9
23909 20150704  2.422  -91.72   37.63    27.7    14.2    20.9    21.1     0.0    24.65 C    31.9    12.8    21.4    95.5    54.9    80.6   0.302   0.290   0.309   0.286   0.318    21.9    22.0    21.7    21.1    20.8
23909 20150705  2.422  -91.72   37.63    28.6    18.7    23.7    23.8     0.0    23.04 C    33.9    16.9    24.4    95.8    60.7    81.1   0.290   0.279   0.297   0.285   0.316    22.8    22.7    22.2    21.2    20.9
23909 20150706  2.422  -91.72   37.63    29.3    21.3    25.3    25.0     0.0    19.22 C    32.3    19.5    24.9    94.5    63.8    81.0   0.277   0.268   0.287   0.282   0.315    23.4    23.3    22.7    21.5    21.1
23909 20150707  2.422  -91.72   37.63    24.9    18.3    21.6    21.2    62.0     5.97 C    26.5    18.1    21.1    95.5    79.1    91.4   0.333   0.322   0.350   0.288   0.323    22.5    22.6    22.4    21.7    21.2
23909 20150708  2.422  -91.72   37.63    28.1    18.5    23.3    22.6    14.2    11.15 C    32.0    18.3    22.5    98.4    67.2    88.6   0.342   0.335   0.368   0.290   0.325    22.2    22.2    21.9    21.4    21.1
23909 20150709  2.422  -91.72   37.63    24.7    18.2    21.4    20.8    28.8    11.01 C    28.2    18.2    21.1    95.3    74.6    89.8   0.340   0.334   0.369   0.291   0.326    22.1    22.2    22.0    21.4    21.1
23909 20150710  2.422  -91.72   37.63    29.7    19.8    24.7    24.2     3.2    20.48 C    32.6    19.3    24.1    95.6    60.2    83.7   0.340   0.333   0.368   0.292   0.326    22.7    22.7    22.2    21.3    21.0
23909 20150711  2.422  -91.72   37.63    31.0    19.8    25.4    25.8     0.0    27.15 C    34.5    18.3    25.5    95.8    53.3    78.0   0.330   0.318   0.356   0.291   0.325    23.8    23.7    23.0    21.6    21.3
23909 20150712  2.422  -91.72   37.63    31.8    19.2    25.5    25.8     0.0    24.73 C    36.2    18.0    25.7    95.6    55.0    78.2   0.311   0.298   0.319   0.290   0.322    24.1    24.0    23.4    22.1    21.6
23909 20150713  2.422  -91.72   37.63    33.3    21.2    27.3    27.8     0.0    27.67 C    37.4    19.5    27.5    94.5    57.4    76.0   0.296   0.286   0.303   0.289   0.320    24.9    24.7    23.9    22.4    21.9
23909 20150714  2.422  -91.72   37.63    31.3    23.1    27.2    27.4     0.0    16.58 C    33.9    21.0    26.5    94.4    63.7    80.3   0.283   0.273   0.292   0.285   0.317    25.3    25.2    24.5    22.8    22.2
23909 20150715  2.422  -91.72   37.63    30.9    20.5    25.7    25.2     0.0    15.11 C    34.6    19.1    24.7    95.7    61.9    82.1   0.274   0.264   0.283   0.283   0.315    24.8    24.8    24.2    22.9    22.3
23909 20150716  2.422  -91.72   37.63    32.0    21.5    26.7    26.2     0.0    26.21 C    36.6    19.7    26.4    92.8    52.1    75.6   0.259   0.251   0.274   0.279   0.313    24.9    24.8    24.3    22.9    22.4
23909 20150717  2.422  -91.72   37.63    31.9    21.6    26.7    26.8     0.0    23.31 C    36.3    19.6    26.5    93.1    61.1    77.6   0.241   0.237   0.264   0.275   0.308    25.1    25.1    24.4    23.1    22.5
23909 20150718  2.422  -91.72   37.63    32.3    21.9    27.1    26.9     0.0    23.83 C    36.1    20.0    26.4    95.0    56.3    76.9   0.225   0.225   0.255   0.270   0.283    25.2    25.2    24.6    23.3    22.7
23909 20150719  2.422  -91.72   37.63    31.8    20.4    26.1    26.3     5.6    20.11 C    36.7    19.1    26.2    95.1    63.2    82.0   0.213   0.215   0.247   0.266   0.276    25.0    25.0    24.4    23.3    22.7
23909 20150720  2.422  -91.72   37.63    30.6    20.5    25.6    24.5    23.9    13.08 C    33.9    19.7    24.1    95.7    67.7    86.4   0.296   0.275   0.278   0.269   0.296    24.6    24.6    24.2    23.3    22.7
23909 20150721  2.422  -91.72   37.63    26.7    20.1    23.4    22.9     0.0    23.63 C    30.5    18.5    22.9    96.2    54.8    78.1   0.285   0.274   0.281   0.270   0.307    24.1    24.3    23.9    23.1    22.7
23909 20150722  2.422  -91.72   37.63    26.5    19.0    22.8    21.7     8.5    10.68 C    31.5    18.2    21.9    94.9    67.4    88.1   0.287   0.272   0.278   0.268   0.306    23.4    23.6    23.4    22.9    22.5
23909 20150723  2.422  -91.72   37.63    29.9    21.6    25.7    25.2     0.7    22.55 C    33.8    20.5    25.6    99.2    63.2    83.9   0.294   0.281   0.283   0.267   0.305    24.2    24.1    23.6    22.7    22.4
23909 20150724  2.422  -91.72   37.63    32.1    20.9    26.5    25.2     0.0    19.66 C    35.9    19.4    25.4    98.5    61.0    84.8   0.279   0.268   0.277   0.267   0.306    24.6    24.6    24.1    22.9    22.5
23909 20150725  2.422  -91.72   37.63    31.5    19.8    25.6    25.3     0.0    23.25 C    35.2    18.6    25.5    95.4    57.6    80.2   0.262   0.255   0.269   0.264   0.293    24.7    24.7    24.2    23.1    22.6
23909 20150726  2.422  -91.72   37.63    31.4    21.8    26.6    25.1    20.2    17.14 C    36.4    19.8    25.1    95.5    67.3    85.1   0.278   0.263   0.274   0.267   0.289    24.7    24.7    24.3    23.2    22.7
23909 20150727  2.422  -91.72   37.63    33.5    22.7    28.1    27.8     0.0    24.26 C    36.5    21.0    27.4    96.0    51.9    78.6   0.289   0.275   0.286   0.275   0.308    25.2    25.1    24.5    23.3    22.8
23909 20150728  2.422  -91.72   37.63    33.3    21.7    27.5    27.5     0.0    24.44 C    36.8    20.4    27.3    95.5    54.9    78.4   0.267   0.260   0.275   0.271   0.306    25.7    25.6    25.0    23.6    23.0
23909 20150729  2.422  -91.72   37.63    30.9    18.4    24.6    25.8     0.0    23.50 C    33.0    16.1    25.2    95.3    58.8    76.3   0.249   0.244   0.265   0.267   0.304    25.3    25.3    24.9    23.7    23.2
23909 20150730  2.422  -91.72   37.63    29.4    14.9    22.1    21.9     0.0    24.91 C    32.8    13.3    21.4    95.4    40.8    74.1   0.232   0.228   0.254   0.262   0.290    23.7    23.9    23.9    23.5    23.0
23909 20150731  2.422  -91.72   37.63    30.5    13.4    22.0    22.4     0.0    27.47 C    32.8    12.1    21.8    95.5    35.0    73.0   0.214   0.212   0.242   0.257   0.270    22.9    23.1    23.1    22.9    22.7
23909 20150801  2.422  -91.72   37.63    30.9    14.7    22.8    22.6     0.0    23.35 C    34.3    13.4    22.3    95.5    49.5    80.2   0.198   0.199   0.232   0.253   0.259    23.0    23.1    23.0    22.7    22.4
23909 20150802  2.422  -91.72   37.63    31.8    17.1    24.5    24.8     0.0    25.85 C    34.7    15.9    24.3    95.6    46.3    74.9   0.184   0.187   0.223   0.249   0.250    23.5    23.5    23.2    22.6    22.3
23909 20150803  2.422  -91.72   37.63    31.4    17.6    24.5    25.2     0.0    24.54 C    34.2    16.3    24.4    95.6    50.9    74.4   0.169   0.174   0.211   0.245   0.242    23.9    23.9    23.5    22.7    22.4
23909 20150804  2.422  -91.72   37.63    31.6    18.6    25.1    24.2     0.0    17.75 C    34.9    17.3    23.8    95.5    50.8    78.7   0.157   0.168   0.202   0.240   0.233    23.9    23.9    23.5    22.8    22.5
23909 20150805  2.422  -91.72   37.63    24.7    19.7    22.2    21.2    32.7     6.81 C    28.4    18.7    21.1    95.8    82.8    92.2   0.229   0.209   0.227   0.237   0.228    23.0    23.1    23.0    22.8    22.4
23909 20150806  2.422  -91.72   37.63    27.9    18.8    23.3    22.7     0.0    19.81 C    30.8    17.4    22.6    95.4    61.8    83.7   0.287   0.262   0.256   0.236   0.226    23.1    23.2    22.9    22.4    22.2
23909 20150807  2.422  -91.72   37.63    29.3    17.4    23.3    23.4     0.2    17.35 C    32.7    16.0    23.3    96.2    68.7    85.8   0.266   0.248   0.249   0.236   0.224    23.1    23.2    22.9    22.4    22.2
23909 20150808  2.422  -91.72   37.63    29.4    19.2    24.3    24.0     0.0    14.13 C    33.0    18.3    23.8    98.4    65.8    88.0   0.253   0.238   0.244   0.236   0.223    23.4    23.4    23.1    22.5    22.2
23909 20150809  2.422  -91.72   37.63    33.0    21.8    27.4    27.2     0.0    22.26 C    36.1    20.7    27.0    92.8    58.9    79.4   0.238   0.226   0.237   0.234   0.221    24.3    24.2    23.6    22.6    22.3
23909 20150810  2.422  -91.72   37.63    29.4    20.9    25.2    24.0    66.1    17.53 C    31.7    20.0    23.7    95.2    63.9    85.2   0.316   0.307   0.346   0.275   0.302    23.9    24.0    23.7    22.9    22.5
23909 20150811  2.422  -91.72   37.63    27.1    16.1    21.6    22.6     0.0    24.83 C    31.2    14.4    22.3    95.4    48.6    77.2   0.307   0.287   0.326   0.278   0.307    23.5    23.7    23.5    22.8    22.5
23909 20150812  2.422  -91.72   37.63    27.5    13.3    20.4    20.5     0.0    24.88 C    31.8    11.9    20.3    95.7    46.8    76.7   0.289   0.273   0.298   0.278   0.304    22.2    22.5    22.5    22.5    22.3
23909 20150813  2.422  -91.72   37.63    28.3    13.9    21.1    21.1     0.0    24.17 C    33.0    12.5    21.0    95.7    44.7    76.9   0.273   0.260   0.284   0.272   0.302    22.0    22.2    22.2    22.2    22.0
23909 20150814  2.422  -91.72   37.63    28.9    14.8    21.8    21.6     0.0    21.82 C    33.0    13.6    21.4    95.6    50.9    79.0   0.258   0.247   0.273   0.268   0.301    22.0    22.2    22.1    22.0    21.9
23909 20150815  2.422  -91.72   37.63    29.7    13.8    21.7    21.6     0.0    24.27 C    33.4    12.4    21.6    95.8    42.3    76.6   0.244   0.236   0.263   0.264   0.300    22.0    22.2    22.1    21.9    21.8
23909 20150816  2.422  -91.72   37.63    30.2    15.5    22.9    22.6     0.0    23.57 C    34.7    14.5    23.0    99.4    53.7    81.2   0.231   0.224   0.254   0.258   0.279    22.4    22.5    22.2    21.9    21.7
23909 20150817  2.422  -91.72   37.63    30.7    17.6    24.2    23.4     0.0    19.04 C    36.1    15.8    23.3    95.9    54.4    82.1   0.220   0.215   0.247   0.255   0.265    22.7    22.7    22.5    22.0    21.8
23909 20150818  2.422  -91.72   37.63    30.1    19.4    24.8    23.6     2.7    16.25 C    35.3    17.5    23.3    95.1    59.7    83.6   0.213   0.208   0.241   0.252   0.258    23.0    23.1    22.7    22.1    21.9
23909 20150819  2.422  -91.72   37.63    23.7    11.2    17.5    16.9     9.5     5.56 C    22.0     9.3    16.3    95.6    75.7    86.7   0.234   0.218   0.240   0.250   0.253    21.6    21.9    22.1    22.0    21.9
23909 20150820  2.422  -91.72   37.63    25.6     9.5    17.6    17.7     0.0    25.16 C    29.2     7.9    17.3    96.1    39.5    74.0   0.245   0.226   0.240   0.247   0.247    20.0    20.3    20.6    21.3    21.3
23909 20150821  2.422  -91.72   37.63    25.2    10.2    17.7    18.7     0.0    21.94 C    29.2     8.8    18.6    95.7    50.1    74.6   0.233   0.221   0.237   0.245   0.241    20.0    20.3    20.4    20.9    21.0
23909 20150822  2.422  -91.72   37.63    26.0    17.4    21.7    21.2    17.7    10.61 C    29.5    15.0    20.8    94.2    74.4    84.5   0.261   0.239   0.251   0.242   0.237    20.8    20.9    20.8    20.9    20.8
23909 20150823  2.422  -91.72   37.63    24.9    12.1    18.5    20.2     0.8    16.53 C    27.5    10.7    19.5    95.4    51.5    80.0   0.287   0.264   0.264   0.243   0.235    21.1    21.3    21.2    21.0    20.9
23909 20150824  2.422  -91.72   37.63    24.5    10.1    17.3    16.9     0.0    24.77 C    27.8     8.4    16.4    95.4    36.3    70.5   0.268   0.254   0.258   0.243   0.234    19.7    20.1    20.3    20.7    20.7
23909 20150825  2.422  -91.72   37.63    25.6     8.6    17.1    17.1     0.0    24.39 C    29.0     7.2    16.7    95.7    46.2    75.3   0.252   0.243   0.252   0.241   0.232    19.1    19.4    19.7    20.3    20.4
23909 20150826  2.422  -91.72   37.63    25.3     9.0    17.1    16.9     0.0    24.04 C    29.3     7.6    16.8    95.6    38.2    74.7   0.238   0.232   0.245   0.240   0.230    19.0    19.3    19.5    20.1    20.1
23909 20150827  2.422  -91.72   37.63    25.2     8.9    17.1    17.0     0.0    19.61 C    29.4     7.6    17.1    95.6    51.8    79.8   0.226   0.222   0.239   0.239   0.228    18.9    19.1    19.3    19.8    19.9
23909 20150828  2.422  -91.72   37.63    26.9    11.3    19.1    19.0     0.0    17.51 C    31.6    10.5    18.8    95.7    52.2    78.5   0.217   0.214   0.234   0.238   0.228    19.2    19.5    19.5    19.7    19.8
23909 20150829  2.422  -91.72   37.63    27.0    17.7    22.3    21.1     1.1    14.02 C    31.0    16.0    20.7    94.1    65.5    81.0   0.211   0.209   0.231   0.236   0.227    20.3    20.4    20.1    19.9    19.9
23909 20150830  2.422  -91.72   37.63    29.8    16.9    23.3    23.0     0.0    18.61 C    34.2    15.5    22.8    96.0    56.4    81.4   0.205   0.203   0.227   0.235   0.225    21.1    21.1    20.8    20.2    20.1
23909 20150831  2.422  -91.72   37.63    31.3    18.0    24.7    24.4     0.0    20.05 C    35.4    16.8    24.0    96.6    52.8    79.6   0.195   0.194   0.220   0.233   0.224    21.8    21.8    21.4    20.6    20.3
23909 20150901  2.422  -91.72   37.63    31.0    18.2    24.6    24.2     0.0    19.31 C    35.4    16.4    23.6    95.7    51.9    79.4   0.185   0.185   0.214   0.231   0.222    22.1    22.1    21.7    20.9    20.6
23909 20150902  2.422  -91.72   37.63    31.2    17.1    24.1    23.8     0.0    21.27 C    35.4    15.2    23.3    96.2    45.8    77.7   0.173   0.176   0.206   0.229   0.221    22.1    22.1    21.8    21.1    20.7
23909 20150903  2.422  -91.72   37.63    31.8    15.7    23.7    23.8     0.0    19.60 C    35.8    14.6    23.3    96.7    47.6    79.2   0.163   0.166   0.198   0.226   0.218    22.1    22.1    21.8    21.1    20.8
23909 20150904  2.422  -91.72   37.63    31.9    16.6    24.2    23.9     0.0    19.30 C    36.2    15.4    23.5    96.6    49.6    80.2   0.154   0.158   0.191   0.224   0.216    22.2    22.2    21.9    21.2    21.0
23909 20150905  2.422  -91.72   37.63    32.0    16.6    24.3    24.0     0.0    18.54 C    36.6    15.3    23.6    96.1    49.3    79.6   0.146   0.149   0.184   0.221   0.213    22.2    22.3    21.9    21.3    21.0
23909 20150906  2.422  -91.72   37.63    32.6    17.2    24.9    24.4     0.0    19.96 C    36.8    15.5    23.9    96.1    46.6    76.8   0.137   0.142   0.177   0.218   0.211    22.4    22.4    22.1    21.4    21.1
23909 20150907  2.422  -91.72   37.63    32.1    18.3    25.2    24.3     0.0    13.75 C    36.4    16.6    23.5    94.7    55.9    80.1   0.131   0.136   0.171   0.216   0.209    22.4    22.5    22.1    21.5    21.2
23909 20150908  2.422  -91.72   37.63    28.2    20.3    24.2    22.9    31.2     6.20 C    29.7    19.5    22.2    95.8    66.3    86.4   0.209   0.182   0.212   0.217   0.212    22.3    22.3    22.1    21.5    21.2
23909 20150909  2.422  -91.72   37.63    27.5    16.6    22.0    21.8     1.5    13.49 C    30.9    15.4    21.5    95.8    54.8    84.2   0.260   0.234   0.233   0.224   0.216    22.0    22.1    21.9    21.5    21.2
23909 20150910  2.422  -91.72   37.63    29.4    15.3    22.3    21.5     4.8    18.19 C    32.6    14.4    21.2    95.9    45.3    81.5   0.261   0.238   0.230   0.223   0.214    21.5    21.7    21.6    21.3    21.1
23909 20150911  2.422  -91.72   37.63    23.8    11.3    17.5    17.8     2.4    13.81 C    27.3     9.8    17.3    94.8    44.1    76.9   0.259   0.238   0.228   0.221   0.211    20.7    21.1    21.1    21.2    21.0
23909 20150912  2.422  -91.72   37.63    20.0     6.1    13.1    12.9     0.0    19.93 C    24.4     4.7    12.6    95.8    38.8    70.7   0.247   0.231   0.224   0.220   0.209    18.5    19.0    19.6    20.5    20.6
23909 20150913  2.422  -91.72   37.63    22.8     3.7    13.3    13.6     0.0    21.85 C    27.9     2.4    13.8    96.4    33.5    69.3   0.234   0.221   0.220   0.219   0.206    17.2    17.7    18.2    19.7    19.9
23909 20150914  2.422  -91.72   37.63    26.7    12.2    19.4    18.6     0.0    17.88 C    30.1    10.3    18.1    79.1    43.7    62.9   0.222   0.212   0.216   0.217   0.204    18.4    18.6    18.7    19.3    19.5
23909 20150915  2.422  -91.72   37.63    27.2    13.6    20.4    19.7     0.0    21.13 C    31.2    11.5    18.8    80.9    36.6    61.4   0.210   0.204   0.211   0.216   0.202    19.1    19.3    19.2    19.4    19.5
23909 20150916  2.422  -91.72   37.63    28.4    15.0    21.7    21.4     0.0    16.72 C    31.9    12.5    20.7    83.4    48.6    70.3   0.199   0.195   0.207   0.215   0.201    19.5    19.6    19.5    19.5    19.5
23909 20150917  2.422  -91.72   37.63    31.5    18.4    24.9    24.3     0.0    20.21 C    35.1    16.6    23.8    84.1    47.3    68.8   0.189   0.188   0.203   0.214   0.199    20.8    20.8    20.4    19.8    19.7
23909 20150918  2.422  -91.72   37.63    30.5    19.0    24.7    24.4     0.7    15.15 C    33.2    16.8    23.6    91.7    51.2    73.6   0.178   0.179   0.198   0.213   0.197    21.5    21.5    21.0    20.3    20.0
23909 20150919  2.422  -91.72   37.63    23.1     8.9    16.0    17.4     1.1    19.54 C    26.7     7.8    17.2    95.3    41.6    74.7   0.170   0.172   0.194   0.213   0.196    20.5    20.8    20.8    20.5    20.3
23909 20150920  2.422  -91.72   37.63    20.1     7.2    13.6    13.1     0.0    10.02 C    22.3     6.3    12.8    95.8    61.5    84.2   0.165   0.163   0.190   0.212   0.194    17.9    18.4    18.9    19.9    19.9
23909 20150921  2.422  -91.72   37.63    25.9     6.0    15.9    15.6     0.0    19.81 C    30.4     5.0    15.5    96.0    38.8    75.3   0.159   0.156   0.187   0.210   0.193    17.5    17.8    18.2    19.2    19.3
23909 20150922  2.422  -91.72   37.63    28.1     9.9    19.0    18.6     0.0    18.13 C    32.1     8.7    18.3    95.4    41.9    75.1   0.153   0.151   0.184   0.209   0.191    18.2    18.4    18.5    19.0    19.1
23909 20150923  2.422  -91.72   37.63    28.8     9.9    19.3    18.8     0.0    19.78 C    33.2     8.7    18.4    96.1    31.1    71.4   0.147   0.146   0.181   0.208   0.189    18.6    18.8    18.8    19.1    19.1
23909 20150924  2.422  -91.72   37.63    29.4     9.1    19.2    18.1     0.0    17.55 C    33.6     8.1    17.5    95.6    32.7    73.1   0.140   0.139   0.177   0.206   0.187    18.5    18.7    18.8    19.1    19.1
23909 20150925  2.422  -91.72   37.63    28.1     8.5    18.3    17.8     0.0    19.28 C    33.2     7.3    17.2    95.5    28.9    69.8   0.135   0.134   0.173   0.204   0.186    18.2    18.4    18.6    18.9    19.0
23909 20150926  2.422  -91.72   37.63    23.7     7.8    15.7    16.5     0.0    12.84 C    30.6     6.7    16.6    95.3    57.5    80.2   0.131   0.129   0.171   0.203   0.184    17.9    18.2    18.3    18.8    18.9
23909 20150927  2.422  -91.72   37.63    24.5    14.1    19.3    18.6     0.5     6.42 C    26.7    12.6    18.2    97.1    65.9    88.3   0.129   0.128   0.170   0.202   0.183    18.8    18.9    18.8    18.8    18.9
23909 20150928  2.422  -91.72   37.63    27.6    13.5    20.6    19.3     0.0    10.70 C    32.6    12.8    19.4    99.2    47.5    86.1   0.128   0.128   0.168   0.202   0.183    18.9    19.0    18.9    18.9    18.9
23909 20150929  2.422  -91.72   37.63    27.1    16.6    21.9    20.9     0.0    10.45 C    29.4    14.8    20.6    95.9    48.3    78.2   0.126   0.126   0.167   0.201   0.182    19.6    19.7    19.4    19.1    19.1
23909 20150930  2.422  -91.72   37.63    21.4     8.2    14.8    15.4     0.0     9.80 C    25.7     4.6    14.9    92.8    43.9    74.7   0.123   0.123   0.165   0.200   0.180    18.7    19.0    19.1    19.2    19.1
23909 20151001  2.422  -91.72   37.63    19.7     6.0    12.9    12.4     0.0    18.88 C    24.5     4.0    12.0    90.5    40.0    65.8   0.119   0.120   0.161   0.198   0.178    16.7    17.2    17.7    18.7    18.8
23909 20151002  2.422  -91.72   37.63    17.1     5.7    11.4    11.4     0.0    11.90 C    20.9     4.1    11.1    90.3    56.8    70.9   0.116   0.118   0.159   0.197   0.177    15.9    16.4    16.9    18.2    18.4
23909 20151003  2.422  -91.72   37.63    16.4     5.3    10.8    10.8     0.0    12.14 C    20.5     3.3    10.8    84.2    52.1    67.4   0.115   0.116   0.157   0.195   0.176    15.6    16.1    16.6    17.7    18.0
23909 20151004  2.422  -91.72   37.63    14.1     8.5    11.3    11.2     0.0     5.48 C    16.0     7.2    11.6    91.4    71.9    81.4   0.114   0.115   0.157   0.195   0.175    15.5    15.9    16.3    17.4    17.8
23909 20151005  2.422  -91.72   37.63    19.9    10.2    15.1    14.1     0.0     9.36 C    22.8     9.3    14.3    95.5    65.3    85.6   0.112   0.114   0.155   0.194   0.174    16.2    16.5    16.6    17.3    17.6
23909 20151006  2.422  -91.72   37.63    23.3    10.6    16.9    17.4     0.0     8.86 C    25.8     9.4    17.0    96.1    58.3    80.6   0.111   0.113   0.154   0.193   0.173    17.0    17.2    17.2    17.4    17.6
23909 20151007  2.422  -91.72   37.63    22.9    11.0    16.9    16.6     0.0     6.84 C    25.9     9.4    16.1    96.5    54.6    82.3   0.110   0.112   0.154   0.192   0.172    17.4    17.6    17.6    17.7    17.8
23909 20151008  2.422  -91.72   37.63    28.7     9.0    18.9    18.1     0.0    15.04 C    33.7     7.6    17.5    96.6    39.2    77.3   0.108   0.111   0.153   0.191   0.171    17.3    17.5    17.5    17.7    17.8
23909 20151009  2.422  -91.72   37.63    19.2    11.7    15.4    15.0     5.3     4.11 C    17.5    10.6    14.4    94.2    66.2    81.2   0.108   0.112   0.151   0.191   0.170    17.1    17.4    17.5    17.9    17.9
23909 20151010  2.422  -91.72   37.63    21.6     4.4    13.0    12.2     0.0    17.32 C    25.2     3.1    11.9    96.1    37.1    73.4   0.109   0.111   0.150   0.191   0.170    15.7    16.2    16.7    17.5    17.7
23909 20151011  2.422  -91.72   37.63    27.7     3.6    15.7    16.6     0.0    15.22 C    31.1     2.4    15.6    95.7    35.0    67.4   0.109   0.111   0.149   0.189   0.168    15.4    15.8    16.1    17.1    17.3
23909 20151012  2.422  -91.72   37.63    27.1    12.2    19.6    19.3     0.0    14.87 C    29.4    10.0    17.1    87.1    17.5    49.4   0.109   0.110   0.150   0.188   0.167    16.6    16.9    16.9    17.2    17.3
23909 20151013  2.422  -91.72   37.63    23.5     3.8    13.7    13.8     0.0    16.87 C    26.8     2.5    12.3    92.6    19.2    48.4   0.107   0.110   0.148   0.188   0.167    15.5    16.0    16.4    17.1    17.3
23909 20151014  2.422  -91.72   37.63    25.6     2.5    14.0    13.7     0.0    16.25 C    28.3     1.8    12.3    94.6    16.8    57.4   0.106   0.109   0.147   0.186   0.166    14.8    15.3    15.7    16.8    17.0
23909 20151015  2.422  -91.72   37.63    28.1     2.3    15.2    15.1     0.6    13.64 C    32.2     1.4    14.3    95.3    23.0    58.1   0.104   0.108   0.145   0.185   0.165    14.9    15.3    15.6    16.5    16.8
23909 20151016  2.422  -91.72   37.63    18.4    -0.9     8.8    10.8     0.0    16.49 C    21.4    -2.5     9.6    92.0    18.1    45.8   0.103   0.106   0.145   0.184   0.164    14.7    15.2    15.6    16.5    16.7
23909 20151017  2.422  -91.72   37.63    16.3    -2.0     7.1     6.5     0.0    15.62 C    21.4    -3.1     6.2    93.7    18.8    54.9   0.101   0.105   0.142   0.183   0.162    12.8    13.4    14.2    16.0    16.3
23909 20151018  2.422  -91.72   37.63    19.0    -1.8     8.6     9.0     0.0    14.95 C    23.4    -2.9     8.7    93.5    20.9    52.7   0.100   0.103   0.141   0.181   0.162    12.5    13.0    13.7    15.4    15.9
23909 20151019  2.422  -91.72   37.63    25.0     7.9    16.5    15.3     0.0    14.86 C    28.0     5.8    14.4    48.4    20.7    35.3   0.099   0.103   0.142   0.181   0.161    13.8    14.1    14.3    15.3    15.7
23909 20151020  2.422  -91.72   37.63    27.5    10.3    18.9    17.9     0.0    14.95 C    31.3     6.6    17.1    60.8    20.6    39.9   0.099   0.103   0.142   0.179   0.159    14.9    15.1    15.1    15.6    15.8
23909 20151021  2.422  -91.72   37.63    28.6     9.7    19.1    18.3     0.0    13.21 C    32.8     6.6    17.1    90.1    35.6    61.0   0.098   0.102   0.142   0.179   0.159    15.9    16.0    15.9    15.9    16.0
23909 20151022  2.422  -91.72   37.63    28.3     8.7    18.5    18.4     0.0    12.85 C    33.1     7.4    17.3    95.6    31.2    63.8   0.097   0.102   0.141   0.179   0.158    16.3    16.4    16.2    16.2    16.3
23909 20151023  2.422  -91.72   37.63    20.0    13.5    16.7    17.2     3.5     2.01 C    19.8    12.9    16.4    93.1    64.1    88.4   0.096   0.102   0.141   0.179   0.158    16.4    16.6    16.5    16.4    16.4
23909 20151024  2.422  -91.72   37.63    18.6     9.8    14.2    15.4     0.0     6.06 C    19.8     8.4    14.9    92.9    55.1    76.4   0.097   0.102   0.141   0.179   0.158    16.6    16.8    16.7    16.6    16.6
23909 20151025  2.422  -91.72   37.63    17.8     4.7    11.2    11.2     0.0    10.76 C    24.9     2.3    10.8    88.4    33.0    62.1   0.096   0.102   0.140   0.178   0.159    14.9    15.3    15.7    16.4    16.5
23909 20151026  2.422  -91.72   37.63    20.9    -0.2    10.3    11.6     0.0    10.40 C    29.0    -1.7    11.6    95.1    40.0    68.1   0.097   0.101   0.139   0.178   0.158    13.9    14.2    14.7    15.9    16.1
23909 20151027  2.422  -91.72   37.63    15.6    12.9    14.2    14.1    17.6     1.92 C    15.7    12.5    13.8    95.6    77.7    92.5   0.110   0.110   0.159   0.177   0.157    15.0    15.2    15.3    15.8    15.9
23909 20151028  2.422  -91.72   37.63    15.6     3.0     9.3    12.1     0.2     4.46 C    16.1     1.8    11.1    95.2    58.0    82.1   0.162   0.134   0.171   0.179   0.157    14.9    15.2    15.4    15.9    16.0
23909 20151029  2.422  -91.72   37.63    13.7    -1.6     6.1     5.9     0.0    14.14 C    17.3    -2.2     5.4    95.9    24.1    64.9   0.173   0.140   0.168   0.177   0.158    12.6    13.1    13.8    15.5    15.7
23909 20151030  2.422  -91.72   37.63    13.7    -3.5     5.1     6.7     2.9     8.13 C    16.0    -4.2     6.5    94.5    41.7    70.2   0.173   0.144   0.166   0.177   0.157    11.2    11.7    12.5    14.6    15.1
23909 20151031  2.422  -91.72   37.63    15.5     7.9    11.7    11.9     7.6     1.77 C    15.3     7.0    11.1    95.7    83.3    90.6   0.215   0.177   0.214   0.177   0.158    12.3    12.7    13.0    14.3    14.8
23909 20151101  2.422  -91.72   37.63    23.8     2.1    12.9    11.9     0.0    13.44 C    29.2     1.1    11.6   100.0    21.3    71.0   0.229   0.205   0.208   0.178   0.158    13.1    13.3    13.5    14.4    14.7
23909 20151102  2.422  -91.72   37.63    22.8     0.6    11.7    11.5     0.0    11.44 C    29.0    -0.1    11.2   100.0    34.3    79.8   0.223   0.204   0.203   0.178   0.158    12.8    13.1    13.4    14.4    14.7
23909 20151103  2.422  -91.72   37.63    23.6     8.3    15.9    13.8     0.0    11.48 C    28.0     6.8    13.7    99.8    42.4    81.6   0.217   0.202   0.201   0.178   0.157    13.6    13.8    13.8    14.4    14.7
23909 20151104  2.422  -91.72   37.63    21.1    12.9    17.0    17.0     0.0     4.95 C    22.2    12.5    16.6    95.8    55.4    75.2   0.213   0.200   0.200   0.179   0.157    14.5    14.7    14.6    14.7    14.9
23909 20151105  2.422  -91.72   37.63    18.4    12.4    15.4    16.6    54.1     0.88 C    17.4    10.9    15.7    93.7    68.1    86.8   0.264   0.256   0.261   0.221   0.179    15.1    15.1    15.1    15.1    15.2
23909 20151106  2.422  -91.72   37.63    17.9     3.5    10.7    10.8     0.0    11.77 C    20.4     2.4    10.8    94.5    34.4    70.8   0.296   0.286   0.298   0.258   0.232    14.8    15.1    15.2    15.4    15.3
23909 20151107  2.422  -91.72   37.63    15.1    -2.0     6.5     5.6     0.0    11.00 C    19.5    -3.0     5.5    96.1    30.8    71.5   0.281   0.268   0.284   0.257   0.250    12.5    13.0    13.5    14.8    15.1
23909 20151108  2.422  -91.72   37.63    14.6    -4.4     5.1     3.6     0.0    13.09 C    22.4    -5.1     4.2    94.7    25.9    68.6   0.273   0.261   0.279   0.257   0.251    10.9    11.4    12.2    14.0    14.4
23909 20151109  2.422  -91.72   37.63    15.6    -4.6     5.5     4.0     0.0    12.67 C    23.6    -5.3     4.3    93.5    27.2    68.4   0.268   0.257   0.275   0.256   0.249    10.1    10.6    11.3    13.3    13.8
23909 20151110  2.422  -91.72   37.63    21.7    -3.6     9.0     9.7     0.0    12.35 C    24.9    -4.2     9.4    93.6    23.1    58.0   0.266   0.254   0.273   0.256   0.247    10.1    10.5    11.1    12.8    13.3
23909 20151111  2.422  -91.72   37.63    18.4     8.3    13.4    14.5     0.5     2.35 C    19.7     6.9    13.5    91.8    31.1    75.7   0.266   0.253   0.272   0.256   0.244    12.0    12.2    12.2    12.9    13.3
23909 20151112  2.422  -91.72   37.63    15.1    -1.9     6.6     7.7     0.0    11.80 C    17.9    -3.2     7.0    89.2    27.3    56.2   0.263   0.251   0.270   0.257   0.242    11.3    11.7    12.2    13.1    13.4
23909 20151113  2.422  -91.72   37.63    15.5    -4.6     5.4     4.2     0.0    12.17 C    19.5    -5.5     3.6    92.9    18.9    62.2   0.259   0.247   0.268   0.255   0.240     9.7    10.3    11.0    12.7    13.1
23909 20151114  2.422  -91.72   37.63    20.4    -3.2     8.6     8.3     0.0    11.86 C    22.8    -3.9     6.8    91.5    18.3    54.1   0.258   0.245   0.265   0.255   0.238     9.4     9.9    10.5    12.2    12.7
23909 20151115  2.422  -91.72   37.63    15.9    -1.3     7.3     9.1     0.0     4.88 C    18.5    -2.5     7.5    90.2    30.9    52.1   0.258   0.243   0.264   0.255   0.236     9.5     9.9    10.4    11.9    12.4
23909 20151116  2.422  -91.72   37.63    13.0     7.4    10.2    10.0    32.5     1.67 C    12.2     6.6     9.3    95.0    47.3    88.9   0.303   0.296   0.332   0.267   0.269    10.1    10.4    10.7    11.8    12.3
23909 20151117  2.422  -91.72   37.63    18.9    13.0    16.0    16.6    95.7     0.22 C    17.9    12.1    15.6    94.5    76.4    91.3   0.343   0.324   0.366   0.275   0.302    12.7    12.6    12.2    12.2    12.5
23909 20151118  2.422  -91.72   37.63    14.1     6.4    10.2    10.5     0.0     8.61 C    16.2     3.9     9.5    83.7    45.6    64.2   0.341   0.327   0.367   0.274   0.302    12.4    12.7    12.8    13.0    13.0
23909 20151119  2.422  -91.72   37.63    12.4    -3.2     4.6     6.1     0.0     9.90 C    16.6    -4.1     5.4    92.7    17.4    56.7   0.331   0.314   0.366   0.276   0.303    10.6    11.1    11.6    12.7    13.0
23909 20151120  2.422  -91.72   37.63    13.7    -4.5     4.6     5.4     2.2    10.75 C    15.9    -5.3     5.0    93.8    17.5    54.7   0.318   0.302   0.354   0.275   0.303     8.8     9.3    10.1    12.0    12.5
23909 20151121  2.422  -91.72   37.63     7.8    -7.7     0.1     1.2     6.9     3.96 C     6.1    -8.9     0.5    92.8    49.3    76.3   0.333   0.324   0.361   0.277   0.302     8.5     9.0     9.8    11.4    12.0
23909 20151122  2.422  -91.72   37.63     6.9    -8.9    -1.0    -1.0     0.0     9.64 C    10.4    -9.5    -1.4    91.8    27.8    60.1   0.329   0.322   0.360   0.277   0.303     6.5     7.2     8.2    10.7    11.4
23909 20151123  2.422  -91.72   37.63    17.2    -1.4     7.9     6.0     0.0    10.77 C    21.0    -3.1     4.8    87.5    21.6    54.3   0.321   0.306   0.355   0.277   0.303     7.0     7.5     8.1    10.0    10.8
23909 20151124  2.422  -91.72   37.63    17.9    -2.9     7.5     7.4     0.0     9.44 C    20.7    -3.8     6.2    91.2    18.6    54.3   0.314   0.301   0.336   0.277   0.303     7.4     7.8     8.3     9.9    10.6
23909 20151125  2.422  -91.72   37.63    12.4     7.9    10.2    10.3     0.0     3.49 C    14.3     5.8     9.5    74.4    43.3    59.8   0.308   0.296   0.326   0.277   0.303     8.4     8.7     9.0    10.0    10.5
23909 20151126  2.422  -91.72   37.63    19.4    12.4    15.9    15.8     0.0     5.68 C    21.8    11.1    15.1    79.0    60.2    73.1   0.303   0.291   0.322   0.277   0.304    10.5    10.6    10.3    10.5    10.8
23909 20151127  2.422  -91.72   37.63    18.1     3.2    10.6     8.0    42.8     0.94 C    17.0     3.6     8.2    95.2    71.4    90.3   0.341   0.316   0.355   0.280   0.306    11.1    11.3    11.3    11.3    11.4
23909 20151128  2.422  -91.72   37.63     3.3     1.9     2.6     2.3     3.2     0.75 C     3.9     2.4     3.1    96.5    92.3    94.4   0.356   0.326   0.364   0.280   0.307     9.0     9.4     9.9    11.1    11.4
23909 20151129  2.422  -91.72   37.63     3.4     2.2     2.8     2.7     7.6     0.57 C     4.9     2.8     3.5    96.5    93.8    95.5   0.355   0.328   0.365   0.280   0.307     8.3     8.6     9.2    10.6    11.1
23909 20151130  2.422  -91.72   37.63     8.8     3.2     6.0     6.3     0.8     2.11 C     9.1     3.2     6.4    96.0    87.3    94.3   0.360   0.330   0.365   0.280   0.308     8.5     8.8     9.2    10.3    10.8
23909 20151201  2.422  -91.72   37.63    10.1    -2.1     4.0     3.3     0.0     7.54 C    11.5    -3.2     2.1    95.0    37.3    74.6   0.344   0.331   0.365   0.280   0.308     8.1     8.5     9.0    10.3    10.7
23909 20151202  2.422  -91.72   37.63     5.5    -0.3     2.6     2.8     0.0     4.94 C    12.6    -3.4     2.6    86.8    54.4    67.5   0.340   0.329   0.365   0.280   0.308     7.2     7.7     8.3     9.9    10.4
23909 20151203  2.422  -91.72   37.63     9.4    -6.3     1.5     0.4     0.0    10.17 C    16.1    -7.1     0.3    93.8    47.1    79.3   0.334   0.311   0.362   0.280   0.308     6.6     7.0     7.7     9.5    10.1
23909 20151204  2.422  -91.72   37.63    11.8    -6.8     2.5     1.2     0.0    10.38 C    15.4    -8.3    -0.3    93.4    36.2    72.6   0.326   0.305   0.351   0.280   0.309     5.9     6.3     7.1     9.0     9.7
23909 20151205  2.422  -91.72   37.63    13.8    -1.8     6.0     5.3     0.0    10.10 C    16.2    -6.4     3.3    83.8    27.3    59.0   0.319   0.302   0.332   0.280   0.309     5.8     6.2     6.8     8.6     9.3
23909 20151206  2.422  -91.72   37.63    10.8    -2.7     4.0     3.9     0.0     2.06 C    12.7    -5.1     1.9    93.5    54.5    75.2   0.315   0.298   0.327   0.280   0.309     6.1     6.5     7.0     8.5     9.1
23909 20151207  2.422  -91.72   37.63    14.8    -4.9     4.9     3.1     0.0     7.63 C    19.3    -6.6     1.8   100.0    28.9    79.2   0.312   0.292   0.322   0.280   0.308     5.9     6.3     6.8     8.4     9.0
23909 20151208  2.422  -91.72   37.63    18.8     0.6     9.7     9.9     0.0     9.21 C    20.2    -2.4     7.6    88.5    23.4    59.6   0.310   0.290   0.320   0.280   0.308     6.6     6.8     7.2     8.4     8.9
23909 20151209  2.422  -91.72   37.63    16.6     1.4     9.0     8.1     0.0     7.65 C    20.0    -1.8     5.6    94.0    35.0    68.5   0.308   0.286   0.318   0.280   0.308     7.4     7.6     7.8     8.6     9.1
23909 20151210  2.422  -91.72   37.63    21.2    -0.2    10.5    10.7     0.0     7.96 C    23.9    -1.8     8.0    93.4    32.0    62.1   0.307   0.284   0.315   0.280   0.307     7.7     7.9     8.1     8.9     9.2
23909 20151211  2.422  -91.72   37.63    16.2    -1.8     7.2     8.6     0.0     2.87 C    15.2    -3.1     7.5    96.1    77.3    88.6   0.305   0.282   0.312   0.280   0.307     7.8     8.0     8.2     9.0     9.3
23909 20151212  2.422  -91.72   37.63    20.8    13.9    17.3    17.6     0.0     3.83 C    21.0    12.0    16.3    94.9    69.2    82.9   0.304   0.282   0.313   0.280   0.309    10.3    10.2     9.8     9.4     9.6
23909 20151213  2.422  -91.72   37.63    18.8    11.2    15.0    15.9    41.9     0.78 C    17.5    10.3    14.7    92.3    77.7    87.4   0.329   0.303   0.347   0.280   0.309    12.2    12.1    11.5    10.5    10.4
23909 20151214  2.422  -91.72   37.63    11.3     5.3     8.3     6.9     5.2     3.30 C    10.3     4.3     6.4    90.7    69.3    80.6   0.358   0.326   0.369   0.282   0.311    10.5    10.8    11.0    11.0    11.0
23909 20151215  2.422  -91.72   37.63    12.6    -0.7     5.9     7.3     1.5     8.16 C    14.5    -1.5     6.8    97.8    60.6    82.8   0.346   0.328   0.370   0.283   0.311     9.2     9.5     9.8    10.6    10.8
23909 20151216  2.422  -91.72   37.63    11.2    -1.4     4.9     7.1     2.2     9.64 C    13.3    -5.3     6.1    94.0    31.8    63.9   0.356   0.330   0.371   0.283   0.311     9.2     9.5     9.7    10.4    10.6
23909 20151217  2.422  -91.72   37.63     4.2    -6.1    -0.9    -0.2     0.0     8.86 C    12.5    -7.5     0.5    92.0    52.2    68.4   0.342   0.322   0.368   0.282   0.311     7.1     7.6     8.3     9.9    10.3
23909 20151218  2.422  -91.72   37.63     4.9    -5.4    -0.2    -0.5     0.0     9.77 C     7.9    -7.5    -1.0    86.9    28.2    56.1   0.334   0.308   0.362   0.283   0.312     6.1     6.7     7.4     9.2     9.7
23909 20151219  2.422  -91.72   37.63    12.1    -6.9     2.6     3.2     0.0     9.47 C    14.4    -7.9     2.3    91.7    32.2    59.8   0.322   0.301   0.333   0.282   0.312     5.3     5.8     6.5     8.5     9.1
23909 20151220  2.422  -91.72   37.63    12.0     3.9     7.9     7.7     2.5     4.55 C    12.2     1.8     6.7    90.6    36.1    56.9   0.318   0.296   0.328   0.282   0.312     6.2     6.5     6.9     8.3     8.8
23909 20151221  2.422  -91.72   37.63    19.6     4.3    11.9    12.0     0.7     7.94 C    22.8     4.5    11.2    92.6    45.2    75.4   0.324   0.301   0.353   0.283   0.312     8.4     8.5     8.3     8.6     9.0
23909 20151222  2.422  -91.72   37.63    13.7     1.1     7.4     6.3     0.0     8.15 C    16.4     1.9     6.7    96.7    39.7    79.2   0.322   0.300   0.342   0.282   0.311     8.3     8.5     8.7     9.1     9.4
23909 20151223  2.422  -91.72   37.63    18.5     4.3    11.4    13.1    19.1     4.05 C    17.7    -0.1    11.5    93.7    34.5    73.9   0.346   0.323   0.360   0.283   0.312     9.5     9.5     9.3     9.4     9.6
23909 20151224  2.422  -91.72   37.63    13.6    -3.4     5.1     5.8     0.0     4.98 C    14.1    -4.6     4.5    95.2    52.2    75.5   0.345   0.331   0.365   0.284   0.314     8.2     8.5     8.8     9.6     9.7
23909 20151225  2.422  -91.72   37.63    13.7     1.6     7.6     7.3     0.0     9.26 C    19.3    -1.5     6.9    90.1    31.8    63.1   0.339   0.318   0.364   0.284   0.314     8.1     8.4     8.7     9.4     9.7
23909 20151226  2.422  -91.72   37.63    18.2     7.5    12.9    11.0    47.3     0.61 C    16.8     7.2    10.5    95.7    70.2    90.0   0.348   0.315   0.366   0.284   0.314     8.9     9.0     8.9     9.4     9.6
23909 20151227  2.422  -91.72   37.63     7.5     2.2     4.9     3.5    79.2     0.41 C     7.3     2.3     3.7    93.4    90.2    91.8   0.364   0.322   0.369   0.285   0.315     8.1     8.5     8.9     9.6     9.8
23909 20151228  2.422  -91.72   37.63    10.7    -0.4     5.2     3.8    49.9     2.39 C    12.3    -0.7     3.5    94.6    75.3    87.9   0.365   0.325   0.369   0.284   0.315     6.6     7.0     7.7     9.0     9.5
23909 20151229  2.422  -91.72   37.63    -0.4    -3.4    -1.9    -1.8     0.0     2.15 C     1.8    -4.6    -1.1    93.4    74.3    80.5   0.359   0.328   0.370   0.284   0.316     5.7     6.2     6.9     8.6     9.1
23909 20151230  2.422  -91.72   37.63     0.4    -2.2    -0.9    -0.8     0.0     2.63 C     3.5    -1.5     0.1    90.7    71.9    79.4   0.348   0.329   0.370   0.285   0.316     5.4     5.8     6.4     8.1     8.6
23909 20151231  2.422  -91.72   37.63     2.5    -5.3    -1.4    -1.6     0.0     5.39 C    11.6    -7.1    -1.4    93.1    51.7    75.1   0.342   0.317   0.365   0.285   0.316     5.0     5.4     6.1     7.8     8.3
