96407 20150813  2.515 -159.00   66.56 -9999.0 -9999.0 -9999.0 -9999.0 -9999.0 -9999.00 U -9999.0 -9999.0 -9999.0 -9999.0 -9999.0 -9999.0 -99.000 -99.000 -99.000 -99.000 -99.000 -9999.0 -9999.0 -9999.0 -9999.0 -9999.0
96407 20150814  2.515 -159.00   66.56    15.2     7.6    11.4    11.6     0.0     9.29 C    24.3     1.2    12.3    94.9    57.4    77.9 -99.000 -99.000 -99.000 -99.000 -99.000 -9999.0 -9999.0 -9999.0 -9999.0 -9999.0
96407 20150815  2.515 -159.00   66.56    18.9     3.7    11.3    11.7     0.0    17.06 C    26.3    -0.8    12.8    97.1    46.4    75.1 -99.000 -99.000 -99.000 -99.000 -99.000 -9999.0 -9999.0 -9999.0 -9999.0 -9999.0
96407 20150816  2.515 -159.00   66.56    17.1     9.8    13.5    13.1    13.9     9.50 C    27.9     7.0    13.5    94.9    61.2    84.8 -99.000 -99.000 -99.000 -99.000 -99.000 -9999.0 -9999.0 -9999.0 -9999.0 -9999.0
96407 20150817  2.515 -159.00   66.56    16.5    10.4    13.4    12.9     1.3    11.63 C    22.9     5.6    13.3    95.2    60.1    83.2 -99.000 -99.000 -99.000 -99.000 -99.000 -9999.0 -9999.0 -9999.0 -9999.0 -9999.0
96407 20150818  2.515 -159.00   66.56    12.1     8.6    10.3    10.5     1.6     5.59 C    14.2     7.3    10.5    94.5    72.9    88.4 -99.000 -99.000 -99.000 -99.000 -99.000 -9999.0 -9999.0 -9999.0 -9999.0 -9999.0
96407 20150819  2.515 -159.00   66.56    12.9     6.8     9.9     9.3     3.3     6.69 C    16.3     6.6     9.5    95.6    64.2    83.9 -99.000 -99.000 -99.000 -99.000 -99.000 -9999.0 -9999.0 -9999.0 -9999.0 -9999.0
96407 20150820  2.515 -159.00   66.56    13.2     7.6    10.4    10.1     4.4     7.63 C    16.9     6.8    10.5    95.6    68.1    87.9 -99.000 -99.000 -99.000 -99.000 -99.000 -9999.0 -9999.0 -9999.0 -9999.0 -9999.0
96407 20150821  2.515 -159.00   66.56    12.6     8.3    10.5    10.0     2.6     9.69 C    21.1     4.9    10.4    94.8    64.8    85.7 -99.000 -99.000 -99.000 -99.000 -99.000 -9999.0 -9999.0 -9999.0 -9999.0 -9999.0
96407 20150822  2.515 -159.00   66.56    10.8     5.8     8.3     8.0     0.0     8.61 C    14.1     1.6     8.3    93.4    69.0    85.6 -99.000 -99.000 -99.000 -99.000 -99.000 -9999.0 -9999.0 -9999.0 -9999.0 -9999.0
96407 20150823  2.515 -159.00   66.56    11.6     4.4     8.0     8.6     0.0    11.87 C    16.7     0.7     8.8    88.9    59.8    74.7 -99.000 -99.000 -99.000 -99.000 -99.000 -9999.0 -9999.0 -9999.0 -9999.0 -9999.0
96407 20150824  2.515 -159.00   66.56    12.6     1.9     7.3     7.8     8.2     7.02 C    15.4    -1.2     7.1    95.8    56.3    86.1 -99.000 -99.000 -99.000 -99.000 -99.000 -9999.0 -9999.0 -9999.0 -9999.0 -9999.0
96407 20150825  2.515 -159.00   66.56    14.2    10.5    12.3    12.1    22.6     2.02 C    15.0     9.6    11.4    94.4    82.2    88.9 -99.000 -99.000 -99.000 -99.000 -99.000 -9999.0 -9999.0 -9999.0 -9999.0 -9999.0
96407 20150826  2.515 -159.00   66.56    14.4     6.4    10.4    10.8    11.8     7.20 C    17.6     5.1    10.6    94.1    70.9    84.6 -99.000 -99.000 -99.000 -99.000 -99.000 -9999.0 -9999.0 -9999.0 -9999.0 -9999.0
96407 20150827  2.515 -159.00   66.56     9.8     2.4     6.1     6.0     0.0    13.28 C    14.1    -0.3     5.8    85.6    53.2    70.0 -99.000 -99.000 -99.000 -99.000 -99.000 -9999.0 -9999.0 -9999.0 -9999.0 -9999.0
96407 20150828  2.515 -159.00   66.56    10.8     3.8     7.3     6.4     3.8    10.32 C    15.2     1.9     6.3    93.7    56.3    76.7 -99.000 -99.000 -99.000 -99.000 -99.000 -9999.0 -9999.0 -9999.0 -9999.0 -9999.0
96407 20150829  2.515 -159.00   66.56     6.0     2.0     4.0     3.9     0.0     5.28 C     7.7    -0.4     3.3    90.2    62.5    80.8 -99.000 -99.000 -99.000 -99.000 -99.000 -9999.0 -9999.0 -9999.0 -9999.0 -9999.0
96407 20150830  2.515 -159.00   66.56     7.8    -0.3     3.8     3.3     0.0     8.12 C    14.3    -2.0     3.2    94.2    52.5    78.6 -99.000 -99.000 -99.000 -99.000 -99.000 -9999.0 -9999.0 -9999.0 -9999.0 -9999.0
96407 20150831  2.515 -159.00   66.56    10.5    -1.5     4.5     4.7     0.0    16.28 C    15.5    -3.9     4.2    94.0    45.2    70.0 -99.000 -99.000 -99.000 -99.000 -99.000 -9999.0 -9999.0 -9999.0 -9999.0 -9999.0
96407 20150901  2.515 -159.00   66.56    13.7     0.1     6.9     6.3     0.0    14.04 C    19.5    -6.6     5.1    96.8    38.2    75.1 -99.000 -99.000 -99.000 -99.000 -99.000 -9999.0 -9999.0 -9999.0 -9999.0 -9999.0
96407 20150902  2.515 -159.00   66.56    14.5    -0.3     7.1     7.4     0.0     8.71 C    17.2    -4.0     6.4    96.7    37.8    68.2 -99.000 -99.000 -99.000 -99.000 -99.000 -9999.0 -9999.0 -9999.0 -9999.0 -9999.0
96407 20150903  2.515 -159.00   66.56    19.6     3.9    11.7    11.3     0.0    12.23 C    27.8    -1.4    10.2    81.3    28.0    54.8 -99.000 -99.000 -99.000 -99.000 -99.000 -9999.0 -9999.0 -9999.0 -9999.0 -9999.0
96407 20150904  2.515 -159.00   66.56    17.9     4.8    11.4    11.4     0.0    14.58 C    23.7    -3.2     9.7    81.3    31.1    52.0 -99.000 -99.000 -99.000 -99.000 -99.000 -9999.0 -9999.0 -9999.0 -9999.0 -9999.0
96407 20150905  2.515 -159.00   66.56    18.2     0.8     9.5     9.1     0.0    14.58 C    23.6    -4.4     7.2    95.0    31.1    65.7 -99.000 -99.000 -99.000 -99.000 -99.000 -9999.0 -9999.0 -9999.0 -9999.0 -9999.0
96407 20150906  2.515 -159.00   66.56    14.3     0.9     7.6     7.1     0.0    14.29 C    20.6    -6.0     6.6    96.1    53.7    80.7 -99.000 -99.000 -99.000 -99.000 -99.000 -9999.0 -9999.0 -9999.0 -9999.0 -9999.0
96407 20150907  2.515 -159.00   66.56     8.6     5.9     7.3     7.2     0.0     2.59 C    12.8     4.1     7.5    95.0    74.4    85.2 -99.000 -99.000 -99.000 -99.000 -99.000 -9999.0 -9999.0 -9999.0 -9999.0 -9999.0
96407 20150908  2.515 -159.00   66.56    12.1     3.1     7.6     6.9     0.0    12.55 C    18.2    -3.4     7.0    94.7    44.4    71.6 -99.000 -99.000 -99.000 -99.000 -99.000 -9999.0 -9999.0 -9999.0 -9999.0 -9999.0
96407 20150909  2.515 -159.00   66.56     8.3     3.0     5.6     5.1     0.5     3.53 C    13.0     2.1     5.1    92.2    60.2    75.0 -99.000 -99.000 -99.000 -99.000 -99.000 -9999.0 -9999.0 -9999.0 -9999.0 -9999.0
96407 20150910  2.515 -159.00   66.56     4.9     0.3     2.6     2.7     1.7     5.42 C    10.3    -0.1     3.4    95.6    61.2    73.2 -99.000 -99.000 -99.000 -99.000 -99.000 -9999.0 -9999.0 -9999.0 -9999.0 -9999.0
96407 20150911  2.515 -159.00   66.56     5.3     0.2     2.8     2.1     3.7     6.25 C    11.6    -0.9     2.7    95.8    68.4    88.9 -99.000 -99.000 -99.000 -99.000 -99.000 -9999.0 -9999.0 -9999.0 -9999.0 -9999.0
96407 20150912  2.515 -159.00   66.56     6.7     1.1     3.9     3.3     2.6     4.76 C     9.6    -0.7     3.2    93.8    56.9    85.9 -99.000 -99.000 -99.000 -99.000 -99.000 -9999.0 -9999.0 -9999.0 -9999.0 -9999.0
96407 20150913  2.515 -159.00   66.56     6.6     3.3     5.0     5.0     3.6     1.70 C     8.2     2.5     5.0    95.6    85.8    92.9 -99.000 -99.000 -99.000 -99.000 -99.000 -9999.0 -9999.0 -9999.0 -9999.0 -9999.0
96407 20150914  2.515 -159.00   66.56     9.3    -2.0     3.7     3.6     0.0    11.80 C    12.1    -4.3     2.8    93.4    43.2    71.5 -99.000 -99.000 -99.000 -99.000 -99.000 -9999.0 -9999.0 -9999.0 -9999.0 -9999.0
96407 20150915  2.515 -159.00   66.56     7.7    -3.0     2.4     2.8     0.0     6.54 C     9.6    -5.2     1.8    86.1    42.8    64.9 -99.000 -99.000 -99.000 -99.000 -99.000 -9999.0 -9999.0 -9999.0 -9999.0 -9999.0
96407 20150916  2.515 -159.00   66.56     7.5     0.7     4.1     3.8     0.9     5.42 C     9.5    -0.5     3.4    94.7    51.9    70.4 -99.000 -99.000 -99.000 -99.000 -99.000 -9999.0 -9999.0 -9999.0 -9999.0 -9999.0
96407 20150917  2.515 -159.00   66.56     6.2    -1.0     2.6     2.3     0.0    10.18 C     7.9    -3.5     1.5    69.0    36.8    54.7 -99.000 -99.000 -99.000 -99.000 -99.000 -9999.0 -9999.0 -9999.0 -9999.0 -9999.0
96407 20150918  2.515 -159.00   66.56     4.6    -6.5    -1.0    -0.3     0.0    11.31 C     7.0    -9.7    -1.5    85.7    40.3    59.1 -99.000 -99.000 -99.000 -99.000 -99.000 -9999.0 -9999.0 -9999.0 -9999.0 -9999.0
96407 20150919  2.515 -159.00   66.56     3.6    -2.7     0.4     0.2     1.1     3.20 C     6.0    -3.5     0.3    91.1    55.9    73.1 -99.000 -99.000 -99.000 -99.000 -99.000 -9999.0 -9999.0 -9999.0 -9999.0 -9999.0
96407 20150920  2.515 -159.00   66.56     4.6    -3.0     0.8     1.0     0.0     7.82 C     7.7    -7.0     0.2    86.7    45.4    66.4 -99.000 -99.000 -99.000 -99.000 -99.000 -9999.0 -9999.0 -9999.0 -9999.0 -9999.0
96407 20150921  2.515 -159.00   66.56     3.7    -3.9    -0.1    -0.3     0.0     3.82 C     5.9    -9.7    -1.0    90.8    47.1    67.9 -99.000 -99.000 -99.000 -99.000 -99.000 -9999.0 -9999.0 -9999.0 -9999.0 -9999.0
96407 20150922  2.515 -159.00   66.56     3.2    -6.0    -1.4    -1.7     0.0     7.36 C     4.9   -13.0    -5.1    96.2    57.8    79.1 -99.000 -99.000 -99.000 -99.000 -99.000 -9999.0 -9999.0 -9999.0 -9999.0 -9999.0
96407 20150923  2.515 -159.00   66.56     4.7    -7.9    -1.6    -1.8     0.0     8.59 C     6.5   -12.3    -3.3    96.6    47.5    76.4 -99.000 -99.000 -99.000 -99.000 -99.000 -9999.0 -9999.0 -9999.0 -9999.0 -9999.0
96407 20150924  2.515 -159.00   66.56     2.2    -2.7    -0.3     0.6     4.6     1.99 C     2.5    -4.5    -0.1    93.0    60.9    75.5 -99.000 -99.000 -99.000 -99.000 -99.000 -9999.0 -9999.0 -9999.0 -9999.0 -9999.0
96407 20150925  2.515 -159.00   66.56     4.1    -3.0     0.6     0.9     2.6     3.43 C     6.1    -6.6    -0.2    96.1    74.8    88.5 -99.000 -99.000 -99.000 -99.000 -99.000 -9999.0 -9999.0 -9999.0 -9999.0 -9999.0
96407 20150926  2.515 -159.00   66.56     1.9    -4.9    -1.5    -1.6     0.3     4.20 C     3.6    -8.2    -2.5    95.8    73.7    91.0 -99.000 -99.000 -99.000 -99.000 -99.000 -9999.0 -9999.0 -9999.0 -9999.0 -9999.0
96407 20150927  2.515 -159.00   66.56     0.5    -6.6    -3.1    -2.6     8.8     2.60 C     0.5    -8.1    -2.7    95.1    74.4    89.3 -99.000 -99.000 -99.000 -99.000 -99.000 -9999.0 -9999.0 -9999.0 -9999.0 -9999.0
96407 20150928  2.515 -159.00   66.56    -0.6    -7.8    -4.2    -1.9     0.0     3.53 C    -0.5   -16.9    -3.7    95.1    72.2    87.8 -99.000 -99.000 -99.000 -99.000 -99.000 -9999.0 -9999.0 -9999.0 -9999.0 -9999.0
96407 20150929  2.515 -159.00   66.56     2.2    -8.0    -2.9    -2.6     0.0     8.10 C    -0.6   -17.3    -7.2    95.0    70.5    84.5 -99.000 -99.000 -99.000 -99.000 -99.000 -9999.0 -9999.0 -9999.0 -9999.0 -9999.0
96407 20150930  2.515 -159.00   66.56     1.7    -4.5    -1.4    -0.6     0.6     6.73 C    -0.2   -10.8    -3.1    95.1    67.9    89.4 -99.000 -99.000 -99.000 -99.000 -99.000 -9999.0 -9999.0 -9999.0 -9999.0 -9999.0
96407 20151001  2.515 -159.00   66.56     2.3   -10.4    -4.1    -3.0     2.7     4.61 C     0.1   -17.1    -6.3    94.4    70.6    86.7 -99.000 -99.000 -99.000 -99.000 -99.000 -9999.0 -9999.0 -9999.0 -9999.0 -9999.0
96407 20151002  2.515 -159.00   66.56     3.6     0.8     2.2     2.3    16.1     1.28 C     1.1    -0.1     0.3    95.6    84.3    90.4 -99.000 -99.000 -99.000 -99.000 -99.000 -9999.0 -9999.0 -9999.0 -9999.0 -9999.0
96407 20151003  2.515 -159.00   66.56     6.1     3.0     4.5     4.3     4.7     3.07 C     6.9     0.9     2.9    96.1    87.1    93.7 -99.000 -99.000 -99.000 -99.000 -99.000 -9999.0 -9999.0 -9999.0 -9999.0 -9999.0
96407 20151004  2.515 -159.00   66.56     7.4     3.1     5.3     5.0     0.7     1.73 C     9.7     2.3     4.3    96.9    87.5    93.5 -99.000 -99.000 -99.000 -99.000 -99.000 -9999.0 -9999.0 -9999.0 -9999.0 -9999.0
96407 20151005  2.515 -159.00   66.56     6.9     1.8     4.4     4.6     2.3     1.75 C     8.1    -0.9     3.7    96.2    88.0    92.9 -99.000 -99.000 -99.000 -99.000 -99.000 -9999.0 -9999.0 -9999.0 -9999.0 -9999.0
96407 20151006  2.515 -159.00   66.56     6.6     1.1     3.9     4.0     0.0     2.28 C     6.5    -0.8     2.7    94.5    71.6    84.3 -99.000 -99.000 -99.000 -99.000 -99.000 -9999.0 -9999.0 -9999.0 -9999.0 -9999.0
96407 20151007  2.515 -159.00   66.56     6.9     0.8     3.8     3.7     0.0     2.43 C     7.5    -1.4     2.5    91.9    61.9    79.2 -99.000 -99.000 -99.000 -99.000 -99.000 -9999.0 -9999.0 -9999.0 -9999.0 -9999.0
96407 20151008  2.515 -159.00   66.56     4.6     0.9     2.7     2.2     0.0     3.04 C     5.0    -1.1     0.8    79.4    49.4    62.6 -99.000 -99.000 -99.000 -99.000 -99.000 -9999.0 -9999.0 -9999.0 -9999.0 -9999.0
96407 20151009  2.515 -159.00   66.56     5.2    -2.8     1.2     1.2     0.0     5.61 C     4.2    -4.7    -0.5    60.7    35.9    50.2 -99.000 -99.000 -99.000 -99.000 -99.000 -9999.0 -9999.0 -9999.0 -9999.0 -9999.0
96407 20151010  2.515 -159.00   66.56     4.2    -5.2    -0.5    -0.6     0.0     5.63 C     2.5    -6.7    -2.0    66.3    36.4    51.6 -99.000 -99.000 -99.000 -99.000 -99.000 -9999.0 -9999.0 -9999.0 -9999.0 -9999.0
96407 20151011  2.515 -159.00   66.56     3.6    -0.8     1.4     0.7     0.9     2.37 C     5.8    -4.0     0.0    96.2    49.6    71.6 -99.000 -99.000 -99.000 -99.000 -99.000 -9999.0 -9999.0 -9999.0 -9999.0 -9999.0
96407 20151012  2.515 -159.00   66.56     3.4    -0.4     1.5     1.1     0.0     2.04 C     3.9    -3.2     0.2    96.7    56.6    78.1 -99.000 -99.000 -99.000 -99.000 -99.000 -9999.0 -9999.0 -9999.0 -9999.0 -9999.0
96407 20151013  2.515 -159.00   66.56     2.2    -0.8     0.7     0.2     0.4     2.27 C     4.7    -1.8     0.1    97.4    82.7    93.9 -99.000 -99.000 -99.000 -99.000 -99.000 -9999.0 -9999.0 -9999.0 -9999.0 -9999.0
96407 20151014  2.515 -159.00   66.56     1.0    -1.7    -0.4    -0.4     0.0     1.77 C     2.6    -3.0    -0.4    97.4    87.7    95.0 -99.000 -99.000 -99.000 -99.000 -99.000 -9999.0 -9999.0 -9999.0 -9999.0 -9999.0
96407 20151015  2.515 -159.00   66.56     1.0    -4.9    -1.9    -1.0     0.4     1.96 C     2.0    -6.5    -1.7    97.0    86.8    93.9 -99.000 -99.000 -99.000 -99.000 -99.000 -9999.0 -9999.0 -9999.0 -9999.0 -9999.0
96407 20151016  2.515 -159.00   66.56     0.6    -6.0    -2.7    -3.4     0.0     4.32 C    -0.7    -8.5    -4.9    90.5    62.2    77.4 -99.000 -99.000 -99.000 -99.000 -99.000 -9999.0 -9999.0 -9999.0 -9999.0 -9999.0
96407 20151017  2.515 -159.00   66.56     0.1    -4.2    -2.0    -1.3     0.0     1.67 C     1.1    -6.1    -1.9    72.8    52.5    60.9 -99.000 -99.000 -99.000 -99.000 -99.000 -9999.0 -9999.0 -9999.0 -9999.0 -9999.0
96407 20151018  2.515 -159.00   66.56     0.2    -1.6    -0.7    -0.8     2.1     1.38 C     0.1    -2.2    -1.1    94.6    63.4    83.5 -99.000 -99.000 -99.000 -99.000 -99.000 -9999.0 -9999.0 -9999.0 -9999.0 -9999.0
96407 20151019  2.515 -159.00   66.56 -9999.0 -9999.0 -9999.0 -9999.0     0.2     2.52 C     0.8    -8.0    -2.9    95.6    84.8    90.5 -99.000 -99.000 -99.000 -99.000 -99.000 -9999.0 -9999.0 -9999.0 -9999.0 -9999.0
96407 20151020  2.515 -159.00   66.56     2.3    -5.8    -1.7    -2.4     0.0     3.83 C     0.3    -8.6    -4.2    92.2    74.9    85.9 -99.000 -99.000 -99.000 -99.000 -99.000 -9999.0 -9999.0 -9999.0 -9999.0 -9999.0
96407 20151021  2.515 -159.00   66.56     0.6    -5.6    -2.5    -1.8     0.0     1.35 C    -0.2    -9.9    -3.6    87.7    67.3    75.3 -99.000 -99.000 -99.000 -99.000 -99.000 -9999.0 -9999.0 -9999.0 -9999.0 -9999.0
96407 20151022  2.515 -159.00   66.56    -0.6    -3.5    -2.1    -1.8     0.0     0.44 C    -1.4    -5.8    -2.9    83.2    68.0    72.1 -99.000 -99.000 -99.000 -99.000 -99.000 -9999.0 -9999.0 -9999.0 -9999.0 -9999.0
96407 20151023  2.515 -159.00   66.56     1.1    -7.4    -3.2    -2.3     0.0     1.36 C     0.2   -11.3    -4.0    93.0    67.3    79.2 -99.000 -99.000 -99.000 -99.000 -99.000 -9999.0 -9999.0 -9999.0 -9999.0 -9999.0
96407 20151024  2.515 -159.00   66.56     0.6    -4.3    -1.8    -1.3     0.7     1.48 C    -0.2    -8.0    -2.8    93.6    61.4    76.2 -99.000 -99.000 -99.000 -99.000 -99.000 -9999.0 -9999.0 -9999.0 -9999.0 -9999.0
96407 20151025  2.515 -159.00   66.56     0.8    -1.7    -0.5    -0.5     2.4     1.36 C     0.2    -3.3    -1.0    95.0    87.8    91.6 -99.000 -99.000 -99.000 -99.000 -99.000 -9999.0 -9999.0 -9999.0 -9999.0 -9999.0
96407 20151026  2.515 -159.00   66.56 -9999.0 -9999.0 -9999.0 -9999.0 -9999.0 -9999.00 U -9999.0 -9999.0 -9999.0 -9999.0 -9999.0 -9999.0 -99.000 -99.000 -99.000 -99.000 -99.000 -9999.0 -9999.0 -9999.0 -9999.0 -9999.0
96407 20151027  2.515 -159.00   66.56 -9999.0 -9999.0 -9999.0 -9999.0 -9999.0 -9999.00 U -9999.0 -9999.0 -9999.0 -9999.0 -9999.0 -9999.0 -99.000 -99.000 -99.000 -99.000 -99.000 -9999.0 -9999.0 -9999.0 -9999.0 -9999.0
96407 20151028  2.515 -159.00   66.56 -9999.0 -9999.0 -9999.0 -9999.0 -9999.0 -9999.00 U -9999.0 -9999.0 -9999.0 -9999.0 -9999.0 -9999.0 -99.000 -99.000 -99.000 -99.000 -99.000 -9999.0 -9999.0 -9999.0 -9999.0 -9999.0
96407 20151029  2.515 -159.00   66.56    -7.4   -14.3   -10.8   -11.5     0.0     2.11 C    -6.8   -19.4   -14.2    85.5    60.2    79.1 -99.000 -99.000 -99.000 -99.000 -99.000 -9999.0 -9999.0 -9999.0 -9999.0 -9999.0
96407 20151030  2.515 -159.00   66.56    -7.9   -15.6   -11.8   -11.1     0.0     2.30 C    -9.4   -20.9   -13.6    85.6    56.8    70.4 -99.000 -99.000 -99.000 -99.000 -99.000 -9999.0 -9999.0 -9999.0 -9999.0 -9999.0
96407 20151031  2.515 -159.00   66.56    -7.0   -16.7   -11.8   -11.2     1.4     0.44 C    -7.1   -21.0   -11.8    87.4    72.7    80.2 -99.000 -99.000 -99.000 -99.000 -99.000 -9999.0 -9999.0 -9999.0 -9999.0 -9999.0
96407 20151101  2.515 -159.00   66.56    -2.0    -7.0    -4.5    -4.4     9.4     0.82 C    -2.5    -7.1    -4.7    92.2    77.1    86.9 -99.000 -99.000 -99.000 -99.000 -99.000 -9999.0 -9999.0 -9999.0 -9999.0 -9999.0
96407 20151102  2.515 -159.00   66.56     2.8    -2.9    -0.1     0.5     0.4     0.50 C    -0.1    -6.3    -1.3    92.3    78.1    84.3 -99.000 -99.000 -99.000 -99.000 -99.000 -9999.0 -9999.0 -9999.0 -9999.0 -9999.0
96407 20151103  2.515 -159.00   66.56     1.8    -3.1    -0.6     0.0     0.3     0.61 C    -0.1    -7.3    -2.3    93.7    77.9    87.7 -99.000 -99.000 -99.000 -99.000 -99.000 -9999.0 -9999.0 -9999.0 -9999.0 -9999.0
96407 20151104  2.515 -159.00   66.56     1.9    -2.6    -0.3     0.0     1.2     0.50 C    -0.1    -6.5    -1.9    95.3    83.5    88.3 -99.000 -99.000 -99.000 -99.000 -99.000 -9999.0 -9999.0 -9999.0 -9999.0 -9999.0
96407 20151105  2.515 -159.00   66.56 -9999.0 -9999.0 -9999.0 -9999.0     0.9     0.56 C    -0.1    -4.3    -1.8    94.8    74.0    85.0 -99.000 -99.000 -99.000 -99.000 -99.000 -9999.0 -9999.0 -9999.0 -9999.0 -9999.0
96407 20151106  2.515 -159.00   66.56    -1.3   -10.1    -5.7    -4.0     0.0     0.55 C    -2.8   -17.2    -5.7    93.3    66.5    84.6 -99.000 -99.000 -99.000 -99.000 -99.000 -9999.0 -9999.0 -9999.0 -9999.0 -9999.0
96407 20151107  2.515 -159.00   66.56 -9999.0 -9999.0 -9999.0 -9999.0 -9999.0 -9999.00 U -9999.0 -9999.0 -9999.0 -9999.0 -9999.0 -9999.0 -99.000 -99.000 -99.000 -99.000 -99.000 -9999.0 -9999.0 -9999.0 -9999.0 -9999.0
96407 20151108  2.515 -159.00   66.56 -9999.0 -9999.0 -9999.0 -9999.0 -9999.0 -9999.00 U -9999.0 -9999.0 -9999.0 -9999.0 -9999.0 -9999.0 -99.000 -99.000 -99.000 -99.000 -99.000 -9999.0 -9999.0 -9999.0 -9999.0 -9999.0
96407 20151109  2.515 -159.00   66.56    -0.2    -1.6    -0.9    -0.8     0.0     0.31 C    -1.7    -5.0    -3.1    85.1    70.5    76.7 -99.000 -99.000 -99.000 -99.000 -99.000 -9999.0 -9999.0 -9999.0 -9999.0 -9999.0
96407 20151110  2.515 -159.00   66.56    -1.4    -9.6    -5.5    -3.8     0.9     0.68 C    -2.7   -18.3    -6.4    94.4    73.3    85.8 -99.000 -99.000 -99.000 -99.000 -99.000 -9999.0 -9999.0 -9999.0 -9999.0 -9999.0
96407 20151111  2.515 -159.00   66.56    -7.5   -15.3   -11.4   -10.5     0.0     0.27 C    -8.7   -22.0   -13.1    92.0    82.3    87.9 -99.000 -99.000 -99.000 -99.000 -99.000 -9999.0 -9999.0 -9999.0 -9999.0 -9999.0
96407 20151112  2.515 -159.00   66.56   -10.3   -24.2   -17.3   -16.5     0.0     0.58 C   -11.0   -28.7   -19.2    87.5    75.1    82.3 -99.000 -99.000 -99.000 -99.000 -99.000 -9999.0 -9999.0 -9999.0 -9999.0 -9999.0
96407 20151113  2.515 -159.00   66.56   -16.2   -23.7   -19.9   -19.7     0.0     0.36 C   -17.0   -27.6   -20.9    82.7    76.8    79.7 -99.000 -99.000 -99.000 -99.000 -99.000 -9999.0 -9999.0 -9999.0 -9999.0 -9999.0
96407 20151114  2.515 -159.00   66.56 -9999.0 -9999.0 -9999.0 -9999.0     0.3     0.05 C   -16.2   -24.5   -19.3    82.5    76.5    80.0 -99.000 -99.000 -99.000 -99.000 -99.000 -9999.0 -9999.0 -9999.0 -9999.0 -9999.0
96407 20151115  2.515 -159.00   66.56 -9999.0 -9999.0 -9999.0 -9999.0 -9999.0 -9999.00 U -9999.0 -9999.0 -9999.0 -9999.0 -9999.0 -9999.0 -99.000 -99.000 -99.000 -99.000 -99.000 -9999.0 -9999.0 -9999.0 -9999.0 -9999.0
96407 20151116  2.515 -159.00   66.56 -9999.0 -9999.0 -9999.0 -9999.0 -9999.0 -9999.00 U -9999.0 -9999.0 -9999.0 -9999.0 -9999.0 -9999.0 -99.000 -99.000 -99.000 -99.000 -99.000 -9999.0 -9999.0 -9999.0 -9999.0 -9999.0
96407 20151117  2.515 -159.00   66.56 -9999.0 -9999.0 -9999.0 -9999.0 -9999.0 -9999.00 U -9999.0 -9999.0 -9999.0 -9999.0 -9999.0 -9999.0 -99.000 -99.000 -99.000 -99.000 -99.000 -9999.0 -9999.0 -9999.0 -9999.0 -9999.0
96407 20151118 -9.000 -159.00   66.56 -9999.0 -9999.0 -9999.0 -9999.0 -9999.0 -9999.00 U -9999.0 -9999.0 -9999.0 -9999.0 -9999.0 -9999.0 -99.000 -99.000 -99.000 -99.000 -99.000 -9999.0 -9999.0 -9999.0 -9999.0 -9999.0
96407 20151119  2.515 -159.00   66.56 -9999.0 -9999.0 -9999.0 -9999.0 -9999.0 -9999.00 U -9999.0 -9999.0 -9999.0 -9999.0 -9999.0 -9999.0 -99.000 -99.000 -99.000 -99.000 -99.000 -9999.0 -9999.0 -9999.0 -9999.0 -9999.0
96407 20151120  2.515 -159.00   66.56 -9999.0 -9999.0 -9999.0 -9999.0 -9999.0 -9999.00 U -9999.0 -9999.0 -9999.0 -9999.0 -9999.0 -9999.0 -99.000 -99.000 -99.000 -99.000 -99.000 -9999.0 -9999.0 -9999.0 -9999.0 -9999.0
96407 20151121 -9.000 -159.00   66.56 -9999.0 -9999.0 -9999.0 -9999.0 -9999.0 -9999.00 U -9999.0 -9999.0 -9999.0 -9999.0 -9999.0 -9999.0 -99.000 -99.000 -99.000 -99.000 -99.000 -9999.0 -9999.0 -9999.0 -9999.0 -9999.0
96407 20151122  2.515 -159.00   66.56 -9999.0 -9999.0 -9999.0 -9999.0 -9999.0 -9999.00 U -9999.0 -9999.0 -9999.0 -9999.0 -9999.0 -9999.0 -99.000 -99.000 -99.000 -99.000 -99.000 -9999.0 -9999.0 -9999.0 -9999.0 -9999.0
96407 20151123  2.515 -159.00   66.56 -9999.0 -9999.0 -9999.0 -9999.0 -9999.0 -9999.00 U -9999.0 -9999.0 -9999.0 -9999.0 -9999.0 -9999.0 -99.000 -99.000 -99.000 -99.000 -99.000 -9999.0 -9999.0 -9999.0 -9999.0 -9999.0
96407 20151124  2.515 -159.00   66.56     1.1    -7.0    -3.0    -2.4     0.2     0.44 C    -0.6    -7.8    -3.8    89.9    77.9    83.8 -99.000 -99.000 -99.000 -99.000 -99.000 -9999.0 -9999.0 -9999.0 -9999.0 -9999.0
96407 20151125  2.515 -159.00   66.56     0.8   -11.6    -5.4    -3.8     0.0     0.03 C    -0.8   -21.5    -6.4    95.1    74.0    83.2 -99.000 -99.000 -99.000 -99.000 -99.000 -9999.0 -9999.0 -9999.0 -9999.0 -9999.0
96407 20151126  2.515 -159.00   66.56 -9999.0 -9999.0 -9999.0 -9999.0     0.0     0.03 C   -21.3   -29.6   -26.8    89.7    73.8    77.3 -99.000 -99.000 -99.000 -99.000 -99.000 -9999.0 -9999.0 -9999.0 -9999.0 -9999.0
96407 20151127  2.515 -159.00   66.56 -9999.0 -9999.0 -9999.0 -9999.0     0.8     0.00 C     0.0   -26.5   -11.2    92.9    73.3    81.3 -99.000 -99.000 -99.000 -99.000 -99.000 -9999.0 -9999.0 -9999.0 -9999.0 -9999.0
96407 20151128  2.515 -159.00   66.56    -1.4    -3.7    -2.5    -2.3     3.7     0.05 C    -2.4    -6.4    -3.6    95.1    80.2    87.4 -99.000 -99.000 -99.000 -99.000 -99.000 -9999.0 -9999.0 -9999.0 -9999.0 -9999.0
96407 20151129  2.515 -159.00   66.56 -9999.0 -9999.0 -9999.0 -9999.0 -9999.0 -9999.00 U -9999.0 -9999.0 -9999.0 -9999.0 -9999.0 -9999.0 -99.000 -99.000 -99.000 -99.000 -99.000 -9999.0 -9999.0 -9999.0 -9999.0 -9999.0
96407 20151130  2.515 -159.00   66.56 -9999.0 -9999.0 -9999.0 -9999.0 -9999.0 -9999.00 U -9999.0 -9999.0 -9999.0 -9999.0 -9999.0 -9999.0 -99.000 -99.000 -99.000 -99.000 -99.000 -9999.0 -9999.0 -9999.0 -9999.0 -9999.0
96407 20151201  2.515 -159.00   66.56   -10.8   -20.2   -15.5   -14.7     0.0     0.07 C   -12.7   -25.9   -17.6    81.2    69.6    73.8 -99.000 -99.000 -99.000 -99.000 -99.000 -9999.0 -9999.0 -9999.0 -9999.0 -9999.0
96407 20151202  2.515 -159.00   66.56 -9999.0 -9999.0 -9999.0 -9999.0 -9999.0 -9999.00 U -9999.0 -9999.0 -9999.0 -9999.0 -9999.0 -9999.0 -99.000 -99.000 -99.000 -99.000 -99.000 -9999.0 -9999.0 -9999.0 -9999.0 -9999.0
96407 20151203  2.515 -159.00   66.56 -9999.0 -9999.0 -9999.0 -9999.0 -9999.0 -9999.00 U -9999.0 -9999.0 -9999.0 -9999.0 -9999.0 -9999.0 -99.000 -99.000 -99.000 -99.000 -99.000 -9999.0 -9999.0 -9999.0 -9999.0 -9999.0
96407 20151204  2.515 -159.00   66.56 -9999.0 -9999.0 -9999.0 -9999.0 -9999.0 -9999.00 U -9999.0 -9999.0 -9999.0 -9999.0 -9999.0 -9999.0 -99.000 -99.000 -99.000 -99.000 -99.000 -9999.0 -9999.0 -9999.0 -9999.0 -9999.0
96407 20151205 -9.000 -159.00   66.56 -9999.0 -9999.0 -9999.0 -9999.0 -9999.0 -9999.00 U -9999.0 -9999.0 -9999.0 -9999.0 -9999.0 -9999.0 -99.000 -99.000 -99.000 -99.000 -99.000 -9999.0 -9999.0 -9999.0 -9999.0 -9999.0
96407 20151206 -9.000 -159.00   66.56 -9999.0 -9999.0 -9999.0 -9999.0 -9999.0 -9999.00 U -9999.0 -9999.0 -9999.0 -9999.0 -9999.0 -9999.0 -99.000 -99.000 -99.000 -99.000 -99.000 -9999.0 -9999.0 -9999.0 -9999.0 -9999.0
96407 20151207 -9.000 -159.00   66.56 -9999.0 -9999.0 -9999.0 -9999.0 -9999.0 -9999.00 U -9999.0 -9999.0 -9999.0 -9999.0 -9999.0 -9999.0 -99.000 -99.000 -99.000 -99.000 -99.000 -9999.0 -9999.0 -9999.0 -9999.0 -9999.0
96407 20151208 -9.000 -159.00   66.56 -9999.0 -9999.0 -9999.0 -9999.0 -9999.0 -9999.00 U -9999.0 -9999.0 -9999.0 -9999.0 -9999.0 -9999.0 -99.000 -99.000 -99.000 -99.000 -99.000 -9999.0 -9999.0 -9999.0 -9999.0 -9999.0
96407 20151209  2.515 -159.00   66.56 -9999.0 -9999.0 -9999.0 -9999.0 -9999.0 -9999.00 U -9999.0 -9999.0 -9999.0 -9999.0 -9999.0 -9999.0 -99.000 -99.000 -99.000 -99.000 -99.000 -9999.0 -9999.0 -9999.0 -9999.0 -9999.0
96407 20151210 -9.000 -159.00   66.56 -9999.0 -9999.0 -9999.0 -9999.0 -9999.0 -9999.00 U -9999.0 -9999.0 -9999.0 -9999.0 -9999.0 -9999.0 -99.000 -99.000 -99.000 -99.000 -99.000 -9999.0 -9999.0 -9999.0 -9999.0 -9999.0
96407 20151211 -9.000 -159.00   66.56 -9999.0 -9999.0 -9999.0 -9999.0 -9999.0 -9999.00 U -9999.0 -9999.0 -9999.0 -9999.0 -9999.0 -9999.0 -99.000 -99.000 -99.000 -99.000 -99.000 -9999.0 -9999.0 -9999.0 -9999.0 -9999.0
96407 20151212 -9.000 -159.00   66.56 -9999.0 -9999.0 -9999.0 -9999.0 -9999.0 -9999.00 U -9999.0 -9999.0 -9999.0 -9999.0 -9999.0 -9999.0 -99.000 -99.000 -99.000 -99.000 -99.000 -9999.0 -9999.0 -9999.0 -9999.0 -9999.0
96407 20151213 -9.000 -159.00   66.56 -9999.0 -9999.0 -9999.0 -9999.0 -9999.0 -9999.00 U -9999.0 -9999.0 -9999.0 -9999.0 -9999.0 -9999.0 -99.000 -99.000 -99.000 -99.000 -99.000 -9999.0 -9999.0 -9999.0 -9999.0 -9999.0
96407 20151214  2.515 -159.00   66.56 -9999.0 -9999.0 -9999.0 -9999.0 -9999.0 -9999.00 U -9999.0 -9999.0 -9999.0 -9999.0 -9999.0 -9999.0 -99.000 -99.000 -99.000 -99.000 -99.000 -9999.0 -9999.0 -9999.0 -9999.0 -9999.0
96407 20151215  2.515 -159.00   66.56 -9999.0 -9999.0 -9999.0 -9999.0 -9999.0 -9999.00 U -9999.0 -9999.0 -9999.0 -9999.0 -9999.0 -9999.0 -99.000 -99.000 -99.000 -99.000 -99.000 -9999.0 -9999.0 -9999.0 -9999.0 -9999.0
96407 20151216  2.515 -159.00   66.56 -9999.0 -9999.0 -9999.0 -9999.0 -9999.0 -9999.00 U -9999.0 -9999.0 -9999.0 -9999.0 -9999.0 -9999.0 -99.000 -99.000 -99.000 -99.000 -99.000 -9999.0 -9999.0 -9999.0 -9999.0 -9999.0
96407 20151217 -9.000 -159.00   66.56 -9999.0 -9999.0 -9999.0 -9999.0 -9999.0 -9999.00 U -9999.0 -9999.0 -9999.0 -9999.0 -9999.0 -9999.0 -99.000 -99.000 -99.000 -99.000 -99.000 -9999.0 -9999.0 -9999.0 -9999.0 -9999.0
96407 20151218  2.515 -159.00   66.56 -9999.0 -9999.0 -9999.0 -9999.0 -9999.0 -9999.00 U -9999.0 -9999.0 -9999.0 -9999.0 -9999.0 -9999.0 -99.000 -99.000 -99.000 -99.000 -99.000 -9999.0 -9999.0 -9999.0 -9999.0 -9999.0
96407 20151219  2.515 -159.00   66.56 -9999.0 -9999.0 -9999.0 -9999.0 -9999.0 -9999.00 U -9999.0 -9999.0 -9999.0 -9999.0 -9999.0 -9999.0 -99.000 -99.000 -99.000 -99.000 -99.000 -9999.0 -9999.0 -9999.0 -9999.0 -9999.0
96407 20151220 -9.000 -159.00   66.56 -9999.0 -9999.0 -9999.0 -9999.0 -9999.0 -9999.00 U -9999.0 -9999.0 -9999.0 -9999.0 -9999.0 -9999.0 -99.000 -99.000 -99.000 -99.000 -99.000 -9999.0 -9999.0 -9999.0 -9999.0 -9999.0
96407 20151221 -9.000 -159.00   66.56 -9999.0 -9999.0 -9999.0 -9999.0 -9999.0 -9999.00 U -9999.0 -9999.0 -9999.0 -9999.0 -9999.0 -9999.0 -99.000 -99.000 -99.000 -99.000 -99.000 -9999.0 -9999.0 -9999.0 -9999.0 -9999.0
96407 20151222 -9.000 -159.00   66.56 -9999.0 -9999.0 -9999.0 -9999.0 -9999.0 -9999.00 U -9999.0 -9999.0 -9999.0 -9999.0 -9999.0 -9999.0 -99.000 -99.000 -99.000 -99.000 -99.000 -9999.0 -9999.0 -9999.0 -9999.0 -9999.0
96407 20151223 -9.000 -159.00   66.56 -9999.0 -9999.0 -9999.0 -9999.0 -9999.0 -9999.00 U -9999.0 -9999.0 -9999.0 -9999.0 -9999.0 -9999.0 -99.000 -99.000 -99.000 -99.000 -99.000 -9999.0 -9999.0 -9999.0 -9999.0 -9999.0
96407 20151224 -9.000 -159.00   66.56 -9999.0 -9999.0 -9999.0 -9999.0 -9999.0 -9999.00 U -9999.0 -9999.0 -9999.0 -9999.0 -9999.0 -9999.0 -99.000 -99.000 -99.000 -99.000 -99.000 -9999.0 -9999.0 -9999.0 -9999.0 -9999.0
96407 20151225  2.515 -159.00   66.56 -9999.0 -9999.0 -9999.0 -9999.0 -9999.0 -9999.00 U -9999.0 -9999.0 -9999.0 -9999.0 -9999.0 -9999.0 -99.000 -99.000 -99.000 -99.000 -99.000 -9999.0 -9999.0 -9999.0 -9999.0 -9999.0
96407 20151226 -9.000 -159.00   66.56 -9999.0 -9999.0 -9999.0 -9999.0 -9999.0 -9999.00 U -9999.0 -9999.0 -9999.0 -9999.0 -9999.0 -9999.0 -99.000 -99.000 -99.000 -99.000 -99.000 -9999.0 -9999.0 -9999.0 -9999.0 -9999.0
96407 20151227 -9.000 -159.00   66.56 -9999.0 -9999.0 -9999.0 -9999.0 -9999.0 -9999.00 U -9999.0 -9999.0 -9999.0 -9999.0 -9999.0 -9999.0 -99.000 -99.000 -99.000 -99.000 -99.000 -9999.0 -9999.0 -9999.0 -9999.0 -9999.0
96407 20151228  2.515 -159.00   66.56 -9999.0 -9999.0 -9999.0 -9999.0 -9999.0 -9999.00 U -9999.0 -9999.0 -9999.0 -9999.0 -9999.0 -9999.0 -99.000 -99.000 -99.000 -99.000 -99.000 -9999.0 -9999.0 -9999.0 -9999.0 -9999.0
96407 20151229 -9.000 -159.00   66.56 -9999.0 -9999.0 -9999.0 -9999.0 -9999.0 -9999.00 U -9999.0 -9999.0 -9999.0 -9999.0 -9999.0 -9999.0 -99.000 -99.000 -99.000 -99.000 -99.000 -9999.0 -9999.0 -9999.0 -9999.0 -9999.0
96407 20151230  2.515 -159.00   66.56 -9999.0 -9999.0 -9999.0 -9999.0 -9999.0 -9999.00 U -9999.0 -9999.0 -9999.0 -9999.0 -9999.0 -9999.0 -99.000 -99.000 -99.000 -99.000 -99.000 -9999.0 -9999.0 -9999.0 -9999.0 -9999.0
96407 20151231  2.515 -159.00   66.56 -9999.0 -9999.0 -9999.0 -9999.0 -9999.0 -9999.00 U -9999.0 -9999.0 -9999.0 -9999.0 -9999.0 -9999.0 -99.000 -99.000 -99.000 -99.000 -99.000 -9999.0 -9999.0 -9999.0 -9999.0 -9999.0
