53182 20150101  2.422 -101.61   36.57    -1.1    -9.9    -5.5    -6.0     0.0     5.16 C     2.2    -9.5    -4.7    81.0    51.0    67.8 -99.000   0.217   0.124   0.123   0.163    -0.6     0.2     1.7     4.4     7.3
53182 20150102  2.422 -101.61   36.57     2.3   -11.2    -4.4    -3.9     0.0     6.24 C     4.7   -10.9    -4.2    82.2    46.2    65.9 -99.000 -99.000   0.124   0.124   0.164    -1.2    -0.4     1.4     4.1     7.0
53182 20150103  2.422 -101.61   36.57     0.6   -10.5    -5.0    -2.1     8.9     2.10 C     0.2   -11.9    -2.2    94.2    69.3    86.8 -99.000   0.218   0.123   0.123   0.164    -0.4     0.3     1.4     3.9     6.8
53182 20150104  2.422 -101.61   36.57    -6.9   -17.9   -12.4   -11.5     0.0    11.24 C    -7.8   -21.8   -14.3    81.8    46.5    68.2 -99.000   0.218   0.123   0.124   0.162    -0.1     0.5     1.6     3.9     6.5
53182 20150105  2.422 -101.61   36.57     7.9   -12.4    -2.3    -2.7     0.0    11.33 C     0.6   -16.6    -6.3    89.7    51.4    76.4 -99.000   0.215   0.123   0.124   0.162    -0.2     0.6     1.6     3.8     6.4
53182 20150106  2.422 -101.61   36.57     7.9    -3.1     2.4     1.8     0.0    10.89 C     2.3    -5.3    -1.8    85.4    49.1    69.8 -99.000   0.207   0.122   0.123   0.161     0.1     0.9     1.7     3.7     6.2
53182 20150107  2.422 -101.61   36.57     0.0    -9.2    -4.6    -6.6     0.0     5.30 C    -1.7    -7.2    -5.0    87.0    43.5    63.8   0.209   0.208   0.121   0.123   0.162     0.3     0.9     1.8     3.8     6.1
53182 20150108  2.422 -101.61   36.57    12.4    -6.2     3.1     1.6     0.0    11.02 C     6.2    -6.4    -1.3    83.4    30.5    60.0 -99.000   0.216   0.122   0.123   0.161    -0.1     0.5     1.7     3.7     6.0
53182 20150109  2.422 -101.61   36.57     0.6    -5.2    -2.3    -3.2     0.0     3.12 C     0.0    -4.8    -1.7    81.6    45.5    56.6   0.209   0.227   0.121   0.124   0.163     0.1     0.7     1.6     3.7     6.0
53182 20150110  2.422 -101.61   36.57     8.5    -5.3     1.6     0.2     0.0    11.17 C     5.3    -6.2    -1.7    83.1    40.6    58.8 -99.000   0.241   0.122   0.124   0.162    -0.1     0.5     1.6     3.6     5.9
53182 20150111  2.422 -101.61   36.57    12.0    -6.5     2.8     0.9     0.0    11.56 C     9.5    -5.1    -0.3    91.1    34.2    72.0 -99.000   0.254   0.122   0.123   0.161    -0.1     0.6     1.5     3.5     5.8
53182 20150112  2.422 -101.61   36.57    -1.9    -7.0    -4.4    -4.9     0.0     4.34 C    -0.5    -5.5    -2.9    90.6    41.5    65.3 -99.000   0.259   0.122   0.123   0.162     0.1     0.7     1.6     3.5     5.7
53182 20150113  2.422 -101.61   36.57     3.1    -9.3    -3.1    -3.5     0.0     7.30 C     4.1    -8.0    -2.3    79.5    39.5    59.7 -99.000   0.277   0.122   0.123   0.162    -0.3     0.3     1.4     3.4     5.6
53182 20150114  2.422 -101.61   36.57     1.3    -4.0    -1.3    -1.3     0.4     3.83 C     1.4    -3.2    -0.9    88.9    65.5    74.5 -99.000   0.259   0.122   0.123   0.161    -0.2     0.4     1.3     3.3     5.5
53182 20150115  2.422 -101.61   36.57    11.9    -5.3     3.3     2.5     0.0    12.16 C     9.8    -5.4    -0.2    87.1    25.4    56.3 -99.000   0.254   0.122   0.123   0.162    -0.1     0.4     1.4     3.3     5.5
53182 20150116  2.422 -101.61   36.57    18.1    -4.0     7.1     5.4     0.0    12.51 C    13.9    -5.0     1.4    79.7    15.4    48.4 -99.000   0.246   0.121   0.123   0.161     0.3     0.8     1.4     3.2     5.4
53182 20150117  2.422 -101.61   36.57    14.2    -0.1     7.0     6.8     0.0    12.33 C    14.1    -2.9     2.7    64.5    20.2    39.4   0.221   0.238   0.122   0.123   0.160     1.4     1.8     1.8     3.3     5.3
53182 20150118  2.422 -101.61   36.57    20.1     0.3    10.2     8.6     0.0     8.96 C    17.5    -2.7     3.8    54.0     7.3    33.1   0.214   0.241   0.124   0.123   0.160     2.2     2.6     2.4     3.5     5.3
53182 20150119  2.422 -101.61   36.57    20.8    -0.9     9.9     8.6     0.0    12.17 C    22.8    -3.1     5.9    66.0    13.7    39.2   0.216   0.244   0.124   0.123   0.159     3.2     3.4     3.0     3.8     5.3
53182 20150120  2.422 -101.61   36.57     6.5    -0.3     3.1     3.9     0.0     3.43 C     8.7    -1.5     3.6    90.0    55.6    71.8   0.216   0.245   0.125   0.125   0.161     3.8     4.2     3.8     4.2     5.4
53182 20150121  2.422 -101.61   36.57     2.8    -0.8     1.0     0.7     8.5     2.28 C     4.1    -0.8     0.7    95.5    62.9    88.3   0.214   0.244   0.126   0.124   0.161     2.7     3.3     3.8     4.6     5.6
53182 20150122  2.422 -101.61   36.57     0.1    -7.7    -3.8    -3.3     1.7    12.81 C    -0.5    -9.1    -4.5    95.0    67.6    85.4   0.221   0.244   0.125   0.124   0.163     1.8     2.5     3.3     4.5     5.7
53182 20150123  2.422 -101.61   36.57     7.5   -11.2    -1.8    -2.1     0.0    13.43 C     2.7   -11.9    -4.1    84.1    38.7    67.9   0.246   0.247   0.124   0.124   0.162     1.0     1.8     2.8     4.4     5.8
53182 20150124  2.422 -101.61   36.57    10.5    -1.5     4.5     3.9     0.0    12.90 C    11.0    -3.1     1.8    80.3    38.7    63.1   0.273   0.283   0.124   0.124   0.162     1.5     2.0     2.5     4.1     5.8
53182 20150125  2.422 -101.61   36.57    14.8    -0.2     7.3     6.9     0.0    13.04 C    14.3    -1.3     3.9    78.4    30.9    54.9   0.268   0.317   0.124   0.125   0.162     2.8     3.1     3.0     4.1     5.7
53182 20150126  2.422 -101.61   36.57    21.8     2.0    11.9    10.4     0.0    13.23 C    21.0    -0.9     6.7    75.8    18.6    47.4   0.263   0.316   0.125   0.124   0.161     4.1     4.2     3.7     4.4     5.7
53182 20150127  2.422 -101.61   36.57    24.4     3.3    13.8    11.8     0.0    12.76 C    25.1     0.2     8.5    70.4    15.9    47.5   0.260   0.315   0.127   0.125   0.162     5.5     5.6     4.7     4.8     5.8
53182 20150128  2.422 -101.61   36.57    22.1     4.5    13.3    11.7     0.0    12.29 C    26.1     1.5     9.1    79.9    14.7    46.5   0.257   0.312   0.128   0.125   0.163     6.3     6.5     5.6     5.4     5.9
53182 20150129  2.422 -101.61   36.57     9.4     1.6     5.5     6.0     0.0     6.45 C    14.1    -1.9     5.3    72.6    36.6    53.1   0.252   0.309   0.130   0.128   0.162     5.9     6.2     6.0     5.9     6.2
53182 20150130  2.422 -101.61   36.57     6.3     1.2     3.7     2.8     4.7     3.22 C     9.6     0.2     3.2    92.3    49.4    70.8   0.247   0.304   0.128   0.128   0.163     4.5     5.0     5.5     6.1     6.4
53182 20150131  2.422 -101.61   36.57     6.4     0.9     3.6     2.9     4.2     3.40 C     7.5     0.8     3.4    93.2    75.7    88.6   0.284   0.327   0.127   0.128   0.163     4.0     4.5     5.0     5.9     6.6
53182 20150201  2.422 -101.61   36.57     3.9    -8.2    -2.1    -0.7     0.0    12.56 C     8.7    -6.1     0.7    91.9    48.1    70.4   0.280   0.333   0.127   0.128   0.160     3.7     4.2     4.7     5.8     6.6
53182 20150202  2.422 -101.61   36.57    10.8    -8.6     1.1     0.8     0.0    12.37 C    13.7    -6.7     0.7    83.9    43.9    65.2   0.267   0.323   0.126   0.127   0.160     2.3     2.9     4.0     5.6     6.6
53182 20150203  2.422 -101.61   36.57    18.1    -3.4     7.3     6.4     0.0    11.38 C    19.7    -4.1     4.0    89.7    23.7    62.1   0.266   0.321   0.126   0.125   0.161     3.3     3.6     3.9     5.3     6.6
53182 20150204  2.422 -101.61   36.57     5.9    -6.6    -0.4    -1.8     0.0     1.75 C     2.2    -4.6    -1.7    94.2    60.4    81.6   0.263   0.319   0.127   0.125   0.163     2.7     3.3     4.2     5.3     6.5
53182 20150205  2.422 -101.61   36.57    12.5    -6.7     2.9     1.3     0.0    14.33 C    18.5    -5.6     2.5    87.5    37.0    65.1   0.260   0.314   0.126   0.125   0.164     2.0     2.5     3.4     5.1     6.4
53182 20150206  2.422 -101.61   36.57    25.5     0.5    13.0    11.8     0.0    15.46 C    31.0    -2.3     8.4    80.3     7.0    40.8   0.260   0.315   0.128   0.125   0.163     4.1     4.1     3.8     5.0     6.4
53182 20150207  2.422 -101.61   36.57    28.7     3.3    16.0    14.8     0.0    15.59 C    35.4    -0.4    11.5    59.6     3.2    24.7   0.262   0.317   0.131   0.125   0.163     6.0     6.0     5.1     5.3     6.3
53182 20150208  2.422 -101.61   36.57    23.1     3.5    13.3    13.1     0.0    15.35 C    32.1     0.0    11.1    56.8    10.7    30.8   0.261   0.316   0.134   0.128   0.164     7.1     7.1     6.1     5.9     6.4
53182 20150209  2.422 -101.61   36.57    24.2     1.2    12.7    11.7     0.0    15.42 C    30.4    -1.3    10.3    70.7    12.5    40.5   0.259   0.315   0.137   0.128   0.163     7.2     7.3     6.7     6.4     6.5
53182 20150210  2.422 -101.61   36.57    20.6    -0.5    10.1     8.8     0.0    15.69 C    29.0    -3.5     8.7    81.4    18.9    50.8   0.256   0.313   0.139   0.129   0.163     7.3     7.4     6.9     6.8     6.8
53182 20150211  2.422 -101.61   36.57     6.9    -3.3     1.8     3.4     0.8     4.39 C     7.1    -5.1     2.5    86.8    42.2    65.2   0.252   0.309   0.142   0.130   0.164     6.1     6.6     6.9     7.1     7.1
53182 20150212  2.422 -101.61   36.57    13.3    -5.3     4.0     4.0     0.0    15.37 C    25.0    -5.8     4.7    79.9    24.1    54.5   0.247   0.304   0.142   0.129   0.165     4.6     5.1     5.8     6.9     7.2
53182 20150213  2.422 -101.61   36.57    19.4     0.1     9.7     9.9     0.0    15.75 C    31.2    -2.1     9.2    71.4    19.1    41.7   0.248   0.305   0.143   0.128   0.163     6.1     6.2     5.9     6.7     7.3
53182 20150214  2.422 -101.61   36.57    24.9     1.3    13.1    11.4     0.0    16.39 C    34.5    -1.5    10.9    73.0     9.9    41.0   0.249   0.306   0.146   0.129   0.163     7.1     7.1     6.6     6.8     7.3
53182 20150215  2.422 -101.61   36.57     1.3    -7.6    -3.2    -4.1     0.0     6.28 C     8.0    -6.9    -1.0    86.2    46.8    62.2   0.245   0.302   0.148   0.130   0.163     5.3     6.0     6.7     7.2     7.4
53182 20150216  2.422 -101.61   36.57     6.7    -8.4    -0.9     0.1     2.8    15.63 C    17.8   -11.8     1.2    93.6    41.1    72.7   0.242   0.297   0.146   0.130   0.165     4.3     4.7     5.5     6.9     7.4
53182 20150217  2.422 -101.61   36.57     8.1    -7.3     0.4     1.3     0.0    12.52 C    18.5    -6.9     1.8    88.7    18.0    55.2   0.243   0.299   0.147   0.128   0.164     4.3     4.7     5.4     6.6     7.4
53182 20150218  2.422 -101.61   36.57    11.1    -9.1     1.0     1.1     0.0    17.01 C    25.4    -8.5     2.8    80.6    22.8    50.2   0.241   0.296   0.146   0.128   0.164     3.5     4.0     4.8     6.3     7.4
53182 20150219  2.422 -101.61   36.57    20.4    -2.7     8.9     7.2     0.0    17.20 C    31.9    -5.1     7.8    80.8    16.9    50.5   0.242   0.297   0.147   0.128   0.163     4.7     4.8     4.9     6.1     7.2
53182 20150220  2.422 -101.61   36.57    21.9    -4.9     8.5     7.7     0.0    17.05 C    33.9    -5.6     9.6    89.2    14.2    53.4   0.244   0.299   0.149   0.128   0.163     6.2     6.1     5.7     6.3     7.2
53182 20150221  2.422 -101.61   36.57     9.7    -4.1     2.8     4.0     2.2    10.29 C    23.6    -4.7     6.2    88.4    38.5    65.5   0.244   0.300   0.152   0.129   0.164     6.4     6.7     6.5     6.6     7.2
53182 20150222  2.422 -101.61   36.57     3.0   -10.5    -3.7    -7.3    10.7     7.81 C     3.4   -10.2    -6.8    93.3    73.6    82.8   0.260   0.301   0.151   0.129   0.163     4.5     5.3     6.1     6.8     7.2
53182 20150223  2.422 -101.61   36.57    -7.7   -11.2    -9.4    -9.9     0.2    12.09 C    -2.5   -10.8    -7.9    84.8    67.9    77.1   0.274   0.314   0.150   0.129   0.163     3.0     3.7     4.9     6.5     7.3
53182 20150224  2.422 -101.61   36.57     5.7   -11.5    -2.9    -2.6     0.0    18.24 C    11.0   -11.5    -2.2    86.2    44.6    66.3   0.304   0.343   0.148   0.129   0.163     2.5     3.1     4.1     6.0     7.2
53182 20150225  2.422 -101.61   36.57    11.4    -4.2     3.6     3.0     0.0    16.53 C    15.4    -3.7     3.3    85.5    43.1    67.9   0.306   0.354   0.162   0.127   0.164     3.1     3.4     3.8     5.6     7.1
53182 20150226  2.422 -101.61   36.57    -0.2    -7.9    -4.0    -6.0     0.0     9.93 C     2.8    -5.5    -2.3    85.0    55.1    67.4   0.296   0.346   0.174   0.127   0.165     2.8     3.4     4.2     5.5     6.9
53182 20150227  2.422 -101.61   36.57    -7.6   -11.6    -9.6    -9.9     3.1     8.89 C    -5.4   -10.6    -8.5    85.2    51.3    74.2   0.282   0.334   0.180   0.127   0.164     1.5     2.2     3.4     5.3     6.8
53182 20150228  2.422 -101.61   36.57    -4.2   -11.0    -7.6    -7.4     2.0    12.95 C    -1.0   -12.2    -6.1    87.8    73.5    80.9   0.280   0.330   0.183   0.126   0.162     1.2     1.8     2.8     4.9     6.6
53182 20150301  2.422 -101.61   36.57    -1.5    -4.6    -3.1    -2.9     0.0     8.98 C     0.7    -4.2    -1.9    90.7    73.6    82.5   0.291   0.337   0.184   0.124   0.161     1.2     1.8     2.6     4.5     6.4
53182 20150302  2.422 -101.61   36.57     2.9    -3.6    -0.4    -0.6     0.0     5.82 C     3.1    -2.6    -0.4    89.6    75.9    83.7   0.299   0.349   0.190   0.124   0.163     1.4     1.9     2.5     4.3     6.2
53182 20150303  2.422 -101.61   36.57    11.9    -2.4     4.7     4.3     2.0     6.62 C    11.3    -1.3     3.5    89.9    43.3    73.0   0.300   0.352   0.198   0.125   0.162     2.7     3.0     2.9     4.2     6.0
53182 20150304  2.422 -101.61   36.57    -2.4    -8.3    -5.3    -5.5     1.1     6.62 C    -1.3    -8.8    -3.8    91.4    60.5    78.7   0.293   0.345   0.200   0.125   0.163     2.0     2.6     3.2     4.4     5.9
53182 20150305  2.422 -101.61   36.57     8.1    -9.4    -0.6    -1.5     0.0    20.19 C    15.2   -10.0    -0.8    83.0    22.8    62.8   0.291   0.342   0.199   0.125   0.163     1.7     2.0     2.7     4.3     5.8
53182 20150306  2.422 -101.61   36.57    16.3    -4.2     6.1     5.4     0.0    20.01 C    22.5    -4.4     5.1    85.5    21.7    54.9   0.294   0.346   0.201   0.124   0.160     3.3     3.3     3.1     4.2     5.7
53182 20150307  2.422 -101.61   36.57    18.9    -1.4     8.8     7.9     0.0    17.83 C    26.1    -1.8     7.6    82.6    15.2    50.0   0.294   0.346   0.204   0.125   0.160     5.1     4.9     4.3     4.5     5.7
53182 20150308  2.422 -101.61   36.57    18.4     1.8    10.1     9.0     0.0    17.38 C    27.1    -0.3     9.8    88.4    26.0    60.1   0.291   0.344   0.207   0.125   0.160     6.5     6.3     5.4     5.2     5.7
53182 20150309  2.422 -101.61   36.57    17.4     0.9     9.2     8.2     0.0    18.18 C    31.4     0.3    10.8    86.8    31.1    61.1   0.288   0.340   0.208   0.127   0.161     7.7     7.5     6.4     5.8     5.9
53182 20150310  2.422 -101.61   36.57    21.2     0.6    10.9    10.5     0.0    18.07 C    37.3    -0.4    11.7    90.4    18.7    53.2   0.285   0.338   0.208   0.128   0.160     8.3     8.3     7.2     6.5     6.2
53182 20150311  2.422 -101.61   36.57    23.6     1.1    12.3    12.1     0.0    20.67 C    39.6    -0.7    14.1    81.2    13.7    43.7   0.283   0.335   0.209   0.129   0.161     9.2     9.1     7.9     7.1     6.5
53182 20150312  2.422 -101.61   36.57    22.8     4.1    13.5    12.8     0.0    20.45 C    38.5     1.5    14.5    68.4    16.0    39.8   0.281   0.334   0.209   0.130   0.162     9.8     9.8     8.7     7.6     6.9
53182 20150313  2.422 -101.61   36.57    22.6     0.3    11.4    11.5     0.0    20.23 C    35.3     0.1    13.2    83.1    18.5    44.9   0.278   0.331   0.209   0.131   0.162     9.9     9.9     9.0     8.2     7.3
53182 20150314  2.422 -101.61   36.57    17.6     2.3    10.0     9.7     0.0    19.97 C    34.2    -1.9    11.2    67.0     8.9    35.7   0.275   0.327   0.209   0.131   0.163    10.0    10.0     9.3     8.5     7.6
53182 20150315  2.422 -101.61   36.57    23.5    -1.9    10.8    11.0     0.0    22.17 C    39.7    -4.1    13.2    65.2     9.6    31.2   0.272   0.324   0.209   0.132   0.163     9.4     9.5     9.1     8.8     7.9
53182 20150316  2.422 -101.61   36.57    30.2     4.8    17.5    17.6     0.0    21.26 C    42.3     2.1    17.8    42.5     8.0    23.0   0.272   0.325   0.209   0.132   0.165    10.8    10.7     9.6     8.9     8.2
53182 20150317  2.422 -101.61   36.57    16.5     1.9     9.2     7.7     0.0    17.86 C    27.0     3.9    11.4    69.5    25.5    42.9   0.270   0.323   0.210   0.134   0.163    11.0    11.1    10.3     9.4     8.4
53182 20150318  2.422 -101.61   36.57    15.0     3.5     9.2     7.9     1.0    13.38 C    27.6     4.5    10.7    84.7    37.6    65.3   0.266   0.320   0.209   0.133   0.164    10.3    10.5    10.0     9.6     8.6
53182 20150319  2.422 -101.61   36.57     8.8     5.3     7.0     6.5    17.0     1.73 C     9.7     5.5     7.2    94.9    78.1    90.8   0.294   0.340   0.209   0.134   0.163     9.3     9.7     9.8     9.7     8.9
53182 20150320  2.422 -101.61   36.57    18.1     4.9    11.5    10.7     0.0    20.21 C    25.6     4.1    11.8    91.1    34.0    65.0   0.326   0.382   0.228   0.133   0.165     9.9    10.0     9.3     9.5     9.0
53182 20150321  2.422 -101.61   36.57    20.7     3.5    12.1    11.8     0.0    20.22 C    30.5     2.7    12.9    88.1    32.9    63.5   0.311   0.368   0.233   0.134   0.164    11.0    11.0    10.1     9.6     9.1
53182 20150322  2.422 -101.61   36.57    25.2     4.7    14.9    14.5     0.0    22.93 C    37.5     3.5    15.9    90.9    14.0    51.9   0.304   0.359   0.232   0.134   0.165    12.3    12.2    10.9    10.0     9.2
53182 20150323  2.422 -101.61   36.57    19.1     3.1    11.1    10.4     0.0    17.51 C    32.5     2.2    12.8    81.1    33.8    56.6   0.297   0.352   0.231   0.136   0.164    12.1    12.2    11.5    10.6     9.4
53182 20150324  2.422 -101.61   36.57    22.7     1.7    12.2    13.0     0.0    22.49 C    37.8     0.6    14.8    91.8     8.1    40.6   0.292   0.346   0.229   0.135   0.166    12.0    12.1    11.4    10.8     9.6
53182 20150325  2.422 -101.61   36.57    18.8     0.7     9.8     9.7     0.9    16.62 C    32.9     0.4    11.8    92.8    28.1    58.0   0.288   0.342   0.228   0.135   0.164    12.0    12.1    11.6    11.0     9.9
53182 20150326  2.422 -101.61   36.57    19.0    -1.9     8.6     8.0     0.0    22.24 C    35.8    -1.8    11.5    93.3    14.4    54.0   0.282   0.337   0.226   0.135   0.165    10.8    11.1    11.0    11.0    10.0
53182 20150327  2.422 -101.61   36.57    21.2     0.5    10.8    11.0     0.0    22.60 C    38.7     0.4    15.4    82.2    21.6    46.9   0.281   0.335   0.225   0.135   0.164    11.9    12.0    11.2    10.9    10.1
53182 20150328  2.422 -101.61   36.57    29.0     5.5    17.3    18.0     0.0    23.99 C    47.6     3.3    20.4    66.7     9.8    31.7   0.282   0.335   0.225   0.135   0.166    13.7    13.5    11.9    11.1    10.2
53182 20150329  2.422 -101.61   36.57    23.2     9.4    16.3    15.7     0.0    23.69 C    37.3     4.8    17.3    50.2    10.7    28.9   0.280   0.333   0.226   0.137   0.165    14.3    14.2    13.0    11.7    10.4
53182 20150330  2.422 -101.61   36.57    27.1     4.5    15.8    16.1     0.0    21.48 C    41.6     2.6    17.9    60.5    13.4    32.4   0.276   0.330   0.225   0.138   0.163    13.9    13.9    13.0    12.1    10.7
53182 20150331  2.422 -101.61   36.57    28.7     5.0    16.8    17.3     0.0    24.08 C    45.4     4.0    20.5    72.4    13.4    36.5   0.274   0.328   0.225   0.140   0.166    14.9    14.8    13.4    12.4    10.9
53182 20150401  2.422 -101.61   36.57    31.1     7.7    19.4    19.8     0.0    21.33 C    48.7     5.5    21.9    79.7     6.6    35.7   0.272   0.326   0.225   0.139   0.166    15.8    15.7    14.2    12.8    11.1
53182 20150402  2.422 -101.61   36.57    25.1     5.3    15.2    15.4     0.0    24.30 C    44.0     4.6    20.1    77.0    14.4    42.2   0.269   0.324   0.226   0.140   0.167    16.2    16.1    14.7    13.2    11.4
53182 20150403  2.422 -101.61   36.57    13.6     1.7     7.7     6.7     0.0    17.43 C    33.4    -0.9    11.3    74.4    23.8    52.0   0.262   0.319   0.223   0.141   0.166    14.5    14.9    14.5    13.6    11.7
53182 20150404  2.422 -101.61   36.57    18.8    -0.5     9.2     9.6     0.0    21.22 C    35.4    -2.1    12.7    57.3    13.9    32.7   0.256   0.312   0.220   0.140   0.168    12.9    13.3    13.4    13.4    11.9
53182 20150405  2.422 -101.61   36.57    28.9     8.0    18.4    17.2     0.0    21.85 C    48.1     6.5    19.9    49.4    10.1    29.8   0.255   0.312   0.219   0.140   0.167    14.3    14.3    13.3    13.1    12.0
53182 20150406  2.422 -101.61   36.57    29.6     6.7    18.1    18.6     0.0    25.01 C    47.2     3.0    20.5    59.1     4.1    23.6   0.252   0.310   0.218   0.140   0.165    15.4    15.4    14.1    13.3    12.0
53182 20150407  2.422 -101.61   36.57    29.1     6.8    17.9    18.3     0.0    23.95 C    47.9     4.3    21.0    36.5     5.3    18.3   0.246   0.305   0.217   0.140   0.166    16.1    16.0    14.7    13.7    12.2
53182 20150408  2.422 -101.61   36.57    30.8     7.3    19.0    18.8     0.0    24.02 C    46.1     7.0    21.6    44.6    10.3    24.4   0.239   0.300   0.215   0.141   0.167    16.6    16.5    15.2    14.1    12.4
53182 20150409  2.422 -101.61   36.57    18.3     2.1    10.2    11.7     0.0    25.66 C    34.3     2.0    16.0    80.4    21.9    45.4   0.232   0.294   0.213   0.143   0.166    16.3    16.4    15.5    14.4    12.6
53182 20150410  2.422 -101.61   36.57 -9999.0 -9999.0 -9999.0 -9999.0 -9999.0 -9999.00 U -9999.0 -9999.0 -9999.0 -9999.0 -9999.0 -9999.0 -99.000 -99.000 -99.000 -99.000 -99.000 -9999.0 -9999.0 -9999.0 -9999.0 -9999.0
53182 20150411  2.422 -101.61   36.57    23.7     5.5    14.6    14.3     0.0    20.05 C    38.9     4.6    17.7    86.9    37.9    60.1   0.221   0.286   0.208   0.144   0.170    15.5    15.7    14.9    14.4    13.0
53182 20150412  2.422 -101.61   36.57    28.1    12.2    20.1    19.5     0.0    17.35 C    49.3    10.4    22.5    92.4    10.6    47.9   0.218   0.282   0.206   0.144   0.169    16.9    16.9    15.4    14.5    13.1
53182 20150413  2.422 -101.61   36.57    20.5     7.5    14.0    13.6     0.0    19.89 C    41.4     3.9    18.1    57.8    10.1    31.6   0.211   0.278   0.204   0.145   0.169    16.7    16.9    15.9    14.9    13.2
53182 20150414  2.422 -101.61   36.57    21.8     2.3    12.0    12.3     0.0    25.81 C    46.5     1.0    18.7    66.6    17.5    38.6   0.204   0.271   0.201   0.146   0.168    16.2    16.4    15.6    15.0    13.4
53182 20150415  2.422 -101.61   36.57    28.9     7.4    18.1    17.6     0.0    24.60 C    46.6     6.4    22.2    89.8     8.7    45.8   0.199   0.267   0.198   0.146   0.169    17.1    17.2    15.9    15.0    13.5
53182 20150416  2.422 -101.61   36.57    21.3     9.0    15.2    14.1     0.5    12.77 C    42.5     7.8    17.2    91.2    41.5    70.5   0.193   0.262   0.196   0.146   0.172    16.9    17.2    16.3    15.3    13.6
53182 20150417  2.422 -101.61   36.57    23.5     9.2    16.4    14.8     0.7    20.56 C    42.1     7.7    19.0    95.0    12.0    67.7   0.190   0.259   0.194   0.147   0.168    16.8    17.0    16.1    15.4    13.8
53182 20150418  2.422 -101.61   36.57    21.0     0.3    10.7    11.0     0.0    23.18 C    43.0    -0.8    15.7    94.5    18.2    51.5   0.185   0.254   0.192   0.147   0.169    16.1    16.4    15.9    15.5    13.9
53182 20150419  2.422 -101.61   36.57    16.3     3.6     9.9     9.2     0.0    16.51 C    34.1     2.3    12.7    77.7    21.9    52.2   0.181   0.250   0.189   0.147   0.172    14.9    15.4    15.4    15.3    14.0
53182 20150420  2.422 -101.61   36.57    19.6     4.9    12.3    11.4     0.0    20.03 C    48.2     4.4    18.6    80.5    20.7    42.1   0.179   0.248   0.186   0.147   0.172    15.3    15.5    14.9    15.0    14.0
53182 20150421  2.422 -101.61   36.57    25.5     2.5    14.0    15.4     0.3    26.47 C    52.0     1.3    22.7    92.3    11.7    46.4   0.176   0.246   0.184   0.147   0.173    16.9    16.8    15.5    15.1    14.0
53182 20150422  2.422 -101.61   36.57    21.6     4.7    13.1    12.8     2.9    19.79 C    44.7     4.1    18.6    89.0    43.3    62.4   0.173   0.244   0.183   0.147   0.173    17.2    17.3    16.3    15.4    14.0
53182 20150423  2.422 -101.61   36.57    24.2     8.7    16.5    14.6     0.0    15.30 C    36.4     8.1    17.1    94.5    44.6    78.9   0.170   0.241   0.182   0.149   0.171    16.4    16.8    16.2    15.6    14.1
53182 20150424  2.422 -101.61   36.57    26.5     8.1    17.3    16.6     0.0    22.55 C    45.1     6.7    20.5    91.8    16.3    50.4   0.169   0.239   0.180   0.148   0.169    17.0    17.1    16.1    15.6    14.3
53182 20150425  2.422 -101.61   36.57    27.0     7.2    17.1    17.6     0.0    23.63 C    53.0     5.0    22.8    80.4    10.2    35.6   0.166   0.237   0.177   0.148   0.172    17.6    17.7    16.4    15.7    14.3
53182 20150426  2.422 -101.61   36.57    15.4     8.1    11.8    10.9     3.6     4.66 C    19.7     8.6    12.6    94.9    44.8    84.6   0.162   0.233   0.176   0.148   0.174    16.3    16.9    16.6    15.9    14.4
53182 20150427  2.422 -101.61   36.57     8.1     4.3     6.2     6.0    36.3     2.59 C     8.6     5.3     6.6    94.6    73.6    89.2   0.278   0.317   0.172   0.148   0.173    12.0    13.1    14.8    15.6    14.5
53182 20150428  2.422 -101.61   36.57    18.1     2.7    10.4    10.5     0.0    26.82 C    24.3     1.0    11.0    89.3    27.2    56.3   0.343   0.401   0.167   0.147   0.172    12.1    12.2    12.8    14.5    14.4
53182 20150429  2.422 -101.61   36.57    22.0     3.7    12.8    13.4     0.0    27.25 C    31.9     2.2    14.7    82.5    26.4    52.4   0.320   0.376   0.180   0.147   0.171    14.2    14.1    13.6    14.1    14.2
53182 20150430  2.422 -101.61   36.57    28.0     4.9    16.5    17.3     0.0    27.49 C    40.5     4.1    19.6    89.5    17.1    49.1   0.307   0.364   0.197   0.146   0.172    16.2    16.1    14.8    14.3    14.0
53182 20150501  2.422 -101.61   36.57    27.9     9.4    18.7    18.5     0.0    25.24 C    41.3     8.0    21.6    82.6    17.3    46.5   0.296   0.356   0.207   0.147   0.171    17.7    17.6    16.0    14.9    13.9
53182 20150502  2.422 -101.61   36.57    29.8    12.2    21.0    20.9     0.0    24.47 C    42.0    10.7    23.1    79.1    17.9    42.7   0.287   0.346   0.213   0.148   0.170    18.7    18.6    17.0    15.6    14.1
53182 20150503  2.422 -101.61   36.57    31.3    11.0    21.1    19.5    14.4    19.72 C    50.1    10.0    22.2    80.9    15.4    50.4   0.290   0.338   0.216   0.149   0.172    19.0    19.0    17.6    16.1    14.3
53182 20150504  2.422 -101.61   36.57    25.1    13.6    19.3    17.3     6.4    16.22 C    32.1    12.9    18.4    90.2    40.6    71.9   0.325   0.363   0.218   0.150   0.171    18.5    18.6    17.7    16.5    14.6
53182 20150505  2.422 -101.61   36.57    21.1    11.2    16.2    14.7    27.9    11.05 C    24.2    11.2    16.0    94.6    56.0    85.5   0.389   0.444   0.324   0.264   0.170    17.2    17.6    17.3    16.7    14.8
53182 20150506  2.422 -101.61   36.57    26.1     9.9    18.0    17.8     0.0    26.61 C    26.7     8.5    16.1    91.2    30.2    61.2   0.359   0.422   0.349   0.313   0.169    16.8    17.1    16.7    16.6    15.1
53182 20150507  2.422 -101.61   36.57    26.1    11.0    18.5    17.2     0.0    23.49 C    36.7     9.3    18.0    90.2    31.9    64.6   0.331   0.391   0.320   0.291   0.173    17.6    17.7    16.9    16.5    15.2
53182 20150508  2.422 -101.61   36.57    21.5     9.8    15.6    13.8     0.0    13.12 C    28.3     9.1    14.9    94.9    46.2    83.2   0.316   0.376   0.308   0.281   0.171    16.4    17.0    16.8    16.6    15.2
53182 20150509  2.422 -101.61   36.57    24.5     7.2    15.8    16.1     8.6    21.44 C    27.9     5.0    15.3    95.2    18.8    61.7   0.334   0.387   0.302   0.276   0.170    16.6    16.9    16.5    16.4    15.3
53182 20150510  2.422 -101.61   36.57    16.9     3.9    10.4    10.2     0.0    28.64 C    28.9     2.5    13.0    82.8    34.0    55.2   0.322   0.378   0.301   0.271   0.171    15.2    15.7    16.0    16.3    15.3
53182 20150511  2.422 -101.61   36.57    17.5     2.0     9.8    10.0     0.0    25.60 C    36.2     1.7    15.2    85.0    30.6    54.2   0.312   0.368   0.297   0.269   0.171    15.5    15.7    15.6    15.9    15.3
53182 20150512  2.422 -101.61   36.57    22.4     5.5    14.0    14.5     0.0    26.79 C    35.7     4.5    17.7    85.7    32.9    55.5   0.304   0.360   0.292   0.267   0.172    16.5    16.6    16.0    15.9    15.2
53182 20150513  2.422 -101.61   36.57    14.8    10.9    12.9    13.0    12.4     4.19 C    18.1    10.2    13.8    94.9    66.4    87.4   0.320   0.370   0.289   0.265   0.173    15.6    16.1    16.1    16.0    15.2
53182 20150514  2.422 -101.61   36.57    26.4     9.5    18.0    18.4     0.0    23.19 C    31.1     9.8    19.1    95.2    32.6    68.4   0.341   0.398   0.295   0.262   0.174    17.3    17.1    16.0    15.9    15.1
53182 20150515  2.422 -101.61   36.57    27.2    12.2    19.7    19.7     4.6    26.36 C    35.6    10.9    20.7    87.6    29.2    56.7   0.323   0.380   0.298   0.262   0.174    18.5    18.2    17.0    16.2    15.2
53182 20150516  2.422 -101.61   36.57    21.6    10.6    16.1    15.1    11.7    17.47 C    27.5     8.4    15.2    93.1    34.6    71.0   0.355   0.404   0.303   0.263   0.173    17.3    17.7    17.3    16.7    15.3
53182 20150517  2.422 -101.61   36.57    25.0     8.5    16.7    16.9     0.0    26.38 C    31.9     6.4    16.6    85.1    26.6    50.5   0.348   0.405   0.322   0.264   0.173    16.9    16.9    16.6    16.6    15.4
53182 20150518  2.422 -101.61   36.57    21.0     8.9    15.0    15.3     0.0    24.20 C    32.0     7.7    17.7    85.4    49.2    67.1   0.328   0.385   0.314   0.267   0.177    17.5    17.4    16.9    16.6    15.5
53182 20150519  2.422 -101.61   36.57    14.0     6.1    10.1    10.2    18.6     4.00 C    15.1     7.6    11.5    94.3    74.7    91.2   0.369   0.434   0.351   0.299   0.177    15.3    16.0    16.7    16.7    15.6
53182 20150520  2.422 -101.61   36.57    12.6     4.7     8.6     8.4     0.0    14.93 C    21.5     6.1    11.2    93.5    63.9    79.0   0.357   0.421   0.352   0.346   0.176    13.9    14.2    15.2    16.1    15.6
53182 20150521  2.422 -101.61   36.57    14.0     7.2    10.6    10.5     8.3    12.63 C    22.5     7.6    12.9    93.0    60.4    74.7   0.343   0.402   0.334   0.335   0.175    14.2    14.4    14.8    15.6    15.4
53182 20150522  2.422 -101.61   36.57    19.8     9.4    14.6    13.4     8.3    13.65 C    23.3     9.0    14.4    94.2    59.5    83.1   0.385   0.448   0.381   0.368   0.175    14.5    14.7    14.8    15.4    15.2
53182 20150523  2.422 -101.61   36.57    19.2    12.1    15.6    14.8    30.8    10.66 C    25.4    12.0    15.9    94.9    70.1    87.3   0.405   0.465   0.430   0.441   0.246    15.1    15.3    14.8    15.1    15.0
53182 20150524  2.422 -101.61   36.57    25.2    11.2    18.2    17.4     0.0    21.24 C    31.8    10.8    18.6    94.6    30.8    70.5   0.365   0.426   0.372   0.403   0.266    16.9    16.7    15.6    15.4    15.0
53182 20150525  2.422 -101.61   36.57    23.7     8.0    15.9    16.1     0.0    23.77 C    30.3     7.8    17.5    90.4    37.2    66.0   0.345   0.403   0.349   0.379   0.261    17.4    17.2    16.4    15.8    15.0
53182 20150526  2.422 -101.61   36.57    24.9    10.1    17.5    17.6     0.0    27.25 C    39.6     9.2    21.5    91.1    40.9    67.6   0.334   0.390   0.338   0.366   0.254    18.8    18.1    17.0    16.2    15.1
53182 20150527  2.422 -101.61   36.57    30.3    13.5    21.9    20.8     0.0    26.64 C    44.2    12.2    24.2    91.7    25.6    62.5   0.324   0.380   0.331   0.361   0.250    20.7    19.7    18.2    16.7    15.3
53182 20150528  2.422 -101.61   36.57    25.3    14.3    19.8    18.6     2.6    19.68 C    38.7    13.9    21.3    93.2    48.1    74.1   0.314   0.370   0.324   0.355   0.248    20.3    20.0    18.8    17.4    15.6
53182 20150529  2.422 -101.61   36.57    25.3    11.5    18.4    18.3     0.0    26.07 C    38.8    11.2    21.5    94.8    39.9    68.7   0.306   0.360   0.319   0.350   0.243    20.3    19.6    18.7    17.7    15.9
53182 20150530  2.422 -101.61   36.57    20.6    11.5    16.0    15.0     0.0    21.62 C    37.9    10.4    19.9    82.0    43.7    66.5   0.298   0.353   0.314   0.347   0.240    20.0    19.4    18.9    18.0    16.1
53182 20150531  2.422 -101.61   36.57    27.5     8.5    18.0    19.0     0.0    25.28 C    43.3     8.4    22.8    89.7    41.1    65.8   0.290   0.346   0.309   0.343   0.241    20.2    19.7    18.9    18.1    16.4
53182 20150601  2.422 -101.61   36.57    30.2    15.0    22.6    22.5     1.6    27.53 C    44.1    14.3    26.0    92.6    37.3    65.7   0.283   0.339   0.305   0.340   0.238    22.4    21.3    19.7    18.3    16.6
53182 20150602  2.422 -101.61   36.57    32.3    13.5    22.9    24.0     0.0    28.75 C    45.3    13.1    27.1    89.5    30.4    56.4   0.268   0.326   0.301   0.336   0.238    23.0    22.2    20.7    18.9    16.8
53182 20150603  2.422 -101.61   36.57    33.2    17.0    25.1    25.1     0.0    27.87 C    49.7    15.2    29.4    85.1    26.1    55.5   0.250   0.313   0.295   0.335   0.237    24.2    23.1    21.3    19.4    17.1
53182 20150604  2.422 -101.61   36.57    34.5    18.4    26.5    25.1     0.5    26.32 C    47.5    16.9    28.2    88.8    22.7    58.5   0.231   0.299   0.287   0.330   0.236    24.7    23.8    22.1    20.1    17.4
53182 20150605  2.422 -101.61   36.57    31.6    18.0    24.8    24.1     0.0    27.36 C    45.6    16.5    28.3    85.2    25.5    58.8   0.215   0.285   0.279   0.324   0.234    24.6    23.7    22.3    20.6    17.8
53182 20150606  2.422 -101.61   36.57    30.8    17.5    24.2    24.3     0.0    27.93 C    46.3    16.7    28.6    87.9    30.1    57.5   0.202   0.272   0.269   0.318   0.235    24.9    24.0    22.7    20.9    18.2
53182 20150607  2.422 -101.61   36.57    33.1    15.0    24.0    22.2    12.5    23.11 C    50.1    14.4    26.0    89.9    30.1    63.2   0.193   0.266   0.258   0.313   0.234    24.6    23.8    22.8    21.2    18.6
53182 20150608  2.422 -101.61   36.57    29.0    14.3    21.7    22.0     0.0    29.16 C    39.2    13.9    24.4    90.7    39.2    64.1   0.188   0.270   0.249   0.309   0.232    23.9    22.9    22.4    21.3    18.8
53182 20150609  2.422 -101.61   36.57    32.4    15.0    23.7    24.8     0.0    25.91 C    45.5    14.6    27.7    89.4    30.9    57.9   0.188   0.263   0.243   0.308   0.234    25.0    23.8    22.9    21.4    19.0
53182 20150610  2.422 -101.61   36.57    32.4    18.6    25.5    25.9     0.0    21.82 C    43.7    18.1    27.5    87.2    25.4    52.6   0.187   0.257   0.237   0.305   0.231    25.0    24.3    23.2    21.7    19.2
53182 20150611  2.422 -101.61   36.57    32.2    16.5    24.4    25.2     3.3    25.96 C    47.9    17.1    28.9    90.8    33.0    54.4   0.186   0.251   0.229   0.300   0.235    25.4    24.4    23.2    21.8    19.4
53182 20150612  2.422 -101.61   36.57    23.4    16.0    19.7    18.6    12.5    13.50 C    31.9    16.3    20.7    93.7    60.6    83.0   0.187   0.280   0.224   0.295   0.230    23.4    23.2    23.1    22.0    19.6
53182 20150613  2.422 -101.61   36.57    28.5    17.4    23.0    21.7     0.0    25.20 C    35.8    17.8    24.1    93.4    42.4    71.8   0.215   0.275   0.221   0.294   0.232    23.7    23.0    22.5    21.8    19.8
53182 20150614  2.422 -101.61   36.57    26.9    16.6    21.8    19.9     0.3    17.98 C    37.6    16.5    22.6    91.5    50.8    77.8   0.213   0.264   0.221   0.293   0.235    23.7    23.1    22.8    21.9    19.9
53182 20150615  2.422 -101.61   36.57    27.4    15.7    21.5    21.3     0.0    24.04 C    39.0    15.8    24.3    94.5    42.9    69.7   0.209   0.257   0.219   0.289   0.235    24.0    23.2    22.7    21.9    20.0
53182 20150616  2.422 -101.61   36.57    28.2    14.7    21.4    21.6     0.0    26.97 C    42.4    14.5    25.6    91.7    39.3    66.4   0.202   0.252   0.218   0.288   0.236    24.6    23.7    22.9    22.0    20.0
53182 20150617  2.422 -101.61   36.57    31.3    15.6    23.4    23.4     0.0    27.46 C    46.4    15.1    27.6    93.6    31.5    66.3   0.194   0.250   0.215   0.284   0.238    25.5    24.4    23.4    22.1    20.1
53182 20150618  2.422 -101.61   36.57    32.0    16.6    24.3    24.2     0.0    21.86 C    45.3    16.3    27.3    94.6    31.8    67.9   0.186   0.246   0.211   0.278   0.240    25.8    24.8    23.9    22.4    20.2
53182 20150619  2.422 -101.61   36.57    32.7    15.5    24.1    24.9     0.0    23.21 C    44.2    14.6    26.9    89.1    25.3    53.1   0.182   0.241   0.206   0.274   0.238    25.3    24.7    23.9    22.7    20.4
53182 20150620  2.422 -101.61   36.57    35.8    20.3    28.0    27.8     0.0    28.88 C    47.7    18.1    30.3    70.5    22.4    45.7   0.179   0.238   0.201   0.267   0.240    25.9    25.1    23.9    22.7    20.5
53182 20150621  2.422 -101.61   36.57    35.6    19.9    27.7    27.8     0.0    28.57 C    48.5    18.8    31.1    84.3    28.9    52.3   0.176   0.234   0.196   0.259   0.240    26.8    25.9    24.4    23.0    20.7
53182 20150622  2.422 -101.61   36.57    36.9    20.6    28.7    28.3     0.0    28.75 C    50.0    18.9    31.5    77.2    22.7    49.6   0.173   0.232   0.191   0.251   0.240    27.3    26.4    24.9    23.2    20.8
53182 20150623  2.422 -101.61   36.57    33.7    19.0    26.4    26.7     0.0    28.37 C    47.6    18.2    30.5    76.8    25.2    46.7   0.170   0.229   0.187   0.242   0.240    27.3    26.5    25.2    23.6    21.0
53182 20150624  2.422 -101.61   36.57    34.4    19.3    26.8    26.8     0.0    28.02 C    47.9    17.8    30.3    70.9    21.7    45.0   0.167   0.226   0.182   0.232   0.240    27.0    26.4    25.2    23.7    21.2
53182 20150625  2.422 -101.61   36.57    35.4    20.2    27.8    28.0     0.0    24.95 C    52.3    18.5    31.8    61.8    24.3    42.9   0.165   0.223   0.180   0.223   0.239    27.5    26.7    25.4    23.9    21.4
53182 20150626  2.422 -101.61   36.57    29.9    18.5    24.2    23.9     0.0    24.43 C    45.9    18.0    28.6    79.7    37.5    55.9   0.163   0.222   0.178   0.215   0.239    27.5    26.8    25.7    24.1    21.5
53182 20150627  2.422 -101.61   36.57    31.1    15.0    23.0    23.1     0.0    27.11 C    49.1    14.7    29.0    84.7    24.8    53.1   0.160   0.219   0.176   0.209   0.236    27.1    26.4    25.5    24.2    21.7
53182 20150628  2.422 -101.61   36.57    36.0    18.8    27.4    27.4     0.0    28.22 C    53.1    17.9    32.3    67.7    16.1    42.9   0.159   0.219   0.174   0.201   0.234    28.0    27.0    25.8    24.3    21.8
53182 20150629  2.422 -101.61   36.57    32.8    17.6    25.2    25.3     0.0    17.67 C    43.5    17.0    27.6    77.5    23.9    47.6   0.155   0.217   0.172   0.195   0.235    27.4    27.1    26.0    24.5    21.9
53182 20150630  2.422 -101.61   36.57    35.5    16.2    25.9    26.8     0.0    28.50 C    54.1    15.4    31.7    76.5    16.8    39.7   0.153   0.215   0.170   0.190   0.232    27.6    26.9    25.7    24.5    22.1
53182 20150701  2.422 -101.61   36.57    37.6    18.3    27.9    28.6     0.0    26.14 C    55.2    17.4    32.9    67.3    18.4    38.6   0.152   0.214   0.168   0.186   0.230    28.6    27.7    26.2    24.7    22.1
53182 20150702  2.422 -101.61   36.57    33.6    18.3    25.9    25.6     0.3    22.11 C    52.3    18.2    30.4    88.8    29.9    56.4   0.149   0.212   0.167   0.183   0.226    28.8    28.0    26.7    24.9    22.3
53182 20150703  2.422 -101.61   36.57    32.9    16.5    24.7    23.1     0.2    20.93 C    54.2    16.4    28.2    90.5    28.5    63.5   0.147   0.210   0.166   0.181   0.229    28.1    27.5    26.6    25.1    22.5
53182 20150704  2.422 -101.61   36.57    34.6    15.7    25.1    25.8     0.0    26.83 C    51.9    14.9    31.6    90.1    26.5    52.9   0.145   0.209   0.164   0.177   0.228    28.1    27.4    26.4    25.1    22.6
53182 20150705  2.422 -101.61   36.57    35.7    20.9    28.3    28.5     0.0    26.79 C    52.3    19.8    33.0    71.7    20.5    44.1   0.144   0.210   0.163   0.175   0.229    29.1    28.3    26.8    25.2    22.7
53182 20150706  2.422 -101.61   36.57    30.9    20.3    25.6    24.6     0.0    20.95 C    48.0    19.3    29.3    82.0    39.2    59.1   0.142   0.208   0.162   0.174   0.225    28.8    28.2    27.1    25.4    22.8
53182 20150707  2.422 -101.61   36.57    25.0    13.5    19.3    19.9     0.0    19.04 C    41.9    13.3    24.9    80.0    37.4    56.8   0.138   0.205   0.161   0.173   0.229    27.1    26.9    26.5    25.5    23.0
53182 20150708  2.422 -101.61   36.57    29.6    11.7    20.6    19.9     0.0    19.81 C    50.1    11.8    25.7    86.6    32.6    60.7   0.136   0.203   0.160   0.172   0.227    26.2    26.0    25.7    25.2    23.0
53182 20150709  2.422 -101.61   36.57    31.3    16.2    23.7    21.9    15.0    18.98 C    50.4    15.9    26.8    92.4    38.6    70.0   0.135   0.202   0.159   0.171   0.224    26.5    26.2    25.6    25.0    23.0
53182 20150710  2.422 -101.61   36.57    32.3    17.1    24.7    24.7     0.5    27.39 C    41.1    18.1    27.0    93.2    33.7    64.9   0.136   0.202   0.158   0.169   0.221    26.4    25.9    25.5    24.9    23.0
53182 20150711  2.422 -101.61   36.57    34.5    18.6    26.6    26.5     0.0    24.42 C    46.6    17.8    28.9    89.7    30.5    59.2   0.139   0.204   0.158   0.169   0.224    26.6    26.3    25.5    24.8    22.9
53182 20150712  2.422 -101.61   36.57    38.8    20.5    29.7    29.8     0.0    28.05 C    53.0    19.0    33.0    81.7    12.8    41.6   0.143   0.206   0.160   0.169   0.226    28.1    27.4    25.9    24.8    22.8
53182 20150713  2.422 -101.61   36.57    40.1    19.7    29.9    30.4     0.0    28.30 C    57.0    18.4    35.0    69.4    14.7    37.9   0.146   0.206   0.160   0.168   0.223    29.2    28.5    26.6    25.1    22.9
53182 20150714  2.422 -101.61   36.57    36.7    18.7    27.7    28.3     0.0    22.29 C    55.9    18.6    33.9    80.3    26.2    46.7   0.146   0.207   0.160   0.168   0.224    29.7    29.0    27.3    25.5    23.0
53182 20150715  2.422 -101.61   36.57    37.5    19.2    28.3    26.6     0.4    26.17 C    56.3    19.1    33.2    89.0    22.0    55.7   0.145   0.205   0.159   0.168   0.227    29.9    29.2    27.6    25.9    23.2
53182 20150716  2.422 -101.61   36.57    35.2    18.0    26.6    26.3     0.0    23.57 C    56.2    17.3    32.1    93.4    26.5    58.0   0.144   0.203   0.158   0.168   0.226    29.5    28.9    27.7    26.0    23.4
53182 20150717  2.422 -101.61   36.57    39.0    18.7    28.9    28.7     0.0    24.61 C    57.1    18.4    33.6    74.8    18.2    44.0   0.143   0.203   0.158   0.167   0.225    29.7    29.2    27.8    26.2    23.6
53182 20150718  2.422 -101.61   36.57    39.8    19.7    29.7    27.9    10.5    25.80 C    59.0    18.8    32.9    89.3    12.8    46.9   0.141   0.202   0.157   0.166   0.222    29.9    29.2    27.9    26.3    23.7
53182 20150719  2.422 -101.61   36.57    36.3    19.6    28.0    26.9     0.6    25.04 C    47.7    19.3    29.8    89.5    28.5    59.7   0.139   0.200   0.156   0.166   0.218    29.0    28.4    27.7    26.5    23.8
53182 20150720  2.422 -101.61   36.57    32.5    19.1    25.8    25.3    25.9    20.95 C    38.3    19.6    26.3    92.1    36.0    66.3   0.403   0.444   0.388   0.289   0.218    26.0    26.1    26.2    26.2    23.9
53182 20150721  2.422 -101.61   36.57    29.1    18.7    23.9    22.9     4.0    17.44 C    36.7    18.7    24.6    91.2    48.6    75.0   0.377   0.417   0.367   0.258   0.216    25.9    26.0    26.2    25.8    23.9
53182 20150722  2.422 -101.61   36.57    32.6    19.8    26.2    25.2     0.0    20.72 C    42.8    20.8    27.9    91.8    36.5    71.5   0.355   0.395   0.353   0.251   0.219    26.6    26.5    26.0    25.6    23.9
53182 20150723  2.422 -101.61   36.57    36.7    19.6    28.2    28.6     0.0    26.17 C    48.5    19.0    31.1    87.4    23.0    53.5   0.333   0.373   0.337   0.245   0.219    27.9    27.6    26.5    25.7    23.8
53182 20150724  2.422 -101.61   36.57    37.3    20.1    28.7    28.3     0.0    25.10 C    50.0    19.6    32.1    85.2    27.2    53.9   0.308   0.353   0.323   0.241   0.217    28.5    28.2    27.0    25.9    23.8
53182 20150725  2.422 -101.61   36.57    36.7    21.8    29.2    29.2     1.0    25.47 C    50.6    21.4    32.6    88.6    28.0    50.8   0.284   0.337   0.307   0.236   0.217    28.8    28.5    27.4    26.2    23.9
53182 20150726  2.422 -101.61   36.57    37.2    22.7    30.0    29.6     0.0    23.71 C    53.2    22.0    33.4    69.9    25.3    46.6   0.260   0.321   0.291   0.232   0.222    28.9    28.7    27.6    26.4    24.1
53182 20150727  2.422 -101.61   36.57    37.0    19.4    28.2    28.9     0.0    25.08 C    51.4    19.6    32.6    83.0    29.4    50.4   0.237   0.304   0.276   0.229   0.223    28.9    28.8    27.6    26.5    24.2
53182 20150728  2.422 -101.61   36.57    33.6    19.3    26.5    27.5    30.5    26.09 C    51.0    19.9    32.8    93.0    26.5    50.1   0.231   0.298   0.272   0.233   0.227    29.0    28.7    27.6    26.6    24.3
53182 20150729  2.422 -101.61   36.57    29.4    18.1    23.7    23.0     4.2    25.48 C    36.5    18.7    25.2    92.6    47.7    68.6   0.417   0.458   0.426   0.390   0.255    26.1    26.3    26.5    26.5    24.4
53182 20150730  2.422 -101.61   36.57    28.0    18.8    23.4    23.0     0.6    15.17 C    37.1    19.2    25.1    92.4    57.8    78.8   0.367   0.414   0.372   0.363   0.245    26.1    26.2    26.3    26.1    24.4
53182 20150731  2.422 -101.61   36.57    28.7    18.6    23.6    22.4    16.1    14.00 C    33.9    19.3    23.6    93.2    44.1    79.1   0.399   0.444   0.384   0.364   0.238    25.3    25.6    25.9    25.8    24.3
53182 20150801  2.422 -101.61   36.57    30.7    19.6    25.2    24.1     2.6    20.87 C    36.8    19.8    25.5    92.6    49.4    74.5   0.391   0.438   0.385   0.376   0.235    25.6    25.6    25.5    25.5    24.3
53182 20150802  2.422 -101.61   36.57    32.9    17.0    25.0    25.5    17.6    23.12 C    38.3    17.0    26.7    88.7    36.9    63.3   0.423   0.458   0.430   0.435   0.252    25.5    25.5    25.2    25.3    24.1
53182 20150803  2.422 -101.61   36.57    30.9    17.9    24.4    23.8     9.6    21.22 C    37.7    18.5    25.5    90.9    46.7    69.8   0.387   0.427   0.382   0.379   0.243    26.0    26.0    25.7    25.3    24.0
53182 20150804  2.422 -101.61   36.57    31.9    17.4    24.7    24.4     1.7    26.50 C    37.4    17.4    26.0    91.0    41.3    68.3   0.401   0.446   0.386   0.377   0.240    25.8    25.7    25.5    25.3    23.9
53182 20150805  2.422 -101.61   36.57    32.6    19.6    26.1    25.9     0.0    26.10 C    38.8    19.4    27.3    92.0    44.1    70.8   0.372   0.415   0.371   0.369   0.238    26.6    26.5    25.8    25.3    23.9
53182 20150806  2.422 -101.61   36.57    38.3    20.0    29.1    28.0     0.0    26.26 C    44.8    19.8    29.9    94.3    15.7    64.2   0.351   0.391   0.357   0.362   0.238    27.5    27.4    26.2    25.5    23.9
53182 20150807  2.422 -101.61   36.57    36.1    20.7    28.4    27.2     0.0    24.40 C    43.0    19.8    29.1    94.8    22.4    62.0   0.330   0.374   0.344   0.353   0.237    27.8    27.9    26.8    25.8    23.9
53182 20150808  2.422 -101.61   36.57    35.1    18.3    26.7    26.8    17.1    25.76 C    44.3    18.0    28.9    87.8    29.9    54.4   0.313   0.362   0.329   0.347   0.235    27.2    27.3    26.6    26.0    24.1
53182 20150809  2.422 -101.61   36.57    32.2    19.4    25.8    25.4     0.0    23.09 C    37.1    19.7    26.7    88.0    43.8    68.0   0.379   0.417   0.325   0.341   0.234    26.5    26.7    26.2    25.9    24.2
53182 20150810  2.422 -101.61   36.57    30.3    19.8    25.1    24.3     7.2    20.06 C    36.1    20.1    25.5    89.1    47.9    73.4   0.382   0.422   0.336   0.341   0.235    26.6    26.7    26.3    25.8    24.2
53182 20150811  2.422 -101.61   36.57    28.5    19.5    24.0    23.1     1.9    14.13 C    34.9    20.4    24.6    93.0    57.2    78.0   0.368   0.407   0.339   0.341   0.236    25.9    26.2    26.0    25.8    24.2
53182 20150812  2.422 -101.61   36.57    31.6    18.7    25.2    24.2     0.0    22.49 C    36.8    19.0    25.7    93.5    50.6    73.1   0.354   0.393   0.333   0.341   0.233    25.9    26.1    25.8    25.6    24.2
53182 20150813  2.422 -101.61   36.57    34.2    17.6    25.9    25.4     0.0    25.01 C    42.4    17.7    27.6    90.8    25.6    61.8   0.334   0.375   0.326   0.338   0.232    26.3    26.5    25.8    25.5    24.2
53182 20150814  2.422 -101.61   36.57    32.7    19.8    26.2    25.8     0.0    24.11 C    42.4    19.6    28.1    89.8    36.2    63.0   0.314   0.361   0.319   0.334   0.231    26.9    27.1    26.1    25.5    24.2
53182 20150815  2.422 -101.61   36.57    32.2    18.2    25.2    25.3     0.0    25.04 C    41.9    18.1    28.1    92.1    38.8    66.5   0.294   0.349   0.310   0.331   0.233    27.1    27.3    26.3    25.8    24.1
53182 20150816  2.422 -101.61   36.57    33.5    20.5    27.0    26.3     0.0    23.02 C    43.2    19.7    28.7    70.6    34.9    54.6   0.272   0.335   0.300   0.329   0.230    27.0    27.2    26.4    25.9    24.2
53182 20150817  2.422 -101.61   36.57    28.9    17.0    22.9    22.8    20.0    19.82 C    36.3    17.3    24.8    93.7    53.1    73.0   0.344   0.405   0.296   0.325   0.232    25.9    26.0    26.0    25.8    24.3
53182 20150818  2.422 -101.61   36.57    26.7    17.2    22.0    21.5     2.0    22.73 C    33.4    17.1    23.2    94.0    51.1    72.3   0.333   0.396   0.297   0.322   0.233    25.4    25.5    25.6    25.4    24.2
53182 20150819  2.422 -101.61   36.57    23.2    13.7    18.4    17.6     0.8    21.83 C    32.8    13.9    20.4    88.7    39.8    66.0   0.312   0.374   0.296   0.321   0.232    24.0    24.4    24.9    25.2    24.2
53182 20150820  2.422 -101.61   36.57    27.7    13.2    20.5    19.8     0.0    23.77 C    36.1    13.4    22.3    89.8    42.1    64.7   0.296   0.358   0.290   0.318   0.228    23.5    23.9    24.2    24.9    24.0
53182 20150821  2.422 -101.61   36.57    29.4    13.7    21.5    21.7     0.0    17.28 C    35.3    14.6    22.9    91.5    45.9    71.7   0.283   0.346   0.286   0.315   0.226    23.5    24.0    23.9    24.5    23.9
53182 20150822  2.422 -101.61   36.57    35.4    15.3    25.3    25.5     0.0    24.36 C    42.5    14.9    26.4    87.8    20.1    54.8   0.273   0.336   0.282   0.314   0.228    24.6    24.8    24.1    24.3    23.7
53182 20150823  2.422 -101.61   36.57    22.9    15.5    19.2    18.9     0.0    20.03 C    34.9    15.7    22.2    66.3    35.0    50.5   0.258   0.323   0.276   0.309   0.223    23.9    24.6    24.2    24.3    23.5
53182 20150824  2.422 -101.61   36.57    29.6    14.1    21.9    21.2     0.0    22.11 C    40.2    14.2    24.6    86.1    41.9    62.5   0.247   0.312   0.269   0.311   0.221    23.9    24.3    23.9    24.2    23.4
53182 20150825  2.422 -101.61   36.57    34.4    16.9    25.6    25.2     0.0    23.58 C    44.8    16.6    27.1    91.5    26.2    59.3   0.235   0.302   0.263   0.304   0.225    25.0    25.2    24.2    24.2    23.4
53182 20150826  2.422 -101.61   36.57    34.8    17.3    26.0    25.9     0.0    20.11 C    45.1    16.4    27.3    86.6    20.1    52.7   0.224   0.288   0.257   0.302   0.226    25.3    25.5    24.6    24.3    23.3
53182 20150827  2.422 -101.61   36.57    34.5    19.6    27.0    26.8     0.0    19.81 C    43.3    18.2    28.1    66.1    26.2    45.1   0.214   0.276   0.250   0.299   0.226    25.3    25.6    24.7    24.4    23.3
53182 20150828  2.422 -101.61   36.57    32.4    18.4    25.4    25.2     0.5    21.86 C    43.7    17.8    27.5    87.6    26.8    56.2   0.207   0.267   0.242   0.295   0.226    25.7    25.8    24.8    24.5    23.4
53182 20150829  2.422 -101.61   36.57    32.0    15.6    23.8    23.1     0.0    22.22 C    41.8    14.0    25.2    90.7    20.3    54.7   0.200   0.257   0.236   0.289   0.225    25.4    25.7    24.9    24.6    23.4
53182 20150830  2.422 -101.61   36.57    32.5    12.7    22.6    22.7     0.0    21.32 C    44.0    11.8    24.8    79.9    21.7    50.1   0.193   0.248   0.228   0.286   0.225    24.6    25.0    24.6    24.6    23.4
53182 20150831  2.422 -101.61   36.57    34.3    14.8    24.5    25.0     0.0    22.31 C    44.6    13.7    26.7    75.5    19.7    42.2   0.189   0.241   0.218   0.281   0.222    24.7    25.0    24.4    24.5    23.4
53182 20150901  2.422 -101.61   36.57    34.3    16.7    25.5    25.3     0.0    18.08 C    44.7    15.6    27.2    69.8    24.2    45.5   0.184   0.237   0.212   0.274   0.220    24.8    25.1    24.4    24.4    23.4
53182 20150902  2.422 -101.61   36.57    36.1    17.6    26.8    26.9     0.0    21.51 C    47.2    17.0    29.5    71.8    20.6    42.8   0.182   0.233   0.204   0.269   0.220    25.4    25.6    24.6    24.4    23.4
53182 20150903  2.422 -101.61   36.57    36.9    17.1    27.0    27.6     0.0    20.02 C    48.4    16.4    29.6    72.1    16.3    39.1   0.178   0.229   0.199   0.263   0.220    25.7    25.9    24.8    24.5    23.4
53182 20150904  2.422 -101.61   36.57    35.7    16.6    26.1    27.0     0.0    20.04 C    47.9    16.2    29.4    74.9    20.3    41.2   0.175   0.226   0.193   0.256   0.220    25.8    26.0    25.0    24.7    23.4
53182 20150905  2.422 -101.61   36.57    35.9    19.5    27.7    27.5     0.0    21.81 C    48.6    18.3    30.2    67.4    20.4    41.0   0.172   0.225   0.188   0.249   0.221    26.1    26.3    25.2    24.7    23.4
53182 20150906  2.422 -101.61   36.57    37.1    18.8    28.0    27.0     0.0    20.07 C    51.5    18.0    30.3    72.2    20.8    45.6   0.169   0.223   0.184   0.242   0.221    26.4    26.5    25.4    24.8    23.5
53182 20150907  2.422 -101.61   36.57    37.0    17.0    27.0    27.0     0.0    19.97 C    50.4    16.2    30.0    81.0    18.8    47.5   0.166   0.220   0.181   0.235   0.220    26.4    26.6    25.5    24.9    23.5
53182 20150908  2.422 -101.61   36.57    30.0    18.0    24.0    23.5     0.0    14.00 C    42.6    15.9    25.8    89.6    40.6    64.5   0.163   0.218   0.178   0.230   0.220    25.9    26.3    25.5    25.1    23.6
53182 20150909  2.422 -101.61   36.57    31.8    15.3    23.5    22.3     0.0    20.46 C    46.3    15.0    26.5   100.0    19.7    64.3   0.161   0.216   0.175   0.224   0.218    25.5    25.8    25.3    25.0    23.6
53182 20150910  2.422 -101.61   36.57    34.2    15.9    25.0    24.1     4.9    22.25 C    47.0    15.6    27.5    88.9    19.0    56.6   0.159   0.215   0.173   0.219   0.219    25.6    25.8    25.1    24.9    23.6
53182 20150911  2.422 -101.61   36.57    25.5    15.0    20.3    18.8     0.0    15.07 C    33.4    15.4    20.4    91.1    35.4    67.9   0.156   0.213   0.171   0.214   0.219    23.8    24.3    24.7    24.8    23.6
53182 20150912  2.422 -101.61   36.57    28.9    12.8    20.8    20.6     0.0    19.19 C    40.9    12.3    23.1    88.9    38.1    63.8   0.154   0.211   0.170   0.211   0.220    23.1    23.6    23.8    24.5    23.6
53182 20150913  2.422 -101.61   36.57    34.3    14.9    24.6    24.0     8.1    20.05 C    47.5    13.3    26.2    76.4    25.8    51.3   0.154   0.210   0.168   0.208   0.218    23.8    24.1    23.7    24.1    23.5
53182 20150914  2.422 -101.61   36.57    37.7    15.8    26.8    26.2     0.0    20.76 C    41.4    14.2    25.2    78.7    10.7    39.5   0.154   0.210   0.168   0.206   0.213    23.8    24.1    23.8    24.0    23.4
53182 20150915  2.422 -101.61   36.57    34.4    17.0    25.7    26.0     0.0    20.89 C    41.0    14.6    26.0    63.3    18.9    36.1   0.154   0.210   0.167   0.203   0.213    23.6    24.0    23.6    23.9    23.3
53182 20150916  2.422 -101.61   36.57    36.6    18.3    27.4    27.2     0.0    21.38 C    47.0    16.8    28.5    77.6    12.7    41.0   0.155   0.210   0.166   0.200   0.215    24.2    24.5    23.7    23.8    23.2
53182 20150917  2.422 -101.61   36.57    35.8    17.6    26.7    26.6     0.0    21.88 C    48.4    16.4    28.3    72.9     9.2    37.8   0.156   0.210   0.166   0.196   0.216    24.9    25.1    24.1    23.9    23.1
53182 20150918  2.422 -101.61   36.57    28.2    11.9    20.1    20.2     0.0    18.12 C    38.6    11.5    22.3    71.7    34.2    53.7   0.154   0.207   0.164   0.193   0.214    23.9    24.5    24.1    24.0    23.1
53182 20150919  2.422 -101.61   36.57    23.3    10.0    16.6    16.2     0.0    14.94 C    37.7     9.8    19.6    79.3    35.0    56.7   0.151   0.203   0.162   0.191   0.212    22.3    22.9    23.3    23.8    23.1
53182 20150920  2.422 -101.61   36.57    31.5    12.8    22.1    21.6     0.0    20.70 C    44.6    12.6    24.8    88.6    23.3    56.6   0.151   0.204   0.160   0.187   0.210    23.0    23.3    23.0    23.5    23.0
53182 20150921  2.422 -101.61   36.57    35.1    12.4    23.7    23.7     0.0    20.33 C    47.0    11.7    26.2    92.0    13.7    50.8   0.151   0.204   0.159   0.185   0.213    23.5    23.8    23.2    23.4    22.9
53182 20150922  2.422 -101.61   36.57    27.7    18.7    23.2    21.6    13.1     5.38 C    28.6    17.8    20.7    91.9    39.7    64.2   0.149   0.211   0.160   0.183   0.214    22.8    23.3    23.4    23.5    22.9
53182 20150923  2.422 -101.61   36.57    27.8    17.3    22.6    21.4     3.8    17.83 C    31.6    17.4    21.6    91.2    35.4    65.0   0.150   0.226   0.158   0.183   0.214    21.9    22.4    22.6    23.3    22.7
53182 20150924  2.422 -101.61   36.57    27.0    16.0    21.5    19.6     0.7    12.44 C    32.1    15.5    20.8    94.0    36.4    75.6   0.154   0.225   0.158   0.183   0.210    21.8    22.3    22.4    23.0    22.7
53182 20150925  2.422 -101.61   36.57    28.8    13.1    21.0    19.9     0.0    19.29 C    36.7    13.0    21.3    92.9    34.6    67.8   0.157   0.222   0.158   0.182   0.211    21.8    22.3    22.2    22.8    22.5
53182 20150926  2.422 -101.61   36.57    26.8    13.1    20.0    18.6     0.0    16.45 C    35.4    13.1    20.4    92.3    39.0    70.2   0.158   0.220   0.157   0.181   0.211    21.5    22.1    22.1    22.7    22.4
53182 20150927  2.422 -101.61   36.57    29.6    11.5    20.5    20.1     0.0    19.41 C    38.3    11.0    21.6    93.6    27.4    61.8   0.158   0.217   0.157   0.182   0.212    21.5    22.1    21.9    22.6    22.3
53182 20150928  2.422 -101.61   36.57    31.5    12.3    21.9    21.6     0.0    18.48 C    40.5    11.4    22.5    84.4    23.9    52.4   0.158   0.216   0.157   0.181   0.215    21.6    22.2    21.9    22.4    22.2
53182 20150929  2.422 -101.61   36.57    25.1    11.4    18.2    18.5     0.0    17.42 C    35.2    10.4    20.7    86.9    44.8    66.7   0.156   0.213   0.157   0.181   0.213    21.4    22.0    21.8    22.3    22.1
53182 20150930  2.422 -101.61   36.57    29.9    15.0    22.4    19.4     0.0    11.65 C    39.4    15.3    22.1    89.9    31.6    69.8   0.154   0.212   0.157   0.181   0.209    21.6    22.0    21.7    22.1    22.0
53182 20151001  2.422 -101.61   36.57    29.6    12.8    21.2    19.8     0.0    16.67 C    40.0    12.9    22.7    93.4    35.0    69.1   0.153   0.210   0.157   0.180   0.209    21.8    22.2    21.8    22.2    21.8
53182 20151002  2.422 -101.61   36.57    18.9    12.9    15.9    15.4     0.0     5.72 C    22.7    13.1    17.2    87.8    40.1    56.8   0.150   0.207   0.157   0.180   0.208    20.6    21.3    21.7    22.1    21.8
53182 20151003  2.422 -101.61   36.57    15.4     9.4    12.4    11.3    19.9     6.59 C    21.3    10.2    12.7    93.3    41.5    74.6   0.217   0.232   0.154   0.179   0.207    17.6    18.7    20.3    21.8    21.7
53182 20151004  2.422 -101.61   36.57    14.8     9.1    11.9    11.5     0.9     5.22 C    18.8     9.7    12.7    91.8    69.5    85.5   0.242   0.234   0.152   0.179   0.207    16.3    17.3    18.9    21.0    21.6
53182 20151005  2.422 -101.61   36.57    21.2    11.5    16.4    15.0     0.0     9.84 C    26.1    11.2    15.7    92.1    50.9    77.3   0.250   0.234   0.151   0.177   0.210    16.8    17.5    18.4    20.3    21.3
53182 20151006  2.422 -101.61   36.57    28.4     9.6    19.0    18.3     0.0    17.74 C    33.4     9.1    18.8    93.6    32.7    68.4   0.249   0.235   0.151   0.177   0.207    17.8    18.2    18.5    19.9    20.9
53182 20151007  2.422 -101.61   36.57    22.3    13.7    18.0    16.4     8.4     6.80 C    25.6    13.3    16.5    94.0    52.1    83.2   0.277   0.245   0.152   0.176   0.208    18.1    18.7    18.9    19.9    20.6
53182 20151008  2.422 -101.61   36.57    26.4    11.3    18.8    17.8     0.0    14.16 C    33.7    10.7    18.6    94.2    39.1    72.6   0.303   0.283   0.151   0.176   0.207    18.3    18.8    18.8    19.9    20.4
53182 20151009  2.422 -101.61   36.57    20.4     9.7    15.0    14.6     0.0    12.37 C    27.0     9.8    16.0    90.4    51.3    74.7   0.291   0.292   0.152   0.176   0.209    18.1    18.7    19.0    19.9    20.3
53182 20151010  2.422 -101.61   36.57    29.9    10.5    20.2    19.4     0.0    17.24 C    34.4    10.6    19.6    93.2    28.7    64.5   0.280   0.291   0.152   0.175   0.210    18.4    18.7    18.8    19.7    20.1
53182 20151011  2.422 -101.61   36.57    33.7    11.5    22.6    21.8     0.0    17.73 C    37.2    10.9    20.7    90.3    15.7    52.9   0.267   0.286   0.153   0.176   0.210    19.2    19.5    19.1    19.7    20.0
53182 20151012  2.422 -101.61   36.57    24.4    11.3    17.8    18.2     0.0    17.72 C    31.2     8.2    17.2    62.9    13.2    33.8   0.252   0.281   0.153   0.175   0.207    18.6    19.2    19.3    19.9    20.0
53182 20151013  2.422 -101.61   36.57    31.0     8.7    19.8    19.2     0.0    17.36 C    36.8     7.4    17.8    69.2    10.8    39.0   0.238   0.272   0.152   0.176   0.206    17.7    18.3    18.6    19.7    20.0
53182 20151014  2.422 -101.61   36.57    31.3     9.1    20.2    19.5     0.0    17.14 C    36.6     7.7    18.3    75.8    17.4    45.3   0.227   0.267   0.152   0.177   0.203    18.0    18.5    18.6    19.5    19.9
53182 20151015  2.422 -101.61   36.57    28.2     7.3    17.7    17.4     0.0    16.23 C    32.9     6.7    17.5    87.3    25.9    48.3   0.216   0.261   0.152   0.176   0.204    17.8    18.4    18.6    19.4    19.7
53182 20151016  2.422 -101.61   36.57    19.2     8.7    13.9    12.7     0.0    10.90 C    27.0     7.9    14.2    67.9    22.8    40.1   0.206   0.253   0.151   0.175   0.206    17.0    17.7    18.3    19.2    19.7
53182 20151017  2.422 -101.61   36.57    25.5     7.8    16.6    15.3     0.0    15.25 C    31.9     6.8    15.8    78.5    27.8    53.6   0.199   0.248   0.151   0.174   0.205    16.4    17.1    17.7    18.9    19.5
53182 20151018  2.422 -101.61   36.57    26.1     8.1    17.1    17.3     0.0    15.20 C    31.7     6.8    17.0    82.0    28.4    54.0   0.193   0.244   0.150   0.175   0.204    16.8    17.3    17.6    18.7    19.3
53182 20151019  2.422 -101.61   36.57    28.8    13.6    21.2    20.2     0.0    14.79 C    34.7    11.5    19.8    73.4    24.4    51.4   0.188   0.240   0.150   0.175   0.206    17.6    18.0    17.8    18.6    19.2
53182 20151020  2.422 -101.61   36.57    28.2    13.6    20.9    18.7     0.3    11.74 C    34.1    12.3    18.5    86.1    25.2    63.0   0.182   0.238   0.153   0.174   0.203    18.2    18.6    18.3    18.7    19.1
53182 20151021  2.422 -101.61   36.57    18.9    13.2    16.1    15.1    44.9     4.10 C    26.4    13.4    15.8    94.5    66.6    87.9   0.249   0.291   0.152   0.175   0.205    17.4    18.0    18.2    18.7    19.1
53182 20151022  2.422 -101.61   36.57    19.7    12.7    16.2    14.7    35.3     8.31 C    25.9    12.6    15.5    94.4    53.4    83.7   0.423   0.467   0.411   0.364   0.200    16.2    16.6    17.3    18.5    19.0
53182 20151023  2.422 -101.61   36.57    21.3     6.8    14.0    14.2     0.0    15.72 C    24.6     7.1    14.4    91.0    35.9    68.9   0.374   0.419   0.395   0.359   0.199    16.2    16.8    17.2    18.3    18.9
53182 20151024  2.422 -101.61   36.57    18.2     4.1    11.2    10.4     0.0    14.26 C    21.5     4.6    10.6    89.0    27.6    58.3   0.354   0.398   0.376   0.351   0.200    14.7    15.6    16.6    18.0    18.7
53182 20151025  2.422 -101.61   36.57    21.1     2.7    11.9    10.8     0.0    15.62 C    25.1     2.9    10.7    85.6    19.2    52.4   0.342   0.386   0.364   0.344   0.198    13.8    14.6    15.7    17.5    18.5
53182 20151026  2.422 -101.61   36.57    21.1     4.8    12.9    12.1     0.0    12.71 C    22.1     4.0    11.1    70.1    21.6    45.0   0.332   0.376   0.355   0.338   0.196    13.3    14.1    15.2    16.9    18.3
53182 20151027  2.422 -101.61   36.57    22.3     3.7    13.0    12.7     1.5    15.07 C    25.5     4.2    12.6    89.6    31.1    57.5   0.325   0.369   0.347   0.334   0.197    13.6    14.3    14.9    16.5    18.0
53182 20151028  2.422 -101.61   36.57    18.5     3.3    10.9    10.3     0.0    14.40 C    24.1     3.5    11.0    90.8    27.2    63.1   0.321   0.366   0.342   0.327   0.195    13.4    14.1    14.8    16.3    17.7
53182 20151029  2.422 -101.61   36.57    13.8     2.4     8.1     8.0     0.0    13.43 C    17.8     2.6     8.7    91.3    36.3    62.1   0.316   0.360   0.337   0.324   0.199    12.6    13.4    14.4    16.0    17.5
53182 20151030  2.422 -101.61   36.57     8.0     3.6     5.8     5.9    13.1     1.65 C     9.3     3.4     6.9    95.0    61.8    88.5   0.356   0.399   0.344   0.320   0.195    11.6    12.4    13.7    15.7    17.2
53182 20151031  2.422 -101.61   36.57    20.5     0.5    10.5    10.3     0.0    14.76 C    22.2     0.9     9.0    95.6    25.6    63.8   0.364   0.411   0.367   0.326   0.195    11.3    12.0    13.1    15.1    16.9
53182 20151101  2.422 -101.61   36.57    23.9     4.9    14.4    13.3     0.0    14.66 C    25.0     3.4    11.1    78.7    17.9    49.8   0.352   0.398   0.363   0.334   0.194    11.7    12.3    13.0    14.8    16.6
53182 20151102  2.422 -101.61   36.57    25.6     3.7    14.7    13.9     0.0    14.51 C    26.6     2.4    12.2    85.4    25.8    56.3   0.343   0.388   0.357   0.334   0.194    12.2    12.8    13.1    14.6    16.4
53182 20151103  2.422 -101.61   36.57    27.7     6.7    17.2    15.9     0.0    14.46 C    27.2     5.1    13.5    79.9    16.5    52.1   0.336   0.381   0.353   0.332   0.192    12.7    13.3    13.4    14.6    16.1
53182 20151104  2.422 -101.61   36.57    24.9     9.5    17.2    15.5     6.8    13.39 C    26.6     7.6    14.6    91.5    36.4    73.1   0.336   0.380   0.348   0.327   0.194    13.5    13.9    13.7    14.7    16.0
53182 20151105  2.422 -101.61   36.57    18.9     2.0    10.4    10.2     0.0    13.88 C    21.0     2.5     9.9    91.6    19.4    64.3   0.356   0.400   0.354   0.326   0.193    12.9    13.5    13.9    14.8    15.9
53182 20151106  2.422 -101.61   36.57    15.4    -0.7     7.4     6.3     0.0    11.71 C    20.0    -0.3     7.3    96.0    44.1    77.3   0.344   0.388   0.354   0.329   0.191    11.1    12.0    13.1    14.6    15.8
53182 20151107  2.422 -101.61   36.57    13.4    -0.4     6.5     5.6     0.0    13.40 C    18.3     0.2     6.2    91.7    38.0    69.9   0.337   0.381   0.350   0.325   0.192    10.5    11.4    12.5    14.2    15.7
53182 20151108  2.422 -101.61   36.57    16.2    -0.2     8.0     7.6     0.0    12.92 C    18.1     0.1     7.2    89.8    34.2    61.4   0.331   0.374   0.346   0.326   0.192     9.8    10.7    11.8    13.8    15.5
53182 20151109  2.422 -101.61   36.57    19.0     1.6    10.3     9.2     0.0    13.57 C    21.5     1.0     7.9    87.0    27.9    60.4   0.326   0.370   0.343   0.323   0.190    10.0    10.8    11.6    13.4    15.3
53182 20151110  2.422 -101.61   36.57    25.2     0.9    13.0    13.3     0.0    13.61 C    24.3     0.3    10.3    86.1     9.0    38.8   0.322   0.366   0.340   0.322   0.193    10.2    10.9    11.5    13.1    15.0
53182 20151111  2.422 -101.61   36.57    11.9    -1.3     5.3     7.1     0.0    11.04 C    16.6    -1.9     5.6    79.6    25.3    48.7   0.316   0.361   0.338   0.321   0.191     9.7    10.6    11.4    12.9    14.8
53182 20151112  2.422 -101.61   36.57    14.7    -2.1     6.3     5.5     0.0    13.24 C    18.7    -2.8     4.7    83.7    21.0    52.6   0.309   0.355   0.334   0.317   0.191     8.3     9.4    10.6    12.7    14.5
53182 20151113  2.422 -101.61   36.57    18.9    -1.5     8.7     7.3     0.0    12.91 C    20.8    -2.2     6.2    81.4    20.2    53.3   0.305   0.352   0.330   0.315   0.187     8.2     9.3    10.1    12.2    14.3
53182 20151114  2.422 -101.61   36.57    19.3     0.2     9.7     9.3     0.0    12.71 C    21.2    -0.6     8.0    86.0    22.9    57.4   0.303   0.350   0.328   0.313   0.191     8.7     9.6    10.1    11.9    14.0
53182 20151115  2.422 -101.61   36.57    19.2     5.4    12.3    11.4     1.4    10.44 C    21.5     4.1    10.9    92.0    47.3    78.7   0.303   0.349   0.325   0.313   0.187     9.6    10.3    10.3    11.8    13.8
53182 20151116  2.422 -101.61   36.57    22.7     7.9    15.3    13.7     9.0    11.63 C    22.5     7.4    12.5    91.4    38.9    75.6   0.314   0.356   0.325   0.311   0.189    11.1    11.6    11.1    12.0    13.6
53182 20151117  2.422 -101.61   36.57     8.5    -0.8     3.8     1.6     2.3     2.01 C     7.9    -0.7     2.0    91.6    74.3    84.2   0.353   0.391   0.334   0.311   0.185     9.0    10.0    11.1    12.2    13.6
53182 20151118  2.422 -101.61   36.57    17.6    -2.2     7.7     5.7     0.0    12.45 C    18.6    -2.5     4.7    90.1    22.4    60.5   0.350   0.393   0.344   0.312   0.185     7.4     8.4     9.6    11.8    13.5
53182 20151119  2.422 -101.61   36.57    11.4    -5.1     3.1     3.4     0.0    12.21 C    15.0    -3.7     3.4    84.3    25.9    55.3   0.343   0.387   0.347   0.313   0.188     7.2     8.2     9.3    11.3    13.3
53182 20151120  2.422 -101.61   36.57    21.5    -0.4    10.6     7.3     0.0    12.14 C    21.4    -0.6     6.3    85.0    17.7    57.4   0.337   0.381   0.345   0.315   0.186     7.3     8.2     8.9    10.9    13.1
53182 20151121  2.422 -101.61   36.57     6.7    -4.6     1.0    -0.1     0.0    12.34 C    12.5    -4.1     1.1    83.5    31.4    61.1   0.330   0.375   0.343   0.315   0.186     6.3     7.6     8.7    10.6    12.8
53182 20151122  2.422 -101.61   36.57    15.6    -5.9     4.8     4.5     0.0    12.18 C    17.2    -5.6     2.4    84.3    13.0    47.0   0.325   0.368   0.340   0.315   0.185     5.7     6.9     8.0    10.2    12.6
53182 20151123  2.422 -101.61   36.57    19.8    -1.7     9.0     7.6     0.0    12.12 C    20.0    -3.7     4.7    67.8    11.1    42.0   0.323   0.366   0.337   0.313   0.187     6.0     7.1     7.8     9.8    12.3
53182 20151124  2.422 -101.61   36.57    21.1    -2.5     9.3     7.5     0.0    12.01 C    21.5    -3.2     5.1    85.3    15.3    51.6   0.320   0.364   0.335   0.313   0.183     6.5     7.5     7.9     9.6    12.0
53182 20151125  2.422 -101.61   36.57    24.4    -0.3    12.0    10.2     0.0     8.47 C    22.7    -1.9     7.5    86.8    10.6    44.5   0.319   0.362   0.334   0.313   0.185     6.9     7.7     8.0     9.6    11.8
53182 20151126  2.422 -101.61   36.57     4.4    -3.5     0.4     0.1    13.3     1.10 C     4.8    -2.1     1.3    94.3    85.9    91.6   0.347   0.395   0.343   0.316   0.182     6.4     7.3     8.2     9.7    11.6
53182 20151127  2.422 -101.61   36.57    -3.5    -5.9    -4.7    -4.8     5.3     2.54 C    -1.8    -4.2    -3.1    90.8    78.8    85.7   0.366   0.418   0.369   0.361   0.182     4.1     5.2     7.0     9.3    11.5
53182 20151128  2.422 -101.61   36.57    -2.4    -5.4    -3.9    -3.9     0.0     3.20 C    -0.1    -3.7    -2.1    94.5    79.2    88.8   0.359   0.408   0.369   0.357   0.183     3.4     4.4     6.0     8.7    11.3
53182 20151129  2.422 -101.61   36.57    -0.6    -2.9    -1.7    -1.9     0.8     3.01 C     1.1    -1.5    -0.5    95.6    90.7    94.0   0.369   0.419   0.376   0.384   0.181     3.5     4.3     5.6     8.1    10.9
53182 20151130  2.422 -101.61   36.57     4.2    -5.9    -0.8    -0.9     0.6     8.18 C     9.2    -5.2    -0.2    95.2    56.3    84.3   0.371   0.426   0.384   0.394   0.181     3.8     4.5     5.5     7.7    10.6
53182 20151201  2.422 -101.61   36.57    10.2    -7.1     1.5     0.1     0.0    11.57 C    10.3    -6.2    -0.8    87.9    18.3    60.5   0.356   0.409   0.377   0.375   0.180     3.2     4.1     5.3     7.5    10.3
53182 20151202  2.422 -101.61   36.57    12.0    -3.5     4.2     2.9     0.0    11.35 C    11.7    -4.2     0.5    75.1    16.7    46.2   0.349   0.400   0.370   0.353   0.178     3.2     4.2     5.0     7.2    10.0
53182 20151203  2.422 -101.61   36.57    14.7    -4.3     5.2     3.8     0.0    11.06 C    13.4    -5.5     0.8    75.1    22.5    51.3   0.343   0.393   0.364   0.347   0.179     3.3     4.3     4.9     7.0     9.7
53182 20151204  2.422 -101.61   36.57    15.6    -1.4     7.1     6.4     0.0    10.27 C    14.1    -2.7     3.8    84.8    32.7    62.6   0.341   0.389   0.360   0.342   0.176     3.9     4.7     5.1     6.8     9.5
53182 20151205  2.422 -101.61   36.57    16.8     2.2     9.5     7.0     0.0     7.87 C    16.6     0.2     5.2    86.2    23.8    61.9   0.339   0.386   0.358   0.338   0.176     5.1     5.6     5.6     6.9     9.4
53182 20151206  2.422 -101.61   36.57    14.5    -2.3     6.1     4.8     0.0    10.87 C    16.5    -3.0     3.1    78.1    20.1    53.9   0.335   0.382   0.355   0.335   0.176     4.9     5.6     5.9     7.2     9.2
53182 20151207  2.422 -101.61   36.57    15.7    -1.9     6.9     6.2     0.0     9.11 C    17.3    -2.8     3.5    80.9    20.2    48.8   0.331   0.378   0.353   0.333   0.176     4.8     5.5     5.9     7.3     9.2
53182 20151208  2.422 -101.61   36.57    21.4     1.0    11.2     9.4     0.0     7.96 C    20.3    -1.8     6.0    69.5    17.1    43.8   0.329   0.375   0.349   0.330   0.175     5.2     5.9     6.0     7.3     9.1
53182 20151209  2.422 -101.61   36.57    19.3     1.7    10.5     9.7     0.0    10.09 C    19.7    -1.3     6.8    75.1    21.9    48.7   0.328   0.374   0.347   0.329   0.172     5.8     6.4     6.3     7.4     9.1
53182 20151210  2.422 -101.61   36.57    17.9     4.8    11.4    11.5     0.0     8.75 C    21.1     1.7     8.2    64.1    22.8    38.4   0.326   0.372   0.345   0.325   0.172     6.5     7.0     6.7     7.6     9.1
53182 20151211  2.422 -101.61   36.57    23.5     5.5    14.5    13.0     0.0     6.15 C    22.7     2.7     9.4    58.1     9.8    33.9   0.324   0.370   0.345   0.326   0.172     7.1     7.6     7.2     7.9     9.1
53182 20151212  2.422 -101.61   36.57     7.6    -2.0     2.8     1.2     6.3     2.74 C     7.1    -2.8     1.7    93.6    50.1    85.3   0.319   0.366   0.343   0.323   0.173     6.1     6.8     7.3     8.1     9.3
53182 20151213  2.422 -101.61   36.57     1.2    -1.6    -0.2     0.1    17.0     1.25 C     0.2    -3.6    -0.4    94.2    69.9    88.7   0.352   0.401   0.347   0.322   0.175     4.4     5.2     6.5     8.0     9.3
53182 20151214  2.422 -101.61   36.57     5.3    -5.5    -0.1    -0.3     0.0    10.79 C     1.7    -7.4    -2.8    88.7    64.5    74.8   0.386   0.438   0.400   0.360   0.177     3.7     4.4     5.6     7.5     9.3
53182 20151215  2.422 -101.61   36.57     6.2    -4.5     0.9     0.7     0.0    10.80 C     3.6    -5.4    -1.6    84.4    43.8    63.6   0.385   0.440   0.404   0.404   0.174     3.4     4.0     5.2     7.0     9.1
53182 20151216  2.422 -101.61   36.57     5.6    -7.8    -1.1    -1.4     0.0    10.65 C     5.4    -7.6    -3.3    78.6    32.4    58.1   0.367   0.420   0.395   0.403   0.175     2.7     3.5     4.7     6.7     8.9
53182 20151217  2.422 -101.61   36.57     2.1    -6.9    -2.4    -3.1     0.6     5.50 C     3.4    -7.1    -3.2    90.5    61.5    82.6   0.356   0.407   0.382   0.383   0.174     2.2     3.0     4.2     6.3     8.6
53182 20151218  2.422 -101.61   36.57     9.5   -10.5    -0.5    -1.4     0.0    10.47 C     7.1    -8.8    -3.1    92.4    34.2    71.0   0.349   0.400   0.376   0.359   0.175     1.8     2.6     3.9     5.9     8.4
53182 20151219  2.422 -101.61   36.57    14.8    -6.2     4.3     3.9     0.0     8.97 C    10.0    -5.8     0.8    87.8    34.6    61.5   0.350   0.399   0.373   0.355   0.175     2.2     2.8     3.7     5.6     8.1
53182 20151220  2.422 -101.61   36.57    19.1     1.1    10.1     8.8     0.0     8.71 C    16.4     0.0     5.6    85.4    21.7    49.3   0.352   0.402   0.373   0.353   0.174     3.8     4.2     4.1     5.5     7.9
53182 20151221  2.422 -101.61   36.57    14.1    -0.9     6.6     5.1     0.0    10.21 C    16.0    -2.5     2.9    88.9    22.4    61.0   0.347   0.395   0.368   0.351   0.176     4.3     4.7     4.8     5.8     7.7
53182 20151222  2.422 -101.61   36.57    12.5     1.0     6.7     7.7     0.0     4.14 C    11.9    -1.2     4.8    68.7    33.6    48.2   0.343   0.390   0.364   0.347   0.176     4.3     4.7     5.0     6.0     7.6
53182 20151223  2.422 -101.61   36.57    11.3    -0.2     5.5     4.8     0.0     9.77 C    13.8    -1.6     3.3    80.4    28.8    57.1   0.339   0.385   0.360   0.344   0.176     4.5     4.9     5.1     6.1     7.6
53182 20151224  2.422 -101.61   36.57     8.6    -5.0     1.8     1.3     0.0     5.98 C    10.0    -5.2    -0.1    86.3    13.6    56.4   0.335   0.380   0.357   0.340   0.175     3.8     4.4     5.0     6.2     7.7
53182 20151225  2.422 -101.61   36.57    12.5    -5.1     3.7     3.1     0.0    10.24 C    10.3    -5.6     1.3    84.2    40.7    65.0   0.330   0.376   0.352   0.338   0.177     3.2     3.8     4.6     6.1     7.7
53182 20151226  2.422 -101.61   36.57     6.3    -5.8     0.3    -1.2     0.0     2.53 C     3.1    -4.3    -1.0    87.8    50.5    65.2   0.328   0.375   0.350   0.336   0.178     3.3     3.9     4.6     5.9     7.6
53182 20151227  2.422 -101.61   36.57    -1.4    -6.3    -3.9    -3.8     0.0     4.92 C     3.5    -4.7    -2.1    75.2    48.6    61.0   0.322   0.369   0.347   0.333   0.179     2.0     2.9     4.0     5.7     7.5
53182 20151228  2.422 -101.61   36.57     3.1    -6.7    -1.8    -2.4     0.0    10.30 C     8.7    -8.2    -2.4    76.0    17.8    43.0   0.319   0.366   0.343   0.331   0.180     1.9     2.7     3.6     5.4     7.4
53182 20151229  2.422 -101.61   36.57    -0.5   -11.2    -5.8    -4.8     0.0     5.03 C     3.1    -9.8    -3.6    78.9    39.8    68.2   0.315   0.363   0.341   0.329   0.180     1.4     2.3     3.3     5.2     7.3
53182 20151230  2.422 -101.61   36.57     0.7   -10.8    -5.1    -4.3     0.0     4.41 C     3.6    -9.6    -3.0    95.1    68.2    85.5   0.313   0.360   0.338   0.327   0.181     1.2     2.0     3.0     4.9     7.1
53182 20151231  2.422 -101.61   36.57    -0.7    -9.7    -5.2    -3.6     0.0     2.13 C     1.6    -8.4    -2.7    94.5    71.4    87.2   0.313   0.358   0.336   0.325   0.182     1.4     2.1     2.9     4.7     6.9
