23908 20150101  2.422  -94.58   37.43     0.0    -7.6    -3.8    -3.2     2.5     2.33 C     2.4    -8.9    -2.7    96.4    53.7    71.6   0.413   0.400   0.395   0.559   0.478     1.3     1.9     2.9     5.5     8.9
23908 20150102  2.422  -94.58   37.43     1.3    -1.1     0.1     0.0     1.1     1.86 C     3.0    -1.0     0.4    98.1    92.7    96.1   0.426   0.406   0.401   0.560   0.479     1.7     2.0     2.9     5.1     8.7
23908 20150103  2.422  -94.58   37.43     4.0     0.7     2.3     2.3     5.3     2.62 C     7.1     0.0     2.8    98.5    93.1    96.2   0.467   0.411   0.405   0.560   0.479     2.9     2.9     3.5     5.0     8.5
23908 20150104  2.422  -94.58   37.43     1.5   -10.6    -4.5    -7.3     0.0    10.16 C     1.4   -13.3    -7.1    93.9    42.6    68.2   0.452   0.413   0.407   0.561   0.478     2.2     2.7     3.6     5.2     8.4
23908 20150105  2.422  -94.58   37.43     2.5   -12.2    -4.8    -5.1     0.0    10.92 C     4.5   -13.7    -5.3    78.7    37.5    58.5   0.437   0.412   0.405   0.559   0.478     1.1     1.6     2.7     4.9     8.2
23908 20150106  2.422  -94.58   37.43     0.0    -5.8    -2.9    -2.5     0.0    10.71 C     8.0    -9.3    -2.3    77.5    43.7    60.9   0.435   0.411   0.404   0.559   0.477     1.0     1.4     2.3     4.5     8.1
23908 20150107  2.422  -94.58   37.43    -3.8   -15.8    -9.8    -9.6     0.0     9.60 C    -2.3   -18.7    -8.9    80.8    33.3    55.0   0.414   0.397   0.389   0.559   0.475     0.8     1.2     2.1     4.3     7.9
23908 20150108  2.422  -94.58   37.43    -0.7   -15.8    -8.2    -7.3     0.0     8.95 C     3.3   -18.7    -7.7    83.0    28.8    51.5   0.394   0.380   0.369   0.556   0.474     0.5     0.9     1.8     4.1     7.8
23908 20150109  2.422  -94.58   37.43    -0.1   -12.8    -6.5    -6.7     0.0    11.89 C     3.3   -17.6    -7.4    81.3    31.1    51.3   0.392   0.377   0.365   0.556   0.474     0.4     0.8     1.5     3.8     7.6
23908 20150110  2.422  -94.58   37.43     3.2   -13.4    -5.1    -4.6     0.0    10.70 C     6.8   -17.9    -5.6    85.7    26.8    53.0 -99.000   0.371   0.359   0.555   0.474     0.3     0.6     1.4     3.6     7.5
23908 20150111  2.422  -94.58   37.43     3.9    -1.4     1.3     1.2     1.2     1.65 C     5.2    -2.7     1.3    98.0    42.8    75.8 -99.000   0.371   0.360   0.555   0.474     0.3     0.6     1.3     3.5     7.4
23908 20150112  2.422  -94.58   37.43     1.1    -7.8    -3.4    -1.5     0.3     9.67 C     4.0    -9.4    -1.5    98.0    49.1    75.1 -99.000   0.372   0.361   0.555   0.474     0.3     0.6     1.3     3.4     7.2
23908 20150113  2.422  -94.58   37.43    -0.3   -11.7    -6.0    -7.0     0.0    11.48 C     6.4   -12.5    -6.8    80.5    42.2    67.0 -99.000   0.371   0.360   0.555   0.474     0.3     0.6     1.3     3.3     7.1
23908 20150114  2.422  -94.58   37.43     1.2    -6.9    -2.8    -2.5     0.0     4.09 C     7.4   -10.4    -1.7    84.2    34.7    65.6 -99.000   0.370   0.358   0.555   0.475     0.2     0.6     1.2     3.2     6.9
23908 20150115  2.422  -94.58   37.43     9.8    -6.4     1.7     1.2     0.0    11.90 C    14.3   -11.9    -1.2    90.4    36.4    65.2 -99.000   0.372   0.359   0.556   0.474     0.3     0.6     1.2     3.1     6.8
23908 20150116  2.422  -94.58   37.43    14.3    -4.4     4.9     3.5     0.0    12.04 C    17.0    -9.2     1.1    88.9    32.8    65.0 -99.000   0.372   0.358   0.556   0.474     0.3     0.6     1.2     3.1     6.7
23908 20150117  2.422  -94.58   37.43    16.0     0.5     8.2     7.4     0.0    11.34 C    20.6    -4.5     5.1    74.4    32.3    53.7 -99.000   0.376   0.365   0.556   0.475     0.3     0.6     1.2     3.0     6.6
23908 20150118  2.422  -94.58   37.43    14.9    -3.4     5.8     5.3     0.0    11.04 C    17.9    -9.3     2.3    76.7    32.9    54.0   0.402   0.382   0.374   0.556   0.475     0.5     0.7     1.2     3.0     6.5
23908 20150119  2.422  -94.58   37.43    17.7    -2.4     7.7     7.5     0.0    12.07 C    22.8    -7.1     4.6    84.9    27.8    55.2   0.403   0.386   0.380   0.556   0.473     0.9     1.0     1.3     2.9     6.4
23908 20150120  2.422  -94.58   37.43     9.8    -1.4     4.2     4.6     0.6     3.00 C    10.9    -5.7     1.7    98.4    50.4    75.8   0.401   0.390   0.385   0.556   0.473     1.3     1.4     1.5     3.0     6.3
23908 20150121  2.422  -94.58   37.43    11.1    -3.1     4.0     3.6     0.0    11.59 C    17.5    -7.0     2.6    99.5    30.1    68.2   0.401   0.390   0.383   0.557   0.473     1.9     1.9     2.0     3.2     6.2
23908 20150122  2.422  -94.58   37.43     6.7    -5.0     0.9     1.3     0.0    10.18 C    14.5   -10.0     0.6    90.7    51.5    69.3   0.399   0.388   0.380   0.557   0.473     2.2     2.2     2.4     3.4     6.2
23908 20150123  2.422  -94.58   37.43     7.2    -6.9     0.2    -0.5     0.0    12.56 C    13.5   -11.7    -2.2    95.1    44.8    75.8   0.396   0.385   0.375   0.557   0.473     1.6     1.8     2.3     3.6     6.2
23908 20150124  2.422  -94.58   37.43    13.8    -3.1     5.4     4.9     0.0    12.66 C    17.3    -8.3     4.0    83.5    43.3    66.0   0.396   0.384   0.375   0.556   0.473     2.0     2.0     2.3     3.5     6.2
23908 20150125  2.422  -94.58   37.43     9.3    -0.2     4.6     5.9     0.0     1.80 C     8.5    -7.6     5.1    81.0    56.9    67.5   0.396   0.385   0.375   0.557   0.473     3.3     3.2     3.2     3.7     6.2
23908 20150126  2.422  -94.58   37.43    15.2    -4.6     5.3     4.9     0.0    12.79 C    18.4    -9.3     2.1    96.5    39.1    71.7   0.393   0.382   0.370   0.558   0.473     2.9     3.0     3.3     4.0     6.2
23908 20150127  2.422  -94.58   37.43    16.2    -0.1     8.1     7.3     0.0    12.99 C    23.8    -6.0     4.4    87.7    32.3    61.5   0.393   0.381   0.369   0.558   0.473     3.4     3.3     3.5     4.1     6.2
23908 20150128  2.422  -94.58   37.43    23.2     5.0    14.1    13.3     0.0    11.76 C    25.6    -2.3    11.1    66.9    30.7    50.9   0.392   0.381   0.368   0.558   0.473     4.5     4.2     4.1     4.3     6.3
23908 20150129  2.422  -94.58   37.43    14.7    -2.1     6.3     5.8     0.0     6.25 C    15.3    -8.4     4.2    82.3    44.5    61.7   0.392   0.379   0.365   0.561   0.473     5.2     5.1     5.1     4.9     6.3
23908 20150130  2.422  -94.58   37.43     7.3    -7.5    -0.1     0.3     0.0    12.48 C    15.9   -11.8    -0.1    92.8    40.6    71.3   0.389   0.376   0.362   0.560   0.473     3.6     3.8     4.3     5.0     6.4
23908 20150131  2.422  -94.58   37.43     7.9     2.2     5.1     4.5     7.1     2.24 C     8.6     1.7     3.9    95.2    43.9    74.5   0.391   0.378   0.363   0.561   0.472     4.1     4.0     4.2     4.9     6.5
23908 20150201  2.422  -94.58   37.43     6.2    -9.2    -1.5    -0.4     8.5     1.86 C     6.0    -9.4    -0.4    96.9    71.7    85.0   0.459   0.406   0.400   0.561   0.473     4.0     4.1     4.4     5.0     6.5
23908 20150202  2.422  -94.58   37.43    -2.5   -11.6    -7.1    -6.9     0.0    13.67 C     5.8   -11.6    -5.2    79.9    57.4    72.4   0.471   0.408   0.404   0.561   0.474     2.0     2.4     3.3     4.8     6.6
23908 20150203  2.422  -94.58   37.43    10.2    -4.5     2.9     2.1     0.0    13.74 C    12.3    -6.5     1.3    77.9    43.0    63.1   0.473   0.410   0.405   0.560   0.474     1.8     2.0     2.6     4.3     6.6
23908 20150204  2.422  -94.58   37.43     6.5    -8.1    -0.8    -0.8     0.5     4.53 C    12.3    -9.0    -1.4    91.3    57.5    77.0   0.471   0.411   0.405   0.559   0.474     2.2     2.4     2.8     4.1     6.5
23908 20150205  2.422  -94.58   37.43     0.3   -13.0    -6.4    -6.4     0.0    14.51 C     7.2   -15.5    -6.1    86.8    49.7    72.7   0.447   0.413   0.407   0.559   0.473     1.4     1.7     2.3     4.0     6.4
23908 20150206  2.422  -94.58   37.43    11.6    -3.1     4.2     4.1     0.0    13.74 C    13.4    -5.3     3.4    86.4    53.0    73.0   0.448   0.413   0.407   0.559   0.474     1.6     1.7     2.1     3.7     6.4
23908 20150207  2.422  -94.58   37.43    19.1     4.0    11.6    10.6     0.0    14.73 C    21.1     2.1     9.7    88.2    42.7    68.7   0.449   0.414   0.407   0.558   0.473     3.8     3.4     3.3     3.8     6.3
23908 20150208  2.422  -94.58   37.43    21.7     7.1    14.4    12.8     0.0    14.03 C    26.5    -0.2    11.0    86.8    29.5    62.7   0.447   0.414   0.408   0.560   0.473     5.6     5.2     4.8     4.4     6.2
23908 20150209  2.422  -94.58   37.43     8.1    -1.9     3.1     3.1     0.0     6.54 C    13.1    -6.7     3.1    91.6    66.4    80.7   0.445   0.415   0.409   0.561   0.473     5.1     5.1     5.2     5.0     6.3
23908 20150210  2.422  -94.58   37.43    14.9    -3.2     5.8     4.0     0.0    14.83 C    21.5    -7.2     4.1    91.8    37.8    70.7   0.440   0.413   0.408   0.562   0.473     4.6     4.6     4.7     5.2     6.4
23908 20150211  2.422  -94.58   37.43     6.5    -4.1     1.2     1.5     0.0     9.29 C    14.3    -8.6     0.5    88.3    47.1    72.2   0.429   0.410   0.404   0.562   0.473     4.2     4.3     4.6     5.2     6.4
23908 20150212  2.422  -94.58   37.43    -1.4    -7.3    -4.4    -3.8     0.0    14.03 C     8.9    -8.0    -2.3    76.9    32.4    52.8   0.416   0.398   0.397   0.562   0.474     3.0     3.3     3.9     5.1     6.5
23908 20150213  2.422  -94.58   37.43     8.6    -4.7     1.9     1.3     0.0    10.40 C    13.8    -9.3    -0.2    79.2    39.5    54.3   0.414   0.395   0.394   0.560   0.473     2.7     2.9     3.3     4.7     6.5
23908 20150214  2.422  -94.58   37.43    13.4    -5.4     4.0     2.3     0.0    15.49 C    20.1    -7.4     2.1    84.3    40.0    58.1   0.411   0.392   0.391   0.560   0.473     3.0     3.1     3.4     4.5     6.5
23908 20150215  2.422  -94.58   37.43     0.6    -7.7    -3.5    -4.1     0.4     9.61 C     7.3    -8.5    -3.0    71.0    27.8    42.9   0.405   0.387   0.376   0.560   0.473     2.0     2.4     3.0     4.4     6.4
23908 20150216  2.422  -94.58   37.43    -2.9   -11.3    -7.1    -6.8     5.8    12.63 C     4.5   -14.3    -5.5    88.8    61.8    78.4   0.405   0.387   0.376   0.560   0.473     1.5     1.8     2.4     4.1     6.4
23908 20150217  2.422  -94.58   37.43     4.5   -12.6    -4.0    -5.4     1.9    11.39 C    10.5   -15.1    -5.3    93.6    60.0    80.5   0.412   0.393   0.384   0.559   0.473     1.3     1.6     2.2     3.8     6.3
23908 20150218  2.422  -94.58   37.43    -4.3   -13.1    -8.7    -8.6     0.0    17.44 C    -0.6   -17.7   -10.1    81.2    50.7    63.5   0.413   0.395   0.386   0.558   0.473     1.0     1.3     2.0     3.6     6.2
23908 20150219  2.422  -94.58   37.43    -4.7   -13.8    -9.2    -8.2     0.0    10.28 C     2.5   -17.9    -7.7    86.5    48.9    62.5   0.400   0.384   0.372   0.558   0.473     0.7     1.0     1.7     3.4     6.1
23908 20150220  2.422  -94.58   37.43     1.9    -8.4    -3.2    -1.4     1.3     2.71 C     3.8   -10.8    -1.3    97.2    60.6    77.9   0.396   0.382   0.370   0.557   0.472     0.6     0.9     1.5     3.1     6.0
23908 20150221  2.422  -94.58   37.43     9.5    -0.8     4.3     2.4     0.0    10.30 C    19.2    -3.8     3.3    97.1    64.4    88.2   0.407   0.391   0.381   0.557   0.472     0.9     1.0     1.5     3.0     5.9
23908 20150222  2.422  -94.58   37.43     1.9    -6.8    -2.4    -4.2     0.0     5.86 C     0.8    -6.4    -3.5    80.5    40.3    58.8   0.409   0.393   0.385   0.558   0.471     1.0     1.1     1.6     2.9     5.8
23908 20150223  2.422  -94.58   37.43    -4.5   -10.4    -7.4    -7.4     0.0    10.75 C     8.1    -9.7    -4.5    58.7    30.9    44.3   0.398   0.382   0.368   0.557   0.471     0.6     0.8     1.4     2.9     5.8
23908 20150224  2.422  -94.58   37.43     5.8    -5.8     0.0    -1.5     0.0    17.58 C    10.1    -9.6    -1.4    82.1    37.4    54.1   0.395   0.380   0.367   0.555   0.472     0.6     0.7     1.2     2.8     5.7
23908 20150225  2.422  -94.58   37.43     8.9    -6.2     1.4     1.0     0.0    16.62 C    16.3   -11.2     0.9    90.5    39.1    68.7   0.396   0.381   0.369   0.555   0.472     0.6     0.7     1.2     2.7     5.6
23908 20150226  2.422  -94.58   37.43    -2.7   -10.5    -6.6    -6.5     0.0    17.97 C     7.6   -12.6    -4.3    72.1    34.8    55.8   0.395   0.379   0.367   0.556   0.471     0.7     0.8     1.2     2.6     5.5
23908 20150227  2.422  -94.58   37.43    -6.0   -14.0   -10.0    -9.6     0.0     9.41 C     5.3   -15.9    -8.0    80.4    39.8    60.3   0.387   0.373   0.359   0.555   0.472     0.4     0.6     1.1     2.6     5.4
23908 20150228  2.422  -94.58   37.43    -3.8    -6.9    -5.4    -5.4     9.4     4.64 C    -2.4    -7.6    -4.7    95.6    59.9    83.2 -99.000   0.372   0.357   0.554   0.469     0.3     0.6     1.1     2.5     5.4
23908 20150301  2.422  -94.58   37.43    -0.1    -7.2    -3.7    -3.4     0.0     9.32 C     0.9   -12.5    -3.6    96.3    68.8    87.3 -99.000   0.372   0.357   0.555   0.469     0.3     0.5     1.0     2.4     5.3
23908 20150302  2.422  -94.58   37.43     2.3    -9.1    -3.4    -2.1     0.0    10.67 C     1.8   -12.9    -3.5    94.6    52.8    75.9 -99.000   0.374   0.359   0.555   0.469     0.3     0.5     1.0     2.3     5.2
23908 20150303  2.422  -94.58   37.43     6.8     1.3     4.0     3.9     0.2     2.14 C     7.7     0.5     3.5    97.4    84.5    92.5 -99.000   0.391   0.382   0.556   0.471     0.6     0.7     1.0     2.3     5.2
23908 20150304  2.422  -94.58   37.43     1.6    -6.1    -2.3    -3.5     0.5     5.74 C     0.9    -9.0    -3.2    89.4    47.5    68.4   0.422   0.398   0.390   0.557   0.470     0.6     0.7     1.1     2.3     5.1
23908 20150305  2.422  -94.58   37.43     2.2    -9.2    -3.5    -3.7     0.0    19.83 C    14.7   -14.6    -3.1    76.3    34.7    58.6   0.414   0.393   0.382   0.556   0.470     0.5     0.7     1.1     2.3     5.1
23908 20150306  2.422  -94.58   37.43    11.7    -5.0     3.3     3.1     0.0    19.41 C    15.4    -9.4     2.6    78.2    42.0    61.0   0.410   0.391   0.380   0.556   0.470     0.7     0.8     1.1     2.3     5.0
23908 20150307  2.422  -94.58   37.43    18.0     1.7     9.8     8.1     0.0    19.01 C    24.2    -2.3     7.3    71.1    35.1    58.3   0.413   0.394   0.385   0.557   0.470     1.9     1.7     1.5     2.3     4.9
23908 20150308  2.422  -94.58   37.43    15.3     3.1     9.2     8.7     0.0     9.37 C    21.1    -3.1     7.4    80.6    36.0    58.5   0.416   0.397   0.388   0.558   0.470     3.2     2.9     2.7     2.8     4.9
23908 20150309  2.422  -94.58   37.43    14.4     0.8     7.6     7.5     4.2     9.57 C    22.1    -4.6     6.8    97.2    52.8    79.2   0.416   0.398   0.389   0.560   0.470     3.7     3.4     3.4     3.2     4.9
23908 20150310  2.422  -94.58   37.43    18.9     6.7    12.8    10.9     1.2    16.67 C    29.7    -1.0    11.0    98.2    40.0    79.4   0.435   0.406   0.396   0.561   0.470     5.4     4.8     4.5     3.8     5.0
23908 20150311  2.422  -94.58   37.43    23.0     3.1    13.1    12.2     0.0    19.14 C    35.2    -1.7    11.2   100.0    27.6    69.1   0.438   0.406   0.398   0.561   0.471     6.0     5.5     5.1     4.3     5.1
23908 20150312  2.422  -94.58   37.43    21.4     3.6    12.5    13.2     0.0    16.47 C    31.9    -1.9    12.6    89.1    26.4    58.8   0.439   0.407   0.397   0.562   0.471     6.6     6.1     5.8     4.9     5.2
23908 20150313  2.422  -94.58   37.43    13.1    10.6    11.9    11.8     9.7     1.99 C    13.3    10.2    11.5    96.2    87.5    93.9   0.451   0.411   0.398   0.564   0.470     7.7     7.1     6.8     5.5     5.4
23908 20150314  2.422  -94.58   37.43    16.7     4.2    10.4    11.4     0.0    12.91 C    25.0    -3.4     9.9    95.0    45.2    70.3   0.475   0.416   0.403   0.565   0.472     8.1     7.7     7.4     6.1     5.6
23908 20150315  2.422  -94.58   37.43    21.4     0.1    10.7    11.3     0.0    21.21 C    29.8    -4.4     9.6    98.3    38.1    70.0   0.476   0.417   0.405   0.566   0.472     7.5     7.2     7.1     6.4     5.9
23908 20150316  2.422  -94.58   37.43    23.7     5.5    14.6    15.2     0.0    20.37 C    28.6     0.3    14.1    98.5    44.7    72.0   0.476   0.417   0.404   0.566   0.474     8.6     8.0     7.7     6.6     6.1
23908 20150317  2.422  -94.58   37.43    14.5     8.2    11.4    11.2     0.0    13.99 C    19.6     4.1    11.0    93.6    50.3    67.3   0.456   0.418   0.404   0.566   0.474     9.1     8.7     8.5     7.2     6.3
23908 20150318  2.422  -94.58   37.43     9.6     4.7     7.1     6.5     5.1     2.81 C     9.0     4.6     6.5    96.4    54.3    80.9   0.466   0.417   0.404   0.566   0.474     8.0     7.9     8.0     7.4     6.5
23908 20150319  2.422  -94.58   37.43     7.6     4.3     6.0     5.6     2.7     3.96 C    12.3     3.6     6.3    96.8    82.9    91.9   0.477   0.416   0.404   0.565   0.474     7.4     7.3     7.4     7.3     6.7
23908 20150320  2.422  -94.58   37.43    16.3    -0.1     8.1     8.5     0.0    15.98 C    23.8    -1.7     8.9    98.8    49.4    81.8   0.478   0.416   0.405   0.566   0.475     7.7     7.4     7.4     7.2     6.9
23908 20150321  2.422  -94.58   37.43    20.9     4.8    12.8    12.2     0.0    14.31 C    29.8     0.2    10.5    95.5    23.4    67.3   0.478   0.417   0.405   0.566   0.476     8.3     7.9     7.8     7.3     7.0
23908 20150322  2.422  -94.58   37.43    21.6     4.1    12.9    13.3     0.0    20.91 C    33.7    -0.1    14.3    95.2    22.3    64.2   0.457   0.417   0.405   0.566   0.477     9.0     8.5     8.2     7.5     7.1
23908 20150323  2.422  -94.58   37.43    19.7     7.3    13.5    12.9     0.0    10.56 C    29.6     3.3    13.2    95.7    57.9    78.7   0.450   0.416   0.405   0.566   0.477     9.6     9.2     8.9     7.8     7.2
23908 20150324  2.422  -94.58   37.43    24.2     8.6    16.4    14.5     3.0    12.14 C    28.4     2.4    13.2    87.9    50.4    72.2   0.453   0.416   0.405   0.568   0.477    10.2     9.7     9.4     8.2     7.3
23908 20150325  2.422  -94.58   37.43    20.5     2.6    11.5    10.6     8.0     9.90 C    26.6    -0.1     9.6    98.3    40.0    80.4   0.460   0.416   0.405   0.569   0.477     9.8     9.5     9.5     8.5     7.5
23908 20150326  2.422  -94.58   37.43    12.3     4.0     8.1     7.3     3.1    22.54 C    24.2    -1.9     9.1    93.0    34.1    65.1   0.480   0.417   0.405   0.569   0.477     9.3     9.1     9.1     8.6     7.6
23908 20150327  2.422  -94.58   37.43     9.0     3.0     6.0     5.6     0.4    19.52 C    22.2     1.8     8.0    92.4    29.4    62.7   0.481   0.417   0.406   0.569   0.476     8.6     8.5     8.6     8.5     7.8
23908 20150328  2.422  -94.58   37.43    13.6     3.6     8.6     7.6     0.0    21.77 C    23.4     0.8     9.0    79.6    48.6    61.2   0.481   0.417   0.405   0.569   0.477     8.6     8.4     8.4     8.3     7.9
23908 20150329  2.422  -94.58   37.43    16.5     3.3     9.9     9.5     0.0    12.26 C    26.6    -1.2     8.7    84.4    46.8    69.3   0.472   0.417   0.404   0.568   0.477     8.4     8.3     8.3     8.3     8.0
23908 20150330  2.422  -94.58   37.43    21.7     0.3    11.0    12.2     0.0    23.90 C    30.7    -3.9    10.6    97.1    24.9    59.1   0.453   0.416   0.404   0.568   0.478     8.7     8.4     8.4     8.2     8.0
23908 20150331  2.422  -94.58   37.43    24.9     9.5    17.2    16.5     0.0    19.63 C    35.9     2.7    16.3    97.4    34.0    66.1   0.449   0.416   0.404   0.567   0.478    10.2     9.6     9.2     8.4     8.1
23908 20150401  2.422  -94.58   37.43    22.1     9.1    15.6    16.1     5.6    11.09 C    28.3     3.8    15.0    94.0    63.2    76.7   0.462   0.416   0.405   0.569   0.480    10.9    10.4    10.0     8.9     8.1
23908 20150402  2.422  -94.58   37.43    25.6    15.0    20.3    19.1    15.9    12.26 C    36.1    13.6    20.1    94.8    56.8    82.1   0.480   0.417   0.405   0.571   0.480    13.2    12.2    11.3     9.4     8.2
23908 20150403  2.422  -94.58   37.43    15.3     2.9     9.1    10.2    11.2    14.68 C    23.1    -3.1    10.1    94.8    43.4    68.8   0.481   0.417   0.406   0.570   0.480    12.2    12.0    11.8    10.2     8.4
23908 20150404  2.422  -94.58   37.43    15.9    -1.0     7.4     7.7     0.0    24.82 C    26.4    -5.7     7.4    95.9    23.4    56.7   0.482   0.418   0.407   0.571   0.480    10.1    10.0    10.3    10.1     8.6
23908 20150405  2.422  -94.58   37.43    11.6     4.7     8.1     8.7     0.0     6.54 C    15.2    -2.2     7.8    95.8    49.4    72.6   0.481   0.417   0.406   0.571   0.480     9.4     9.4     9.7     9.8     8.8
23908 20150406  2.422  -94.58   37.43    20.9     9.3    15.1    15.8     0.6     5.70 C    22.3     9.2    15.6    96.9    75.0    88.2   0.481   0.417   0.405   0.571   0.480    10.8    10.3    10.0     9.6     8.9
23908 20150407  2.422  -94.58   37.43    27.3    17.6    22.4    22.2     3.9    17.79 C    31.2    15.6    21.9    90.1    61.4    76.4   0.480   0.417   0.405   0.571   0.480    14.1    12.9    12.0    10.0     9.0
23908 20150408  2.422  -94.58   37.43    27.3    17.8    22.5    22.1     0.0    13.60 C    33.2    13.4    21.5    89.5    58.4    74.2   0.479   0.416   0.405   0.571   0.479    15.7    14.7    13.8    11.0     9.1
23908 20150409  2.422  -94.58   37.43    24.4     5.4    14.9    17.3     7.9    18.77 C    28.1     1.1    17.1    91.8    49.9    70.7   0.479   0.417   0.405   0.573   0.479    15.9    15.2    14.6    11.9     9.3
23908 20150410  2.422  -94.58   37.43    19.3     3.1    11.2    11.2     0.0    25.22 C    32.0    -0.2    11.9    92.2    28.6    62.9   0.480   0.417   0.406   0.573   0.481    13.6    13.3    13.4    12.2     9.6
23908 20150411  2.422  -94.58   37.43    20.7     7.3    14.0    14.9     0.2    14.04 C    27.6     1.9    14.3    90.1    36.0    60.0   0.469   0.417   0.405   0.572   0.482    13.1    12.8    12.9    12.0     9.8
23908 20150412  2.422  -94.58   37.43    24.6    11.0    17.8    17.2     2.6    12.73 C    30.9     8.5    16.5    92.5    48.8    67.5   0.467   0.417   0.405   0.571   0.482    13.5    13.0    12.9    11.9    10.0
23908 20150413  2.422  -94.58   37.43    18.5    12.1    15.3    14.3    13.0     3.44 C    17.2    10.1    13.2    94.7    48.2    73.8   0.480   0.418   0.406   0.572   0.483    13.6    13.4    13.3    12.0    10.1
23908 20150414  2.422  -94.58   37.43    19.9    10.1    15.0    13.8     0.4    13.26 C    32.0     8.9    14.1    83.4    28.9    56.7   0.482   0.418   0.406   0.571   0.485    12.8    12.5    12.6    12.0    10.3
23908 20150415  2.422  -94.58   37.43 -9999.0 -9999.0 -9999.0 -9999.0 -9999.0 -9999.00 U -9999.0 -9999.0 -9999.0 -9999.0 -9999.0 -9999.0 -99.000 -99.000 -99.000 -99.000 -99.000 -9999.0 -9999.0 -9999.0 -9999.0 -9999.0
23908 20150416  2.422  -94.58   37.43    23.2    11.7    17.4    16.7     0.0    19.33 C    39.1     9.6    19.3    97.9    54.6    83.1   0.480   0.417   0.405   0.571   0.484    14.2    13.4    13.0    11.9    10.5
23908 20150417  2.422  -94.58   37.43    24.7    12.9    18.8    18.5     1.3    16.52 C    35.7     9.7    18.8    93.0    59.8    80.9   0.480   0.417   0.405   0.572   0.484    15.1    14.4    13.9    12.3    10.5
23908 20150418  2.422  -94.58   37.43    19.7    13.3    16.5    16.3    15.7     8.90 C    29.8     8.2    15.5    94.6    73.9    88.3   0.480   0.417   0.405   0.574   0.483    15.5    15.0    14.5    12.8    10.7
23908 20150419  2.422  -94.58   37.43    20.3    10.3    15.3    14.0     3.4    17.54 C    32.4     7.9    14.9    96.7    53.8    78.8   0.480   0.417   0.405   0.573   0.482    15.3    14.8    14.5    13.1    10.8
23908 20150420  2.422  -94.58   37.43    15.5     6.3    10.9    10.7     0.0    24.66 C    23.2     0.3    10.0    81.7    28.5    56.7   0.480   0.417   0.405   0.574   0.483    14.0    13.8    14.0    13.1    11.0
23908 20150421  2.422  -94.58   37.43    22.8     4.8    13.8    14.2     0.0    23.32 C    31.0     0.8    14.0    89.1    33.7    65.1   0.480   0.417   0.405   0.574   0.484    13.4    13.1    13.2    12.8    11.1
23908 20150422  2.422  -94.58   37.43    15.6     5.1    10.4    10.5     6.5    23.65 C    30.9     0.5    12.4    93.5    33.6    61.3   0.481   0.417   0.406   0.574   0.486    13.7    13.4    13.4    12.7    11.2
23908 20150423  2.422  -94.58   37.43    16.7     5.2    11.0    11.7     0.0    10.89 C    27.2     0.8    12.1    81.2    39.8    52.1   0.473   0.416   0.406   0.572   0.486    12.4    12.4    12.7    12.6    11.2
23908 20150424  2.422  -94.58   37.43    20.7    10.5    15.6    15.4     3.1     9.77 C    27.1     7.4    14.8    87.9    53.7    72.2   0.476   0.416   0.405   0.572   0.485    13.1    12.7    12.7    12.3    11.3
23908 20150425  2.422  -94.58   37.43    23.6    12.2    17.9    17.6     0.0    21.18 C    32.0     8.3    18.5    91.8    48.2    73.3   0.462   0.413   0.403   0.572   0.486    14.8    14.0    13.6    12.4    11.3
23908 20150426  2.422  -94.58   37.43    13.9     9.2    11.5    11.4     0.0     9.80 C    22.4     6.8    12.5    93.5    68.8    82.2   0.441   0.410   0.399   0.572   0.486    14.0    13.8    13.9    12.8    11.3
23908 20150427  2.422  -94.58   37.43    18.9     7.5    13.2    12.6     0.0    23.49 C    29.1     4.7    13.4    81.3    32.6    57.2   0.424   0.400   0.386   0.572   0.486    13.4    13.2    13.3    12.8    11.4
23908 20150428  2.422  -94.58   37.43    20.1     5.3    12.7    12.9     0.0    22.07 C    35.8    -0.3    14.0    87.9    34.5    62.1   0.412   0.393   0.372   0.571   0.487    13.6    13.2    13.2    12.7    11.5
23908 20150429  2.422  -94.58   37.43    23.8     6.2    15.0    15.6     0.0    23.52 C    42.9     0.4    15.6    90.4    30.5    54.6   0.406   0.388   0.365   0.567   0.486    13.9    13.4    13.4    12.7    11.5
23908 20150430  2.422  -94.58   37.43    22.9     8.7    15.8    15.8     0.0    27.67 C    41.3     1.5    16.8    86.0    24.9    53.8   0.400   0.383   0.358   0.559   0.487    14.4    13.9    13.7    12.8    11.6
23908 20150501  2.422  -94.58   37.43    23.0     5.4    14.2    15.4     0.0    26.91 C    44.2     0.8    17.5    86.3    29.0    54.2   0.392   0.377   0.353   0.552   0.487    14.6    14.1    13.9    13.0    11.6
23908 20150502  2.422  -94.58   37.43    24.7     9.2    16.9    17.8     0.0    22.14 C    39.8     3.7    17.8    81.7    42.8    61.4   0.386   0.373   0.349   0.546   0.488    15.0    14.5    14.2    13.2    11.7
23908 20150503  2.422  -94.58   37.43    26.4    13.7    20.0    20.1     0.0    20.81 C    34.4     8.2    19.9    86.1    46.1    64.2   0.379   0.369   0.345   0.539   0.487    16.0    15.3    14.9    13.4    11.8
23908 20150504  2.422  -94.58   37.43    27.0    15.1    21.1    21.0     0.0    23.35 C    37.5    10.1    21.4    86.4    51.0    69.0   0.370   0.364   0.341   0.528   0.488    17.1    16.3    15.7    13.8    11.9
23908 20150505  2.422  -94.58   37.43    26.3    13.7    20.0    20.8     1.8    21.25 C    39.1     8.4    20.6    87.3    49.4    67.7   0.363   0.359   0.336   0.522   0.487    17.4    16.7    16.2    14.3    12.0
23908 20150506  2.422  -94.58   37.43    26.3    16.4    21.4    21.0    11.3    16.70 C    36.9    15.7    21.0    92.8    44.4    66.3   0.384   0.373   0.348   0.529   0.488    17.7    17.1    16.7    14.7    12.2
23908 20150507  2.422  -94.58   37.43    26.4    17.8    22.1    21.6     0.0    18.00 C    39.7    14.5    22.5    84.6    51.8    70.7   0.371   0.367   0.342   0.530   0.488    18.3    17.5    17.0    15.1    12.4
23908 20150508  2.422  -94.58   37.43    24.4    17.5    20.9    20.2    30.3    18.40 C    40.8    15.7    22.4    95.8    60.4    83.7   0.444   0.405   0.392   0.556   0.489    19.3    18.5    17.9    15.6    12.6
23908 20150509  2.422  -94.58   37.43    23.8    16.1    19.9    19.8    28.8    14.57 C    30.3    14.6    20.3    95.5    68.7    84.2   0.458   0.411   0.403   0.568   0.490    19.5    18.8    18.3    16.1    12.8
23908 20150510  2.422  -94.58   37.43    23.3    15.8    19.6    19.4    16.1    10.04 C    26.1    13.6    18.7    95.6    67.7    81.8   0.458   0.412   0.404   0.570   0.491    18.9    18.5    18.2    16.3    13.1
23908 20150511  2.422  -94.58   37.43    18.6     8.2    13.4    13.3     0.0    28.24 C    27.9     4.4    14.6    87.2    46.0    65.2   0.459   0.413   0.404   0.570   0.490    18.2    17.8    17.7    16.3    13.3
23908 20150512  2.422  -94.58   37.43    20.0     6.4    13.2    13.5     0.0    28.23 C    35.8     1.8    15.8    91.2    37.0    62.3   0.460   0.413   0.405   0.570   0.490    17.1    16.9    17.0    16.1    13.5
23908 20150513  2.422  -94.58   37.43    20.5     5.7    13.1    14.6     0.8    12.60 C    31.3     2.5    14.2    93.8    52.1    72.0   0.449   0.413   0.403   0.569   0.490    16.0    16.0    16.3    15.8    13.6
23908 20150514  2.422  -94.58   37.43    25.1    13.6    19.4    18.7    15.8    11.65 C    27.7    13.0    18.3    95.0    68.2    85.7   0.462   0.414   0.404   0.569   0.491    16.9    16.4    16.2    15.5    13.7
23908 20150515  2.422  -94.58   37.43    25.8    17.2    21.5    21.3     0.0    14.48 C    31.3    14.9    21.1    95.2    66.6    83.9   0.461   0.413   0.404   0.568   0.490    18.4    17.7    17.2    15.7    13.7
23908 20150516  2.422  -94.58   37.43    27.1    16.9    22.0    22.5    25.3    19.80 C    35.2    16.0    22.8    93.6    60.4    78.8   0.461   0.411   0.404   0.569   0.490    19.6    18.7    18.0    16.1    13.7
23908 20150517  2.422  -94.58   37.43    25.5    16.8    21.2    20.8    13.8    25.09 C    31.1    15.8    21.4    93.6    58.6    80.3   0.461   0.408   0.403   0.570   0.490    20.1    19.4    18.8    16.6    13.8
23908 20150518  2.422  -94.58   37.43    24.9    13.4    19.1    20.0     0.0    25.67 C    38.0    11.9    22.1    97.2    59.7    80.0   0.461   0.408   0.403   0.570   0.491    20.5    19.8    19.2    17.1    14.0
23908 20150519  2.422  -94.58   37.43    18.6    10.0    14.3    14.4     3.2    18.47 C    26.5     9.2    16.0    88.4    57.7    73.1   0.453   0.408   0.403   0.569   0.493    18.8    18.6    18.7    17.3    14.2
23908 20150520  2.422  -94.58   37.43    16.3    10.3    13.3    13.0    13.6     5.81 C    17.3    10.8    14.1    96.1    83.9    91.0   0.464   0.409   0.404   0.570   0.492    17.5    17.5    17.8    17.1    14.4
23908 20150521  2.422  -94.58   37.43    17.5     8.0    12.8    12.4     0.0    21.38 C    30.9     5.2    14.7    93.8    48.9    76.7   0.465   0.410   0.404   0.570   0.492    16.9    16.7    16.9    16.6    14.5
23908 20150522  2.422  -94.58   37.43    19.3     7.0    13.1    14.0     0.0    13.43 C    28.5     4.2    14.5    95.3    52.3    72.8   0.465   0.410   0.405   0.569   0.492    16.1    16.0    16.3    16.2    14.5
23908 20150523  2.422  -94.58   37.43    21.8    13.2    17.5    17.0    27.9     8.26 C    23.6    13.3    17.3    95.4    71.4    87.5   0.466   0.410   0.405   0.568   0.492    16.8    16.4    16.4    15.9    14.6
23908 20150524  2.422  -94.58   37.43    20.0    15.1    17.6    18.3    45.8     7.12 C    25.7    14.4    18.9    96.1    86.2    92.6   0.466   0.411   0.404   0.569   0.493    18.1    17.5    17.1    16.0    14.5
23908 20150525  2.422  -94.58   37.43    27.2    15.3    21.3    20.8     4.0    20.87 C    34.6    14.9    21.9    96.2    59.5    82.9   0.465   0.411   0.403   0.569   0.492    19.3    18.5    17.9    16.3    14.5
23908 20150526  2.422  -94.58   37.43    25.1    16.1    20.6    19.8     1.0    24.23 C    33.4    16.0    21.4    94.8    60.3    81.9   0.465   0.411   0.404   0.569   0.492    20.3    19.6    18.9    16.9    14.6
23908 20150527  2.422  -94.58   37.43    28.3    17.4    22.9    22.6     0.0    24.67 C    40.5    15.4    24.6    96.1    53.6    76.6   0.465   0.411   0.403   0.570   0.492    21.1    20.3    19.6    17.4    14.6
23908 20150528  2.422  -94.58   37.43    24.3    17.6    21.0    20.5     9.5    12.50 C    28.6    15.8    20.5    96.9    70.7    86.9   0.466   0.412   0.402   0.570   0.492    20.7    20.3    19.9    17.9    14.8
23908 20150529  2.422  -94.58   37.43    22.3    17.3    19.8    19.2    39.7     6.15 C    24.9    16.9    19.3    95.6    79.8    92.5   0.466   0.412   0.403   0.572   0.493    20.1    19.8    19.6    18.0    15.0
23908 20150530  2.422  -94.58   37.43    18.1    14.7    16.4    16.4     0.0     6.73 C    20.0    14.9    17.2    97.2    82.0    90.9   0.467   0.414   0.403   0.573   0.492    19.2    19.0    19.0    18.0    15.2
23908 20150531  2.422  -94.58   37.43    19.6    14.7    17.2    16.3     0.0    12.76 C    28.0    15.0    17.8    94.1    70.0    84.6   0.468   0.415   0.403   0.572   0.494    18.8    18.5    18.5    17.7    15.3
23908 20150601  2.422  -94.58   37.43    21.6    12.5    17.1    16.9     0.0    22.07 C    32.7    12.0    18.9    94.7    60.8    79.9   0.468   0.413   0.403   0.571   0.494    19.2    18.7    18.6    17.6    15.4
23908 20150602  2.422  -94.58   37.43    26.9    11.9    19.4    19.5     0.0    22.29 C    36.2    11.4    21.3    96.4    62.0    82.3   0.464   0.414   0.402   0.570   0.494    19.7    19.1    18.8    17.6    15.5
23908 20150603  2.422  -94.58   37.43    29.0    17.9    23.5    23.2     0.0    25.25 C    37.5    16.9    24.3    96.5    58.8    78.1   0.443   0.411   0.399   0.566   0.494    21.3    20.4    19.8    17.9    15.5
23908 20150604  2.422  -94.58   37.43    30.1    19.3    24.7    24.1     0.0    23.34 C    40.8    16.4    25.2    96.2    56.0    77.5   0.421   0.403   0.384   0.566   0.494    22.1    21.3    20.7    18.4    15.6
23908 20150605  2.422  -94.58   37.43    30.4    18.5    24.5    24.1     0.0    21.64 C    40.4    18.4    25.8    96.5    58.9    81.4   0.410   0.394   0.371   0.566   0.494    22.9    22.0    21.4    18.9    15.7
23908 20150606  2.422  -94.58   37.43    30.9    20.2    25.6    25.5     0.0    21.15 C    40.7    18.6    26.6    95.4    55.5    78.0   0.404   0.389   0.363   0.561   0.495    23.5    22.6    21.9    19.4    15.9
23908 20150607  2.422  -94.58   37.43    31.8    20.3    26.0    26.5     0.0    27.73 C    39.2    18.1    27.3    94.0    47.6    69.5   0.394   0.384   0.356   0.554   0.495    24.0    23.1    22.4    19.8    16.1
23908 20150608  2.422  -94.58   37.43    29.7    20.5    25.1    25.2     0.0    28.04 C    38.8    16.7    26.3    88.5    40.0    66.1   0.381   0.375   0.350   0.545   0.495    24.4    23.5    22.9    20.3    16.3
23908 20150609  2.422  -94.58   37.43    32.3    16.6    24.4    25.3     0.0    28.92 C    40.7    14.5    26.0    94.1    38.4    68.3   0.369   0.367   0.343   0.534   0.498    24.0    23.3    22.8    20.6    16.6
23908 20150610  2.422  -94.58   37.43    32.8    20.1    26.4    26.4     0.0    27.23 C    39.7    18.1    26.8    90.6    47.7    69.1   0.357   0.357   0.358   0.525   0.498    24.6    23.7    23.2    20.8    16.8
23908 20150611  2.422  -94.58   37.43    31.6    21.2    26.4    26.7     0.9    24.19 C    36.9    19.3    26.4    86.5    50.9    67.4   0.343   0.344   0.356   0.516   0.500    24.5    23.8    23.4    21.0    17.0
23908 20150612  2.422  -94.58   37.43    29.9    20.0    24.9    23.8    13.2    12.58 C    35.0    19.7    23.7    95.1    62.5    82.4   0.354   0.346   0.351   0.511   0.499    24.0    23.5    23.3    21.2    17.2
23908 20150613  2.422  -94.58   37.43    27.0    19.5    23.2    22.9    10.3    15.90 C    31.8    19.2    23.2    96.0    71.2    86.7   0.389   0.373   0.376   0.517   0.498    23.6    23.1    22.9    21.2    17.4
23908 20150614  2.422  -94.58   37.43    29.5    20.7    25.1    24.3     0.0    18.95 C    33.6    19.9    24.6    95.3    64.0    83.1   0.375   0.369   0.379   0.525   0.498    24.0    23.3    23.0    21.2    17.5
23908 20150615  2.422  -94.58   37.43    27.4    21.1    24.3    23.3     0.5    12.32 C    31.2    20.6    23.3    94.0    72.8    87.3   0.366   0.363   0.375   0.525   0.498    23.7    23.2    23.0    21.3    17.6
23908 20150616  2.422  -94.58   37.43    27.9    19.7    23.8    23.4     2.2    15.08 C    33.7    18.5    24.1    96.6    70.4    88.3   0.362   0.359   0.371   0.521   0.498    23.7    23.2    22.9    21.2    17.8
23908 20150617  2.422  -94.58   37.43    25.2    21.3    23.2    22.8    59.7     6.78 C    26.1    21.1    22.8    95.9    81.8    91.1   0.441   0.402   0.441   0.557   0.499    23.4    22.9    22.9    21.4    17.9
23908 20150618  2.422  -94.58   37.43    25.5    20.5    23.0    22.2    15.3     6.76 C    28.0    20.3    22.1    95.6    83.3    92.2   0.461   0.413   0.459   0.570   0.502    23.0    22.6    22.5    21.3    18.0
23908 20150619  2.422  -94.58   37.43    28.6    19.8    24.2    23.4     0.0    21.93 C    31.9    17.5    23.2    92.6    61.0    81.1   0.460   0.412   0.460   0.570   0.504    23.3    22.7    22.4    21.1    18.1
23908 20150620  2.422  -94.58   37.43    32.6    19.1    25.8    26.3     0.0    27.71 C    34.9    16.7    25.7    95.6    52.0    75.9   0.456   0.412   0.458   0.566   0.504    23.9    23.1    22.8    21.2    18.2
23908 20150621  2.422  -94.58   37.43    30.5    21.5    26.0    26.1     0.0    24.86 C    34.4    20.6    26.1    93.7    61.2    77.6   0.430   0.404   0.450   0.567   0.503    24.6    23.9    23.4    21.4    18.2
23908 20150622  2.422  -94.58   37.43    31.5    23.2    27.3    27.1     0.0    26.34 C    32.4    22.1    26.6    89.8    57.0    74.5   0.408   0.391   0.415   0.561   0.504    24.9    24.1    23.7    21.7    18.3
23908 20150623  2.422  -94.58   37.43    32.5    23.8    28.2    27.4     0.0    26.24 C    35.3    21.5    27.4    93.4    49.2    74.5   0.390   0.380   0.393   0.548   0.503    25.6    24.7    24.2    21.9    18.4
23908 20150624  2.422  -94.58   37.43    32.6    21.6    27.1    27.3     0.0    28.00 C    34.5    19.4    26.9    95.3    56.0    75.9   0.376   0.370   0.381   0.541   0.502    25.7    25.0    24.5    22.3    18.6
23908 20150625  2.422  -94.58   37.43    33.0    23.4    28.2    28.1     0.0    28.18 C    34.8    22.3    27.6    89.2    54.4    72.8   0.363   0.361   0.371   0.531   0.503    26.1    25.3    24.8    22.5    18.7
23908 20150626  2.422  -94.58   37.43    26.6    19.0    22.8    22.5    35.1    12.04 C    29.0    17.7    22.3    94.7    70.3    84.3   0.432   0.394   0.424   0.559   0.503    24.5    24.2    24.3    22.7    18.9
23908 20150627  2.422  -94.58   37.43    26.6    17.3    21.9    21.5     0.0    25.59 C    30.4    15.7    21.5    95.8    53.0    79.0   0.450   0.407   0.446   0.573   0.502    23.7    23.4    23.5    22.4    19.0
23908 20150628  2.422  -94.58   37.43    30.6    16.0    23.3    23.5     0.5    26.39 C    31.3    14.4    22.9    94.9    51.4    76.3   0.420   0.397   0.430   0.571   0.502    23.5    23.1    23.1    22.1    19.1
23908 20150629  2.422  -94.58   37.43    29.3    18.2    23.7    24.0     0.0    26.64 C    31.5    15.4    23.1    96.5    50.3    74.5   0.401   0.386   0.406   0.562   0.502    23.9    23.4    23.3    22.0    19.2
23908 20150630  2.422  -94.58   37.43    31.5    18.5    25.0    25.1     0.0    23.58 C    32.4    16.4    24.4    93.1    49.1    75.1   0.391   0.378   0.394   0.549   0.502    24.0    23.4    23.3    22.0    19.2
23908 20150701  2.422  -94.58   37.43    30.2    23.0    26.6    26.3     0.0     9.30 C    30.8    22.9    25.4    91.5    68.6    79.2   0.384   0.373   0.388   0.545   0.503    24.4    23.8    23.6    22.1    19.3
23908 20150702  2.422  -94.58   37.43    27.5    19.7    23.6    24.0     0.0    18.38 C    32.3    18.6    24.3    96.5    72.8    84.8   0.378   0.368   0.360   0.540   0.503    24.5    23.9    23.7    22.2    19.3
23908 20150703  2.422  -94.58   37.43    27.7    19.3    23.5    22.4    76.6    15.05 C    31.5    18.2    22.5    98.8    68.5    88.1   0.415   0.385   0.368   0.554   0.503    23.7    23.4    23.5    22.3    19.4
23908 20150704  2.422  -94.58   37.43    28.8    17.9    23.4    23.2     0.0    26.54 C    31.1    17.4    23.2    95.3    52.6    78.0   0.465   0.410   0.401   0.578   0.501    23.5    23.1    23.0    22.1    19.4
23908 20150705  2.422  -94.58   37.43    32.1    18.8    25.4    25.3     0.0    24.83 C    33.5    17.3    25.0    95.4    55.8    78.2   0.452   0.408   0.399   0.577   0.502    24.1    23.5    23.3    22.0    19.5
23908 20150706  2.422  -94.58   37.43    30.5    20.7    25.6    25.2    35.8    17.99 C    31.7    20.5    24.8    95.4    66.7    82.0   0.433   0.401   0.387   0.577   0.501    24.4    23.9    23.6    22.1    19.5
23908 20150707  2.422  -94.58   37.43    22.1    17.4    19.8    19.0     1.5     3.87 C    22.2    17.7    19.2    95.9    88.2    93.7   0.465   0.415   0.399   0.579   0.501    22.8    22.7    23.0    22.3    19.6
23908 20150708  2.422  -94.58   37.43    22.8    18.1    20.5    20.5    44.0     7.17 C    25.0    18.1    20.6    96.0    83.1    91.0   0.466   0.416   0.400   0.578   0.500    21.9    21.7    22.0    21.8    19.6
23908 20150709  2.422  -94.58   37.43    22.6    18.5    20.5    20.0     8.8     6.16 C    24.6    18.2    20.2    97.3    82.7    94.0   0.467   0.416   0.399   0.577   0.501    21.8    21.6    21.8    21.4    19.6
23908 20150710  2.422  -94.58   37.43    30.1    19.2    24.6    24.3     1.0    20.85 C    31.1    18.9    24.0   100.0    57.2    83.1   0.467   0.416   0.401   0.576   0.501    22.7    22.1    22.0    21.3    19.6
23908 20150711  2.422  -94.58   37.43    31.6    21.0    26.3    26.1     0.0    24.14 C    32.1    19.3    25.3    91.8    59.4    76.7   0.467   0.416   0.400   0.577   0.502    23.6    23.0    22.7    21.4    19.5
23908 20150712  2.422  -94.58   37.43    32.7    22.2    27.4    27.4     0.0    27.62 C    33.8    21.1    26.7    92.0    55.5    74.4   0.458   0.413   0.398   0.576   0.501    24.5    23.7    23.3    21.7    19.5
23908 20150713  2.422  -94.58   37.43    34.1    22.5    28.3    28.3     0.0    27.96 C    34.1    21.5    27.6    91.4    56.4    74.2   0.432   0.401   0.386   0.577   0.502    25.2    24.4    24.0    22.1    19.5
23908 20150714  2.422  -94.58   37.43    32.2    22.1    27.2    26.6     0.5    13.54 C    32.2    21.0    25.7    95.9    58.8    81.4   0.414   0.392   0.371   0.573   0.502    25.2    24.6    24.3    22.5    19.7
23908 20150715  2.422  -94.58   37.43    33.4    23.3    28.3    28.1     0.0    21.22 C    34.6    21.8    27.4    95.9    56.5    78.9   0.405   0.386   0.363   0.557   0.502    25.5    24.8    24.4    22.6    19.8
23908 20150716  2.422  -94.58   37.43    32.9    23.3    28.1    28.0     0.0    27.74 C    33.6    22.2    27.4    92.8    53.7    72.7   0.391   0.377   0.355   0.551   0.501    25.9    25.2    24.8    22.9    19.9
23908 20150717  2.422  -94.58   37.43    31.3    23.5    27.4    27.2     0.0    16.18 C    32.0    22.3    26.4    87.4    64.3    75.1   0.379   0.369   0.348   0.543   0.501    25.5    25.0    24.8    23.1    20.0
23908 20150718  2.422  -94.58   37.43    33.2    23.9    28.6    28.1     0.0    26.72 C    33.6    22.4    27.4    90.0    57.6    73.7   0.368   0.361   0.342   0.534   0.502    25.9    25.2    24.9    23.2    20.1
23908 20150719  2.422  -94.58   37.43    32.3    22.8    27.6    27.5     0.0    20.96 C    32.7    21.1    26.9    93.4    65.9    80.7   0.357   0.352   0.334   0.525   0.503    25.9    25.3    25.0    23.3    20.2
23908 20150720  2.422  -94.58   37.43    33.6    22.3    28.0    27.3     0.0    22.55 C    34.4    21.4    26.8    94.2    54.3    77.3   0.348   0.344   0.328   0.519   0.503    26.2    25.5    25.2    23.5    20.2
23908 20150721  2.422  -94.58   37.43    28.5    20.5    24.5    23.8     0.6    16.75 C    29.7    19.5    23.5    95.5    64.2    82.0   0.339   0.336   0.321   0.514   0.503    25.3    25.0    25.0    23.5    20.4
23908 20150722  2.422  -94.58   37.43    29.1    19.8    24.5    24.1     0.5    16.37 C    30.9    19.0    24.0    96.1    67.7    83.2   0.334   0.337   0.315   0.512   0.503    24.8    24.4    24.4    23.3    20.5
23908 20150723  2.422  -94.58   37.43    31.9    22.2    27.0    26.4     0.0    22.67 C    33.7    20.4    26.1    96.5    57.1    82.0   0.325   0.332   0.309   0.508   0.504    25.4    24.8    24.6    23.2    20.6
23908 20150724  2.422  -94.58   37.43    34.6    21.4    28.0    28.3     0.0    25.20 C    34.8    20.4    27.6    96.6    53.6    77.6   0.308   0.318   0.301   0.505   0.504    25.8    25.1    24.8    23.3    20.6
23908 20150725  2.422  -94.58   37.43    34.0    22.8    28.4    28.3     0.0    25.36 C    34.2    22.1    27.6    94.7    51.6    77.0   0.289   0.304   0.292   0.502   0.504    26.3    25.6    25.3    23.5    20.6
23908 20150726  2.422  -94.58   37.43    33.6    22.2    27.9    27.9     0.0    22.91 C    33.7    20.7    27.0    95.5    48.9    76.6   0.270   0.290   0.283   0.500   0.504    26.3    25.6    25.4    23.7    20.7
23908 20150727  2.422  -94.58   37.43    34.3    21.2    27.8    28.3     0.0    25.57 C    34.2    20.2    27.3    96.2    49.9    75.4   0.247   0.273   0.273   0.499   0.505    26.0    25.4    25.2    23.7    20.8
23908 20150728  2.422  -94.58   37.43    33.8    23.4    28.6    28.5     0.0    26.64 C    33.9    21.2    27.5    93.4    50.5    73.1   0.222   0.253   0.263   0.495   0.504    26.2    25.6    25.4    23.8    20.9
23908 20150729  2.422  -94.58   37.43    33.4    21.3    27.3    26.8     0.0    25.45 C    34.2    20.1    26.3    95.4    48.2    73.7   0.199   0.234   0.249   0.494   0.504    25.7    25.3    25.2    23.8    21.0
23908 20150730  2.422  -94.58   37.43    30.8    20.2    25.5    24.7     0.0    22.47 C    31.8    18.9    24.1    91.6    38.9    69.3   0.182   0.214   0.234   0.494   0.503    25.1    24.9    24.9    23.7    21.0
23908 20150731  2.422  -94.58   37.43    31.9    18.6    25.2    25.2     0.0    26.21 C    32.3    16.3    24.1    93.3    38.9    68.2   0.169   0.197   0.220   0.489   0.503    24.7    24.4    24.4    23.5    21.0
23908 20150801  2.422  -94.58   37.43    32.6    14.8    23.7    24.5     0.0    26.85 C    32.8    12.7    23.4    97.0    31.4    69.9   0.158   0.180   0.201   0.489   0.503    23.8    23.6    23.8    23.3    21.1
23908 20150802  2.422  -94.58   37.43    32.6    18.3    25.5    25.4     0.0    25.87 C    32.7    16.2    24.2    96.3    39.3    69.6   0.149   0.170   0.180   0.486   0.503    23.9    23.6    23.7    23.1    21.1
23908 20150803  2.422  -94.58   37.43    33.7    17.3    25.5    25.6     0.0    23.39 C    33.2    16.2    24.3    94.7    37.8    69.5   0.142   0.163   0.155   0.483   0.503    23.8    23.4    23.5    22.9    21.0
23908 20150804  2.422  -94.58   37.43    28.4    18.1    23.3    23.5     3.2    11.70 C    28.8    16.1    22.7    96.8    61.2    82.2   0.138   0.160   0.136   0.478   0.500    23.3    23.0    23.2    22.7    21.0
23908 20150805  2.422  -94.58   37.43    28.0    20.1    24.1    23.1    39.1    14.50 C    29.4    19.5    23.0    96.7    65.8    87.5   0.281   0.268   0.185   0.479   0.500    23.4    23.1    23.1    22.6    20.9
23908 20150806  2.422  -94.58   37.43    30.5    19.3    24.9    24.9     0.0    24.09 C    30.4    18.5    24.7    97.4    56.6    80.3   0.284   0.298   0.233   0.476   0.500    24.0    23.5    23.4    22.5    20.9
23908 20150807  2.422  -94.58   37.43    33.2    22.7    27.9    27.5     0.8    25.28 C    33.5    21.8    27.1    95.0    56.9    78.5   0.259   0.276   0.228   0.475   0.500    25.0    24.4    24.1    22.7    20.9
23908 20150808  2.422  -94.58   37.43    32.9    21.1    27.0    27.2     0.0    20.79 C    32.5    21.0    26.6    95.5    47.2    79.0   0.239   0.257   0.222   0.475   0.500    25.0    24.5    24.3    23.0    20.9
23908 20150809  2.422  -94.58   37.43    34.7    23.3    29.0    28.5     0.2    19.75 C    35.3    22.0    27.8    95.1    52.6    79.1   0.219   0.241   0.223   0.475   0.500    25.6    25.0    24.7    23.1    20.9
23908 20150810  2.422  -94.58   37.43    31.4    21.9    26.7    25.4    51.6    19.99 C    32.4    21.2    25.2    94.8    64.8    84.4   0.352   0.342   0.354   0.532   0.503    24.9    24.5    24.5    23.3    21.0
23908 20150811  2.422  -94.58   37.43    28.0    17.7    22.9    23.3     0.0    25.79 C    29.3    16.5    22.9    94.2    52.2    77.1   0.334   0.343   0.366   0.529   0.504    24.5    24.4    24.3    23.3    21.0
23908 20150812  2.422  -94.58   37.43    28.4    15.4    21.9    22.2     0.0    24.82 C    29.8    14.3    21.5    96.6    47.6    76.0   0.314   0.328   0.354   0.521   0.503    23.1    23.2    23.4    23.1    21.1
23908 20150813  2.422  -94.58   37.43    29.2    15.8    22.5    22.5     0.0    26.17 C    30.2    14.4    21.9    97.3    46.8    75.7   0.299   0.315   0.343   0.512   0.503    22.7    22.7    22.9    22.7    21.1
23908 20150814  2.422  -94.58   37.43    29.8    15.3    22.6    22.6     0.0    24.72 C    30.3    14.5    21.9    96.5    47.5    75.7   0.284   0.304   0.331   0.504   0.501    22.5    22.3    22.6    22.4    21.1
23908 20150815  2.422  -94.58   37.43    30.4    15.4    22.9    23.2     0.0    24.94 C    30.8    14.1    22.4    97.6    45.9    76.1   0.270   0.292   0.319   0.501   0.502    22.4    22.2    22.4    22.2    21.0
23908 20150816  2.422  -94.58   37.43    31.5    16.6    24.1    24.3     0.0    20.58 C    31.8    15.3    23.3    97.5    46.5    75.6   0.257   0.282   0.307   0.496   0.500    22.5    22.3    22.4    22.1    20.9
23908 20150817  2.422  -94.58   37.43    32.2    20.9    26.5    25.7     0.0    20.37 C    33.1    19.7    25.2    91.6    50.6    74.8   0.246   0.273   0.296   0.493   0.500    23.3    23.0    22.7    22.1    20.9
23908 20150818  2.422  -94.58   37.43    28.7    19.5    24.1    23.1     9.2     8.43 C    29.1    18.5    22.4    94.9    65.5    83.0   0.246   0.267   0.288   0.491   0.499    23.1    22.8    22.9    22.2    20.8
23908 20150819  2.422  -94.58   37.43    21.8    11.8    16.8    17.4     4.8    13.49 C    22.8     9.7    16.7    94.9    53.8    80.3   0.304   0.300   0.294   0.491   0.500    21.6    21.7    22.1    22.1    20.8
23908 20150820  2.422  -94.58   37.43    26.7    11.0    18.8    18.7     0.0    24.76 C    28.1     9.5    17.9    94.3    42.1    72.8   0.283   0.300   0.295   0.490   0.499    20.1    20.3    20.8    21.5    20.8
23908 20150821  2.422  -94.58   37.43    26.5    12.1    19.3    19.9     0.3    15.95 C    28.2    10.0    19.1    95.1    60.9    81.8   0.268   0.288   0.289   0.486   0.498    20.1    20.4    20.5    21.0    20.7
23908 20150822  2.422  -94.58   37.43    29.0    18.9    23.9    23.1     1.0    17.99 C    30.3    18.2    22.9    95.8    63.8    83.3   0.261   0.281   0.285   0.484   0.497    21.5    21.3    21.1    20.9    20.5
23908 20150823  2.422  -94.58   37.43    25.3    15.0    20.2    20.4    27.5    18.01 C    27.8    12.0    19.9    95.4    52.4    79.9   0.341   0.337   0.336   0.489   0.498    21.4    21.3    21.4    21.0    20.4
23908 20150824  2.422  -94.58   37.43    25.5    11.6    18.5    18.4     0.0    24.69 C    29.4     8.7    17.5    95.4    38.2    71.7   0.309   0.325   0.337   0.493   0.497    20.2    20.4    20.7    20.9    20.4
23908 20150825  2.422  -94.58   37.43    27.6    10.8    19.2    19.3     0.0    24.19 C    31.0     7.4    17.8    96.9    43.1    75.7   0.293   0.311   0.327   0.492   0.497    19.4    19.6    20.0    20.6    20.3
23908 20150826  2.422  -94.58   37.43    28.5    11.8    20.1    20.5     0.0    22.02 C    31.3     9.3    19.3    97.8    41.6    77.1   0.280   0.299   0.318   0.490   0.496    19.7    19.7    19.9    20.3    20.2
23908 20150827  2.422  -94.58   37.43    25.6    15.3    20.5    20.0     0.0     9.15 C    29.7    11.8    18.8    95.4    67.1    86.5   0.273   0.292   0.310   0.486   0.496    19.8    19.8    19.9    20.2    20.0
23908 20150828  2.422  -94.58   37.43    24.9    17.8    21.3    21.2     0.2     6.65 C    25.5    15.8    20.6    92.8    69.9    83.3   0.272   0.289   0.306   0.485   0.495    20.3    20.1    20.2    20.1    19.9
23908 20150829  2.422  -94.58   37.43    27.2    17.3    22.3    22.3     0.0    13.00 C    33.7    16.2    23.0    95.9    67.3    83.9   0.267   0.284   0.301   0.484   0.496    20.8    20.6    20.5    20.2    19.9
23908 20150830  2.422  -94.58   37.43    29.8    18.9    24.4    23.5     0.0    15.28 C    34.0    17.6    23.5    97.4    57.4    85.4   0.260   0.279   0.295   0.484   0.496    21.6    21.2    21.0    20.3    19.8
23908 20150831  2.422  -94.58   37.43    31.6    18.3    25.0    24.8     0.0    22.02 C    32.8    15.3    23.5    97.1    49.1    76.8   0.249   0.269   0.286   0.483   0.496    21.8    21.4    21.3    20.6    19.8
23908 20150901  2.422  -94.58   37.43    31.4    17.9    24.6    24.3     0.0    21.96 C    32.5    15.3    22.6    94.2    47.9    74.3   0.234   0.257   0.275   0.481   0.496    21.8    21.5    21.5    20.7    19.8
23908 20150902  2.422  -94.58   37.43    30.8    18.6    24.7    24.9     0.0    21.16 C    33.0    15.5    23.9    92.9    52.2    74.9   0.221   0.244   0.263   0.480   0.496    21.9    21.6    21.5    20.8    19.8
23908 20150903  2.422  -94.58   37.43    31.3    18.7    25.0    24.3     0.0    21.63 C    32.7    15.6    23.0    96.8    50.2    77.3   0.208   0.233   0.252   0.476   0.495    22.0    21.7    21.6    21.0    19.8
23908 20150904  2.422  -94.58   37.43    31.8    18.5    25.1    25.1     0.0    20.05 C    33.6    16.6    23.7    96.5    50.7    76.0   0.196   0.220   0.242   0.475   0.495    22.0    21.7    21.6    21.0    19.8
23908 20150905  2.422  -94.58   37.43    32.7    20.2    26.4    26.2     0.0    18.62 C    33.9    17.4    24.7    91.5    51.9    74.4   0.186   0.210   0.231   0.474   0.490    22.4    22.0    21.8    21.1    19.9
23908 20150906  2.422  -94.58   37.43    33.2    20.1    26.6    26.9     0.0    20.32 C    35.8    17.9    25.6    92.8    50.7    73.5   0.177   0.201   0.221   0.471   0.490    22.9    22.3    22.1    21.2    19.9
23908 20150907  2.422  -94.58   37.43    32.6    20.0    26.3    25.9     0.0    19.25 C    36.3    18.0    25.2    94.5    55.8    78.2   0.169   0.192   0.210   0.470   0.490    23.2    22.6    22.5    21.4    19.9
23908 20150908  2.422  -94.58   37.43    25.2    20.2    22.7    22.3    50.4     2.18 C    25.2    20.2    21.7    96.0    85.9    91.9   0.288   0.279   0.254   0.467   0.489    22.7    22.5    22.4    21.5    20.0
23908 20150909  2.422  -94.58   37.43    28.8    18.4    23.6    22.6     0.0    13.36 C    32.7    16.0    22.5    96.8    60.9    87.5   0.324   0.336   0.330   0.468   0.488    22.5    22.2    22.1    21.5    20.1
23908 20150910  2.422  -94.58   37.43    30.4    16.6    23.5    23.3     9.7    18.30 C    34.5    15.2    22.7    97.2    51.8    81.4   0.299   0.318   0.323   0.473   0.489    22.1    22.0    21.9    21.4    20.1
23908 20150911  2.422  -94.58   37.43    24.3    11.1    17.7    18.3     2.1    17.61 C    28.4     8.4    17.9    95.9    44.3    77.1   0.323   0.331   0.334   0.473   0.488    21.2    21.6    21.6    21.3    20.1
23908 20150912  2.422  -94.58   37.43    21.7     8.8    15.2    14.8     0.0    18.78 C    27.8     5.7    14.2    96.1    43.8    74.9   0.298   0.317   0.328   0.476   0.489    18.9    19.8    20.1    20.9    20.1
23908 20150913  2.422  -94.58   37.43    25.9     9.9    17.9    17.9     0.0    18.47 C    30.3     7.3    17.1    96.0    44.4    70.3   0.286   0.307   0.320   0.476   0.488    18.6    19.1    19.2    20.2    20.0
23908 20150914  2.422  -94.58   37.43    26.0    15.6    20.8    20.2     0.0    12.14 C    27.8    13.3    19.0    80.6    50.1    66.6   0.275   0.297   0.312   0.473   0.489    19.0    19.1    19.2    19.8    19.9
23908 20150915  2.422  -94.58   37.43    28.4    16.6    22.5    21.6     0.0    20.27 C    30.2    14.5    20.7    77.5    44.1    62.5   0.263   0.287   0.303   0.470   0.489    19.5    19.4    19.4    19.7    19.8
23908 20150916  2.422  -94.58   37.43    30.5    18.4    24.4    24.0     0.0    19.87 C    32.6    16.9    23.5    88.8    55.1    73.7   0.251   0.277   0.293   0.469   0.488    20.5    20.1    20.0    19.7    19.6
23908 20150917  2.422  -94.58   37.43    31.8    20.8    26.3    25.3     0.0    17.94 C    33.7    19.5    24.6    91.0    53.5    72.9   0.240   0.267   0.283   0.471   0.488    21.5    21.0    20.8    20.0    19.6
23908 20150918  2.422  -94.58   37.43    30.3    16.7    23.5    23.8     3.8     8.26 C    31.6    16.1    23.0    93.1    55.4    77.0   0.231   0.259   0.275   0.470   0.488    21.6    21.2    21.1    20.3    19.5
23908 20150919  2.422  -94.58   37.43    22.6    12.1    17.3    16.6     0.0    19.50 C    26.6    10.1    16.6    94.3    48.4    78.8   0.227   0.253   0.269   0.469   0.488    20.1    20.5    20.6    20.4    19.5
23908 20150920  2.422  -94.58   37.43    22.4    11.7    17.1    16.8     0.0    11.47 C    25.6    10.3    16.9    95.4    65.5    83.5   0.223   0.249   0.263   0.468   0.488    18.9    19.2    19.5    20.0    19.6
23908 20150921  2.422  -94.58   37.43    26.5    12.5    19.5    19.8     0.0    16.04 C    30.4    10.7    19.7    97.9    58.5    81.4   0.219   0.244   0.258   0.468   0.488    19.2    19.2    19.3    19.6    19.5
23908 20150922  2.422  -94.58   37.43    29.3    17.2    23.3    22.3     0.0    14.14 C    32.2    15.5    21.5    94.1    50.7    76.8   0.212   0.238   0.253   0.465   0.487    20.0    19.8    19.8    19.5    19.5
23908 20150923  2.422  -94.58   37.43    29.3    16.1    22.7    22.0     0.0    15.75 C    33.3    14.0    21.2    93.3    39.8    71.4   0.204   0.231   0.245   0.464   0.488    20.1    20.0    19.9    19.7    19.4
23908 20150924  2.422  -94.58   37.43    27.8    15.2    21.5    20.8     0.0    12.30 C    30.4    12.2    19.8    95.9    46.8    75.0   0.197   0.223   0.240   0.463   0.486    19.7    19.8    19.8    19.7    19.3
23908 20150925  2.422  -94.58   37.43    29.0    12.1    20.6    19.5     0.0    17.41 C    32.7     9.8    18.5    97.7    42.5    75.8   0.191   0.215   0.233   0.463   0.486    19.0    19.1    19.3    19.6    19.3
23908 20150926  2.422  -94.58   37.43    28.2    11.8    20.0    19.2     0.0    18.24 C    32.7     9.7    18.5    95.2    36.2    71.3   0.183   0.204   0.225   0.461   0.485    18.6    18.8    18.9    19.3    19.2
23908 20150927  2.422  -94.58   37.43    27.9    11.7    19.8    18.7     0.0    18.51 C    33.6     9.6    18.2    97.9    47.3    81.4   0.176   0.195   0.218   0.459   0.485    18.4    18.6    18.7    19.1    19.2
23908 20150928  2.422  -94.58   37.43    28.7    12.0    20.3    19.8     0.0    17.06 C    33.7     9.9    18.8    97.9    42.3    76.6   0.171   0.187   0.211   0.459   0.484    18.3    18.5    18.6    19.0    19.1
23908 20150929  2.422  -94.58   37.43    29.2    12.0    20.6    20.1     0.0    16.76 C    32.9    10.3    20.0   100.0    40.8    77.1   0.166   0.180   0.204   0.457   0.484    18.5    18.5    18.5    18.8    19.0
23908 20150930  2.422  -94.58   37.43    23.5     9.2    16.3    16.0     0.0    11.29 C    27.0     6.6    15.9    94.9    45.9    78.8   0.162   0.174   0.198   0.455   0.485    18.3    18.5    18.6    18.8    18.9
23908 20151001  2.422  -94.58   37.43    21.4     6.6    14.0    12.8     0.0    18.90 C    25.7     5.0    12.5    92.2    29.5    67.5   0.157   0.169   0.191   0.454   0.484    16.4    17.1    17.5    18.6    18.9
23908 20151002  2.422  -94.58   37.43    19.5     5.7    12.6    11.2     0.0    19.03 C    23.8     3.5    11.0    93.6    38.2    71.5   0.153   0.164   0.185   0.451   0.484    15.3    16.2    16.6    18.0    18.8
23908 20151003  2.422  -94.58   37.43    19.6     5.0    12.3    11.1     0.0    17.49 C    24.5     3.4    10.7    93.7    44.3    74.5   0.150   0.161   0.179   0.449   0.484    14.6    15.4    15.8    17.5    18.7
23908 20151004  2.422  -94.58   37.43    19.7     4.0    11.8    12.1     0.0    17.71 C    24.9     1.5    12.4    94.7    51.2    76.8   0.147   0.159   0.173   0.445   0.485    14.3    15.0    15.4    17.0    18.5
23908 20151005  2.422  -94.58   37.43    16.2    11.7    14.0    13.9     0.0     3.36 C    17.8    11.7    14.1    96.2    79.7    88.3   0.146   0.159   0.171   0.442   0.483    15.3    15.6    15.8    16.8    18.3
23908 20151006  2.422  -94.58   37.43    23.3    11.6    17.4    16.5     0.0    14.16 C    29.7     8.8    16.6    97.9    56.7    82.6   0.146   0.158   0.169   0.443   0.482    16.2    16.2    16.2    16.8    18.1
23908 20151007  2.422  -94.58   37.43    26.3     8.7    17.5    17.2     0.0    16.03 C    32.2     7.0    17.1    98.1    48.0    81.5   0.143   0.156   0.163   0.440   0.482    16.2    16.3    16.3    16.9    18.0
23908 20151008  2.422  -94.58   37.43    29.6    11.4    20.5    20.1     0.3    16.17 C    32.9     8.8    19.0    98.3    39.4    74.0   0.142   0.155   0.158   0.438   0.483    16.7    16.6    16.6    16.9    17.9
23908 20151009  2.422  -94.58   37.43    19.8     5.5    12.6    14.2    13.8     7.82 C    20.4     3.7    13.3    95.5    59.5    84.8   0.147   0.159   0.155   0.437   0.483    16.6    16.8    17.0    17.1    17.8
23908 20151010  2.422  -94.58   37.43    22.8     2.7    12.7    12.9     0.0    17.61 C    25.8     0.9    11.8    98.4    37.3    75.0   0.155   0.157   0.154   0.436   0.482    14.5    15.1    15.6    16.9    17.7
23908 20151011  2.422  -94.58   37.43    29.6    10.4    20.0    19.6     0.0    16.27 C    30.7     6.6    17.8    90.6    42.5    67.3   0.158   0.158   0.154   0.433   0.482    15.5    15.5    15.6    16.5    17.7
23908 20151012  2.422  -94.58   37.43    28.0    13.2    20.6    19.9     0.0    16.94 C    30.7     7.4    17.3    93.4    16.9    50.2   0.157   0.157   0.151   0.430   0.482    16.1    16.2    16.3    16.6    17.6
23908 20151013  2.422  -94.58   37.43    26.7     5.6    16.1    15.7     0.0    16.84 C    29.4     1.7    13.4    82.3    20.8    52.3   0.153   0.155   0.147   0.428   0.481    14.6    15.1    15.5    16.5    17.5
23908 20151014  2.422  -94.58   37.43    27.0     6.8    16.9    16.5     0.0    16.12 C    31.5     3.8    14.8    90.8    20.9    55.9   0.150   0.153   0.144   0.424   0.481    14.4    14.7    15.1    16.2    17.4
23908 20151015  2.422  -94.58   37.43    28.7     8.3    18.5    16.9     0.0    15.29 C    31.9     5.4    16.4    86.8    23.6    58.0   0.147   0.151   0.139   0.420   0.481    14.7    14.8    15.1    16.0    17.3
23908 20151016  2.422  -94.58   37.43    19.2     4.1    11.7    12.0     0.0    16.83 C    23.4     0.5    10.5    79.1    21.3    49.2   0.143   0.150   0.135   0.418   0.483    14.1    14.6    15.1    16.0    17.2
23908 20151017  2.422  -94.58   37.43    16.6     4.8    10.7    10.4     0.0     8.93 C    22.4     2.0    10.1    81.0    30.0    54.8   0.139   0.147   0.132   0.414   0.483    12.8    13.2    14.0    15.6    17.1
23908 20151018  2.422  -94.58   37.43    23.2     8.0    15.6    14.5     0.0    12.82 C    25.2     3.6    13.4    72.8    21.8    48.8   0.138   0.147   0.129   0.409   0.482    13.4    13.5    14.0    15.3    16.9
23908 20151019  2.422  -94.58   37.43    25.8     8.2    17.0    16.8     0.0    15.31 C    27.5     3.8    14.8    61.0    21.7    40.6   0.135   0.146   0.125   0.405   0.479    13.7    13.8    14.2    15.2    16.8
23908 20151020  2.422  -94.58   37.43    27.9    13.3    20.6    19.3     0.0    13.06 C    29.6     9.6    17.4    66.0    25.0    42.1   0.133   0.145   0.119   0.400   0.479    14.6    14.4    14.6    15.3    16.7
23908 20151021  2.422  -94.58   37.43    28.4    11.3    19.8    19.2     0.0    14.19 C    32.1     6.7    17.1    94.0    43.6    69.4   0.130   0.144   0.113   0.394   0.478    15.2    15.0    15.1    15.4    16.6
23908 20151022  2.422  -94.58   37.43    27.9    12.1    20.0    19.3     6.7    11.73 C    31.8     9.8    18.3    97.8    30.9    71.3   0.129   0.144   0.108   0.390   0.477    15.7    15.4    15.5    15.6    16.5
23908 20151023  2.422  -94.58   37.43    21.1    16.7    18.9    18.5     2.3     3.03 C    21.5    15.5    18.0    96.0    79.5    92.0   0.133   0.145   0.114   0.389   0.477    16.8    16.3    16.3    15.9    16.5
23908 20151024  2.422  -94.58   37.43    17.1     7.8    12.4    13.1     0.0     6.43 C    17.2     5.3    11.8    93.8    60.0    78.5   0.143   0.145   0.143   0.389   0.477    15.8    16.0    16.3    16.2    16.5
23908 20151025  2.422  -94.58   37.43    19.0     3.7    11.3    10.5     0.0    14.89 C    21.7     1.3     9.2    94.3    32.2    69.5   0.141   0.143   0.104   0.388   0.477    13.3    14.0    14.7    15.9    16.5
23908 20151026  2.422  -94.58   37.43    20.9     2.2    11.5    11.4     0.0    13.24 C    25.3    -0.3    10.8    92.8    31.4    66.2   0.138   0.143   0.103   0.385   0.476    12.4    12.9    13.5    15.3    16.5
23908 20151027  2.422  -94.58   37.43    16.2    11.1    13.7    14.1     5.1     2.75 C    17.4     8.6    14.0    98.0    68.1    93.8   0.138   0.145   0.103   0.383   0.477    14.0    13.9    14.1    15.0    16.4
23908 20151028  2.422  -94.58   37.43    18.7     5.7    12.2    12.3     0.0    11.81 C    20.7     1.5    11.0    98.1    34.0    76.3   0.138   0.146   0.103   0.383   0.477    14.0    14.3    14.5    15.1    16.4
23908 20151029  2.422  -94.58   37.43    13.8    -1.0     6.4     6.8     0.0    12.80 C    17.2    -3.3     5.2    92.0    30.1    59.1   0.135   0.143   0.101   0.375   0.477    11.4    12.3    13.1    14.9    16.3
23908 20151030  2.422  -94.58   37.43    11.0    -1.3     4.9     6.2    21.6     1.53 C    10.2    -3.5     5.2    92.8    55.5    84.5   0.144   0.153   0.102   0.373   0.477     9.8    10.7    11.5    14.1    16.2
23908 20151031  2.422  -94.58   37.43    15.8     5.9    10.8    11.5     1.0     4.27 C    17.0     3.0    10.6    98.5    73.1    91.6   0.181   0.213   0.103   0.375   0.476    11.5    11.7    12.0    13.6    16.0
23908 20151101  2.422  -94.58   37.43    21.5     2.4    11.9    10.6     0.0    13.10 C    23.6     0.4     8.9   100.0    39.9    83.6   0.185   0.211   0.104   0.372   0.475    11.2    11.5    12.0    13.5    15.8
23908 20151102  2.422  -94.58   37.43    20.6     3.8    12.2    12.0     0.0    11.62 C    24.9     0.9    10.6   100.0    57.6    87.8   0.185   0.211   0.106   0.371   0.473    11.3    11.4    11.9    13.4    15.6
23908 20151103  2.422  -94.58   37.43    20.2     5.7    12.9    13.2     0.0    11.36 C    22.8     2.2    11.4   100.0    61.5    87.6   0.183   0.210   0.108   0.370   0.474    11.5    11.5    12.0    13.4    15.5
23908 20151104  2.422  -94.58   37.43    23.7    13.5    18.6    17.5     0.0    10.47 C    26.2     9.8    16.8    94.6    51.4    75.8   0.182   0.208   0.110   0.370   0.474    13.4    13.0    13.1    13.5    15.4
23908 20151105  2.422  -94.58   37.43    21.5    11.2    16.4    17.4    18.8     2.23 C    22.6     9.0    16.7    94.8    74.3    85.9   0.213   0.232   0.128   0.370   0.474    14.6    14.1    14.1    13.9    15.3
23908 20151106  2.422  -94.58   37.43    16.9     2.4     9.6     9.5     0.0    13.38 C    19.2    -0.2     7.7    97.9    35.5    70.1   0.237   0.274   0.179   0.373   0.473    13.0    13.3    13.9    14.3    15.2
23908 20151107  2.422  -94.58   37.43    16.6     2.7     9.7     8.3     0.0    12.45 C    20.4    -2.5     6.3    90.4    36.2    67.9   0.224   0.265   0.169   0.370   0.473    10.9    11.4    12.2    13.9    15.2
23908 20151108  2.422  -94.58   37.43    15.0     0.2     7.6     6.6     0.0    13.32 C    19.6    -4.9     3.6    87.3    28.4    61.5   0.217   0.256   0.173   0.366   0.473     9.2     9.9    10.8    13.2    15.2
23908 20151109  2.422  -94.58   37.43    17.3    -1.2     8.1     7.4     0.0    12.46 C    21.5    -3.4     4.9    93.4    28.4    65.1   0.211   0.249   0.175   0.365   0.472     8.5     9.1     9.9    12.5    15.1
23908 20151110  2.422  -94.58   37.43    23.4     1.8    12.6    13.8     0.0    12.06 C    25.1    -2.3    11.9    82.3    40.3    62.1   0.207   0.243   0.176   0.363   0.470     9.3     9.4     9.9    12.0    14.9
23908 20151111  2.422  -94.58   37.43    25.3     6.6    15.9    17.0     0.0     8.76 C    26.7     5.4    16.6    80.3    14.1    60.0   0.204   0.238   0.180   0.363   0.469    12.5    12.1    12.0    12.2    14.7
23908 20151112  2.422  -94.58   37.43    17.1     3.7    10.4     9.0     0.0    12.47 C    18.5    -0.8     7.1    81.9    24.3    51.1   0.196   0.231   0.174   0.363   0.469    10.8    11.1    11.7    12.7    14.5
23908 20151113  2.422  -94.58   37.43    17.5    -1.3     8.1     7.7     0.0    12.18 C    20.8    -4.6     4.6    86.2    25.4    55.0   0.190   0.224   0.172   0.363   0.468     9.0     9.5    10.4    12.4    14.4
23908 20151114  2.422  -94.58   37.43    19.4     1.7    10.6     9.8     0.0    12.18 C    20.7    -3.7     6.7    77.5    23.1    53.3   0.186   0.219   0.169   0.361   0.469     8.5     8.9     9.6    11.8    14.4
23908 20151115  2.422  -94.58   37.43    14.5     5.1     9.8    10.9     4.7     4.27 C    15.4    -0.2     9.2    92.3    52.5    66.1   0.184   0.217   0.168   0.361   0.470     9.2     9.4     9.8    11.6    14.2
23908 20151116  2.422  -94.58   37.43    16.5     8.3    12.4    12.6    20.2     1.44 C    15.6     7.9    12.1    95.5    83.1    91.8   0.224   0.265   0.184   0.362   0.471    10.6    10.5    10.6    11.6    14.1
23908 20151117  2.422  -94.58   37.43    17.9     9.4    13.7    14.0    59.4     0.82 C    17.1     7.7    13.2    97.0    80.7    92.2   0.375   0.367   0.349   0.460   0.477    12.9    12.7    12.4    12.1    13.9
23908 20151118  2.422  -94.58   37.43    13.7     6.7    10.2     8.8     0.0     6.59 C    13.8     2.4     7.3    85.6    42.4    67.0   0.411   0.376   0.358   0.538   0.486    11.1    11.4    12.0    12.6    13.9
23908 20151119  2.422  -94.58   37.43    12.1    -0.3     5.9     6.4     0.0    11.58 C    14.9    -3.3     4.7    82.3    20.5    53.8   0.369   0.364   0.347   0.538   0.489     9.8    10.3    11.0    12.3    13.9
23908 20151120  2.422  -94.58   37.43    16.8     0.7     8.7     9.1     0.6     4.35 C    17.3    -3.6     7.6    83.9    38.4    54.9   0.354   0.357   0.338   0.537   0.487     8.8     9.3     9.9    11.8    13.9
23908 20151121  2.422  -94.58   37.43    10.7    -5.5     2.6     2.0     5.4    10.13 C     9.3    -8.1     0.6    95.3    38.6    74.5   0.362   0.364   0.342   0.537   0.488     8.5     9.2     9.8    11.4    13.8
23908 20151122  2.422  -94.58   37.43    10.0    -5.6     2.2     1.4     0.0    11.33 C    11.1    -9.0    -0.1    94.0    38.4    70.6   0.355   0.359   0.339   0.534   0.486     6.3     7.4     8.2    10.9    13.6
23908 20151123  2.422  -94.58   37.43    16.7    -1.4     7.6     6.4     0.0    11.09 C    18.8    -3.5     4.1    88.7    30.0    63.0   0.350   0.357   0.336   0.533   0.484     6.8     7.4     7.9    10.2    13.5
23908 20151124  2.422  -94.58   37.43    17.6     2.5    10.1    10.2     0.0    10.96 C    19.1    -3.3     8.3    79.9    24.3    48.3   0.345   0.354   0.333   0.519   0.484     7.3     7.6     8.0     9.8    13.2
23908 20151125  2.422  -94.58   37.43    17.0    11.7    14.3    14.7     0.0     3.32 C    17.7    10.7    14.3    73.7    41.3    62.6   0.343   0.354   0.331   0.517   0.484     9.3     9.0     9.1     9.9    13.0
23908 20151126  2.422  -94.58   37.43    20.8     3.1    12.0    15.7    26.6     1.43 C    21.2     2.8    15.2    95.8    66.2    80.9   0.360   0.365   0.346   0.522   0.485    11.5    10.8    10.7    10.5    12.8
23908 20151127  2.422  -94.58   37.43     3.5     0.8     2.1     1.7    45.9     1.03 C     3.4     0.7     1.6    96.1    93.2    94.6   0.449   0.402   0.394   0.545   0.487     8.1     8.4     9.7    10.9    12.7
23908 20151128  2.422  -94.58   37.43     2.4     0.7     1.6     1.7     0.0     0.91 C     2.5     0.6     1.7    96.0    92.4    94.8   0.456   0.405   0.397   0.545   0.487     7.0     7.1     8.4    10.3    12.7
23908 20151129  2.422  -94.58   37.43 -9999.0 -9999.0 -9999.0 -9999.0 -9999.0 -9999.00 U -9999.0 -9999.0 -9999.0 -9999.0 -9999.0 -9999.0 -99.000 -99.000 -99.000 -99.000 -99.000 -9999.0 -9999.0 -9999.0 -9999.0 -9999.0
23908 20151130  2.422  -94.58   37.43 -9999.0 -9999.0 -9999.0 -9999.0 -9999.0 -9999.00 U -9999.0 -9999.0 -9999.0 -9999.0 -9999.0 -9999.0 -99.000 -99.000 -99.000 -99.000 -99.000 -9999.0 -9999.0 -9999.0 -9999.0 -9999.0
23908 20151201  2.422  -94.58   37.43 -9999.0 -9999.0 -9999.0 -9999.0 -9999.0 -9999.00 U -9999.0 -9999.0 -9999.0 -9999.0 -9999.0 -9999.0 -99.000 -99.000 -99.000 -99.000 -99.000 -9999.0 -9999.0 -9999.0 -9999.0 -9999.0
23908 20151202  2.422  -94.58   37.43     8.5    -1.9     3.3     2.3     0.0     9.23 C    10.5    -3.4     0.9    92.0    55.4    77.8   0.465   0.411   0.403   0.549   0.487     6.1     6.3     7.3     9.1    12.1
23908 20151203  2.422  -94.58   37.43    10.5    -4.4     3.1     2.3     0.0    10.61 C    14.1    -6.3     0.8    97.3    45.8    79.6   0.467   0.411   0.404   0.550   0.487     5.2     5.5     6.6     8.7    11.9
23908 20151204  2.422  -94.58   37.43    14.6    -2.4     6.1     4.9     0.0    10.45 C    16.9    -5.8     2.7    97.2    39.0    74.5   0.468   0.411   0.405   0.549   0.487     4.8     5.1     6.1     8.3    11.7
23908 20151205  2.422  -94.58   37.43    14.3    -1.0     6.6     5.6     0.0     9.78 C    15.3    -5.0     3.0    85.2    32.4    64.6   0.468   0.411   0.405   0.549   0.488     5.1     5.3     6.1     8.0    11.5
23908 20151206  2.422  -94.58   37.43    13.6    -0.8     6.4     7.0     0.0     9.35 C    15.7    -4.3     5.3    96.4    49.5    71.8   0.467   0.411   0.405   0.549   0.488     5.8     5.8     6.4     7.9    11.3
23908 20151207  2.422  -94.58   37.43    15.6    -3.5     6.0     5.4     0.0     9.98 C    18.3    -6.1     3.0    98.5    37.9    74.2   0.459   0.411   0.405   0.549   0.487     5.1     5.4     6.2     8.0    11.2
23908 20151208  2.422  -94.58   37.43    19.2     4.0    11.6    10.3     0.0     8.09 C    21.0    -0.3     8.4    86.1    37.4    64.0   0.453   0.411   0.404   0.550   0.486     6.3     6.1     6.6     7.9    11.0
23908 20151209  2.422  -94.58   37.43    18.5     1.1     9.8     9.3     0.0     9.54 C    20.6    -1.5     7.8    90.6    38.8    69.6   0.446   0.406   0.404   0.548   0.485     6.7     6.6     7.0     8.1    10.9
23908 20151210  2.422  -94.58   37.43    18.7     0.8     9.7    11.1     0.0     9.34 C    21.4    -1.9     8.8    95.3    38.4    64.7   0.436   0.404   0.401   0.549   0.485     7.6     7.3     7.6     8.3    10.8
23908 20151211  2.422  -94.58   37.43    21.5     0.7    11.1    10.8     0.0     6.02 C    21.8    -1.7     9.0    98.5    42.5    79.1   0.425   0.402   0.399   0.550   0.483     7.3     7.2     7.6     8.5    10.8
23908 20151212  2.422  -94.58   37.43    21.8    12.4    17.1    18.1    18.3     3.65 C    23.3     9.7    17.4    95.3    66.2    81.2   0.427   0.403   0.399   0.552   0.484     9.7     9.1     8.8     8.7    10.8
23908 20151213  2.422  -94.58   37.43    17.6     7.8    12.7    14.1    45.3     0.82 C    17.9     7.2    13.7    95.6    89.0    92.9   0.460   0.414   0.404   0.555   0.485    12.1    11.3    10.8     9.6    10.8
23908 20151214  2.422  -94.58   37.43     8.9     1.5     5.2     5.7     0.6     4.80 C     9.6    -0.7     4.6    98.7    72.5    86.8   0.464   0.416   0.407   0.556   0.485     9.4     9.6    10.2    10.2    10.9
23908 20151215  2.422  -94.58   37.43    18.9     0.2     9.5     9.9     0.0     9.57 C    18.8    -0.9     8.5    98.8    47.6    78.9   0.466   0.417   0.407   0.555   0.485     8.3     8.4     8.9     9.9    11.0
23908 20151216  2.422  -94.58   37.43    10.5    -3.0     3.8     2.9     0.0     9.92 C     8.1    -5.7     1.2    88.8    42.0    63.5   0.468   0.418   0.408   0.556   0.486     7.8     8.1     8.8     9.7    11.1
23908 20151217  2.422  -94.58   37.43     4.9    -5.2    -0.1    -0.2     0.0     8.23 C     8.0    -7.6    -1.0    91.0    56.0    74.1   0.470   0.418   0.407   0.555   0.486     5.4     6.0     7.1     9.2    11.1
23908 20151218  2.422  -94.58   37.43     5.5    -6.9    -0.7    -0.8     0.0     9.92 C     7.9    -8.8    -1.9    92.0    44.1    71.6   0.471   0.419   0.406   0.554   0.485     4.6     5.1     6.2     8.4    11.0
23908 20151219  2.422  -94.58   37.43    14.2    -3.8     5.2     5.1     0.0     9.62 C    15.3    -6.3     3.4    91.8    35.0    63.4   0.472   0.419   0.407   0.553   0.486     4.5     4.8     5.6     7.8    10.8
23908 20151220  2.422  -94.58   37.43    14.0     6.7    10.4    11.2     0.0     3.44 C    14.6     4.6    10.3    84.4    49.4    63.8   0.471   0.418   0.406   0.551   0.485     6.3     6.1     6.4     7.6    10.6
23908 20151221  2.422  -94.58   37.43    15.6    -0.9     7.3     7.5     0.0     2.72 C    14.6    -3.3     7.2    97.2    67.8    83.4   0.466   0.418   0.405   0.552   0.485     8.0     7.7     7.8     8.0    10.4
23908 20151222  2.422  -94.58   37.43    19.2    -3.5     7.9     7.6     0.0     8.67 C    19.9    -4.6     6.8    98.7    31.3    68.4   0.462   0.418   0.405   0.553   0.485     6.7     6.8     7.4     8.3    10.4
23908 20151223  2.422  -94.58   37.43    18.3     0.6     9.5    12.1     0.0     8.40 C    20.4    -3.7    11.0    95.9    36.4    66.4   0.458   0.416   0.405   0.550   0.484     8.5     8.1     8.2     8.4    10.3
23908 20151224  2.422  -94.58   37.43    13.4     0.6     7.0     5.8     0.0     4.90 C    14.9    -4.0     3.7    95.1    38.4    71.7   0.449   0.413   0.404   0.552   0.484     7.1     7.4     7.9     8.7    10.4
23908 20151225  2.422  -94.58   37.43    14.4    -2.3     6.1     6.0     0.0     8.67 C    15.6    -3.7     5.0    97.2    29.2    64.0   0.440   0.411   0.402   0.552   0.484     6.5     6.7     7.3     8.5    10.4
23908 20151226  2.422  -94.58   37.43    12.0     3.5     7.7     9.8    62.3     0.71 C    13.1     3.2     9.7    97.2    45.6    86.3   0.452   0.413   0.404   0.552   0.484     7.8     7.6     7.8     8.4    10.3
23908 20151227  2.422  -94.58   37.43     3.5     1.1     2.3     1.8    62.3     0.24 C     3.2     0.9     1.5    95.5    92.1    93.8   0.473   0.421   0.410   0.554   0.484     5.7     6.2     7.2     8.5    10.3
23908 20151228  2.422  -94.58   37.43     1.5    -3.1    -0.8    -0.4    23.0     1.41 C     1.2    -3.5    -0.7    96.7    85.1    92.2   0.476   0.422   0.409   0.553   0.484     4.1     4.6     5.8     7.9    10.2
23908 20151229  2.422  -94.58   37.43 -9999.0 -9999.0 -9999.0 -9999.0 -9999.0 -9999.00 U -9999.0 -9999.0 -9999.0 -9999.0 -9999.0 -9999.0 -99.000 -99.000 -99.000 -99.000 -99.000 -9999.0 -9999.0 -9999.0 -9999.0 -9999.0
23908 20151230  2.422  -94.58   37.43 -9999.0 -9999.0 -9999.0 -9999.0 -9999.0 -9999.00 U -9999.0 -9999.0 -9999.0 -9999.0 -9999.0 -9999.0 -99.000 -99.000 -99.000 -99.000 -99.000 -9999.0 -9999.0 -9999.0 -9999.0 -9999.0
23908 20151231  2.422  -94.58   37.43     4.3    -5.1    -0.4    -0.9     0.0     9.37 C     6.9    -7.4    -1.9    97.1    55.4    81.9   0.480   0.424   0.411   0.551   0.485     3.3     3.7     4.5     6.5     9.7
