53136 20150101  2.422 -116.02   36.62     8.3    -4.7     1.8     1.1     0.0    10.86 C    16.1    -6.9     1.4    36.9     9.2    21.1   0.048   0.065   0.044   0.029   0.029     2.6     2.9     3.6     5.4     6.3
53136 20150102  2.422 -116.02   36.62     9.3    -5.8     1.7     1.1     0.0    10.77 C    17.0    -6.5     1.6    55.7    18.6    35.0 -99.000   0.069   0.044   0.029   0.029     2.7     2.9     3.7     5.4     6.3
53136 20150103  2.422 -116.02   36.62    10.2    -5.1     2.6     1.5     0.0    10.68 C    17.8    -6.1     2.4    61.2    20.5    42.3 -99.000   0.066   0.043   0.030   0.030     3.2     3.3     4.0     5.5     6.3
53136 20150104  2.422 -116.02   36.62    10.0    -3.4     3.3     3.2     0.0     6.96 C    14.3    -4.9     2.4    64.8    25.3    43.7   0.048   0.060   0.043   0.030   0.030     3.3     3.6     4.2     5.7     6.4
53136 20150105  2.422 -116.02   36.62    17.3    -1.4     8.0     7.2     0.0     9.59 C    20.9    -3.5     5.7    61.1    15.2    37.4   0.050   0.061   0.043   0.030   0.029     5.4     5.0     5.1     5.9     6.6
53136 20150106  2.422 -116.02   36.62    20.5     4.4    12.5    12.0     0.0    10.72 C    24.8     0.8     9.9    59.1    22.3    38.3   0.050   0.062   0.045   0.030   0.030     8.9     8.0     7.5     7.2     7.5
53136 20150107  2.422 -116.02   36.62    21.4     6.5    14.0    13.4     0.0    10.89 C    26.8     2.8    11.5    60.6    21.9    40.0   0.051   0.063   0.045   0.033   0.031    10.7    10.0     9.4     8.8     8.8
53136 20150108  2.422 -116.02   36.62    19.7     4.4    12.0    10.8     0.0    10.99 C    27.8     1.6    10.5    65.3    23.8    46.0   0.051   0.063   0.046   0.033   0.032    10.7    10.3    10.2     9.8     9.8
53136 20150109  2.422 -116.02   36.62    17.4     2.7    10.0    10.3     0.0     8.29 C    27.2     0.8    10.0    74.1    27.8    48.6   0.051   0.062   0.046   0.033   0.033    10.1     9.9    10.0    10.2    10.3
53136 20150110  2.422 -116.02   36.62    17.5     4.6    11.1    11.2     0.0     9.47 C    24.9     3.1    11.4    69.2    29.9    49.1   0.051   0.063   0.045   0.035   0.033    11.4    11.1    10.9    10.6    10.7
53136 20150111  2.422 -116.02   36.62    10.2     5.1     7.7     8.1     0.0     2.01 C    11.4     3.9     7.5    92.4    62.1    77.5   0.049   0.061   0.045   0.035   0.035     8.9     9.4    10.1    10.7    11.0
53136 20150112  2.422 -116.02   36.62    12.8     1.7     7.3     7.2     0.0     8.02 C    20.6     0.5     7.6    93.6    60.3    79.7   0.049   0.060   0.044   0.036   0.034     8.7     8.9     9.3    10.0    10.4
53136 20150113  2.422 -116.02   36.62    13.5     2.1     7.8     8.3     0.0    11.76 C    21.2    -1.4     7.9    70.0    24.5    42.6   0.049   0.060   0.044   0.036   0.034     8.6     8.7     9.1     9.8    10.3
53136 20150114  2.422 -116.02   36.62    14.3     3.1     8.7     7.7     0.0    11.77 C    23.2     0.3     7.8    54.3    21.0    37.2   0.049   0.059   0.044   0.036   0.034     8.8     8.9     9.3     9.9    10.2
53136 20150115  2.422 -116.02   36.62    14.5     0.1     7.3     6.8     0.0    11.96 C    22.0    -2.2     6.4    55.1    18.6    35.0   0.048   0.058   0.043   0.036   0.034     7.7     8.0     8.6     9.6    10.1
53136 20150116  2.422 -116.02   36.62    15.4    -0.5     7.4     6.7     0.0    11.17 C    25.0    -2.4     7.1    54.7    17.4    36.8   0.048   0.059   0.043   0.036   0.034     7.9     8.0     8.4     9.3     9.8
53136 20150117  2.422 -116.02   36.62    18.6     1.8    10.2    10.0     0.0    10.62 C    27.5     0.1     9.3    54.7    18.1    33.3   0.048   0.059   0.043   0.036   0.034     9.4     9.1     9.2     9.6     9.9
53136 20150118  2.422 -116.02   36.62    17.1     4.1    10.6     9.5     0.0     7.90 C    25.8     1.9     9.1    54.6    22.0    39.5   0.048   0.058   0.043   0.034   0.034     9.6     9.6     9.7    10.0    10.3
53136 20150119  2.422 -116.02   36.62    17.9     2.9    10.4     9.3     0.0    10.27 C    26.4     1.2     9.9    56.6    20.8    41.1   0.047   0.058   0.043   0.034   0.035    10.4    10.2    10.2    10.3    10.6
53136 20150120  2.422 -116.02   36.62    14.7     2.4     8.5     9.8     0.0     5.88 C    16.2     0.3     8.1    58.4    24.5    36.5   0.047   0.058   0.043   0.035   0.035     8.9     9.1     9.6    10.3    10.7
53136 20150121  2.422 -116.02   36.62    15.0     4.7     9.8     9.1     0.0    12.51 C    23.4     1.2     9.2    45.1    11.1    27.1   0.047   0.058   0.043   0.036   0.034    10.1    10.0    10.2    10.4    10.7
53136 20150122  2.422 -116.02   36.62    13.6     0.7     7.1     7.0     0.0    11.26 C    22.0    -0.3     6.7    28.4     9.0    18.3   0.046   0.057   0.042   0.036   0.033     8.3     8.7     9.3    10.2    10.6
53136 20150123  2.422 -116.02   36.62    17.7     0.2     9.0     9.4     0.0    12.71 C    26.1    -1.9     9.4    32.4     6.3    18.2   0.046   0.057   0.042   0.036   0.034     9.2     9.0     9.2     9.9    10.3
53136 20150124  2.422 -116.02   36.62    19.4     4.4    11.9    11.2     0.0    12.93 C    24.3     1.3    10.4    43.8     9.3    25.1   0.046   0.058   0.042   0.036   0.035    10.4    10.2    10.2    10.3    10.6
53136 20150125  2.422 -116.02   36.62    22.1     8.4    15.3    14.2     0.0    12.74 C    28.3     5.1    13.3    41.8    17.5    29.8   0.047   0.058   0.043   0.036   0.034    12.6    11.9    11.5    11.1    11.1
53136 20150126  2.422 -116.02   36.62    20.5     8.7    14.6    13.7     2.8    10.48 C    29.0     4.4    13.4    89.9    18.5    39.8   0.046   0.058   0.043   0.037   0.037    13.2    12.7    12.4    11.9    11.9
53136 20150127  2.422 -116.02   36.62    14.2     5.9    10.0     9.8     4.6     4.80 C    17.2     4.6    10.0    93.6    56.9    83.0   0.076   0.067   0.043   0.037   0.034    11.4    11.8    12.2    12.3    12.4
53136 20150128  2.422 -116.02   36.62    15.6     4.3     9.9     9.8     0.0    11.27 C    20.9     3.6    10.4    94.2    41.8    71.1   0.073   0.073   0.044   0.037   0.034    10.7    10.6    10.9    11.6    11.9
53136 20150129  2.422 -116.02   36.62    16.1    10.1    13.1    12.2     0.0     5.88 C    17.9     7.8    11.0    63.0    36.1    50.8   0.065   0.071   0.046   0.037   0.035    11.2    11.2    11.4    11.7    11.9
53136 20150130  2.422 -116.02   36.62    11.3     7.6     9.4     8.9     2.2     2.46 C    10.9     7.4     8.7    89.8    58.7    78.8   0.065   0.068   0.046   0.038   0.034     9.7    10.2    10.9    11.6    11.9
53136 20150131  2.422 -116.02   36.62    15.6     7.1    11.3    10.5     0.0    10.29 C    22.5     5.3    10.0    90.7    39.5    61.7   0.072   0.072   0.047   0.038   0.035    10.3    10.3    10.6    11.1    11.5
53136 20150201  2.422 -116.02   36.62    17.0     4.2    10.6    10.1     0.0    12.51 C    24.3     2.0     9.7    82.4    20.7    45.6   0.064   0.071   0.047   0.040   0.036    10.5    10.4    10.6    11.1    11.4
53136 20150202  2.422 -116.02   36.62    18.1     1.6     9.9     9.3     0.0    13.01 C    25.8     0.5    10.0    84.4    25.2    57.3   0.060   0.069   0.048   0.040   0.036    10.8    10.6    10.8    11.1    11.4
53136 20150203  2.422 -116.02   36.62    18.4     2.5    10.5     9.8     0.0    11.15 C    23.4     1.3     9.7    83.2    26.0    57.3   0.057   0.068   0.048   0.040   0.035    10.7    10.8    11.0    11.3    11.6
53136 20150204  2.422 -116.02   36.62    20.3     3.1    11.7    11.4     0.0    14.48 C    29.1     1.8    12.1    83.2    22.1    51.4   0.056   0.068   0.047   0.040   0.036    12.4    11.9    11.7    11.6    11.8
53136 20150205  2.422 -116.02   36.62    20.9     4.2    12.6    12.5     0.0    13.46 C    27.8     3.0    12.3    77.0    23.0    47.1   0.056   0.067   0.048   0.040   0.036    12.8    12.5    12.4    12.2    12.3
53136 20150206  2.422 -116.02   36.62    23.7     5.1    14.4    14.5     0.0    13.34 C    29.7     3.2    13.4    69.2     7.3    34.7   0.055   0.066   0.047   0.039   0.036    13.4    13.0    12.8    12.6    12.7
53136 20150207  2.422 -116.02   36.62    21.3    11.0    16.1    17.1     0.0    12.07 C    29.2     8.6    16.6    66.7     9.3    30.4   0.055   0.066   0.047   0.041   0.039    16.1    15.4    14.7    13.6    13.4
53136 20150208  2.422 -116.02   36.62    21.6     7.2    14.4    15.7     0.0    14.45 C    31.6     5.9    16.3    85.9    25.2    52.3   0.056   0.066   0.047   0.042   0.039    16.2    15.6    15.2    14.3    14.2
53136 20150209  2.422 -116.02   36.62    21.4     8.6    15.0    17.1     0.0    15.15 C    28.4     6.9    16.8    58.3    20.5    35.0   0.055   0.066   0.047   0.041   0.039    17.2    16.7    16.3    15.2    14.9
53136 20150210  2.422 -116.02   36.62    20.0     7.3    13.7    13.8     0.0    15.56 C    30.6     5.8    14.4    63.1     6.1    23.9   0.053   0.064   0.046   0.041   0.038    15.2    15.2    15.3    15.1    15.1
53136 20150211  2.422 -116.02   36.62    19.7     7.8    13.7    12.8     0.0    15.56 C    30.0     4.9    13.5    35.7    11.7    24.6   0.052   0.063   0.046   0.042   0.039    14.6    14.6    14.8    14.8    14.9
53136 20150212  2.422 -116.02   36.62    20.9     6.1    13.5    13.3     0.0    14.47 C    30.7     3.5    13.3    38.5    13.6    23.9   0.051   0.061   0.045   0.043   0.038    14.3    14.2    14.3    14.5    14.6
53136 20150213  2.422 -116.02   36.62    25.0     5.9    15.4    15.3     0.0    15.91 C    34.2     3.7    15.2    38.3     7.5    20.2   0.051   0.062   0.044   0.042   0.040    15.3    14.9    14.7    14.5    14.6
53136 20150214  2.422 -116.02   36.62    23.5     4.6    14.0    13.7     0.0    15.62 C    34.7     3.1    14.9    45.8    11.1    26.6   0.050   0.061   0.045   0.041   0.039    15.6    15.3    15.2    14.8    14.9
53136 20150215  2.422 -116.02   36.62    24.5     4.9    14.7    15.0     0.0    16.16 C    34.8     3.0    15.3    50.9     8.0    23.0   0.049   0.060   0.044   0.040   0.039    15.6    15.4    15.3    15.0    15.0
53136 20150216  2.422 -116.02   36.62    21.9     3.1    12.5    13.4     0.0    16.00 C    33.0     1.6    14.6    35.0     7.1    16.3   0.049   0.059   0.043   0.041   0.039    15.4    15.3    15.3    15.1    15.1
53136 20150217  2.422 -116.02   36.62    19.0     4.9    11.9    12.1     0.0    16.62 C    30.0     3.8    13.6    31.6     9.0    15.8   0.047   0.059   0.043   0.041   0.040    15.1    15.1    15.2    15.1    15.2
53136 20150218  2.422 -116.02   36.62    22.0     2.6    12.3    11.5     0.0    16.63 C    35.0     1.2    14.0    40.2     9.1    23.1   0.046   0.058   0.043   0.040   0.040    15.0    14.8    14.8    14.9    15.0
53136 20150219  2.422 -116.02   36.62    22.4     3.9    13.1    12.9     0.0    15.02 C    32.8     3.0    14.0    44.5    11.5    25.3   0.045   0.058   0.042   0.040   0.040    14.9    14.9    15.0    15.0    15.1
53136 20150220  2.422 -116.02   36.62    23.0     4.6    13.8    13.1     0.0    15.49 C    35.2     3.1    14.5    48.5     7.7    25.2   0.044   0.058   0.041   0.039   0.040    15.4    15.1    15.1    15.0    15.1
53136 20150221  2.422 -116.02   36.62    20.0     6.8    13.4    13.3     0.0    17.05 C    34.4     3.5    15.1    30.2     9.7    17.7   0.043   0.057   0.041   0.040   0.039    15.5    15.3    15.3    15.2    15.2
53136 20150222  2.422 -116.02   36.62    13.3     2.7     8.0     7.4     6.3     5.04 C    13.0     4.2     9.0    87.9    15.9    61.0   0.044   0.055   0.040   0.040   0.039    11.8    13.0    14.1    15.0    15.3
53136 20150223  2.422 -116.02   36.62     8.2     0.4     4.3     4.3     1.4    12.93 C    16.1     1.3     6.5    89.0    42.5    63.9   0.080   0.064   0.038   0.038   0.038     8.3     9.2    10.7    12.9    13.7
53136 20150224  2.422 -116.02   36.62    16.7     0.4     8.6     7.6     0.0    17.99 C    24.9    -1.5     8.8    70.5     7.2    39.0   0.068   0.067   0.039   0.037   0.038     9.6     9.7    10.3    11.7    12.5
53136 20150225  2.422 -116.02   36.62    19.7    -0.2     9.8     9.7     0.0    17.83 C    29.9    -1.2    11.2    80.3     9.8    38.2   0.062   0.066   0.041   0.037   0.038    11.9    11.5    11.5    11.9    12.4
53136 20150226  2.422 -116.02   36.62    19.6     2.4    11.0    11.3     0.0    17.83 C    31.5     0.7    12.9    68.7     9.2    31.5   0.059   0.065   0.042   0.038   0.038    13.5    13.0    12.9    12.8    12.9
53136 20150227  2.422 -116.02   36.62    16.7     7.4    12.0    11.3     0.0    17.35 C    29.9     5.1    13.4    57.4    16.9    29.4   0.057   0.063   0.043   0.039   0.038    14.3    13.9    13.8    13.5    13.6
53136 20150228  2.422 -116.02   36.62    14.1     3.8     8.9     8.5     0.0    16.46 C    24.1     3.2    10.9    78.3    20.3    52.2   0.054   0.062   0.042   0.039   0.039    13.0    13.2    13.6    13.8    13.9
53136 20150301  2.422 -116.02   36.62    11.3     1.9     6.6     7.1     1.5     9.28 C    20.5     1.1     8.5    86.3    40.7    61.8   0.052   0.059   0.041   0.038   0.039    10.5    11.1    11.9    13.1    13.5
53136 20150302  2.422 -116.02   36.62     9.4     0.9     5.1     4.7    13.9     8.97 C    17.8     0.3     6.2    93.4    61.4    84.4   0.084   0.078   0.043   0.038   0.039     8.3     9.3    10.6    12.2    12.8
53136 20150303  2.422 -116.02   36.62    10.5    -0.8     4.8     4.9     0.0    14.28 C    20.6    -1.2     5.9    93.8    39.7    68.0   0.089   0.105   0.058   0.041   0.039     7.2     7.6     8.4    10.5    11.4
53136 20150304  2.422 -116.02   36.62    13.0     0.0     6.5     6.5     0.0    19.49 C    23.2    -2.4     7.5    53.3    17.6    35.7   0.077   0.093   0.057   0.043   0.037     8.3     8.3     8.7    10.0    10.7
53136 20150305  2.422 -116.02   36.62    17.4     2.4     9.9     9.6     0.0    19.82 C    28.1    -0.8    10.4    55.8    12.9    32.8   0.071   0.087   0.056   0.045   0.037    10.8    10.3    10.2    10.5    10.9
53136 20150306  2.422 -116.02   36.62    21.1     2.6    11.9    12.5     0.0    19.65 C    30.2     0.1    12.4    64.8     7.5    28.1   0.068   0.084   0.057   0.046   0.039    12.5    11.9    11.6    11.4    11.6
53136 20150307  2.422 -116.02   36.62    21.7     7.2    14.5    14.3     0.0    19.87 C    33.0     4.0    14.7    49.1    10.5    23.1   0.067   0.082   0.055   0.046   0.038    15.0    14.2    13.5    12.6    12.6
53136 20150308  2.422 -116.02   36.62    22.8     3.3    13.1    13.0     0.0    19.64 C    33.4     1.8    14.5    66.7    10.9    34.2   0.065   0.078   0.055   0.047   0.038    15.3    14.8    14.4    13.6    13.5
53136 20150309  2.422 -116.02   36.62    22.5     7.2    14.8    15.3     0.0    20.33 C    35.5     5.6    16.4    50.5     7.1    18.8   0.063   0.077   0.054   0.047   0.040    16.6    16.0    15.4    14.4    14.2
53136 20150310  2.422 -116.02   36.62    23.0     5.0    14.0    14.8     0.0    19.44 C    36.6     2.4    16.4    47.5     8.3    23.1   0.062   0.074   0.054   0.047   0.039    16.8    16.2    15.8    15.0    14.8
53136 20150311  2.422 -116.02   36.62    21.0     8.9    14.9    14.5     0.0     6.43 C    22.6     7.2    13.6    66.0    12.8    35.7   0.059   0.071   0.052   0.048   0.042    15.1    15.3    15.6    15.4    15.3
53136 20150312  2.422 -116.02   36.62 -9999.0 -9999.0 -9999.0 -9999.0 -9999.0 -9999.00 U -9999.0 -9999.0 -9999.0 -9999.0 -9999.0 -9999.0 -99.000 -99.000 -99.000 -99.000 -99.000 -9999.0 -9999.0 -9999.0 -9999.0 -9999.0
53136 20150313  2.422 -116.02   36.62    23.7     8.7    16.2    16.6     0.0    21.93 C    37.4     7.8    18.5    48.5    12.3    27.7   0.059   0.069   0.050   0.046   0.042    18.3    17.5    16.9    15.8    15.6
53136 20150314  2.422 -116.02   36.62    25.0     8.4    16.7    16.7     0.0    20.68 C    40.5     5.9    18.7    48.8    12.1    27.8   0.057   0.068   0.050   0.047   0.043    19.1    18.4    17.8    16.6    16.4
53136 20150315  2.422 -116.02   36.62    26.2     7.4    16.8    17.1     0.0    18.58 C    37.7     6.2    18.3    55.1    12.9    29.8   0.055   0.067   0.049   0.046   0.042    18.8    18.4    18.1    17.1    16.9
53136 20150316  2.422 -116.02   36.62    26.3     8.8    17.5    17.8     0.0    19.82 C    36.8     6.9    19.2    55.4    11.2    28.0   0.053   0.065   0.048   0.047   0.043    19.6    19.0    18.6    17.5    17.3
53136 20150317  2.422 -116.02   36.62    25.6    10.0    17.8    17.7     0.0    16.70 C    37.2     8.3    18.7    44.0    12.4    25.5   0.051   0.063   0.047   0.047   0.043    19.3    18.9    18.6    17.8    17.6
53136 20150318  2.422 -116.02   36.62    22.4    11.2    16.8    16.8     0.0    10.67 C    31.4    10.3    17.5    49.2    17.1    31.1   0.049   0.062   0.047   0.046   0.042    18.7    18.6    18.5    18.0    17.8
53136 20150319  2.422 -116.02   36.62    24.1    10.8    17.5    17.3     0.0    23.30 C    38.1     8.0    19.4    45.7     5.1    19.6   0.048   0.062   0.045   0.046   0.042    19.7    19.3    18.9    18.0    17.8
53136 20150320  2.422 -116.02   36.62    25.0     6.4    15.7    16.0     0.0    23.12 C    41.5     3.9    18.9    25.0     4.2    12.9   0.046   0.061   0.044   0.045   0.042    19.6    19.1    18.8    18.2    18.0
53136 20150321  2.422 -116.02   36.62    25.4     6.2    15.8    16.5     0.0    21.45 C    37.5     4.8    18.5    35.4     5.7    17.9   0.044   0.059   0.044   0.044   0.041    19.4    19.1    19.0    18.3    18.2
53136 20150322  2.422 -116.02   36.62    22.7    11.3    17.0    17.5     0.0    16.44 C    34.4     8.8    18.3    34.0    11.9    20.6   0.042   0.058   0.042   0.044   0.041    19.2    19.0    19.0    18.4    18.3
53136 20150323  2.422 -116.02   36.62    22.3     8.7    15.5    16.2     0.0    22.84 C    37.7     6.9    19.1    43.5    16.5    26.6   0.042   0.058   0.042   0.043   0.041    19.9    19.5    19.2    18.5    18.4
53136 20150324  2.422 -116.02   36.62    24.4     7.5    16.0    16.4     0.0    22.60 C    41.3     7.0    20.4    50.3    12.6    26.0   0.041   0.057   0.041   0.042   0.041    20.7    20.0    19.6    18.7    18.6
53136 20150325  2.422 -116.02   36.62    23.3    10.1    16.7    16.7     0.0    23.78 C    40.0     7.8    20.3    39.7    12.4    23.6   0.040   0.056   0.040   0.041   0.042    20.9    20.5    20.2    19.2    19.0
53136 20150326  2.422 -116.02   36.62    25.3     9.4    17.3    17.9     0.0    23.25 C    41.3     7.5    20.9    34.2    11.1    19.9   0.039   0.055   0.039   0.041   0.041    21.4    20.8    20.4    19.5    19.2
53136 20150327  2.422 -116.02   36.62    28.0     7.2    17.6    18.2     0.0    24.51 C    45.4     5.9    22.0    42.7     8.4    21.5   0.038   0.056   0.039   0.041   0.040    22.5    21.6    21.0    19.8    19.5
53136 20150328  2.422 -116.02   36.62    29.1     8.4    18.8    18.8     0.0    24.80 C    44.3     6.8    22.1    37.0     4.6    17.2   0.037   0.056   0.038   0.040   0.041    22.9    22.2    21.7    20.4    20.0
53136 20150329  2.422 -116.02   36.62    29.1    12.3    20.7    20.3     0.0    24.80 C    46.0     9.5    23.6    21.2     6.1    12.1   0.035   0.055   0.038   0.040   0.041    23.9    22.9    22.3    20.9    20.5
53136 20150330  2.422 -116.02   36.62    29.6     8.8    19.2    19.8     0.0    24.90 C    45.1     7.2    23.1    30.4     6.3    14.9   0.032   0.054   0.037   0.039   0.041    24.0    23.3    22.7    21.4    20.9
53136 20150331  2.422 -116.02   36.62    29.0     9.0    19.0    20.4     0.0    23.91 C    41.4     8.1    22.3    30.9     3.7    14.7   0.031   0.053   0.037   0.039   0.041    23.2    22.8    22.6    21.5    21.2
53136 20150401  2.422 -116.02   36.62    23.5     9.2    16.4    17.4     0.0    24.21 C    39.3     7.6    20.6    26.5     3.9    12.4   0.029   0.052   0.036   0.038   0.040    22.3    22.1    22.1    21.4    21.2
53136 20150402  2.422 -116.02   36.62    19.0     6.2    12.6    13.8     0.0    25.75 C    37.4     4.8    18.2    21.0     5.1    12.2   0.028   0.051   0.035   0.038   0.040    20.7    20.9    21.3    21.0    20.9
53136 20150403  2.422 -116.02   36.62    20.3     6.0    13.2    13.2     0.0    26.17 C    38.4     4.3    17.5    14.7     4.6     8.7   0.026   0.049   0.034   0.037   0.039    19.8    19.8    20.1    20.3    20.4
53136 20150404  2.422 -116.02   36.62    23.4     1.6    12.5    15.0     0.0    26.41 C    39.5     1.1    18.6    23.5     3.9    10.4   0.026   0.049   0.034   0.036   0.040    19.9    19.6    19.7    19.8    19.9
53136 20150405  2.422 -116.02   36.62    22.7    14.0    18.3    18.4     0.0    24.09 C    33.1    11.9    19.3    24.1     4.1    11.0   0.026   0.049   0.034   0.036   0.040    20.5    20.3    20.4    20.0    20.0
53136 20150406  2.422 -116.02   36.62    18.6    10.6    14.6    14.4     0.0    24.01 C    32.6     8.3    16.9    32.0    10.5    19.9   0.024   0.048   0.033   0.035   0.039    19.1    19.3    19.7    19.8    19.9
53136 20150407  2.422 -116.02   36.62    18.7     8.4    13.5    13.0     0.0    25.10 C    32.9     6.1    15.8    47.0    10.3    23.8   0.023   0.047   0.032   0.035   0.039    18.0    18.3    18.8    19.2    19.4
53136 20150408  2.422 -116.02   36.62    17.9     3.5    10.7    10.6     0.0    26.89 C    34.6     2.6    15.4    50.0     8.7    25.3   0.023   0.046   0.032   0.034   0.038    17.9    17.9    18.3    18.7    19.0
53136 20150409  2.422 -116.02   36.62    19.7     6.1    12.9    12.5     0.0    22.24 C    39.6     5.2    16.8    34.7    10.7    22.1   0.023   0.046   0.032   0.034   0.038    18.7    18.4    18.5    18.6    18.8
53136 20150410  2.422 -116.02   36.62    22.7     2.9    12.8    13.9     0.0    26.09 C    41.6     1.6    18.7    33.6     6.5    17.0   0.024   0.046   0.032   0.034   0.038    19.8    19.2    19.0    18.7    18.8
53136 20150411  2.422 -116.02   36.62    24.4     4.5    14.4    15.1     0.0    25.73 C    40.6     3.5    19.5    28.5     7.8    15.7   0.024   0.046   0.032   0.034   0.038    20.7    20.1    19.9    19.2    19.1
53136 20150412  2.422 -116.02   36.62    26.4     6.8    16.6    17.3     0.0    27.14 C    44.6     5.0    21.7    28.4     5.9    14.6   0.024   0.046   0.032   0.034   0.038    22.2    21.2    20.7    19.7    19.5
53136 20150413  2.422 -116.02   36.62    29.3     6.6    18.0    20.0     0.0    27.43 C    44.7     5.9    23.1    26.8     3.2    13.1   0.024   0.046   0.033   0.034   0.038    23.3    22.3    21.6    20.4    20.1
53136 20150414  2.422 -116.02   36.62    26.9     7.6    17.2    18.1     0.0    26.33 C    38.6     6.3    20.7    20.3     4.7    13.2   0.023   0.045   0.033   0.034   0.039    22.8    22.7    22.4    21.2    20.8
53136 20150415  2.422 -116.02   36.62    17.0     4.6    10.8    10.5     0.0    28.04 C    36.2     3.3    15.7    25.1     6.7    13.1   0.021   0.043   0.032   0.034   0.038    18.6    19.2    20.0    20.5    20.6
53136 20150416  2.422 -116.02   36.62    20.8     3.2    12.0    13.2     0.0    25.73 C    40.1     2.0    18.1    31.9    11.1    18.2   0.020   0.042   0.031   0.032   0.038    19.2    18.9    19.1    19.6    19.8
53136 20150417  2.422 -116.02   36.62    24.5     7.5    16.0    16.8     0.0    27.93 C    43.2     6.1    21.8    28.9     7.7    16.1   0.022   0.044   0.032   0.033   0.039    22.4    21.3    20.6    19.8    19.8
53136 20150418  2.422 -116.02   36.62    27.8     7.2    17.5    18.6     0.0    28.02 C    45.4     5.7    22.8    25.2     5.8    12.7   0.022   0.043   0.032   0.033   0.039    23.5    22.5    21.9    20.6    20.4
53136 20150419  2.422 -116.02   36.62    29.3    11.8    20.5    20.9     0.0    26.73 C    47.8    10.0    25.0    18.6     6.0    11.3   0.022   0.044   0.033   0.033   0.037    25.4    24.0    23.1    21.4    21.0
53136 20150420  2.422 -116.02   36.62    29.0     9.7    19.3    21.0     0.0    28.09 C    46.1     8.2    25.1    20.2     5.2    10.0   0.022   0.044   0.033   0.033   0.038    25.7    24.6    23.9    22.2    21.7
53136 20150421  2.422 -116.02   36.62    25.9    12.1    19.0    20.5     0.0    16.29 C    38.0    10.6    21.9    24.0     7.7    13.5   0.021   0.043   0.032   0.033   0.038    24.0    23.9    23.8    22.7    22.3
53136 20150422  2.422 -116.02   36.62    24.1     8.2    16.1    15.8     0.4    19.91 C    38.2     7.3    18.5    57.7    12.6    31.2   0.020   0.041   0.032   0.033   0.038    21.7    22.1    22.5    22.2    22.0
53136 20150423  2.422 -116.02   36.62    23.6     7.3    15.5    16.3     0.0    26.91 C    44.9     6.3    21.1    64.5    14.9    34.2   0.021   0.042   0.031   0.033   0.039    22.2    21.7    21.5    21.4    21.4
53136 20150424  2.422 -116.02   36.62    23.1    10.0    16.6    16.8     0.0    24.80 C    36.9     9.4    20.5    49.6    24.0    37.1   0.020   0.041   0.031   0.033   0.039    22.2    22.1    22.1    21.6    21.5
53136 20150425  2.422 -116.02   36.62    20.1     6.0    13.0    12.6     2.2    14.03 C    34.7     5.2    14.8    79.7    21.2    49.1   0.018   0.039   0.030   0.033   0.039    18.2    19.7    20.9    21.3    21.4
53136 20150426  2.422 -116.02   36.62    21.0     3.7    12.4    13.4     0.0    28.84 C    37.7     2.7    17.3    78.6    12.4    32.3   0.029   0.039   0.028   0.033   0.037    18.3    18.1    18.6    19.7    20.2
53136 20150427  2.422 -116.02   36.62    24.5    10.1    17.3    17.4     0.0    29.55 C    42.6     7.5    21.8    27.2     8.8    16.8   0.034   0.040   0.030   0.032   0.037    21.7    20.8    20.3    19.9    20.0
53136 20150428  2.422 -116.02   36.62    28.6    12.4    20.5    20.6     0.0    29.47 C    46.7     9.8    25.1    27.6    10.0    17.0   0.035   0.042   0.031   0.033   0.038    25.0    23.6    22.4    20.9    20.6
53136 20150429  2.422 -116.02   36.62    30.9    11.5    21.2    22.5     0.0    27.94 C    44.6     9.8    25.6    33.5     7.8    16.5   0.033   0.044   0.032   0.035   0.038    25.8    24.8    23.9    22.0    21.6
53136 20150430  2.422 -116.02   36.62    30.3    13.9    22.1    22.5     0.0    21.30 C    45.4    12.0    24.9    28.6     9.1    16.4   0.029   0.044   0.032   0.033   0.039    25.8    25.1    24.5    22.8    22.3
53136 20150501  2.422 -116.02   36.62    32.2    12.1    22.1    23.2     0.0    28.10 C    47.8    10.3    26.8    29.1     5.7    15.0   0.027   0.044   0.032   0.034   0.039    27.0    25.9    24.9    23.2    22.7
53136 20150502  2.422 -116.02   36.62    31.0    15.5    23.2    23.6     0.0    29.02 C    47.2    13.7    27.1    23.5     7.4    14.2   0.025   0.045   0.032   0.033   0.039    27.6    26.7    25.8    23.9    23.4
53136 20150503  2.422 -116.02   36.62    30.0    12.7    21.4    22.6     0.0    29.48 C    45.0    11.2    26.5    29.8     7.3    15.8   0.024   0.044   0.032   0.033   0.040    27.4    26.6    26.0    24.4    23.8
53136 20150504  2.422 -116.02   36.62    28.1    12.0    20.0    20.7     0.0    20.99 C    44.5    11.0    24.1    36.0    12.2    22.5   0.022   0.043   0.032   0.033   0.039    25.9    25.7    25.5    24.4    24.1
53136 20150505  2.422 -116.02   36.62    28.0    12.5    20.2    21.4     0.0    28.98 C    44.9    11.2    26.3    50.6    12.8    26.0   0.022   0.042   0.032   0.033   0.039    27.0    26.2    25.5    24.3    24.0
53136 20150506  2.422 -116.02   36.62    26.1    13.9    20.0    20.7     0.0    29.28 C    41.3    13.1    24.9    44.6     9.9    23.6   0.021   0.041   0.032   0.033   0.039    26.6    26.2    25.9    24.6    24.2
53136 20150507  2.422 -116.02   36.62    21.8     9.9    15.8    16.1     0.0    29.74 C    36.3    10.4    21.0    43.3    12.3    27.2   0.020   0.040   0.032   0.033   0.039    24.0    24.3    24.7    24.3    24.1
53136 20150508  2.422 -116.02   36.62    15.9     6.6    11.3    10.9     0.0    20.48 C    34.3     6.8    15.5    51.6    20.8    36.2   0.019   0.038   0.029   0.033   0.039    19.9    21.1    22.3    23.2    23.4
53136 20150509  2.422 -116.02   36.62    21.0     5.5    13.2    14.2     0.0    21.78 C    43.1     5.0    18.2    57.1    26.5    39.1   0.019   0.037   0.029   0.033   0.038    20.4    20.6    21.2    22.0    22.3
53136 20150510  2.422 -116.02   36.62    26.4     7.0    16.7    17.9     0.0    30.46 C    46.1     6.4    23.7    70.1     6.3    27.8   0.021   0.039   0.030   0.033   0.038    24.2    22.9    22.3    21.9    22.0
53136 20150511  2.422 -116.02   36.62    28.0     9.3    18.7    20.4     0.0    27.19 C    40.7     8.2    23.3    24.0     8.9    15.3   0.020   0.039   0.030   0.033   0.038    24.5    24.0    23.5    22.7    22.5
53136 20150512  2.422 -116.02   36.62    27.0    16.2    21.6    21.8     0.0    25.71 C    40.2    12.8    23.7    23.2     5.6    13.8   0.019   0.038   0.030   0.033   0.038    24.8    24.3    24.0    23.1    22.9
53136 20150513  2.422 -116.02   36.62    24.8    15.4    20.1    20.1     0.0    26.00 C    38.9    13.8    22.8    22.7     5.1    11.7   0.019   0.038   0.030   0.033   0.038    24.5    24.2    24.0    23.3    23.1
53136 20150514  2.422 -116.02   36.62    20.1     9.4    14.7    15.4     2.0    15.88 C    32.3     8.5    17.5    71.2    16.7    29.0   0.018   0.036   0.029   0.032   0.038    20.7    21.8    22.6    22.9    23.0
53136 20150515  2.422 -116.02   36.62    18.6     8.6    13.6    13.3     0.0    26.21 C    36.9     7.0    18.1    60.9    20.3    38.4   0.023   0.036   0.028   0.031   0.038    19.9    20.1    20.7    21.7    22.0
53136 20150516  2.422 -116.02   36.62    22.9    11.2    17.0    17.1     0.0    25.66 C    38.0    11.0    21.6    56.2    16.5    31.8   0.028   0.037   0.029   0.031   0.037    22.1    21.7    21.6    21.5    21.7
53136 20150517  2.422 -116.02   36.62    25.4    11.8    18.6    19.1     0.0    21.08 C    40.9    10.5    23.0    46.9    14.0    27.3   0.029   0.038   0.029   0.031   0.037    23.8    23.1    22.6    21.9    21.9
53136 20150518  2.422 -116.02   36.62    20.4    13.4    16.9    16.7     0.0    17.93 C    32.7    12.3    19.5    57.0    28.3    39.4   0.026   0.038   0.028   0.030   0.038    22.2    22.5    22.7    22.3    22.3
53136 20150519  2.422 -116.02   36.62    24.5     8.4    16.5    17.6     0.0    30.35 C    43.4     8.0    23.5    66.5    14.1    32.3   0.025   0.038   0.029   0.031   0.038    24.2    23.2    22.6    22.1    22.0
53136 20150520  2.422 -116.02   36.62    26.0    11.3    18.6    19.1     0.0    23.59 C    41.8     9.8    22.5    34.8    11.6    20.4   0.023   0.038   0.029   0.032   0.037    23.9    23.6    23.4    22.6    22.5
53136 20150521  2.422 -116.02   36.62    24.0    10.0    17.0    17.1     0.0    18.58 C    41.3     8.9    20.2    44.5    15.3    26.4   0.020   0.038   0.029   0.032   0.038    22.5    22.8    23.0    22.7    22.6
53136 20150522  2.422 -116.02   36.62    20.4    11.2    15.8    15.2     1.6    19.60 C    36.6    10.1    18.0    72.5    33.4    47.2   0.020   0.036   0.027   0.031   0.038    20.4    21.2    21.8    22.2    22.4
53136 20150523  2.422 -116.02   36.62    25.3    11.3    18.3    18.2     0.0    27.22 C    42.9     9.9    23.2    69.3    21.7    43.7   0.026   0.037   0.028   0.031   0.037    23.3    22.3    21.8    21.6    21.8
53136 20150524  2.422 -116.02   36.62    26.8    13.9    20.3    19.6     2.6    25.28 C    47.6    13.9    25.4    82.7    20.9    49.0   0.030   0.039   0.029   0.032   0.038    25.9    25.0    24.0    22.6    22.3
53136 20150525  2.422 -116.02   36.62    28.7    12.4    20.5    21.6     0.0    30.44 C    46.0    11.4    26.6    83.1    16.1    41.3   0.044   0.040   0.029   0.031   0.038    27.0    25.8    24.7    23.3    23.0
53136 20150526  2.422 -116.02   36.62    30.4    15.1    22.8    23.9     0.0    31.09 C    49.1    13.4    28.7    51.7    10.8    25.3   0.045   0.042   0.031   0.034   0.038    29.1    28.0    26.6    24.4    23.8
53136 20150527  2.422 -116.02   36.62    31.8    16.1    24.0    25.2     0.0    31.14 C    51.0    14.6    30.0    37.0     8.4    17.8   0.042   0.043   0.031   0.034   0.037    30.2    29.2    27.8    25.4    24.7
53136 20150528  2.422 -116.02   36.62    33.5    16.5    25.0    26.3     0.0    29.02 C    51.2    15.2    31.0    27.8     7.5    14.9   0.038   0.045   0.032   0.034   0.038    31.2    30.1    28.8    26.2    25.5
53136 20150529  2.422 -116.02   36.62    35.0    17.2    26.1    27.3     0.0    31.08 C    53.5    15.4    32.1    24.6     6.4    13.0   0.035   0.046   0.032   0.034   0.040    32.2    31.0    29.6    27.0    26.2
53136 20150530  2.422 -116.02   36.62    36.2    18.3    27.2    28.5     0.0    29.99 C    51.5    16.3    31.8    20.9     3.0     9.8   0.031   0.046   0.033   0.035   0.040    32.3    31.3    30.2    27.7    26.9
53136 20150531  2.422 -116.02   36.62    36.6    17.8    27.2    29.4     0.0    31.68 C    50.2    15.8    32.5    18.1     4.9     9.5   0.028   0.046   0.033   0.035   0.041    32.7    31.5    30.4    28.1    27.4
53136 20150601  2.422 -116.02   36.62    33.5    20.1    26.8    27.8     0.0    31.21 C    46.0    17.5    30.1    20.8     3.0     9.5   0.025   0.045   0.032   0.035   0.040    31.6    31.1    30.5    28.4    27.7
53136 20150602  2.422 -116.02   36.62    31.8    15.4    23.6    24.6     0.0    32.07 C    50.2    14.0    29.7    29.4     6.0    14.4   0.024   0.043   0.032   0.034   0.040    31.0    30.3    29.8    28.3    27.7
53136 20150603  2.422 -116.02   36.62    30.7    16.6    23.6    24.7     0.0    30.16 C    48.8    15.0    29.5    32.3    11.2    18.9   0.023   0.042   0.032   0.034   0.040    30.7    30.1    29.6    28.2    27.7
53136 20150604  2.422 -116.02   36.62    29.2    18.4    23.8    23.4     0.0    20.69 C    40.6    17.3    25.3    31.4     4.8    14.7   0.021   0.040   0.032   0.034   0.041    27.8    28.3    28.6    28.0    27.6
53136 20150605  2.422 -116.02   36.62    28.6    12.0    20.3    21.7     0.0    23.26 C    46.6    11.3    25.0    27.8     5.4    14.0   0.021   0.039   0.030   0.034   0.039    27.4    27.3    27.4    27.1    27.0
53136 20150606  2.422 -116.02   36.62    29.6    16.5    23.1    23.7     0.0    29.03 C    53.2    14.6    29.1    28.7     8.2    15.0   0.022   0.040   0.031   0.034   0.039    29.9    28.6    27.8    26.9    26.6
53136 20150607  2.422 -116.02   36.62    31.1    19.0    25.0    24.9     0.0    29.96 C    53.2    17.7    31.7    36.5    12.4    22.1   0.022   0.040   0.032   0.035   0.039    32.3    30.8    29.5    27.5    27.1
53136 20150608  2.422 -116.02   36.62    34.8    19.5    27.1    27.9     0.0    31.62 C    55.8    17.7    33.6    26.7     7.0    14.1   0.023   0.041   0.032   0.035   0.042    34.1    32.4    30.8    28.4    27.7
53136 20150609  2.422 -116.02   36.62    32.3    18.8    25.5    26.4     0.0    10.77 C    40.7    17.1    27.0    39.8     9.1    18.1   0.020   0.038   0.032   0.035   0.040    29.5    30.0    30.2    29.0    28.4
53136 20150610  2.422 -116.02   36.62    32.5    19.7    26.1    25.8     0.0    22.82 C    47.8    19.0    29.4    51.7    11.3    31.9   0.020   0.038   0.030   0.035   0.041    30.3    29.6    29.0    28.2    27.9
53136 20150611  2.422 -116.02   36.62    32.2    17.7    25.0    25.8     0.0    27.44 C    54.5    16.4    32.4    50.8    18.1    32.7   0.022   0.039   0.031   0.034   0.040    32.9    31.3    30.0    28.4    27.8
53136 20150612  2.422 -116.02   36.62    35.2    22.1    28.7    28.6     0.0    25.36 C    53.6    21.4    33.6    48.5    13.7    26.3   0.022   0.039   0.031   0.035   0.041    34.3    32.9    31.6    29.2    28.5
53136 20150613  2.422 -116.02   36.62    38.0    19.4    28.7    30.6     0.0    31.54 C    56.5    18.7    36.1    36.2     7.4    17.7   0.023   0.039   0.032   0.035   0.040    35.9    34.1    32.5    29.9    29.1
53136 20150614  2.422 -116.02   36.62    39.1    22.5    30.8    32.1     0.0    30.67 C    55.2    21.6    36.6    29.2     7.0    15.0   0.022   0.039   0.032   0.035   0.040    37.1    35.6    33.9    30.9    29.9
53136 20150615  2.422 -116.02   36.62    38.9    24.7    31.8    33.0     0.0    31.73 C    51.4    22.2    35.3    16.8     3.2     9.0   0.021   0.039   0.032   0.036   0.041    36.1    35.1    33.9    31.5    30.6
53136 20150616  2.422 -116.02   36.62    37.9    20.5    29.2    30.6     0.0    33.07 C    52.7    18.3    33.7    16.5     1.3     6.3   0.021   0.038   0.031   0.036   0.041    34.8    34.1    33.4    31.5    30.8
53136 20150617  2.422 -116.02   36.62    38.3    18.6    28.4    30.4     0.0    33.16 C    53.3    17.0    33.8    12.6     0.4     4.8   0.021   0.037   0.030   0.035   0.042    34.8    34.0    33.1    31.3    30.7
53136 20150618  2.422 -116.02   36.62    38.5    20.1    29.3    30.1     0.0    32.74 C    55.0    17.5    34.3    14.3     2.6     6.6   0.020   0.037   0.031   0.035   0.042    35.1    34.2    33.3    31.4    30.8
53136 20150619  2.422 -116.02   36.62    40.4    18.6    29.5    30.8     0.0    32.64 C    56.6    16.9    35.2    11.3     2.1     5.4   0.020   0.037   0.031   0.035   0.041    35.8    34.7    33.6    31.6    30.9
53136 20150620  2.422 -116.02   36.62    42.0    18.9    30.4    33.0     0.0    32.78 C    58.5    17.4    36.3    10.6     1.1     4.2   0.021   0.036   0.031   0.036   0.041    36.5    35.3    34.1    31.9    31.2
53136 20150621  2.422 -116.02   36.62    39.6    22.3    30.9    32.9     0.0    31.09 C    53.1    19.6    35.0    11.0     2.8     5.4   0.020   0.036   0.030   0.035   0.042    36.0    35.3    34.4    32.3    31.6
53136 20150622  2.422 -116.02   36.62    38.7    20.2    29.4    30.8     0.0    33.05 C    53.7    18.3    34.5    14.6     0.6     6.0   0.020   0.035   0.030   0.035   0.042    35.7    34.9    34.1    32.2    31.6
53136 20150623  2.422 -116.02   36.62    37.8    19.3    28.5    30.1     0.0    27.60 C    54.6    18.0    32.9     8.6     2.1     4.4   0.019   0.034   0.030   0.036   0.042    34.5    34.2    33.7    32.2    31.6
53136 20150624  2.422 -116.02   36.62    39.5    18.5    29.0    30.7     0.0    32.21 C    57.3    16.7    35.0     8.3     3.1     5.2   0.019   0.034   0.029   0.036   0.042    35.6    34.4    33.5    32.0    31.4
53136 20150625  2.422 -116.02   36.62    39.6    20.2    29.9    31.4     0.0    28.79 C    53.2    18.4    35.0    12.2     3.9     6.7   0.020   0.034   0.029   0.036   0.042    35.9    35.0    34.1    32.2    31.6
53136 20150626  2.422 -116.02   36.62    41.0    26.9    33.9    34.0     0.0    24.30 C    58.3    24.4    37.5    12.5     4.3     6.8   0.020   0.034   0.030   0.035   0.043    37.7    36.3    34.9    32.6    31.9
53136 20150627  2.422 -116.02   36.62    41.4    22.6    32.0    33.8     0.0    30.56 C    57.8    21.5    38.2    17.6     6.3     9.7   0.020   0.035   0.029   0.035   0.041    38.5    37.0    35.6    33.1    32.3
53136 20150628  2.422 -116.02   36.62    39.4    27.1    33.2    33.8     0.0    24.62 C    56.2    25.1    37.0    21.9     9.0    13.0   0.020   0.035   0.029   0.036   0.041    37.9    37.1    36.0    33.6    32.8
53136 20150629  2.422 -116.02   36.62    39.9    25.0    32.4    33.1     0.0    27.05 C    59.0    23.3    38.1    28.2    11.6    18.4   0.020   0.035   0.029   0.035   0.041    38.6    37.3    36.0    33.7    32.9
53136 20150630  2.422 -116.02   36.62    41.3    26.4    33.8    34.2     0.0    25.51 C    60.6    25.9    39.2    25.8    10.9    17.0   0.021   0.034   0.030   0.036   0.041    39.5    38.2    36.7    34.1    33.3
53136 20150701  2.422 -116.02   36.62    37.3    24.5    30.9    31.9     1.0    29.90 C    53.5    21.3    36.9    60.6    17.9    28.8   0.023   0.035   0.029   0.037   0.042    38.2    37.6    36.7    34.5    33.6
53136 20150702  2.422 -116.02   36.62    36.2    26.4    31.3    30.9     0.0    19.01 C    53.6    25.3    35.0    48.7    21.0    30.8   0.021   0.035   0.029   0.036   0.042    36.4    36.3    35.8    34.2    33.6
53136 20150703  2.422 -116.02   36.62    39.3    24.6    32.0    32.7     0.0    24.47 C    56.5    23.6    36.3    36.5     5.1    18.6   0.020   0.034   0.028   0.035   0.042    37.0    36.2    35.4    33.8    33.3
53136 20150704  2.422 -116.02   36.62    36.2    28.8    32.5    31.9     0.0    21.24 C    57.1    27.6    36.0    27.0     9.1    15.5   0.020   0.034   0.028   0.034   0.043    36.7    36.1    35.5    33.8    33.3
53136 20150705  2.422 -116.02   36.62    38.3    21.2    29.7    29.4    19.4    26.86 C    57.6    19.7    34.2    81.1    12.2    31.1   0.045   0.048   0.028   0.035   0.043    35.3    35.3    35.3    33.8    33.3
53136 20150706  2.422 -116.02   36.62    36.1    19.6    27.8    28.0     0.0    28.35 C    44.7    19.2    29.8    81.5    12.5    37.4   0.086   0.102   0.044   0.035   0.042    31.7    31.5    31.9    32.3    32.3
53136 20150707  2.422 -116.02   36.62    36.0    24.1    30.0    30.2     0.0    27.45 C    48.5    22.0    32.6    42.5    11.9    23.8   0.073   0.091   0.050   0.035   0.042    34.3    33.7    33.2    32.2    31.9
53136 20150708  2.422 -116.02   36.62    34.8    23.4    29.1    28.8     0.0    28.68 C    46.9    21.4    31.3    42.0     6.3    22.1   0.068   0.085   0.050   0.036   0.042    33.6    33.5    33.3    32.4    32.0
53136 20150709  2.422 -116.02   36.62    30.4    20.3    25.4    25.7     0.0    28.72 C    42.4    18.9    28.7    40.1    10.7    23.3   0.063   0.079   0.049   0.038   0.042    31.3    31.6    32.0    31.8    31.7
53136 20150710  2.422 -116.02   36.62    31.3    17.9    24.6    25.1     0.0    30.84 C    45.2    16.9    29.1    40.6    12.2    23.3   0.059   0.077   0.048   0.039   0.042    31.1    31.0    31.1    31.0    31.0
53136 20150711  2.422 -116.02   36.62    32.7    18.1    25.4    26.5     0.0    31.28 C    46.6    16.7    30.3    34.9     8.1    19.4   0.056   0.075   0.048   0.040   0.041    31.9    31.6    31.4    30.9    30.8
53136 20150712  2.422 -116.02   36.62    34.9    19.0    26.9    28.0     0.0    31.49 C    47.0    17.8    31.6    35.5     6.5    17.5   0.054   0.074   0.047   0.041   0.041    32.9    32.5    32.1    31.2    30.9
53136 20150713  2.422 -116.02   36.62    36.2    19.1    27.7    29.0     0.0    30.53 C    49.7    17.9    31.9    30.6     2.5    12.5   0.052   0.073   0.047   0.042   0.041    33.3    32.9    32.6    31.5    31.2
53136 20150714  2.422 -116.02   36.62    35.6    21.4    28.5    29.0     0.0    30.38 C    47.4    20.3    31.6    20.1     4.2    11.7   0.050   0.071   0.046   0.042   0.042    33.2    32.9    32.7    31.7    31.4
53136 20150715  2.422 -116.02   36.62    35.7    20.4    28.1    28.9     0.0    31.37 C    48.4    18.4    31.7    22.9     5.3    12.1   0.048   0.069   0.045   0.041   0.041    33.2    32.8    32.6    31.7    31.4
53136 20150716  2.422 -116.02   36.62    36.8    18.2    27.5    28.9     0.0    31.48 C    51.1    16.5    32.3    23.2     3.6    11.1   0.048   0.068   0.045   0.040   0.042    33.7    33.2    32.8    31.8    31.5
53136 20150717  2.422 -116.02   36.62    37.1    21.1    29.1    30.5     0.0    30.92 C    51.3    18.8    33.5    18.5     6.3    11.9   0.046   0.068   0.045   0.040   0.042    34.3    33.6    33.3    32.1    31.7
53136 20150718  2.422 -116.02   36.62    33.1    22.2    27.6    27.4     0.0    16.19 C    43.4    21.1    28.9    48.7    16.9    28.7   0.044   0.065   0.044   0.041   0.043    31.8    32.5    32.8    32.2    32.0
53136 20150719  2.422 -116.02   36.62    32.3    17.5    24.9    25.6     0.0    25.28 C    51.0    17.7    31.4    63.6    21.7    39.6   0.044   0.064   0.043   0.040   0.042    32.7    32.0    31.7    31.3    31.3
53136 20150720  2.422 -116.02   36.62    24.3    18.7    21.5    21.2    12.7     9.43 C    29.1    18.7    22.6    88.6    48.7    70.9   0.093   0.081   0.042   0.040   0.042    25.9    27.6    29.3    30.6    30.8
53136 20150721  2.422 -116.02   36.62    31.8    18.7    25.3    25.6     0.0    28.72 C    41.2    17.8    28.0    79.5    24.6    45.9   0.080   0.087   0.047   0.040   0.041    29.4    28.8    28.5    28.9    29.2
53136 20150722  2.422 -116.02   36.62    34.4    19.8    27.1    28.1     0.0    28.10 C    45.6    18.3    30.0    66.0    13.7    30.6   0.072   0.083   0.050   0.041   0.041    31.8    31.2    30.7    29.7    29.6
53136 20150723  2.422 -116.02   36.62    33.5    21.5    27.5    28.0     0.0    30.76 C    45.4    19.3    30.5    42.9    10.5    22.8   0.068   0.079   0.050   0.041   0.041    32.3    32.0    31.6    30.4    30.2
53136 20150724  2.422 -116.02   36.62    33.9    21.6    27.7    28.8     0.0    31.09 C    45.6    19.1    31.2    42.7     7.0    18.6   0.064   0.076   0.049   0.041   0.042    32.5    32.1    31.8    30.8    30.5
53136 20150725  2.422 -116.02   36.62    36.0    19.6    27.8    28.4     0.0    31.06 C    51.1    17.8    31.9    36.7     4.7    16.1   0.060   0.075   0.049   0.041   0.042    33.6    33.0    32.6    31.2    30.8
53136 20150726  2.422 -116.02   36.62    36.1    18.6    27.4    28.8     0.0    31.30 C    48.0    16.9    31.4    29.9     2.8    13.3   0.056   0.073   0.048   0.041   0.042    33.0    32.7    32.5    31.5    31.2
53136 20150727  2.422 -116.02   36.62    35.6    21.3    28.4    28.2     0.0    30.78 C    51.5    19.2    32.3    30.9     2.9    14.1   0.053   0.071   0.048   0.041   0.043    34.1    33.5    33.0    31.7    31.3
53136 20150728  2.422 -116.02   36.62    35.9    21.0    28.4    28.9     0.0    30.47 C    52.8    18.9    33.0    18.7     6.3    10.6   0.051   0.071   0.047   0.042   0.043    34.5    33.9    33.4    32.1    31.6
53136 20150729  2.422 -116.02   36.62    37.8    20.2    29.0    30.7     0.0    29.36 C    55.0    18.2    34.9    23.8     6.6    13.0   0.050   0.070   0.047   0.042   0.044    35.8    34.9    34.2    32.5    32.0
53136 20150730  2.422 -116.02   36.62    36.8    26.1    31.4    31.9     0.0    15.72 C    47.2    24.7    33.6    35.3    12.6    23.1   0.048   0.069   0.047   0.043   0.044    35.3    34.9    34.6    33.2    32.6
53136 20150731  2.422 -116.02   36.62    35.3    26.2    30.7    29.8     0.0    12.36 C    44.3    25.6    30.9    49.4    19.0    30.0   0.046   0.066   0.045   0.042   0.044    33.0    33.3    33.4    32.9    32.5
53136 20150801  2.422 -116.02   36.62    33.1    23.5    28.3    26.7     2.3    10.44 C    45.3    22.0    26.5    54.3    24.1    39.3   0.047   0.063   0.044   0.041   0.043    29.1    30.4    31.4    31.9    31.8
53136 20150802  2.422 -116.02   36.62    36.5    20.6    28.5    29.0     0.0    28.09 C    50.3    18.4    32.1    58.6    11.0    27.9   0.053   0.064   0.043   0.039   0.043    32.7    31.6    30.9    30.5    30.5
53136 20150803  2.422 -116.02   36.62    37.6    23.0    30.3    31.0     0.0    29.67 C    49.8    20.6    33.4    27.6     3.7    12.8   0.051   0.064   0.044   0.040   0.043    34.2    33.5    32.9    31.5    31.1
53136 20150804  2.422 -116.02   36.62    37.1    20.4    28.7    30.7     0.0    26.46 C    49.8    18.4    32.6    22.3     6.7    12.7   0.047   0.063   0.043   0.041   0.044    33.8    33.4    33.1    32.0    31.6
53136 20150805  2.422 -116.02   36.62    37.1    27.2    32.2    31.9     0.0    24.49 C    50.8    24.5    33.8    21.1     4.0    11.1   0.045   0.063   0.043   0.041   0.043    34.7    34.1    33.7    32.3    31.9
53136 20150806  2.422 -116.02   36.62    37.6    22.6    30.1    28.4     0.2    14.51 C    48.6    21.4    29.1    53.8     4.9    20.9   0.042   0.061   0.042   0.040   0.043    31.7    32.3    32.6    32.3    32.0
53136 20150807  2.422 -116.02   36.62    34.4    21.5    27.9    27.4     0.0    27.78 C    47.9    21.4    31.1    64.3     3.5    29.5   0.042   0.060   0.042   0.039   0.043    32.6    32.1    31.9    31.5    31.3
53136 20150808  2.422 -116.02   36.62    34.0    19.9    26.9    26.5     0.0    29.55 C    50.2    17.8    31.0    36.1     5.8    17.9   0.039   0.060   0.042   0.039   0.044    32.8    32.4    32.2    31.5    31.3
53136 20150809  2.422 -116.02   36.62    36.5    15.9    26.2    28.0     0.0    29.75 C    49.7    14.6    32.1    20.4     6.3    12.4   0.037   0.059   0.041   0.040   0.044    33.2    32.5    32.2    31.5    31.3
53136 20150810  2.422 -116.02   36.62    37.1    21.1    29.1    30.3     0.0    28.70 C    50.3    19.3    33.3    28.0     8.9    16.1   0.035   0.058   0.042   0.039   0.045    34.3    33.6    33.2    32.0    31.6
53136 20150811  2.422 -116.02   36.62    37.1    21.6    29.3    30.7     0.0    25.53 C    50.3    20.5    33.2    31.9     9.3    17.8   0.034   0.057   0.041   0.040   0.044    34.1    33.5    33.2    32.2    31.9
53136 20150812  2.422 -116.02   36.62    37.0    24.5    30.7    30.7     0.0    24.69 C    54.1    24.2    35.4    41.8    17.3    29.9   0.033   0.057   0.042   0.040   0.044    36.4    35.0    34.2    32.6    32.1
53136 20150813  2.422 -116.02   36.62    35.9    23.7    29.8    28.9    18.7    18.70 C    48.7    22.1    29.6    68.9    22.6    38.1   0.059   0.070   0.041   0.039   0.043    31.7    32.5    33.3    32.8    32.5
53136 20150814  2.422 -116.02   36.62    38.3    21.9    30.1    30.8     0.0    26.43 C    42.8    20.7    30.4    72.9    10.6    33.5   0.080   0.091   0.050   0.039   0.043    31.8    31.3    31.0    31.2    31.2
53136 20150815  2.422 -116.02   36.62    39.4    22.0    30.7    31.6     0.0    27.49 C    48.0    20.3    32.3    52.3     8.1    23.4   0.072   0.086   0.053   0.040   0.043    34.2    33.5    32.8    31.6    31.3
53136 20150816  2.422 -116.02   36.62    40.2    22.6    31.4    32.8     0.0    27.61 C    50.2    20.7    33.9    43.4     6.5    16.6   0.066   0.081   0.053   0.042   0.043    35.3    34.6    34.0    32.4    31.9
53136 20150817  2.422 -116.02   36.62    39.9    25.5    32.7    33.2     0.0    27.54 C    51.4    22.2    34.7    24.2     6.4    13.2   0.060   0.078   0.051   0.043   0.044    36.2    35.5    34.8    33.1    32.5
53136 20150818  2.422 -116.02   36.62    40.2    22.2    31.2    32.4     0.0    27.72 C    52.6    20.1    34.4    30.3     3.2    11.4   0.057   0.076   0.050   0.044   0.043    36.3    35.7    35.2    33.6    33.1
53136 20150819  2.422 -116.02   36.62    39.7    21.6    30.6    32.7     0.0    26.44 C    52.4    19.5    34.3    19.3     4.0     8.3   0.054   0.073   0.048   0.046   0.045    35.9    35.4    35.0    33.7    33.2
53136 20150820  2.422 -116.02   36.62    38.2    21.9    30.0    31.6     0.0    26.59 C    48.4    20.4    33.1    23.7     3.8    11.1   0.051   0.071   0.047   0.046   0.045    35.4    35.1    34.9    33.8    33.4
53136 20150821  2.422 -116.02   36.62    37.4    21.1    29.3    30.7     0.0    26.01 C    47.3    19.7    32.5    31.8     9.8    18.6   0.050   0.068   0.046   0.045   0.045    34.5    34.2    34.1    33.4    33.1
53136 20150822  2.422 -116.02   36.62    37.2    20.6    28.9    29.8     0.0    26.70 C    49.8    19.5    32.5    35.8     6.5    16.1   0.048   0.067   0.045   0.045   0.045    34.6    34.3    34.1    33.2    33.0
53136 20150823  2.422 -116.02   36.62    38.0    20.2    29.1    30.4     0.0    27.38 C    49.0    18.9    32.4    32.4     4.9    13.2   0.047   0.065   0.044   0.045   0.045    34.5    34.1    34.0    33.1    32.8
53136 20150824  2.422 -116.02   36.62    38.9    19.3    29.1    30.0     0.0    27.06 C    50.6    18.0    32.5    24.8     4.9    11.9   0.046   0.064   0.044   0.044   0.045    34.6    34.1    33.9    33.0    32.8
53136 20150825  2.422 -116.02   36.62    37.4    21.6    29.5    29.9     0.0    17.66 C    50.9    20.1    31.4    29.0     8.8    15.5   0.043   0.063   0.043   0.044   0.045    33.5    33.4    33.4    32.9    32.7
53136 20150826  2.422 -116.02   36.62    34.5    24.6    29.6    29.2     0.3    14.98 C    44.1    23.6    30.8    66.6    20.7    33.4   0.043   0.062   0.042   0.044   0.044    33.3    33.2    33.2    32.7    32.5
53136 20150827  2.422 -116.02   36.62    36.1    22.0    29.1    29.8     0.0    21.90 C    52.4    21.1    32.8    50.8    14.8    28.8   0.041   0.060   0.042   0.042   0.044    34.5    33.7    33.3    32.5    32.2
53136 20150828  2.422 -116.02   36.62    38.8    22.5    30.7    31.4     0.0    25.81 C    55.0    21.1    35.0    39.2    10.9    22.0   0.040   0.060   0.042   0.042   0.045    36.2    35.0    34.2    32.9    32.5
53136 20150829  2.422 -116.02   36.62    38.3    24.7    31.5    32.5     0.0    25.72 C    48.1    22.8    34.0    29.8     8.5    15.9   0.037   0.059   0.042   0.042   0.045    35.7    35.2    34.8    33.5    33.0
53136 20150830  2.422 -116.02   36.62    35.3    23.9    29.6    30.4     0.0    20.79 C    43.8    22.7    31.5    21.8     9.7    15.4   0.034   0.057   0.041   0.042   0.044    33.6    33.7    33.9    33.3    33.0
53136 20150831  2.422 -116.02   36.62    36.4    20.2    28.3    28.5     0.0    25.87 C    50.9    18.0    31.6    30.9     9.3    17.6   0.033   0.055   0.040   0.040   0.044    33.6    33.2    33.1    32.7    32.5
53136 20150901  2.422 -116.02   36.62    34.9    17.8    26.3    28.1     0.0    26.03 C    46.1    17.3    30.9    31.7    10.7    18.6   0.031   0.054   0.039   0.041   0.044    32.8    32.6    32.7    32.4    32.3
53136 20150902  2.422 -116.02   36.62    34.1    20.8    27.5    29.3     0.0    23.29 C    45.3    20.2    31.1    38.4     9.4    19.4   0.031   0.054   0.039   0.041   0.044    32.9    32.7    32.7    32.3    32.2
53136 20150903  2.422 -116.02   36.62    33.4    20.6    27.0    27.8     0.0    25.73 C    44.8    19.8    29.9    20.2     9.1    13.8   0.029   0.053   0.039   0.041   0.043    32.1    32.1    32.2    32.0    31.9
53136 20150904  2.422 -116.02   36.62    31.1    20.3    25.7    25.8     0.0    25.63 C    41.8    18.0    27.7    24.4     6.0    16.7   0.028   0.051   0.038   0.040   0.044    30.4    30.7    31.2    31.4    31.5
53136 20150905  2.422 -116.02   36.62    30.9    16.3    23.6    24.4     0.0    25.88 C    41.8    15.4    26.5    26.6     6.9    14.4   0.026   0.050   0.038   0.039   0.044    29.2    29.6    30.2    30.7    30.8
53136 20150906  2.422 -116.02   36.62    33.0    12.4    22.7    24.2     0.0    24.54 C    45.4    11.9    27.4    29.7     9.9    18.6   0.026   0.049   0.037   0.037   0.043    29.2    29.1    29.4    30.0    30.2
53136 20150907  2.422 -116.02   36.62    34.3    17.3    25.8    26.6     0.0    24.73 C    47.2    16.8    29.9    40.8    12.3    24.7   0.027   0.049   0.037   0.037   0.043    31.2    30.6    30.4    30.0    30.1
53136 20150908  2.422 -116.02   36.62    36.1    18.1    27.1    27.4     0.0    24.78 C    51.3    16.7    31.1    40.0     9.4    21.8   0.027   0.050   0.037   0.037   0.043    32.4    31.6    31.2    30.4    30.3
53136 20150909  2.422 -116.02   36.62    37.3    19.7    28.5    29.7     0.0    23.58 C    54.3    18.8    33.4    32.4     9.4    19.6   0.027   0.049   0.038   0.038   0.043    34.1    32.8    32.2    31.0    30.7
53136 20150910  2.422 -116.02   36.62    37.6    21.5    29.5    30.6     0.0    23.65 C    52.8    20.8    33.9    41.1    11.3    24.7   0.027   0.049   0.038   0.038   0.044    35.1    34.0    33.2    31.8    31.3
53136 20150911  2.422 -116.02   36.62    38.8    21.1    30.0    30.1     0.0    23.95 C    53.2    20.2    33.7    44.7     4.1    22.5   0.026   0.049   0.039   0.039   0.042    35.3    34.3    33.7    32.2    31.8
53136 20150912  2.422 -116.02   36.62    38.6    20.5    29.5    29.4     0.0    23.31 C    51.6    19.3    32.8    31.1     8.5    20.0   0.025   0.047   0.038   0.039   0.043    34.5    33.9    33.5    32.4    32.0
53136 20150913  2.422 -116.02   36.62    35.2    20.5    27.8    28.8     0.0    18.81 C    47.7    20.3    31.3    39.0    12.4    23.2   0.025   0.046   0.038   0.039   0.043    33.3    33.1    33.1    32.4    32.1
53136 20150914  2.422 -116.02   36.62    33.1    20.3    26.7    27.0     0.0    23.18 C    43.6    19.8    29.7    48.0    13.0    26.5   0.024   0.045   0.037   0.039   0.044    32.1    32.2    32.3    32.0    31.8
53136 20150915  2.422 -116.02   36.62    27.2    20.0    23.6    23.0     0.0    17.00 C    38.3    18.5    25.0    62.4    31.5    43.3   0.022   0.043   0.035   0.037   0.042    28.5    29.5    30.5    31.2    31.3
53136 20150916  2.422 -116.02   36.62    28.0    17.4    22.7    22.4     0.0    23.53 C    39.4    15.9    25.1    65.8    18.0    34.8   0.022   0.042   0.034   0.036   0.041    27.9    28.4    29.1    30.0    30.3
53136 20150917  2.422 -116.02   36.62    27.6    13.3    20.5    20.3     0.0    23.92 C    42.8    12.3    24.4    42.5    13.0    24.4   0.022   0.041   0.034   0.036   0.041    27.3    27.7    28.3    29.2    29.6
53136 20150918  2.422 -116.02   36.62    30.6    13.1    21.8    22.5     0.0    23.74 C    45.5    12.0    25.9    30.1     9.2    17.0   0.022   0.041   0.034   0.036   0.040    28.0    27.8    28.1    28.8    29.0
53136 20150919  2.422 -116.02   36.62    33.3    14.5    23.9    23.9     0.0    23.48 C    47.6    13.2    27.5    25.1     6.8    14.4   0.022   0.042   0.034   0.036   0.040    29.2    28.7    28.6    28.7    28.9
53136 20150920  2.422 -116.02   36.62    34.7    14.5    24.6    25.0     0.0    23.47 C    49.0    13.4    28.4    22.0     5.5    11.7   0.023   0.041   0.034   0.036   0.040    29.9    29.4    29.2    29.0    29.0
53136 20150921  2.422 -116.02   36.62    35.5    14.9    25.2    26.2     0.0    22.07 C    49.9    13.6    29.0    20.3     5.4    11.4   0.022   0.041   0.034   0.036   0.040    30.2    29.6    29.5    29.2    29.2
53136 20150922  2.422 -116.02   36.62    33.3    17.5    25.4    25.8     0.0    19.99 C    44.2    17.1    28.2    57.1    15.2    29.6   0.022   0.041   0.034   0.036   0.040    29.9    29.6    29.7    29.4    29.3
53136 20150923  2.422 -116.02   36.62    34.1    18.0    26.0    25.7     0.0    21.95 C    48.6    17.3    29.6    56.9    12.6    29.0   0.022   0.041   0.033   0.036   0.041    31.0    30.3    29.9    29.4    29.3
53136 20150924  2.422 -116.02   36.62    36.5    16.9    26.7    27.2     0.0    21.86 C    51.6    15.6    30.3    32.6     9.2    18.3   0.022   0.041   0.034   0.036   0.040    31.5    30.7    30.3    29.6    29.5
53136 20150925  2.422 -116.02   36.62    36.7    18.5    27.6    28.8     0.0    21.05 C    48.1    16.8    30.8    26.2    10.5    18.4   0.023   0.041   0.034   0.036   0.040    31.6    31.0    30.6    29.9    29.7
53136 20150926  2.422 -116.02   36.62    35.9    21.5    28.7    29.2     0.0    20.25 C    48.8    20.4    31.1    30.3    11.0    19.9   0.022   0.041   0.034   0.036   0.041    32.1    31.5    31.0    30.2    29.9
53136 20150927  2.422 -116.02   36.62    34.8    20.4    27.6    27.7     0.0    17.60 C    43.1    19.5    29.3    36.1    11.4    22.1   0.021   0.040   0.033   0.037   0.040    30.9    30.7    30.7    30.2    30.1
53136 20150928  2.422 -116.02   36.62    34.3    20.0    27.2    27.3     0.0    15.64 C    45.0    18.5    28.2    23.5     6.5    14.8   0.020   0.039   0.033   0.036   0.041    30.0    30.0    30.2    30.0    29.9
53136 20150929  2.422 -116.02   36.62    34.8    17.0    25.9    25.8     0.0    20.06 C    47.9    16.3    28.4    27.0    10.3    16.8   0.022   0.038   0.032   0.036   0.041    29.8    29.5    29.6    29.6    29.6
53136 20150930  2.422 -116.02   36.62    35.1    16.1    25.6    26.3     0.0    19.74 C    46.6    14.7    27.6    26.0     6.7    15.0   0.021   0.038   0.032   0.036   0.041    29.3    29.2    29.4    29.4    29.4
53136 20151001  2.422 -116.02   36.62    32.5    17.9    25.2    25.9     0.0    19.27 C    41.7    16.7    26.5    29.9     9.1    18.1   0.020   0.038   0.031   0.035   0.041    28.3    28.6    29.0    29.1    29.2
53136 20151002  2.422 -116.02   36.62    26.3    12.8    19.5    20.8     0.0    16.64 C    42.2    12.4    23.9    46.5    19.5    30.1   0.019   0.036   0.030   0.035   0.041    26.6    27.1    27.8    28.6    28.8
53136 20151003  2.422 -116.02   36.62    27.3    15.9    21.6    21.9     0.0    20.37 C    42.8    13.8    25.1    44.8    16.1    27.9   0.020   0.036   0.030   0.035   0.040    27.0    27.1    27.4    28.0    28.2
53136 20151004  2.422 -116.02   36.62    20.8    11.5    16.2    16.1    14.5     2.31 C    21.1    10.9    15.5    92.2    27.7    65.0   0.056   0.043   0.028   0.034   0.039    19.3    21.9    24.7    27.2    27.7
53136 20151005  2.422 -116.02   36.62    17.5    11.6    14.5    14.3    10.9    10.95 C    26.4    11.4    15.8    92.2    54.7    77.3   0.089   0.078   0.031   0.033   0.038    17.7    18.5    20.4    24.3    25.5
53136 20151006  2.422 -116.02   36.62    22.2    11.1    16.7    16.3     0.0    17.62 C    29.8    10.8    18.1    92.5    35.2    68.5   0.091   0.110   0.055   0.032   0.038    19.5    19.7    20.5    23.0    24.0
53136 20151007  2.422 -116.02   36.62    26.9    12.4    19.6    19.3     0.0    19.14 C    33.8    11.4    20.1    87.3    21.7    54.1   0.077   0.096   0.054   0.038   0.038    21.2    21.1    21.4    22.8    23.5
53136 20151008  2.422 -116.02   36.62    30.9    14.9    22.9    23.3     0.0    19.27 C    38.1    13.7    23.0    79.5    15.1    35.2   0.072   0.090   0.053   0.041   0.037    23.4    22.9    22.9    23.3    23.7
53136 20151009  2.422 -116.02   36.62    31.7    17.4    24.6    24.5     0.0    19.57 C    38.9    14.1    24.5    54.8    12.5    28.3   0.070   0.086   0.052   0.044   0.037    25.3    24.8    24.5    24.2    24.4
53136 20151010  2.422 -116.02   36.62    30.8    14.9    22.8    23.4     0.0    18.90 C    38.8    13.5    24.3    62.3    19.0    35.4   0.066   0.082   0.052   0.044   0.039    25.4    25.1    25.0    24.9    25.0
53136 20151011  2.422 -116.02   36.62    30.4    15.9    23.2    23.1     0.0    18.75 C    40.8    14.6    24.7    63.5    19.7    38.7   0.065   0.079   0.052   0.043   0.040    26.1    25.8    25.6    25.3    25.3
53136 20151012  2.422 -116.02   36.62    32.5    15.2    23.9    23.9     0.0    18.69 C    42.0    14.2    25.2    66.1    13.9    35.9   0.063   0.077   0.052   0.044   0.041    26.5    26.1    26.0    25.6    25.6
53136 20151013  2.422 -116.02   36.62    32.0    15.5    23.7    23.6     0.0    18.42 C    42.4    14.4    25.4    58.8    17.6    36.3   0.061   0.075   0.050   0.044   0.041    26.8    26.4    26.3    26.0    25.9
53136 20151014  2.422 -116.02   36.62    32.2    16.5    24.3    23.7     0.0    16.99 C    44.8    15.1    25.4    62.0    18.5    38.8   0.059   0.073   0.050   0.043   0.041    26.9    26.6    26.6    26.3    26.2
53136 20151015  2.422 -116.02   36.62    23.9    17.6    20.8    20.4     0.7     4.44 C    27.6    16.5    19.6    83.0    38.0    56.5   0.056   0.069   0.048   0.042   0.041    22.5    23.5    24.6    25.8    26.0
53136 20151016  2.422 -116.02   36.62    22.0    15.8    18.9    18.0     3.0     6.87 C    25.2    15.9    18.3    91.2    48.6    76.0   0.064   0.067   0.047   0.041   0.042    20.2    21.0    22.1    24.0    24.6
53136 20151017  2.422 -116.02   36.62    21.4    15.3    18.3    17.7    10.6     9.08 C    25.9    15.3    18.1    93.5    63.2    81.6   0.090   0.093   0.051   0.040   0.042    19.7    20.3    21.1    22.9    23.5
53136 20151018  2.422 -116.02   36.62    19.3    13.6    16.4    16.5    14.0     6.07 C    21.4    12.6    16.2    90.0    62.6    78.0   0.100   0.115   0.065   0.045   0.040    17.8    18.7    19.8    21.9    22.6
53136 20151019  2.422 -116.02   36.62    19.4    11.2    15.3    15.1     0.0    17.02 C    26.2    10.1    16.2    86.6    40.8    65.0   0.087   0.108   0.068   0.050   0.041    17.9    18.3    19.0    20.7    21.5
53136 20151020  2.422 -116.02   36.62    21.6    12.2    16.9    16.4     0.0    15.86 C    29.3     9.7    16.1    67.7    30.6    47.0   0.079   0.100   0.066   0.049   0.045    17.4    17.8    18.5    20.2    20.9
53136 20151021  2.422 -116.02   36.62    21.4    12.9    17.1    16.6     0.0    17.10 C    27.8    10.8    17.0    62.6    30.4    44.5   0.074   0.094   0.066   0.049   0.047    18.5    18.6    18.9    20.0    20.6
53136 20151022  2.422 -116.02   36.62    22.4    11.4    16.9    16.5     0.0    15.01 C    30.6    10.0    17.2    73.6    30.6    51.3   0.072   0.090   0.064   0.050   0.050    18.8    18.9    19.2    20.1    20.6
53136 20151023  2.422 -116.02   36.62    23.6    11.5    17.5    17.5     0.0    17.25 C    31.8     9.6    17.7    76.7    20.0    39.4   0.070   0.086   0.062   0.051   0.052    19.0    19.1    19.4    20.2    20.6
53136 20151024  2.422 -116.02   36.62    23.9     9.9    16.9    16.9     0.0    16.15 C    31.9     8.0    17.3    62.3    15.3    37.3   0.068   0.083   0.061   0.051   0.053    19.1    19.1    19.5    20.2    20.6
53136 20151025  2.422 -116.02   36.62    20.9     9.7    15.3    15.2     0.0     6.11 C    21.7     8.9    14.2    74.3    27.6    47.6   0.065   0.079   0.059   0.051   0.053    16.7    17.5    18.4    19.8    20.4
53136 20151026  2.422 -116.02   36.62    23.4     7.4    15.4    14.7     0.0    16.82 C    30.6     6.5    15.7    82.3    22.9    51.2   0.064   0.078   0.058   0.050   0.053    17.4    17.6    18.1    19.2    19.7
53136 20151027  2.422 -116.02   36.62    21.3     8.1    14.7    14.8     0.0    10.39 C    27.0     7.0    14.7    74.5    24.3    47.9   0.063   0.075   0.057   0.049   0.053    16.6    17.0    17.7    19.0    19.5
53136 20151028  2.422 -116.02   36.62    20.2    11.1    15.6    15.8     0.0     6.65 C    22.9    10.1    15.3    69.5    23.1    47.8   0.063   0.074   0.055   0.048   0.053    16.8    17.1    17.7    18.7    19.3
53136 20151029  2.422 -116.02   36.62    20.0     9.8    14.9    15.0     0.0    12.49 C    28.2     8.9    15.0    75.8    23.6    41.3   0.061   0.072   0.054   0.048   0.052    16.6    16.9    17.5    18.5    19.1
53136 20151030  2.422 -116.02   36.62    21.7     9.6    15.7    14.7     0.0    16.26 C    27.9     6.7    14.9    43.7    11.3    29.3   0.060   0.071   0.053   0.049   0.052    16.3    16.6    17.1    18.2    18.8
53136 20151031  2.422 -116.02   36.62    24.9     9.3    17.1    16.6     0.0    16.01 C    32.5     7.5    16.9    56.9    16.1    33.6   0.059   0.070   0.052   0.048   0.050    17.8    17.6    17.8    18.3    18.7
53136 20151101  2.422 -116.02   36.62    24.0     7.6    15.8    15.2     0.0    14.13 C    31.0     6.5    15.6    66.9    16.5    41.1   0.058   0.069   0.051   0.048   0.050    17.4    17.6    18.0    18.6    19.0
53136 20151102  2.422 -116.02   36.62    24.3     6.7    15.5    15.6     0.0    14.72 C    28.4     5.7    15.7    70.0     7.8    37.9   0.056   0.067   0.050   0.048   0.050    16.8    17.1    17.6    18.5    18.9
53136 20151103  2.422 -116.02   36.62    12.8     7.1    10.0     9.9     0.0     8.78 C    25.5     6.7    11.2    63.7    36.1    50.9   0.055   0.064   0.049   0.048   0.049    14.4    15.4    16.6    18.1    18.7
53136 20151104  2.422 -116.02   36.62    10.1     3.4     6.8     6.1     1.3     9.24 C    20.8     2.0     7.8    90.7    41.8    65.9   0.054   0.062   0.047   0.047   0.048    11.4    12.8    14.4    16.8    17.7
53136 20151105  2.422 -116.02   36.62    11.5     0.1     5.8     5.9     0.0    14.61 C    22.0    -0.8     7.6    72.7    25.5    46.8   0.054   0.060   0.045   0.045   0.046     9.8    10.8    12.2    15.0    16.1
53136 20151106  2.422 -116.02   36.62    15.4     1.5     8.4     9.1     0.0    15.32 C    23.2     0.6     9.6    74.3    19.2    35.7   0.053   0.061   0.045   0.045   0.045    10.9    11.4    12.3    14.4    15.3
53136 20151107  2.422 -116.02   36.62    15.9     3.6     9.8     9.5     0.0    15.34 C    22.4     2.3     9.8    55.6    16.2    34.1   0.053   0.060   0.044   0.045   0.045    11.4    11.9    12.7    14.3    15.1
53136 20151108  2.422 -116.02   36.62    16.6     2.5     9.5     9.4     0.0    14.93 C    25.8     0.5    10.2    56.6    19.1    35.8   0.052   0.060   0.044   0.045   0.045    11.7    12.0    12.7    14.2    15.0
53136 20151109  2.422 -116.02   36.62    17.1     7.6    12.4    12.9     0.0    14.72 C    22.4     4.3    12.2    45.5    17.7    30.4   0.051   0.060   0.043   0.044   0.044    12.6    12.8    13.2    14.4    15.1
53136 20151110  2.422 -116.02   36.62    10.7     1.5     6.1     6.9     2.4     8.57 C    18.0     0.3     7.1    87.6    38.6    57.4   0.054   0.058   0.042   0.043   0.044     9.9    11.2    12.5    14.3    15.1
53136 20151111  2.422 -116.02   36.62    13.6     0.1     6.9     6.7     0.0    14.82 C    21.8    -1.7     7.2    75.5    15.1    40.0   0.055   0.058   0.041   0.043   0.043     8.5     9.2    10.5    12.9    14.0
53136 20151112  2.422 -116.02   36.62    16.6     1.9     9.2     9.6     0.0    14.53 C    23.2    -0.8     9.3    51.0    13.2    26.8   0.053   0.058   0.041   0.042   0.042     9.8    10.0    10.8    12.6    13.5
53136 20151113  2.422 -116.02   36.62    18.3     5.6    11.9    11.7     0.0    14.44 C    25.2     3.1    11.3    36.5    11.7    21.4   0.052   0.058   0.041   0.042   0.043    11.9    11.9    12.1    13.0    13.7
53136 20151114  2.422 -116.02   36.62    18.3     3.4    10.8    10.3     0.0    14.33 C    25.1     0.7    10.3    47.8    14.4    28.7   0.050   0.058   0.041   0.042   0.042    11.4    11.6    12.2    13.3    13.9
53136 20151115  2.422 -116.02   36.62    17.1     1.6     9.3     8.8     0.4    10.33 C    22.2     0.3     8.6    76.3    12.2    38.8   0.048   0.057   0.040   0.041   0.041    10.0    10.6    11.5    13.1    13.9
53136 20151116  2.422 -116.02   36.62    10.7     2.5     6.6     5.9     0.0    12.15 C    17.5     0.4     6.4    71.7    19.5    36.0   0.047   0.055   0.039   0.041   0.040     8.9     9.8    10.9    12.7    13.5
53136 20151117  2.422 -116.02   36.62    14.1     2.3     8.2     7.2     0.0    12.91 C    21.9    -0.1     7.8    55.4    14.2    26.5   0.047   0.055   0.038   0.039   0.040     8.8     9.2    10.1    12.0    12.9
53136 20151118  2.422 -116.02   36.62    19.1    -0.1     9.5     8.8     0.0    12.07 C    26.3    -0.9     9.2    69.6    17.1    42.2   0.046   0.055   0.038   0.039   0.039    10.0    10.2    10.7    12.0    12.7
53136 20151119  2.422 -116.02   36.62    19.6     2.2    10.9    10.6     0.0    13.32 C    27.4     0.9    11.0    64.6    19.5    40.7   0.046   0.055   0.039   0.039   0.039    11.5    11.4    11.7    12.4    13.0
53136 20151120  2.422 -116.02   36.62    22.0     3.5    12.7    12.9     0.0    13.27 C    27.5     2.2    12.9    65.5    21.3    39.5   0.046   0.055   0.039   0.040   0.040    12.6    12.4    12.5    13.0    13.4
53136 20151121  2.422 -116.02   36.62    17.5     6.8    12.1    11.4     0.0    13.48 C    22.5     3.7    11.0    43.5     6.7    18.1   0.045   0.055   0.039   0.040   0.040    12.3    12.6    13.0    13.6    13.9
53136 20151122  2.422 -116.02   36.62    18.5     3.7    11.1    10.9     0.0    13.26 C    24.4     1.9    10.6    27.7     6.0    14.3   0.045   0.054   0.037   0.039   0.040    11.7    12.0    12.5    13.5    13.9
53136 20151123  2.422 -116.02   36.62    17.7     1.3     9.5     8.7     0.0    12.20 C    23.8    -0.2     8.8    40.4     9.5    22.8   0.043   0.053   0.037   0.038   0.040    10.5    11.0    11.7    13.1    13.7
53136 20151124  2.422 -116.02   36.62    19.7     0.9    10.3    11.5     0.0    12.77 C    23.5    -0.5    10.7    49.2     8.9    26.0   0.042   0.052   0.036   0.037   0.040    10.9    10.9    11.4    12.7    13.4
53136 20151125  2.422 -116.02   36.62    12.0     3.1     7.5     7.4     0.2    10.63 C    20.1     3.2     8.9    77.9    23.0    43.7   0.041   0.052   0.036   0.037   0.041    11.3    11.8    12.3    13.1    13.6
53136 20151126  2.422 -116.02   36.62     9.0    -0.7     4.1     4.4     0.0    12.57 C    19.0    -1.3     6.2    74.4    23.0    41.8   0.040   0.050   0.035   0.037   0.040     8.6     9.5    10.7    12.5    13.2
53136 20151127  2.422 -116.02   36.62     7.7     0.1     3.9     3.1     0.0    12.06 C    17.8    -1.4     4.6    44.3    22.7    34.1   0.039   0.049   0.034   0.036   0.040     6.8     7.8     9.1    11.5    12.4
53136 20151128  2.422 -116.02   36.62     6.8    -2.8     2.0     1.9     0.0    12.39 C    17.4    -3.8     3.7    47.1    23.1    35.5   0.039   0.048   0.033   0.036   0.038     6.3     7.1     8.4    10.7    11.7
53136 20151129  2.422 -116.02   36.62     8.4    -5.0     1.7     1.2     0.0    12.37 C    18.1    -6.1     2.6    55.4    18.7    37.2   0.040   0.047   0.032   0.034   0.039     4.8     5.8     7.2     9.8    10.9
53136 20151130  2.422 -116.02   36.62     9.3    -7.2     1.1     0.6     0.0    11.58 C    18.1    -7.5     2.1    63.2    19.1    38.5   0.038   0.047   0.031   0.034   0.036     4.2     5.1     6.4     9.1    10.2
53136 20151201  2.422 -116.02   36.62    14.1    -3.5     5.3     5.1     0.0    12.39 C    21.4    -5.1     4.9    47.5     9.1    25.4   0.039   0.047   0.031   0.035   0.037     5.5     5.8     6.7     8.8     9.8
53136 20151202  2.422 -116.02   36.62    15.5    -1.8     6.9     6.8     0.0    11.52 C    23.9    -4.1     6.3    34.1     8.7    20.1   0.039   0.048   0.031   0.034   0.037     6.6     6.7     7.3     9.0     9.8
53136 20151203  2.422 -116.02   36.62    14.6     0.6     7.6     6.8     0.0     9.68 C    19.2    -1.8     6.0    36.8    11.5    23.4   0.036   0.048   0.032   0.034   0.036     6.9     7.3     7.9     9.3    10.0
53136 20151204  2.422 -116.02   36.62    15.0     0.4     7.7     6.5     0.0    10.77 C    22.9    -1.1     6.8    59.8    14.3    34.4   0.037   0.048   0.031   0.034   0.037     7.7     7.9     8.3     9.5    10.2
53136 20151205  2.422 -116.02   36.62    14.1    -0.4     6.8     7.3     0.0     8.53 C    20.8    -1.9     6.1    59.7    14.7    28.9   0.036   0.047   0.031   0.034   0.037     6.8     7.3     8.1     9.6    10.3
53136 20151206  2.422 -116.02   36.62    12.9     0.0     6.5     6.6     0.0     7.79 C    20.1    -1.2     5.9    46.3    18.5    30.3   0.035   0.047   0.031   0.034   0.036     6.9     7.3     8.0     9.5    10.2
53136 20151207  2.422 -116.02   36.62    16.2    -0.4     7.9     6.7     0.0     9.42 C    23.3    -1.5     6.6    47.4    12.2    31.0   0.035   0.047   0.031   0.034   0.037     7.3     7.5     8.1     9.4    10.1
53136 20151208  2.422 -116.02   36.62    16.9     2.2     9.6     8.4     0.0     9.21 C    22.1     0.1     8.5    51.3    18.6    33.2   0.035   0.047   0.031   0.035   0.037     8.6     8.5     8.8     9.7    10.3
53136 20151209  2.422 -116.02   36.62    14.4     3.5     8.9     8.1     0.0     4.78 C    15.6     2.2     6.8    64.5    30.9    48.9   0.034   0.047   0.031   0.035   0.036     8.0     8.4     9.0    10.1    10.6
53136 20151210  2.422 -116.02   36.62    19.9     1.4    10.7    11.2     0.0     8.87 C    21.3    -0.1    10.2    70.3    12.5    41.2   0.035   0.048   0.031   0.035   0.038     9.3     9.0     9.1    10.0    10.6
53136 20151211  2.422 -116.02   36.62    12.7     0.4     6.5     7.2     0.0     8.84 C    19.9    -1.2     7.5    78.0    31.8    55.1   0.035   0.047   0.032   0.035   0.038     9.6    10.1    10.5    10.9    11.2
53136 20151212  2.422 -116.02   36.62    11.0    -3.1     3.9     4.1     0.0    11.60 C    19.2    -4.3     4.8    79.3    23.4    46.8   0.034   0.046   0.030   0.035   0.038     6.5     7.3     8.4    10.2    10.9
53136 20151213  2.422 -116.02   36.62    14.6    -2.3     6.1     6.3     0.9    10.58 C    20.8    -3.3     7.3    79.5    23.5    46.8   0.034   0.046   0.030   0.036   0.038     7.4     7.5     8.0     9.6    10.4
53136 20151214  2.422 -116.02   36.62     7.9    -2.8     2.6     3.3     0.0     9.14 C    15.2    -3.9     3.7    84.1    27.4    49.1   0.033   0.045   0.030   0.036   0.039     6.6     7.5     8.5     9.8    10.4
53136 20151215  2.422 -116.02   36.62     7.1    -3.6     1.8     2.1     0.0    11.25 C    15.1    -5.5     2.2    58.4    22.5    37.0   0.034   0.045   0.029   0.036   0.038     3.9     4.9     6.3     8.9     9.8
53136 20151216  2.422 -116.02   36.62     7.2    -5.4     0.9     0.9     0.0    11.47 C    16.1    -5.6     1.8    56.6    22.9    38.8   0.035   0.044   0.028   0.034   0.037     3.7     4.5     5.7     8.1     9.0
53136 20151217  2.422 -116.02   36.62    10.3    -6.2     2.0     1.6     0.0    10.88 C    17.3    -6.9     2.3    60.2    21.0    40.9 -99.000   0.045   0.028   0.033   0.037     3.5     4.0     5.1     7.5     8.5
53136 20151218  2.422 -116.02   36.62    11.2    -3.7     3.7     3.6     0.0    11.38 C    17.0    -4.8     3.8    62.6    21.8    39.9   0.035   0.044   0.028   0.033   0.037     4.6     4.9     5.6     7.4     8.3
53136 20151219  2.422 -116.02   36.62    14.6    -2.8     5.9     5.9     0.0    10.90 C    21.7    -4.5     6.2    64.2    13.6    40.3   0.035   0.044   0.028   0.033   0.037     5.7     5.6     6.1     7.5     8.3
53136 20151220  2.422 -116.02   36.62     8.1    -0.2     3.9     4.8     0.0     5.34 C    13.8    -2.0     5.1    88.2    58.7    72.6   0.034   0.045   0.030   0.032   0.037     6.7     7.1     7.5     8.3     8.8
53136 20151221  2.422 -116.02   36.62     6.0    -2.1     1.9     2.3     0.0     3.89 C     8.7    -2.9     2.2    91.2    60.3    76.8   0.034   0.044   0.028   0.032   0.037     3.8     4.6     5.8     7.9     8.7
53136 20151222  2.422 -116.02   36.62    13.3     2.8     8.1     7.0     0.0    10.96 C    21.9     1.1     8.4    81.8    41.1    60.7   0.035   0.045   0.029   0.034   0.037     8.2     7.6     7.4     8.0     8.6
53136 20151223  2.422 -116.02   36.62    13.2    -1.5     5.9     6.2     0.0    11.00 C    21.2    -2.2     6.9    90.6    24.5    55.5   0.034   0.045   0.029   0.032   0.038     7.4     7.4     7.8     8.7     9.1
53136 20151224  2.422 -116.02   36.62    10.4     0.0     5.2     5.9     1.3    11.13 C    19.5     0.2     6.8    90.1    22.2    38.8   0.034   0.045   0.029   0.032   0.037     7.7     7.8     8.2     9.0     9.4
53136 20151225  2.422 -116.02   36.62     6.8    -4.0     1.4     1.2     0.0    10.67 C    16.0    -4.5     2.0    92.4    25.0    59.7   0.034   0.043   0.028   0.033   0.037     4.5     5.6     6.9     8.7     9.3
53136 20151226  2.422 -116.02   36.62     4.7    -1.8     1.5     0.8     0.0    11.87 C    11.7    -3.9     1.0    41.0    19.7    30.8   0.034   0.043   0.028   0.033   0.037     2.7     3.7     5.1     7.6     8.5
53136 20151227  2.422 -116.02   36.62     5.7    -4.4     0.7     0.0     0.0    10.59 C    12.9    -6.6     0.2    49.8    14.8    29.2 -99.000   0.047   0.027   0.032   0.035     1.9     2.7     4.1     6.6     7.7
53136 20151228  2.422 -116.02   36.62     6.1    -7.1    -0.5     0.1     0.0    11.59 C    16.3    -8.3     1.9    79.4    17.3    43.5 -99.000   0.049   0.028   0.032   0.035     2.7     3.0     3.9     6.1     7.1
53136 20151229  2.422 -116.02   36.62     6.7    -4.3     1.2     0.7     0.0    11.59 C    15.9    -5.7     1.6    77.0    26.5    47.4   0.036   0.043   0.027   0.033   0.036     3.2     3.7     4.5     6.2     7.0
53136 20151230  2.422 -116.02   36.62     7.5    -6.5     0.5    -0.2     0.0    11.72 C    16.3    -8.1     0.9    70.8    26.7    49.0 -99.000   0.049   0.028   0.032   0.036     2.3     2.8     3.9     6.0     6.9
53136 20151231  2.422 -116.02   36.62     5.9    -2.8     1.6     0.7     0.0    11.95 C    13.9    -4.8     1.1    51.5    19.9    35.4 -99.000   0.046   0.028   0.032   0.037     2.3     2.8     3.8     5.8     6.7
