04990 20150101  2.422  -96.62   43.73    -1.8   -13.4    -7.6    -6.3     0.0     5.96 C    -1.2   -18.9    -8.9    89.1    63.5    76.8 -99.000   0.325   0.349   0.366 -99.000    -0.4    -0.3     0.5     1.8     3.9
04990 20150102  2.422  -96.62   43.73    -2.7    -8.1    -5.4    -5.3     0.0     5.96 C    -2.4   -11.2    -6.1    92.0    76.0    87.2 -99.000   0.327   0.347   0.363 -99.000    -0.2    -0.2     0.5     1.7     3.8
04990 20150103  2.422  -96.62   43.73    -4.9   -17.5   -11.2   -10.9     0.6     3.39 C    -4.1   -16.9   -11.8    91.7    62.1    82.8 -99.000   0.326   0.341   0.363 -99.000    -0.4    -0.3     0.5     1.6     3.8
04990 20150104  2.422  -96.62   43.73   -16.8   -22.4   -19.6   -19.5     0.0     7.61 C   -14.7   -24.5   -20.4    75.8    62.2    68.3 -99.000   0.320   0.322   0.366 -99.000    -1.0    -0.8     0.3     1.6     3.7
04990 20150105  2.422  -96.62   43.73   -14.0   -26.0   -20.0   -20.1     9.9     1.60 C   -14.3   -32.1   -21.5    84.7    69.5    78.7 -99.000 -99.000   0.322   0.362 -99.000    -1.3    -1.1     0.1     1.5     3.7
04990 20150106  2.422  -96.62   43.73   -13.6   -24.0   -18.8   -18.6     0.0     4.89 C   -13.4   -27.6   -20.1    83.7    64.7    76.3 -99.000 -99.000   0.318   0.361 -99.000    -0.7    -0.7     0.1     1.4     3.6
04990 20150107  2.422  -96.62   43.73   -19.3   -25.4   -22.3   -21.8     0.0     8.53 C   -19.5   -33.2   -24.8    80.4    61.8    71.0 -99.000 -99.000   0.321   0.359 -99.000    -0.9    -0.8     0.0     1.3     3.5
04990 20150108  2.422  -96.62   43.73    -6.2   -20.8   -13.5   -12.2     0.0     5.25 C    -5.4   -20.4   -12.5    82.6    66.0    74.6 -99.000 -99.000 -99.000   0.357 -99.000    -0.9    -0.8     0.0     1.3     3.4
04990 20150109  2.422  -96.62   43.73   -15.3   -23.3   -19.3   -18.2     0.0     8.35 C   -13.9   -30.0   -20.8    80.5    60.3    70.0 -99.000 -99.000 -99.000   0.359 -99.000    -1.4    -1.2    -0.2     1.2     3.4
04990 20150110  2.422  -96.62   43.73    -5.5   -23.1   -14.3   -13.5     0.0     6.79 C    -4.0   -28.6   -16.1    82.7    65.4    73.6 -99.000 -99.000 -99.000   0.360 -99.000    -1.4    -1.2    -0.3     1.1     3.3
04990 20150111  2.422  -96.62   43.73    -9.0   -18.0   -13.5   -12.4     0.0     5.98 C    -6.2   -22.1   -13.4    82.2    50.6    64.7 -99.000 -99.000 -99.000   0.355 -99.000    -1.2    -1.0    -0.3     1.1     3.3
04990 20150112  2.422  -96.62   43.73   -14.2   -23.7   -19.0   -19.1     0.0     8.85 C   -12.6   -32.4   -22.9    82.9    59.9    73.1 -99.000 -99.000 -99.000   0.357 -99.000    -1.5    -1.3    -0.4     1.0     3.2
04990 20150113  2.422  -96.62   43.73    -7.4   -26.5   -17.0   -17.1     0.0     5.14 C    -6.5   -32.2   -18.1    85.4    70.0    78.5 -99.000 -99.000 -99.000   0.356 -99.000    -2.4    -2.0    -0.7     0.9     3.1
04990 20150114  2.422  -96.62   43.73    -3.6   -12.3    -8.0    -7.3     0.0     6.72 C    -2.5   -17.3    -8.7    92.5    75.7    84.8 -99.000 -99.000 -99.000   0.352 -99.000    -1.5    -1.5    -0.7     0.8     3.1
04990 20150115  2.422  -96.62   43.73     1.7    -7.7    -3.0    -3.5     0.0     8.60 C    -0.1   -13.2    -6.4    96.7    73.7    82.9 -99.000 -99.000 -99.000   0.348 -99.000    -1.0    -1.1    -0.6     0.7     3.0
04990 20150116  2.422  -96.62   43.73     1.4    -8.1    -3.3    -3.6     0.0     8.20 C     0.8   -13.7    -5.9    97.0    72.6    89.8 -99.000 -99.000 -99.000   0.351 -99.000    -0.8    -0.8    -0.5     0.7     2.9
04990 20150117  2.422  -96.62   43.73     3.7    -3.0     0.4     1.5     0.0     4.37 C     3.3    -3.9    -0.5    96.1    67.7    77.9 -99.000 -99.000 -99.000   0.353 -99.000    -0.4    -0.5    -0.3     0.7     2.9
04990 20150118  2.422  -96.62   43.73     6.2    -3.9     1.1     1.0     0.0     8.85 C     8.6    -7.6    -0.6    91.4    52.8    72.4 -99.000 -99.000 -99.000   0.351 -99.000    -0.1    -0.4    -0.2     0.7     2.9
04990 20150119  2.422  -96.62   43.73     7.6    -3.2     2.2     1.8     0.3     5.72 C     7.3    -5.6     0.1    95.3    59.2    82.9 -99.000 -99.000 -99.000   0.358 -99.000    -0.1    -0.3    -0.2     0.7     2.8
04990 20150120  2.422  -96.62   43.73     2.0    -1.9     0.1     0.2     1.6     2.08 C     2.5    -2.8    -0.3    95.9    74.7    88.6 -99.000 -99.000 -99.000   0.360 -99.000    -0.1    -0.3    -0.1     0.7     2.8
04990 20150121  2.422  -96.62   43.73    -1.3    -5.1    -3.2    -3.0     0.4     3.57 C     0.1    -7.6    -3.1    95.0    82.9    89.1 -99.000 -99.000 -99.000   0.355 -99.000    -0.1    -0.3    -0.1     0.8     2.7
04990 20150122  2.422  -96.62   43.73     1.7    -5.5    -1.9    -2.4     0.0     9.29 C     2.5    -6.8    -2.9    91.9    66.2    81.9 -99.000 -99.000 -99.000   0.358 -99.000    -0.1    -0.3    -0.1     0.8     2.7
04990 20150123  2.422  -96.62   43.73     4.6    -3.1     0.8     0.1     0.0     8.16 C     7.2    -4.8    -0.7    89.0    61.8    77.9 -99.000 -99.000 -99.000   0.362 -99.000    -0.1    -0.3    -0.1     0.8     2.7
04990 20150124  2.422  -96.62   43.73     4.6    -2.9     0.9     1.3     1.9     4.53 C     5.1    -5.7     0.0    97.1    72.2    85.4 -99.000 -99.000 -99.000   0.362 -99.000    -0.1    -0.3    -0.1     0.8     2.7
04990 20150125  2.422  -96.62   43.73     0.8    -1.1    -0.2    -0.1     1.2     3.49 C     3.0    -1.8    -0.1    97.0    86.5    93.4 -99.000 -99.000 -99.000   0.366 -99.000    -0.1    -0.2     0.0     0.8     2.7
04990 20150126  2.422  -96.62   43.73     8.1    -1.1     3.5     2.7     0.0     9.59 C     7.5    -2.9     1.0    96.8    64.3    84.1 -99.000 -99.000 -99.000   0.368 -99.000    -0.1    -0.2     0.0     0.8     2.6
04990 20150127  2.422  -96.62   43.73     3.4    -3.8    -0.2    -0.3     0.0     4.04 C     3.2    -6.0    -1.2    99.4    87.5    95.6 -99.000 -99.000 -99.000   0.363 -99.000    -0.1    -0.2     0.0     0.8     2.6
04990 20150128  2.422  -96.62   43.73     4.9    -1.0     1.9     1.2     0.0     7.32 C     8.3    -1.9     0.7    94.3    78.6    89.4 -99.000 -99.000 -99.000   0.363 -99.000     0.0    -0.2     0.0     0.9     2.6
04990 20150129  2.422  -96.62   43.73     0.4    -5.9    -2.8    -2.5     0.0     1.93 C    -0.1    -5.4    -1.9    86.1    70.3    78.0 -99.000 -99.000 -99.000   0.364 -99.000     0.0    -0.2     0.0     0.9     2.6
04990 20150130  2.422  -96.62   43.73     2.3    -9.8    -3.7    -3.7     0.0     9.73 C     5.6   -10.8    -3.5    93.1    68.0    83.3 -99.000 -99.000 -99.000   0.363 -99.000    -0.1    -0.2     0.0     0.9     2.6
04990 20150131  2.422  -96.62   43.73    -3.2    -6.2    -4.7    -4.5     8.5     0.98 C    -2.3    -7.4    -4.6    97.0    90.0    94.6 -99.000 -99.000 -99.000   0.361 -99.000    -0.3    -0.4     0.1     0.9     2.5
04990 20150201  2.422  -96.62   43.73    -6.2   -22.0   -14.1   -13.7     6.6     7.21 C    -6.3   -30.8   -14.7    90.3    69.7    79.3 -99.000 -99.000 -99.000   0.358 -99.000    -0.3    -0.4     0.1     0.9     2.5
04990 20150202  2.422  -96.62   43.73   -10.7   -25.4   -18.0   -17.5     0.0     9.23 C    -7.9   -33.7   -21.7    86.9    60.3    77.7 -99.000 -99.000 -99.000   0.358 -99.000    -0.3    -0.4     0.1     0.9     2.5
04990 20150203  2.422  -96.62   43.73    -7.3   -17.0   -12.2   -11.0     0.0     5.42 C    -3.9   -23.0   -11.1    87.0    69.7    81.2 -99.000 -99.000 -99.000   0.362 -99.000    -0.3    -0.3     0.1     0.9     2.5
04990 20150204  2.422  -96.62   43.73   -10.1   -22.1   -16.1   -14.1     0.0    11.83 C   -10.0   -31.5   -17.2    87.7    58.1    74.7 -99.000 -99.000 -99.000   0.359 -99.000    -0.4    -0.3     0.1     0.9     2.5
04990 20150205  2.422  -96.62   43.73    -5.1   -22.9   -14.0   -12.9     0.0    11.06 C    -4.7   -31.3   -15.5    86.7    65.5    78.7 -99.000 -99.000 -99.000   0.357 -99.000    -0.5    -0.4     0.0     0.9     2.5
04990 20150206  2.422  -96.62   43.73     3.0    -9.6    -3.3    -3.7     0.0    11.50 C     1.6   -11.8    -4.9    94.0    63.7    82.0 -99.000 -99.000 -99.000   0.357 -99.000    -0.4    -0.4     0.0     0.9     2.5
04990 20150207  2.422  -96.62   43.73     7.8    -4.6     1.6     1.3     0.0     9.70 C     5.9    -7.2    -0.8    94.5    65.9    83.4 -99.000 -99.000 -99.000   0.362 -99.000    -0.2    -0.3     0.0     0.8     2.4
04990 20150208  2.422  -96.62   43.73     3.3    -2.6     0.3     0.0     0.4     3.02 C     3.9    -1.8     0.3    94.6    82.2    89.4 -99.000 -99.000 -99.000   0.363 -99.000    -0.1    -0.2     0.0     0.9     2.4
04990 20150209  2.422  -96.62   43.73    -1.1    -2.7    -1.9    -1.9     0.0     1.92 C     0.6    -1.9    -1.1    98.5    90.5    94.2 -99.000 -99.000 -99.000   0.358 -99.000    -0.1    -0.2     0.1     0.9     2.4
04990 20150210  2.422  -96.62   43.73     3.2    -5.0    -0.9    -0.2     0.3     1.66 C     3.5    -4.1    -0.2    99.1    74.8    92.7 -99.000 -99.000 -99.000   0.359 -99.000    -0.1    -0.2     0.1     0.9     2.4
04990 20150211  2.422  -96.62   43.73    -5.0   -17.0   -11.0    -9.4     0.0    10.16 C     0.5   -15.4    -7.2    79.2    56.9    69.6 -99.000 -99.000 -99.000   0.355 -99.000    -0.2    -0.2     0.1     0.9     2.4
04990 20150212  2.422  -96.62   43.73    -9.5   -19.1   -14.3   -14.2     1.1     6.63 C    -3.7   -16.9   -10.7    87.6    58.1    71.8 -99.000 -99.000 -99.000   0.355 -99.000    -1.8    -1.1     0.0     0.9     2.3
04990 20150213  2.422  -96.62   43.73     2.5   -13.6    -5.6    -4.9     0.0    12.08 C     5.0   -17.1    -5.1    87.6    65.0    76.8 -99.000 -99.000 -99.000   0.358 -99.000    -1.2    -1.1    -0.2     0.8     2.3
04990 20150214  2.422  -96.62   43.73    -4.1   -17.8   -11.0   -13.7     0.0    11.87 C    -2.4   -15.3    -9.1    82.0    47.8    60.7 -99.000 -99.000 -99.000   0.356 -99.000    -1.6    -1.2    -0.3     0.7     2.3
04990 20150215  2.422  -96.62   43.73    -9.1   -14.9   -12.0   -12.2     0.0     3.71 C    -4.9   -12.2    -9.0    71.3    49.6    60.4 -99.000 -99.000 -99.000   0.352 -99.000    -2.9    -2.2    -0.8     0.6     2.3
04990 20150216  2.422  -96.62   43.73    -2.8   -10.5    -6.7    -7.3     0.0     5.83 C     3.8   -10.6    -5.3    80.7    56.1    67.8 -99.000 -99.000 -99.000   0.353 -99.000    -2.1    -1.9    -0.9     0.5     2.3
04990 20150217  2.422  -96.62   43.73    -9.2   -16.6   -12.9   -12.1     0.0    12.60 C    -2.0   -15.8    -9.5    82.9    48.3    68.5 -99.000 -99.000 -99.000   0.360 -99.000    -2.4    -2.1    -1.0     0.4     2.2
04990 20150218  2.422  -96.62   43.73   -13.4   -21.3   -17.3   -17.6     0.0    13.08 C    -4.4   -20.8   -14.9    73.8    47.4    61.8 -99.000 -99.000 -99.000   0.366 -99.000    -4.1    -3.5    -1.7     0.4     2.2
04990 20150219  2.422  -96.62   43.73    -6.7   -22.0   -14.3   -13.5     0.0     9.88 C     2.4   -21.9   -11.2    81.8    39.0    61.9 -99.000 -99.000 -99.000   0.365 -99.000    -4.7    -4.2    -2.4     0.2     2.2
04990 20150220  2.422  -96.62   43.73     6.7   -12.1    -2.7    -3.3     0.0     5.48 C    14.7   -12.2    -2.5    95.5    58.5    76.6 -99.000 -99.000 -99.000 -99.000 -99.000    -3.0    -3.0    -2.1     0.1     2.1
04990 20150221  2.422  -96.62   43.73    -2.8   -15.5    -9.1    -9.1     0.0    12.57 C     4.1   -15.1    -6.3    96.7    42.7    70.2 -99.000 -99.000 -99.000 -99.000 -99.000    -2.0    -2.0    -1.4    -0.1     2.0
04990 20150222  2.422  -96.62   43.73   -14.2   -20.4   -17.3   -17.4     0.0    14.96 C    -2.5   -22.1   -13.9    75.6    41.7    61.0 -99.000 -99.000 -99.000 -99.000 -99.000    -4.2    -3.7    -2.2    -0.1     1.9
04990 20150223  2.422  -96.62   43.73    -1.5   -21.9   -11.7   -11.1     0.0    14.62 C     4.4   -22.9   -10.1    77.3    31.1    54.4 -99.000 -99.000 -99.000 -99.000 -99.000    -5.1    -4.8    -3.2    -0.3     1.9
04990 20150224  2.422  -96.62   43.73     3.5    -5.1    -0.8    -0.9     0.0    13.33 C    10.5    -7.4     0.1    73.4    41.4    58.4 -99.000 -99.000 -99.000 -99.000 -99.000    -2.6    -2.8    -2.3    -0.5     1.8
04990 20150225  2.422  -96.62   43.73    -4.3   -20.0   -12.1   -11.1     4.5     8.91 C    -3.7   -22.8   -10.8    89.2    70.2    78.4 -99.000 -99.000 -99.000 -99.000 -99.000    -2.1    -2.1    -1.6    -0.4     1.7
04990 20150226  2.422  -96.62   43.73   -14.9   -23.6   -19.2   -19.7     0.0    15.98 C    -9.6   -27.6   -20.3    79.5    62.9    73.6 -99.000 -99.000 -99.000 -99.000 -99.000    -3.1    -3.0    -2.1    -0.5     1.6
04990 20150227  2.422  -96.62   43.73    -9.9   -25.4   -17.6   -17.5     0.0    16.43 C    -4.3   -30.8   -18.5    81.2    55.4    72.9 -99.000 -99.000 -99.000 -99.000 -99.000    -3.7    -3.5    -2.5    -0.6     1.6
04990 20150228  2.422  -96.62   43.73    -3.5   -20.4   -12.0   -11.7     0.0    13.68 C    -0.4   -23.4   -12.3    83.6    59.3    76.0 -99.000 -99.000 -99.000 -99.000 -99.000    -3.8    -3.6    -2.7    -0.7     1.5
04990 20150301  2.422  -96.62   43.73    -0.2   -14.2    -7.2    -7.5     0.0    13.89 C     2.1   -17.2    -7.8    88.8    43.7    73.4 -99.000 -99.000 -99.000 -99.000 -99.000    -3.1    -3.1    -2.5    -0.8     1.4
04990 20150302  2.422  -96.62   43.73    -2.3   -16.1    -9.2    -7.1     0.0     6.54 C     1.6   -17.1    -6.9    92.5    62.9    77.7 -99.000 -99.000 -99.000 -99.000 -99.000    -3.2    -3.1    -2.4    -0.8     1.4
04990 20150303  2.422  -96.62   43.73    -3.6   -15.3    -9.5    -8.3     3.5    14.47 C    -2.9   -18.8    -8.7    93.7    65.9    77.8 -99.000 -99.000 -99.000 -99.000 -99.000    -2.6    -2.6    -2.1    -0.8     1.3
04990 20150304  2.422  -96.62   43.73   -11.2   -21.9   -16.5   -16.8     0.0    16.43 C    -5.4   -28.1   -19.2    83.6    52.1    70.7 -99.000 -99.000 -99.000 -99.000 -99.000    -3.4    -3.2    -2.3    -0.8     1.3
04990 20150305  2.422  -96.62   43.73    -2.1   -25.2   -13.7   -13.7     0.0    17.50 C     0.8   -29.1   -14.0    82.4    39.6    65.6 -99.000 -99.000 -99.000 -99.000 -99.000    -4.3    -4.0    -3.0    -0.9     1.3
04990 20150306  2.422  -96.62   43.73     6.2   -11.5    -2.7    -1.4     0.0    15.74 C    10.1   -12.8    -2.2    76.1    44.5    60.1 -99.000 -99.000 -99.000 -99.000 -99.000    -2.7    -2.8    -2.5    -1.0     1.2
04990 20150307  2.422  -96.62   43.73     6.9    -1.7     2.6     2.2     0.0    14.66 C    11.8    -5.1     1.1    84.8    55.1    70.6 -99.000 -99.000 -99.000 -99.000 -99.000    -1.2    -1.5    -1.5    -0.9     1.2
04990 20150308  2.422  -96.62   43.73    10.1     0.2     5.1     3.8     3.9    16.92 C    12.1    -4.3     2.2    98.8    52.1    80.4 -99.000 -99.000 -99.000 -99.000 -99.000    -0.5    -0.9    -1.0    -0.7     1.1
04990 20150309  2.422  -96.62   43.73    15.6    -0.5     7.5     6.2     0.0    17.33 C    14.0    -4.0     2.8    80.8    35.9    61.4 -99.000 -99.000 -99.000 -99.000 -99.000    -0.4    -0.7    -0.7    -0.5     1.1
04990 20150310  2.422  -96.62   43.73    19.0    -1.4     8.8     6.9     0.0    17.80 C    18.7    -5.0     3.5    89.6    30.6    62.9 -99.000 -99.000 -99.000 -99.000 -99.000    -0.3    -0.5    -0.5    -0.4     1.1
04990 20150311  2.422  -96.62   43.73    15.2    -2.1     6.5     6.3     0.0    17.58 C    16.1    -5.1     3.8    94.9    39.8    69.8 -99.000 -99.000 -99.000 -99.000 -99.000    -0.2    -0.4    -0.5    -0.3     1.1
04990 20150312  2.422  -96.62   43.73    22.3     1.2    11.7    10.6     0.0    13.72 C    20.4    -1.5     7.0    86.0    29.8    59.2 -99.000 -99.000 -99.000 -99.000 -99.000    -0.1    -0.4    -0.4    -0.3     1.1
04990 20150313  2.422  -96.62   43.73    18.4     1.8    10.1     9.8     0.0    16.72 C    21.5    -0.6     7.5    90.0    39.5    61.5 -99.000 -99.000 -99.000 -99.000 -99.000     0.2    -0.4    -0.4    -0.3     1.1
04990 20150314  2.422  -96.62   43.73    18.6     1.0     9.8     8.7     0.0    18.69 C    24.8    -1.9     7.2    91.0    23.9    57.9 -99.000 -99.000 -99.000 -99.000 -99.000     0.5    -0.3    -0.3    -0.3     1.1
04990 20150315  2.422  -96.62   43.73    24.5     7.0    15.7    14.4     0.0    13.53 C    28.4     2.1    11.1    58.9    24.0    38.8   0.362 -99.000 -99.000 -99.000 -99.000     1.2     0.1    -0.3    -0.3     1.1
04990 20150316  2.422  -96.62   43.73    18.2     0.7     9.5    10.1     0.0    13.49 C    26.3     0.0     9.6    80.4    30.9    52.1   0.361   0.386 -99.000 -99.000 -99.000     1.8     0.7    -0.3    -0.3     1.1
04990 20150317  2.422  -96.62   43.73     6.4    -4.8     0.8     2.0     0.0    14.95 C    21.3    -6.7     3.8    72.3    30.9    47.8 -99.000 -99.000 -99.000 -99.000 -99.000     0.9     0.3    -0.2    -0.2     1.1
04990 20150318  2.422  -96.62   43.73     7.7     0.3     4.0     3.3     0.0     7.63 C    15.8     0.0     4.1    63.6    31.2    48.5   0.336 -99.000 -99.000 -99.000 -99.000     0.8     0.3    -0.2    -0.2     1.1
04990 20150319  2.422  -96.62   43.73    13.7    -2.5     5.6     4.6     0.0    14.47 C    23.1    -4.8     5.1    87.7    35.9    60.3 -99.000 -99.000 -99.000 -99.000 -99.000     1.2     0.6    -0.1    -0.2     1.1
04990 20150320  2.422  -96.62   43.73    21.6    -4.4     8.6     6.9     0.0    19.41 C    25.8    -7.4     7.1    95.5    19.9    63.7 -99.000 -99.000 -99.000 -99.000 -99.000     1.6     0.8    -0.1    -0.2     1.0
04990 20150321  2.422  -96.62   43.73     9.4    -4.8     2.3     1.7     0.0    19.93 C    19.9    -6.0     3.9    91.7    32.0    54.4   0.328 -99.000 -99.000 -99.000 -99.000     1.4     0.8     0.1    -0.2     1.0
04990 20150322  2.422  -96.62   43.73     5.2    -2.9     1.1     0.4     0.0     8.25 C    10.5    -4.2     1.3    89.5    39.9    58.3 -99.000 -99.000 -99.000 -99.000 -99.000     0.6     0.2     0.0    -0.2     1.0
04990 20150323  2.422  -96.62   43.73     9.1    -2.8     3.1     1.4     0.0    11.83 C    19.7    -2.8     3.8    94.5    48.0    77.0 -99.000 -99.000 -99.000 -99.000 -99.000     0.8     0.3     0.0    -0.2     1.1
04990 20150324  2.422  -96.62   43.73     0.5    -1.8    -0.7    -0.5     3.1     1.76 C     3.0    -2.6     0.1    99.5    83.7    93.1 -99.000 -99.000 -99.000 -99.000 -99.000     0.4     0.1     0.0    -0.1     1.1
04990 20150325  2.422  -96.62   43.73     6.7    -3.3     1.7     1.5     0.0    13.81 C    15.4    -6.8     1.6   100.0    43.6    69.2 -99.000 -99.000 -99.000 -99.000 -99.000     0.8     0.3     0.0    -0.1     1.1
04990 20150326  2.422  -96.62   43.73     3.2    -5.9    -1.3    -1.1     0.0    10.18 C    10.9    -9.2    -0.4    82.2    48.8    66.7 -99.000 -99.000 -99.000 -99.000 -99.000     0.4     0.1     0.0    -0.1     1.1
04990 20150327  2.422  -96.62   43.73     2.1   -10.5    -4.2    -3.3     0.0    11.47 C    12.7   -13.3    -1.3    87.3    30.8    62.6 -99.000 -99.000 -99.000 -99.000 -99.000     0.1    -0.1     0.0     0.0     1.1
04990 20150328  2.422  -96.62   43.73    10.8    -4.5     3.2     3.3     0.0    21.45 C    21.3    -5.7     5.5    95.7    37.1    65.5 -99.000 -99.000 -99.000   0.372 -99.000     0.6     0.2     0.0     0.0     1.2
04990 20150329  2.422  -96.62   43.73    14.5     1.8     8.2     8.1     0.0    18.27 C    21.6    -5.9     6.7    83.9    17.9    51.1   0.325   0.360   0.375   0.376 -99.000     2.3     1.5     0.7     0.2     1.2
04990 20150330  2.422  -96.62   43.73    23.0    -1.8    10.6    11.0     0.0    21.56 C    31.9    -6.0    10.0    70.6    16.6    40.6   0.317   0.359   0.380   0.374 -99.000     2.9     2.0     1.2     0.3     1.3
04990 20150331  2.422  -96.62   43.73    23.9     2.4    13.2    13.6     0.0    22.02 C    34.9    -2.8    12.9    70.5    18.0    40.0   0.320   0.359   0.379   0.375 -99.000     4.3     3.4     2.2     0.6     1.3
04990 20150401  2.422  -96.62   43.73    27.8     7.0    17.4    16.7     0.0    13.76 C    33.8     2.5    14.8    56.7    20.8    37.2   0.319   0.359   0.379   0.354 -99.000     5.8     4.7     3.3     1.2     1.4
04990 20150402  2.422  -96.62   43.73    16.7     0.9     8.8     9.5     0.0    19.71 C    26.0    -3.6     9.4    66.6    13.6    38.3   0.314   0.355   0.377   0.360 -99.000     5.7     4.9     4.0     2.3     1.6
04990 20150403  2.422  -96.62   43.73     8.2    -4.2     2.0     1.6     0.0    23.38 C    20.6    -6.7     4.2    74.4    24.2    46.0   0.308   0.352   0.377   0.361 -99.000     4.5     4.1     3.8     2.9     1.9
04990 20150404  2.422  -96.62   43.73    18.8    -4.6     7.1     8.0     0.0    20.01 C    30.4    -8.6     8.6    74.5    13.8    39.4   0.306   0.349   0.373   0.357 -99.000     4.3     3.8     3.6     3.0     2.1
04990 20150405  2.422  -96.62   43.73    20.5     2.7    11.6    10.0     0.0    20.44 C    28.5     0.8    11.5    77.5    18.8    49.7   0.306   0.348   0.373   0.359 -99.000     5.7     5.1     4.4     3.3     2.4
04990 20150406  2.422  -96.62   43.73     8.1     1.9     5.0     4.1     0.0     3.32 C    12.9     0.9     4.9    94.2    65.8    81.4   0.302   0.346   0.371   0.359 -99.000     5.2     4.9     4.7     3.8     2.6
04990 20150407  2.422  -96.62   43.73     4.6     2.4     3.5     3.3     1.4     1.32 C     7.0     2.8     3.7    97.4    90.0    93.8   0.302   0.344   0.371   0.360 -99.000     4.4     4.2     4.2     3.9     2.8
04990 20150408  2.422  -96.62   43.73     7.3     1.2     4.2     3.8     0.7     4.58 C    12.2     2.0     5.1    98.1    79.2    93.8   0.301   0.346   0.370   0.359 -99.000     4.5     4.2     4.1     3.8     3.0
04990 20150409  2.422  -96.62   43.73     9.5     2.4     5.9     4.5     8.6     3.87 C    10.4    -0.9     3.7    98.4    51.6    83.6   0.337   0.368   0.386   0.362 -99.000     4.4     4.2     4.2     3.9     3.2
04990 20150410  2.422  -96.62   43.73    14.5     0.1     7.3     6.7     0.0    24.29 C    28.5    -4.3     8.0    76.7    26.5    52.5   0.336   0.368   0.391   0.376 -99.000     5.1     4.6     4.2     3.9     3.3
04990 20150411  2.422  -96.62   43.73    23.2     0.7    12.0    12.1     0.0    23.50 C    30.9    -4.3    11.9    81.3    22.8    51.0   0.330   0.364   0.387   0.376 -99.000     6.0     5.4     4.8     4.1     3.4
04990 20150412  2.422  -96.62   43.73    24.6     7.1    15.9    15.5     0.0    18.66 C    33.0     3.7    15.1    72.9    23.0    48.2   0.328   0.365   0.388   0.374 -99.000     8.3     7.4     6.3     4.6     3.5
04990 20150413  2.422  -96.62   43.73    18.5     2.3    10.4    10.7     0.0    25.27 C    28.2    -2.1    10.3    58.1    12.7    31.2   0.322   0.360   0.385   0.373 -99.000     8.0     7.4     6.8     5.3     3.7
04990 20150414  2.422  -96.62   43.73    24.2     2.1    13.1    13.0     0.0    24.60 C    35.0    -2.7    12.8    60.6    14.7    34.8   0.317   0.354   0.382   0.373 -99.000     7.8     7.2     6.7     5.6     3.9
04990 20150415  2.422  -96.62   43.73    19.6     3.3    11.5    11.5     0.0    17.25 C    30.1    -0.2    12.0    68.8    29.3    47.6   0.313   0.351   0.380   0.369 -99.000     8.1     7.6     7.1     5.9     4.2
04990 20150416  2.422  -96.62   43.73    21.5     7.9    14.7    15.2     0.0    15.95 C    38.6     4.7    16.4    90.4    39.2    61.6   0.312   0.352   0.379   0.369 -99.000     9.6     8.7     7.7     6.2     4.3
04990 20150417  2.422  -96.62   43.73    24.4     7.5    16.0    16.0     0.0    19.97 C    41.9     5.2    17.2    70.2    25.6    42.6   0.309   0.349   0.378   0.369 -99.000    10.6     9.7     8.6     6.7     4.6
04990 20150418  2.422  -96.62   43.73    18.2    10.5    14.3    13.7     2.6     3.72 C    17.3     7.0    12.6    97.7    26.4    60.6   0.305   0.347   0.378   0.371 -99.000    10.0     9.5     8.9     7.3     4.8
04990 20150419  2.422  -96.62   43.73    13.7     4.5     9.1    10.2     0.0    10.96 C    22.2     2.7    10.8    97.9    33.6    72.4   0.313   0.350   0.380   0.371 -99.000     9.9     9.4     8.8     7.5     5.1
04990 20150420  2.422  -96.62   43.73    11.4    -0.8     5.3     5.8     0.0    25.29 C    22.2    -3.9     7.4    80.5    20.5    52.6   0.305   0.346   0.375   0.369 -99.000     8.5     8.2     8.1     7.5     5.4
04990 20150421  2.422  -96.62   43.73    10.2    -2.8     3.7     3.2     0.0    24.14 C    24.4    -4.9     5.7    78.8    29.9    52.3   0.299   0.341   0.370   0.367 -99.000     7.4     7.2     7.4     7.2     5.6
04990 20150422  2.422  -96.62   43.73    12.0    -3.7     4.2     4.5     0.0    26.57 C    27.7    -5.5     7.0    72.3    19.4    41.4   0.293   0.336   0.368   0.367 -99.000     7.2     6.9     7.0     6.9     5.7
04990 20150423  2.422  -96.62   43.73    17.3     1.0     9.2     9.2     0.0    25.39 C    32.4    -1.2    13.5    49.2    19.9    33.2   0.289   0.333   0.368   0.367 -99.000     8.0     7.5     7.2     6.8     5.7
04990 20150424  2.422  -96.62   43.73    21.7     7.5    14.6    12.9     6.2    15.48 C    32.9     6.4    14.7    93.2    41.9    64.5   0.288   0.332   0.367   0.367 -99.000     9.4     8.8     8.1     7.1     5.8
04990 20150425  2.422  -96.62   43.73    16.1     5.2    10.6     9.8     3.8    17.50 C    27.9     0.8    12.1    96.0    47.1    73.9   0.338   0.370   0.384   0.367 -99.000     9.9     9.4     8.7     7.5     5.8
04990 20150426  2.422  -96.62   43.73    19.0     2.0    10.5    10.7     0.0    26.75 C    34.8    -0.6    13.6    92.4    25.5    55.6   0.322   0.358   0.385   0.371 -99.000    10.0     9.4     8.9     7.8     6.0
04990 20150427  2.422  -96.62   43.73    20.3     0.9    10.6    12.3     0.0    26.86 C    36.6    -1.9    14.2    64.2    16.5    34.2   0.313   0.353   0.381   0.373 -99.000    10.3     9.7     9.2     8.0     6.1
04990 20150428  2.422  -96.62   43.73    19.1     4.8    11.9    11.6     0.0    19.62 C    34.6     0.4    12.7    84.2    23.4    52.6   0.305   0.347   0.379   0.370 -99.000    10.3     9.8     9.4     8.3     6.3
04990 20150429  2.422  -96.62   43.73    20.4     3.2    11.8    12.6     0.0    27.18 C    37.1    -0.6    14.8    67.1    18.7    37.5   0.298   0.342   0.375   0.370 -99.000    10.6    10.0     9.5     8.5     6.5
04990 20150430  2.422  -96.62   43.73    24.4     3.1    13.8    15.3     0.0    27.18 C    40.5    -0.5    16.5    63.6    16.8    34.0   0.289   0.336   0.372   0.369 -99.000    11.0    10.4     9.8     8.6     6.6
04990 20150501  2.422  -96.62   43.73    24.6     9.1    16.9    16.8     0.0    20.73 C    40.5     4.9    18.7    82.7    24.2    54.0   0.281   0.332   0.372   0.370   0.436    12.5    11.6    10.6     9.0     6.8
04990 20150502  2.422  -96.62   43.73    27.9     6.5    17.2    17.6     0.0    26.50 C    42.2     2.8    19.9    92.0    24.0    59.5   0.273   0.328   0.372   0.371   0.442    13.1    12.3    11.3     9.5     7.0
04990 20150503  2.422  -96.62   43.73    27.6    11.9    19.7    18.1     0.0    22.10 C    43.7     7.6    20.5    88.6    28.2    53.8   0.265   0.322   0.369   0.369   0.438    14.3    13.4    12.2    10.0     7.2
04990 20150504  2.422  -96.62   43.73    22.7     6.2    14.5    14.9     0.0    23.12 C    38.5     3.5    16.7    54.6    17.3    33.1   0.253   0.313   0.366   0.371   0.440    13.4    12.8    12.2    10.5     7.5
04990 20150505  2.422  -96.62   43.73    21.1     7.8    14.5    15.6     0.0    13.97 C    35.2     5.1    17.0    96.8    31.5    61.6   0.243   0.307   0.362   0.369   0.439    13.1    12.5    12.0    10.6     7.7
04990 20150506  2.422  -96.62   43.73    21.8    14.8    18.3    17.4     6.5     7.65 C    24.9    14.8    17.4    97.1    64.6    86.1   0.246   0.309   0.362   0.368   0.439    14.1    13.3    12.4    10.8     7.9
04990 20150507  2.422  -96.62   43.73    22.7     9.7    16.2    15.3     8.6     8.11 C    31.6    10.3    16.2    96.4    62.2    89.4   0.278   0.331   0.368   0.370   0.440    14.5    13.7    12.9    11.1     8.2
04990 20150508  2.422  -96.62   43.73    13.7     3.8     8.8     9.4     0.0    15.43 C    31.9     3.6    13.0    93.5    55.9    77.0   0.307   0.349   0.376   0.371   0.441    13.3    12.8    12.6    11.3     8.4
04990 20150509  2.422  -96.62   43.73    17.8     0.4     9.1     9.8     0.4    21.21 C    33.1     1.1    13.8    90.9    44.9    67.2   0.295   0.339   0.374   0.370   0.441    12.3    11.9    11.8    11.1     8.6
04990 20150510  2.422  -96.62   43.73    18.8     6.3    12.6    12.2    54.6     3.53 C    22.6     7.5    12.2    98.5    69.9    90.0   0.404   0.413   0.425   0.410   0.464    12.6    12.2    12.1    11.4     9.7
04990 20150511  2.422  -96.62   43.73     7.1     3.4     5.3     5.3     0.0     7.09 C    11.3     2.9     6.6    97.7    71.6    86.8   0.466   0.469   0.476   0.465   0.494    11.2    11.1    11.5    11.4     9.7
04990 20150512  2.422  -96.62   43.73    16.7     1.6     9.1     9.7     0.0    25.76 C    31.1     1.0    13.6    90.0    41.1    63.1   0.429   0.447   0.470   0.461   0.493    11.0    10.7    10.6    10.7     9.3
04990 20150513  2.422  -96.62   43.73    22.3     7.5    14.9    15.4     0.0    23.79 C    33.3     6.4    16.5    74.5    30.0    49.7   0.396   0.427   0.461   0.461   0.496    12.3    11.8    11.3    10.6     9.2
04990 20150514  2.422  -96.62   43.73    16.1    10.1    13.1    12.7    11.5     5.46 C    19.2     9.7    13.3    96.6    60.4    90.3   0.461   0.455   0.474   0.461   0.497    12.6    12.1    11.8    11.0     9.3
04990 20150515  2.422  -96.62   43.73    18.0    10.3    14.2    14.7     1.2    11.43 C    27.2     8.3    15.8    96.8    67.5    85.2   0.468   0.469   0.482   0.465   0.496    13.3    12.7    12.1    11.1     9.3
04990 20150516  2.422  -96.62   43.73    25.4    13.5    19.4    19.0    36.8    13.84 C    28.3    12.6    18.5    96.9    51.8    84.3   0.493   0.476   0.484   0.469   0.495    15.0    14.0    13.1    11.6     9.4
04990 20150517  2.422  -96.62   43.73    20.7     4.4    12.5    13.9     2.3    19.21 C    24.5     5.4    15.1    96.5    56.5    80.6   0.500   0.479   0.485   0.472   0.496    15.6    14.8    14.2    12.3     9.5
04990 20150518  2.422  -96.62   43.73 -9999.0 -9999.0 -9999.0 -9999.0 -9999.0 -9999.00 U -9999.0 -9999.0 -9999.0 -9999.0 -9999.0 -9999.0 -99.000 -99.000 -99.000 -99.000 -99.000 -9999.0 -9999.0 -9999.0 -9999.0 -9999.0
04990 20150519  2.422  -96.62   43.73    12.3     1.6     7.0     6.7     0.0    20.09 C    22.6     3.3    10.6    83.8    38.6    63.9   0.438   0.464   0.476   0.445   0.470    10.7    10.3    10.7    11.0    10.1
04990 20150520  2.422  -96.62   43.73    15.4     6.1    10.8     9.7     0.0    15.75 C    27.0     3.8    11.3    79.2    23.7    54.7   0.428   0.459   0.475   0.446   0.472    11.5    11.2    11.0    10.8    10.0
04990 20150521  2.422  -96.62   43.73    23.6     6.2    14.9    15.0     0.0    27.20 C    30.2     4.3    14.8    63.5    20.8    40.7   0.418   0.452   0.467   0.447   0.470    12.4    11.9    11.3    10.8     9.9
04990 20150522  2.422  -96.62   43.73    24.2     6.2    15.2    15.5     0.0    23.97 C    33.9     3.7    16.7    75.3    21.6    47.2   0.409   0.437   0.459   0.444   0.471    13.7    13.1    12.1    11.0     9.9
04990 20150523  2.422  -96.62   43.73    20.1    11.4    15.8    15.5     0.0    12.02 C    27.6    10.8    16.3    85.1    48.6    68.0   0.405   0.430   0.456   0.444   0.471    14.3    13.6    12.8    11.5    10.0
04990 20150524  2.422  -96.62   43.73    16.1    13.7    14.9    14.9     7.8     4.52 C    18.2    13.7    15.2    96.8    84.3    94.2   0.412   0.441   0.461   0.444   0.471    14.5    13.9    13.2    11.8    10.2
04990 20150525  2.422  -96.62   43.73    22.4    12.9    17.6    16.4     0.0    12.97 C    30.3    12.8    17.4    97.3    61.1    85.2   0.421   0.454   0.467   0.446   0.472    15.4    14.7    13.6    12.1    10.4
04990 20150526  2.422  -96.62   43.73    20.4    11.6    16.0    14.7     0.0    11.10 C    26.9    10.4    15.9    93.6    55.2    79.6   0.410   0.441   0.461   0.446   0.472    15.1    14.5    13.9    12.5    10.5
04990 20150527  2.422  -96.62   43.73    29.1    10.3    19.7    20.3     0.0    25.96 C    39.1     8.7    20.8    86.4    25.4    53.9   0.406   0.429   0.454   0.444   0.472    16.5    15.7    14.3    12.6    10.7
04990 20150528  2.422  -96.62   43.73    28.4    14.5    21.4    20.6     0.0    23.17 C    35.2    12.5    21.3    91.5    35.5    60.8   0.398   0.420   0.451   0.432   0.472    17.7    17.0    15.4    13.3    10.9
04990 20150529  2.422  -96.62   43.73    19.4     8.3    13.8    13.8    11.3     7.42 C    22.3     8.5    15.2    97.4    81.3    89.9   0.411   0.436   0.463   0.439   0.472    16.7    16.3    15.8    13.9    11.3
04990 20150530  2.422  -96.62   43.73    16.2     5.0    10.6    10.5     0.0    31.08 C    30.2     6.0    15.5    85.2    42.9    65.4   0.403   0.427   0.458   0.441   0.474    14.9    14.5    14.5    13.7    11.5
04990 20150531  2.422  -96.62   43.73    17.6     5.5    11.5    12.4     0.5    13.66 C    27.6     4.5    13.3    91.6    49.3    69.4   0.396   0.417   0.455   0.440   0.472    14.2    13.8    14.1    13.4    11.6
04990 20150601  2.422  -96.62   43.73    24.8    11.3    18.1    18.0     0.0    27.11 C    33.8    10.8    19.6    71.2    33.7    53.2   0.395   0.412   0.447   0.431   0.472    15.8    15.1    14.2    13.2    11.6
04990 20150602  2.422  -96.62   43.73    26.2    13.3    19.8    19.8     0.0    23.50 C    32.7    12.3    20.8    81.0    53.1    66.6   0.391   0.406   0.444   0.425   0.472    17.1    16.5    15.2    13.6    11.7
04990 20150603  2.422  -96.62   43.73    26.1    16.1    21.1    20.5     0.4    17.05 C    37.1    15.8    21.6    93.2    48.6    73.6   0.387   0.400   0.442   0.420   0.474    18.5    17.8    16.2    14.1    11.8
04990 20150604  2.422  -96.62   43.73    25.4    13.1    19.2    18.8     0.0    24.53 C    35.8    13.0    22.0    97.2    46.9    75.6   0.381   0.392   0.440   0.416   0.473    19.0    18.5    16.9    14.7    12.0
04990 20150605  2.422  -96.62   43.73    25.9    16.4    21.2    20.6    10.1    19.78 C    33.5    16.4    22.5    95.5    58.1    76.4   0.396   0.409   0.452   0.432   0.474    19.8    19.2    17.7    15.3    12.5
04990 20150606  2.422  -96.62   43.73    28.4    17.4    22.9    21.7     9.9    18.97 C    34.5    16.7    22.6    93.8    52.6    75.3   0.390   0.403   0.448   0.427   0.475    20.0    19.4    18.0    15.8    12.7
04990 20150607  2.422  -96.62   43.73    23.4    16.2    19.8    19.4     0.0    13.66 C    27.2    15.1    20.1    96.2    68.2    80.1   0.404   0.412   0.455   0.442   0.475    19.9    19.3    18.3    16.2    13.1
04990 20150608  2.422  -96.62   43.73    29.1    14.7    21.9    22.5     0.0    29.99 C    36.9    13.5    23.4    87.1    27.7    54.8   0.394   0.400   0.448   0.432   0.476    20.2    19.5    18.2    16.2    13.3
04990 20150609  2.422  -96.62   43.73    35.4    17.6    26.5    25.8     0.3    29.00 C    40.1    15.3    26.0    76.3    24.4    51.2   0.386   0.391   0.443   0.423   0.476    21.9    21.2    19.2    16.6    13.5
04990 20150610  2.422  -96.62   43.73    27.0    15.2    21.1    21.1     1.3    25.10 C    35.7    14.7    22.9    81.8    34.0    55.3   0.372   0.382   0.442   0.418   0.475    21.3    20.9    19.7    17.2    13.8
04990 20150611  2.422  -96.62   43.73    16.7    14.0    15.3    15.3     8.6     4.12 C    17.4    14.5    15.9    93.7    70.2    88.4   0.380   0.384   0.441   0.420   0.477    18.5    18.2    18.6    17.3    14.1
04990 20150612  2.422  -96.62   43.73    22.3    13.3    17.8    17.3     0.0    16.57 C    28.6    13.3    19.3    95.0    67.8    82.6   0.383   0.386   0.444   0.423   0.477    18.5    18.0    17.6    16.7    14.2
04990 20150613  2.422  -96.62   43.73    25.8    16.4    21.1    20.0     0.0    20.22 C    35.3    16.8    22.1    97.4    56.3    79.9   0.378   0.381   0.441   0.416   0.478    20.1    19.6    18.3    16.7    14.2
04990 20150614  2.422  -96.62   43.73    29.4    15.7    22.6    22.8     0.0    27.01 C    38.1    14.3    24.9    97.5    47.1    72.7   0.369   0.374   0.438   0.416   0.477    21.7    21.0    19.2    17.0    14.3
04990 20150615  2.422  -96.62   43.73    24.4    14.4    19.4    19.6    17.8    21.56 C    33.6    13.8    21.3    92.2    36.1    64.7   0.401   0.400   0.457   0.437   0.479    20.9    20.6    19.8    17.7    14.9
04990 20150616  2.422  -96.62   43.73    22.8    10.8    16.8    16.9     4.5    16.55 C    32.8    11.0    18.2    89.0    46.7    72.0   0.388   0.388   0.450   0.429   0.479    19.4    19.0    18.9    17.7    14.9
04990 20150617  2.422  -96.62   43.73    21.4    13.5    17.4    17.8     0.0    19.36 C    32.2    12.2    20.0    91.8    67.0    78.4   0.389   0.387   0.449   0.428   0.480    19.8    19.2    18.6    17.4    14.9
04990 20150618  2.422  -96.62   43.73    24.5    10.2    17.3    17.9     0.0    25.05 C    34.8    10.0    20.2    98.6    41.6    71.9   0.380   0.379   0.446   0.423   0.479    19.7    19.2    18.6    17.3    14.9
04990 20150619  2.422  -96.62   43.73    26.8    12.9    19.9    20.6     0.6    20.06 C    33.0    12.3    20.9    90.2    41.0    65.6   0.371   0.373   0.441   0.417   0.480    20.0    19.5    18.8    17.4    15.0
04990 20150620  2.422  -96.62   43.73    28.4    16.8    22.6    22.8     7.6    29.27 C    37.5    16.4    24.7    94.5    42.3    67.6   0.390   0.386   0.446   0.421   0.480    21.8    21.1    19.5    17.5    15.1
04990 20150621  2.422  -96.62   43.73    29.1    17.2    23.2    23.0     0.0    27.07 C    37.4    15.2    24.6    87.7    38.2    63.6   0.374   0.372   0.441   0.419   0.480    22.5    21.9    20.3    18.0    15.2
04990 20150622  2.422  -96.62   43.73    26.1    15.1    20.6    21.6    13.0    28.35 C    33.8    13.8    23.3    94.8    38.3    67.9   0.405   0.394   0.454   0.432   0.480    22.6    22.1    20.9    18.6    15.6
04990 20150623  2.422  -96.62   43.73    24.4    11.9    18.1    18.4     0.0    17.94 C    32.6    11.0    19.4    91.1    41.2    69.0   0.385   0.380   0.449   0.424   0.480    20.9    20.5    20.2    18.7    15.7
04990 20150624  2.422  -96.62   43.73    26.2    14.3    20.2    19.7     0.0    20.02 C    32.9    14.0    21.0    91.4    58.0    76.7   0.379   0.373   0.443   0.421   0.481    20.8    20.3    19.8    18.4    15.8
04990 20150625  2.422  -96.62   43.73    25.4    14.2    19.8    20.6     2.4    17.44 C    32.1    13.4    22.0    98.3    56.6    77.8   0.370   0.367   0.439   0.419   0.480    21.2    20.7    20.0    18.4    15.9
04990 20150626  2.422  -96.62   43.73    26.9    15.3    21.1    20.5     1.7    26.46 C    36.3    14.4    23.0    94.5    43.3    72.4   0.378   0.369   0.438   0.418   0.480    22.1    21.6    20.4    18.5    16.0
04990 20150627  2.422  -96.62   43.73    28.3    12.8    20.5    21.0     0.0    25.58 C    36.7    12.3    22.8    94.6    42.3    70.1   0.366   0.363   0.436   0.419   0.473    22.1    21.6    20.6    18.8    16.1
04990 20150628  2.422  -96.62   43.73    27.2    14.8    21.0    22.2     0.0    29.10 C    36.6    13.5    24.1    87.7    41.3    63.4   0.343   0.346   0.431   0.414   0.471    22.5    22.0    21.0    19.0    16.2
04990 20150629  2.422  -96.62   43.73    26.7    16.4    21.6    22.1     0.0    19.33 C    30.6    15.9    22.4    87.7    45.7    68.5   0.323   0.332   0.426   0.415   0.471    22.2    21.7    21.1    19.2    16.3
04990 20150630  2.422  -96.62   43.73    24.5    15.2    19.8    20.0     0.0    11.32 C    31.6    13.6    20.7    95.9    59.1    84.3   0.313   0.325   0.420   0.413   0.470    21.5    21.1    20.7    19.2    16.5
04990 20150701  2.422  -96.62   43.73    23.8    14.7    19.3    19.1     0.0    14.35 C    29.2    14.6    20.3    92.4    57.0    78.0   0.308   0.319   0.416   0.411   0.472    21.0    20.6    20.3    19.1    16.6
04990 20150702  2.422  -96.62   43.73    21.2    13.0    17.1    16.7     0.0    13.16 C    25.1    11.5    17.7    94.4    53.1    76.4   0.296   0.311   0.409   0.409   0.468    19.9    19.6    19.7    18.8    16.6
04990 20150703  2.422  -96.62   43.73    24.9    10.0    17.4    18.4     0.0    23.85 C    33.6     9.6    20.3   100.0    58.3    83.4   0.288   0.304   0.403   0.408   0.470    20.3    19.9    19.3    18.4    16.5
04990 20150704  2.422  -96.62   43.73    27.3    14.6    21.0    21.2     0.0    24.26 C    35.1    13.3    22.7    98.7    57.1    79.2   0.275   0.298   0.403   0.407   0.469    21.7    21.1    20.1    18.5    16.5
04990 20150705  2.422  -96.62   43.73    31.1    18.3    24.7    24.2    10.0    25.83 C    38.0    18.2    25.6    96.1    52.6    76.6   0.277   0.302   0.399   0.407   0.471    23.0    22.4    20.8    18.9    16.5
04990 20150706  2.422  -96.62   43.73    22.2    12.1    17.1    19.0    42.7    17.60 C    27.4    12.4    20.5    97.1    57.3    81.1   0.441   0.441   0.475   0.456   0.486    22.0    21.7    21.4    20.0    17.8
04990 20150707  2.422  -96.62   43.73    20.5     9.1    14.8    14.8     0.0    30.62 C    30.5     9.5    18.3    92.3    45.9    70.5   0.402   0.410   0.468   0.462   0.486    20.6    20.3    20.4    19.5    17.3
04990 20150708  2.422  -96.62   43.73    23.1     9.6    16.4    16.8     0.0    27.36 C    31.5    10.2    19.5    94.0    50.8    74.6   0.383   0.387   0.453   0.456   0.487    20.7    20.3    20.1    19.1    17.2
04990 20150709  2.422  -96.62   43.73    26.8    12.8    19.8    20.2     0.0    24.65 C    34.9    13.0    22.2    94.3    53.0    76.8   0.369   0.374   0.442   0.435   0.485    21.5    21.0    20.3    19.0    17.0
04990 20150710  2.422  -96.62   43.73    27.3    15.3    21.3    21.6     0.0    25.45 C    34.3    15.2    23.2    96.6    50.8    76.6   0.357   0.364   0.438   0.426   0.487    22.3    21.7    20.9    19.2    17.0
04990 20150711  2.422  -96.62   43.73    30.0    17.8    23.9    23.6     0.0    24.06 C    36.7    18.0    25.3    96.7    61.4    81.6   0.343   0.355   0.435   0.420   0.486    23.3    22.7    21.4    19.5    17.1
04990 20150712  2.422  -96.62   43.73    33.0    20.3    26.7    26.6     0.0    26.31 C    39.6    18.9    27.8    98.4    57.9    79.6   0.328   0.345   0.428   0.419   0.487    25.0    24.3    22.5    20.0    17.3
04990 20150713  2.422  -96.62   43.73    31.7    17.3    24.5    25.6     0.0    29.66 C    38.1    16.5    26.5    82.9    37.3    60.4   0.305   0.329   0.426   0.417   0.482    25.1    24.5    23.2    20.6    17.5
04990 20150714  2.422  -96.62   43.73    29.3    18.2    23.7    24.1     0.0    28.11 C    39.4    17.7    26.6    90.3    53.2    72.1   0.283   0.314   0.418   0.412   0.473    24.9    24.4    23.3    21.0    17.7
04990 20150715  2.422  -96.62   43.73    28.1    17.9    23.0    22.4     0.0    18.14 C    35.1    18.0    23.9    95.0    59.6    82.5   0.269   0.302   0.413   0.416   0.479    24.2    23.8    23.2    21.1    17.9
04990 20150716  2.422  -96.62   43.73    28.8    18.4    23.6    22.0     6.5    16.39 C    36.3    17.9    23.8    95.3    61.0    84.0   0.268   0.299   0.408   0.413   0.476    23.8    23.4    22.8    21.1    18.1
04990 20150717  2.422  -96.62   43.73    32.2    17.2    24.7    25.5     0.0    29.04 C    38.0    16.3    26.9    97.2    39.5    72.7   0.281   0.305   0.407   0.416   0.478    24.4    23.9    22.8    21.0    18.2
04990 20150718  2.422  -96.62   43.73    29.1    17.3    23.2    23.8     0.0    28.84 C    38.3    15.4    26.0    82.8    44.5    62.5   0.262   0.289   0.402   0.416   0.475    25.1    24.6    23.5    21.3    18.3
04990 20150719  2.422  -96.62   43.73    29.1    13.7    21.4    22.5     0.0    28.50 C    37.2    13.0    24.4    92.1    40.5    64.7   0.241   0.275   0.397   0.411   0.474    24.2    23.8    23.2    21.4    18.5
04990 20150720  2.422  -96.62   43.73    26.5    14.2    20.4    21.2     2.0    26.41 C    35.3    12.7    23.5    89.6    43.6    67.3   0.232   0.265   0.390   0.410   0.477    24.2    23.8    23.3    21.4    18.6
04990 20150721  2.422  -96.62   43.73    25.7    11.9    18.8    19.1     0.0    29.76 C    35.9    10.7    22.1    96.1    41.6    68.9   0.219   0.255   0.385   0.408   0.476    22.9    22.6    22.6    21.3    18.7
04990 20150722  2.422  -96.62   43.73    27.5    15.7    21.6    20.9     0.0    24.88 C    37.5    16.1    23.8    91.6    49.4    73.0   0.212   0.246   0.379   0.406   0.476    23.4    23.1    22.5    21.1    18.7
04990 20150723  2.422  -96.62   43.73    29.6    14.6    22.1    23.0     0.0    24.86 C    38.8    15.0    25.3    95.1    59.2    77.2   0.206   0.238   0.372   0.403   0.477    23.8    23.3    22.7    21.1    18.7
04990 20150724  2.422  -96.62   43.73    31.4    20.0    25.7    25.9     0.0    28.41 C    42.8    18.9    29.0    95.5    48.8    73.4   0.203   0.232   0.367   0.406   0.479    25.5    25.0    23.5    21.3    18.7
04990 20150725  2.422  -96.62   43.73    29.1    16.9    23.0    23.1    25.8    20.34 C    35.7    16.6    24.7    96.2    49.7    76.7   0.205   0.240   0.364   0.403   0.475    24.4    24.0    23.6    21.7    18.8
04990 20150726  2.422  -96.62   43.73    27.4    16.6    22.0    21.9     0.2    24.13 C    36.1    15.7    24.2    98.0    61.5    83.0   0.312   0.333   0.383   0.409   0.477    24.0    23.6    23.1    21.6    18.9
04990 20150727  2.422  -96.62   43.73    30.2    20.8    25.5    25.4     1.6    24.62 C    36.5    20.7    26.8    95.2    54.8    79.5   0.294   0.309   0.379   0.407   0.478    25.0    24.5    23.5    21.6    19.0
04990 20150728  2.422  -96.62   43.73    26.4    16.1    21.2    22.1    17.5    23.24 C    32.4    14.1    23.1    95.5    43.7    74.1   0.342   0.355   0.407   0.411   0.477    24.7    24.2    23.7    21.9    19.1
04990 20150729  2.422  -96.62   43.73    28.5    12.4    20.4    20.8     0.0    29.31 C    33.4    11.6    21.2    84.5    30.6    60.0   0.307   0.324   0.402   0.406   0.477    23.1    22.7    22.8    21.7    19.2
04990 20150730  2.422  -96.62   43.73    29.7    12.5    21.1    22.3     0.0    28.75 C    36.6    11.8    23.1    90.0    41.8    65.9   0.287   0.305   0.397   0.405   0.477    23.1    22.7    22.5    21.4    19.2
04990 20150731  2.422  -96.62   43.73    28.7    14.5    21.6    22.6     0.0    28.39 C    36.0    14.1    24.0    92.4    34.9    61.7   0.271   0.294   0.394   0.405   0.478    23.3    23.0    22.7    21.4    19.1
04990 20150801  2.422  -96.62   43.73    29.2    15.7    22.5    23.0     0.0    25.59 C    35.3    13.6    24.1    97.6    44.4    72.9   0.256   0.281   0.389   0.403   0.476    23.6    23.2    22.8    21.4    19.1
04990 20150802  2.422  -96.62   43.73    28.8    15.5    22.2    22.3     0.0    27.14 C    37.3    14.0    24.2    94.2    43.3    69.8   0.242   0.270   0.384   0.401   0.478    23.9    23.5    23.0    21.5    19.1
04990 20150803  2.422  -96.62   43.73    26.9    12.1    19.5    20.3     0.0    26.89 C    35.7    11.6    22.2    96.1    43.6    68.8   0.227   0.257   0.378   0.400   0.476    23.2    22.9    22.8    21.5    19.2
04990 20150804  2.422  -96.62   43.73    25.7    13.4    19.5    19.6     0.0    20.81 C    33.0    13.0    21.0    87.8    58.7    74.3   0.215   0.245   0.371   0.399   0.476    22.5    22.2    22.3    21.4    19.2
04990 20150805  2.422  -96.62   43.73    26.6    14.3    20.4    20.8     0.0    22.26 C    34.6    13.9    22.9    96.6    60.4    78.1   0.207   0.238   0.368   0.397   0.477    22.7    22.3    22.1    21.2    19.2
04990 20150806  2.422  -96.62   43.73    27.8    18.5    23.1    22.3    11.0    16.52 C    34.3    18.0    23.5    97.8    62.8    84.4   0.210   0.242   0.365   0.395   0.473    23.4    22.9    22.5    21.1    19.2
04990 20150807  2.422  -96.62   43.73    29.4    16.9    23.2    22.9     0.0    25.67 C    36.3    16.1    24.5    98.1    48.3    78.1   0.230   0.259   0.366   0.393   0.474    23.6    23.1    22.5    21.2    19.2
04990 20150808  2.422  -96.62   43.73    28.3    19.7    24.0    23.4     0.9    23.15 C    35.9    19.5    25.2    95.0    55.6    79.3   0.226   0.249   0.363   0.392   0.474    24.3    23.7    23.0    21.3    19.2
04990 20150809  2.422  -96.62   43.73    28.6    15.8    22.2    21.1    13.5    15.44 C    37.1    16.0    23.0    97.5    66.0    88.2   0.241   0.261   0.365   0.392   0.475    23.8    23.3    23.1    21.5    19.3
04990 20150810  2.422  -96.62   43.73    26.5    15.6    21.0    20.4     0.0    25.73 C    34.6    15.0    22.3    95.7    47.6    75.8   0.282   0.295   0.369   0.396   0.472    23.1    22.6    22.5    21.4    19.3
04990 20150811  2.422  -96.62   43.73    27.9    13.8    20.8    21.4     0.0    26.78 C    36.0    13.0    22.9    98.5    44.7    73.9   0.263   0.279   0.365   0.394   0.475    22.8    22.4    22.3    21.3    19.3
04990 20150812  2.422  -96.62   43.73    30.0    15.6    22.8    23.0     0.0    26.37 C    36.3    15.2    24.4    94.4    46.6    71.9   0.248   0.266   0.362   0.390   0.473    23.2    22.8    22.4    21.2    19.3
04990 20150813  2.422  -96.62   43.73    26.5    18.2    22.3    22.3     0.0     8.62 C    29.7    18.2    22.6    94.6    70.5    84.3   0.237   0.257   0.360   0.393   0.473    23.1    22.6    22.5    21.3    19.3
04990 20150814  2.422  -96.62   43.73    31.6    18.0    24.8    24.5     0.0    25.22 C    37.6    17.8    26.1    97.5    48.7    78.0   0.231   0.251   0.357   0.390   0.472    23.8    23.3    22.5    21.2    19.3
04990 20150815  2.422  -96.62   43.73    31.1    18.1    24.6    24.4     0.0    25.58 C    37.7    18.0    26.0    96.4    53.4    75.7   0.218   0.242   0.355   0.387   0.473    24.3    23.8    23.1    21.5    19.3
04990 20150816  2.422  -96.62   43.73    23.5    16.0    19.8    20.3    34.2     4.23 C    27.9    16.4    20.7    96.0    72.5    86.2   0.275   0.286   0.363   0.394   0.475    22.9    22.6    22.9    21.6    19.4
04990 20150817  2.422  -96.62   43.73    19.2    14.8    17.0    16.0    13.5     6.67 C    22.5    15.5    17.0    95.9    78.0    90.2   0.356   0.367   0.422   0.411   0.475    20.6    20.4    21.3    21.2    19.4
04990 20150818  2.422  -96.62   43.73    19.9    10.3    15.1    14.7    27.6     5.97 C    24.0    10.7    15.4    96.9    75.5    91.6   0.391   0.403   0.449   0.437   0.486    19.3    19.1    20.1    20.4    19.5
04990 20150819  2.422  -96.62   43.73    20.1     9.5    14.8    14.5     5.2    18.27 C    25.4     9.1    15.1    93.9    47.0    76.7   0.425   0.437   0.476   0.454   0.492    18.7    18.3    19.2    19.7    19.3
04990 20150820  2.422  -96.62   43.73    25.5     8.4    17.0    17.2     0.0    22.52 C    30.4     7.4    18.2    91.5    40.3    71.9   0.397   0.418   0.471   0.456   0.494    19.1    18.7    19.1    19.3    18.9
04990 20150821  2.422  -96.62   43.73    26.5    13.4    19.9    20.2     0.0    24.83 C    32.5    13.4    21.7    92.3    59.1    77.0   0.375   0.398   0.460   0.457   0.495    20.7    20.1    19.8    19.3    18.7
04990 20150822  2.422  -96.62   43.73    26.5    11.3    18.9    19.6     0.0     8.83 C    28.7    10.9    19.7    93.0    55.5    77.7   0.363   0.384   0.446   0.448   0.494    21.0    20.6    20.4    19.6    18.6
04990 20150823  2.422  -96.62   43.73    20.2     9.6    14.9    14.7     0.0    26.36 C    24.8     8.5    15.8    81.4    35.5    60.8   0.349   0.369   0.435   0.426   0.493    19.5    19.2    19.7    19.5    18.5
04990 20150824  2.422  -96.62   43.73    21.0     6.5    13.7    14.0     0.0    25.58 C    27.1     6.4    15.4    90.6    44.9    69.9   0.337   0.356   0.426   0.415   0.490    18.7    18.4    19.0    19.1    18.5
04990 20150825  2.422  -96.62   43.73    22.5     7.7    15.1    15.4     0.0    24.76 C    28.6     6.7    16.5    93.4    42.3    69.8   0.328   0.346   0.422   0.412   0.490    18.5    18.2    18.7    18.8    18.3
04990 20150826  2.422  -96.62   43.73    24.5     9.0    16.7    16.6     0.0    19.90 C    30.6     8.7    17.8    95.2    54.8    78.3   0.318   0.338   0.417   0.411   0.488    18.6    18.3    18.6    18.6    18.1
04990 20150827  2.422  -96.62   43.73    25.7    14.7    20.2    19.0    15.1    12.43 C    31.9    14.9    19.9    96.0    65.9    87.8   0.335   0.352   0.421   0.413   0.486    19.8    19.3    19.1    18.6    18.0
04990 20150828  2.422  -96.62   43.73    21.8    12.4    17.1    17.9     0.7    11.71 C    26.2    11.6    18.6    97.6    71.6    88.0   0.365   0.380   0.443   0.432   0.490    20.1    19.7    19.5    18.8    17.9
04990 20150829  2.422  -96.62   43.73    23.6     9.3    16.4    16.2     0.0    18.09 C    28.5     9.3    17.8   100.0    67.0    90.9   0.345   0.362   0.432   0.419   0.489    19.3    18.9    19.1    18.8    17.9
04990 20150830  2.422  -96.62   43.73    24.8    16.0    20.4    19.1     0.0    17.61 C    29.6    16.3    20.6    97.6    67.9    88.3   0.339   0.354   0.427   0.415   0.489    20.3    19.9    19.5    18.8    17.9
04990 20150831  2.422  -96.62   43.73    28.2    16.8    22.5    22.1     0.0    20.88 C    32.3    16.6    22.9    97.6    61.8    84.6   0.333   0.349   0.421   0.414   0.489    21.2    20.7    20.0    19.0    17.9
04990 20150901  2.422  -96.62   43.73    28.3    18.6    23.5    22.2     0.5    10.61 C    33.6    18.7    22.8    96.5    66.6    88.5   0.328   0.343   0.421   0.413   0.483    21.8    21.3    20.7    19.3    18.0
04990 20150902  2.422  -96.62   43.73    30.8    18.1    24.4    23.7     0.0    20.93 C    36.3    17.9    24.5    96.8    62.4    84.8   0.324   0.336   0.419   0.409   0.478    22.5    21.9    21.0    19.6    18.1
04990 20150903  2.422  -96.62   43.73    31.1    18.6    24.9    24.5     0.0    22.47 C    35.4    18.4    25.4    97.7    57.9    82.5   0.315   0.330   0.416   0.409   0.480    23.1    22.6    21.6    20.0    18.2
04990 20150904  2.422  -96.62   43.73    27.9    20.6    24.2    23.4     1.6    10.49 C    31.5    20.1    23.3    92.9    61.7    84.4   0.309   0.325   0.412   0.409   0.482    23.0    22.5    21.9    20.4    18.4
04990 20150905  2.422  -96.62   43.73    30.5    20.3    25.4    25.0     0.0    15.08 C    35.0    19.8    25.1    94.0    60.7    78.3   0.308   0.325   0.415   0.409   0.481    23.2    22.7    21.9    20.5    18.6
04990 20150906  2.422  -96.62   43.73    29.3    18.4    23.9    24.4     0.0    15.23 C    34.7    18.1    24.7    93.4    58.2    78.5   0.300   0.321   0.412   0.407   0.482    23.7    23.1    22.3    20.7    18.7
04990 20150907  2.422  -96.62   43.73    23.7    11.9    17.8    18.8     0.0    11.27 C    26.6    11.4    19.4    92.5    52.4    78.2   0.288   0.311   0.406   0.406   0.478    21.7    21.5    21.7    20.8    18.8
04990 20150908  2.422  -96.62   43.73    24.4    11.5    17.9    19.3     1.6    21.71 C    30.0    10.3    20.1    96.3    33.7    68.4   0.285   0.307   0.403   0.403   0.477    21.6    21.3    21.3    20.5    18.9
04990 20150909  2.422  -96.62   43.73    27.1     9.8    18.4    17.3     0.8    14.59 C    31.5     8.8    17.5    95.3    49.9    80.1   0.277   0.299   0.400   0.403   0.480    20.1    19.8    20.4    20.2    18.9
04990 20150910  2.422  -96.62   43.73    22.8     9.4    16.1    16.8     0.0    19.26 C    29.4     9.4    18.3    96.7    44.4    74.5   0.272   0.297   0.396   0.400   0.480    20.2    19.9    20.2    19.8    18.8
04990 20150911  2.422  -96.62   43.73    18.3     5.0    11.7    10.9     0.0    22.32 C    26.1     5.4    13.1    94.3    43.5    72.7   0.260   0.289   0.392   0.401   0.481    18.3    18.2    19.3    19.5    18.6
04990 20150912  2.422  -96.62   43.73    20.5     3.4    12.0    12.1     0.0    22.21 C    27.1     2.7    13.1    98.6    33.6    68.2   0.250   0.282   0.388   0.396   0.478    17.0    16.9    18.1    18.9    18.5
04990 20150913  2.422  -96.62   43.73    25.5     5.8    15.6    15.9     0.0    21.57 C    30.2     6.1    16.8    95.1    47.1    74.0   0.244   0.278   0.385   0.394   0.475    17.4    17.1    17.7    18.3    18.2
04990 20150914  2.422  -96.62   43.73    28.1    13.2    20.7    20.4     0.0    20.10 C    33.6    13.0    21.0    96.5    46.5    76.1   0.240   0.275   0.383   0.395   0.478    19.1    18.6    18.4    18.2    18.0
04990 20150915  2.422  -96.62   43.73    27.9    16.8    22.4    22.3     0.0    18.49 C    30.7    15.9    22.0    90.2    44.0    66.5   0.234   0.269   0.381   0.393   0.478    20.0    19.5    19.1    18.4    17.9
04990 20150916  2.422  -96.62   43.73    30.0    18.3    24.1    24.1     0.0    16.65 C    34.7    17.5    24.0    90.4    50.4    71.2   0.227   0.264   0.377   0.390   0.475    21.0    20.5    19.8    18.7    17.9
04990 20150917  2.422  -96.62   43.73    26.8    12.4    19.6    20.7     0.0    19.18 C    31.0    11.6    21.4    96.6    44.7    73.1   0.221   0.258   0.376   0.390   0.475    21.4    21.0    20.4    19.1    17.9
04990 20150918  2.422  -96.62   43.73    16.5     7.3    11.9    11.6     1.5     4.94 C    23.7     7.2    12.3    97.7    57.9    86.3   0.210   0.249   0.373   0.391   0.477    18.3    18.3    19.3    19.1    18.0
04990 20150919  2.422  -96.62   43.73    18.5     4.3    11.4    10.5     0.0    18.01 C    24.3     4.8    12.1   100.0    46.8    82.0   0.206   0.244   0.369   0.390   0.477    16.8    16.6    17.7    18.4    17.9
04990 20150920  2.422  -96.62   43.73    25.4     8.5    16.9    16.2     0.0    16.74 C    29.1     8.0    16.3    92.9    46.1    73.0   0.204   0.241   0.364   0.387   0.478    17.1    16.7    17.3    17.9    17.7
04990 20150921  2.422  -96.62   43.73    27.0    10.5    18.8    18.4     0.0    19.21 C    31.7    10.3    19.1    97.3    55.4    80.4   0.203   0.240   0.363   0.386   0.477    18.1    17.7    17.7    17.7    17.5
04990 20150922  2.422  -96.62   43.73    26.4    15.0    20.7    20.1     0.0    16.48 C    30.8    14.8    21.1    98.4    54.5    79.8   0.202   0.240   0.362   0.386   0.477    19.4    18.9    18.5    17.8    17.4
04990 20150923  2.422  -96.62   43.73    22.6    17.0    19.8    19.1     8.3     6.48 C    25.7    15.6    19.0    96.8    68.5    84.6   0.201   0.240   0.358   0.387   0.474    19.5    19.1    18.9    18.2    17.4
04990 20150924  2.422  -96.62   43.73    19.4    15.9    17.7    17.3    39.3     3.71 C    21.1    15.8    17.4    96.6    83.8    92.7   0.365   0.393   0.429   0.417   0.479    18.7    18.4    18.6    18.2    17.4
04990 20150925  2.422  -96.62   43.73    27.4    14.9    21.1    19.7     0.0    13.78 C    29.8    12.6    19.1    94.5    38.3    69.8   0.347   0.376   0.426   0.411   0.479    18.8    18.4    18.4    18.1    17.4
04990 20150926  2.422  -96.62   43.73    26.2    11.8    19.0    18.3     0.0    18.80 C    30.4    10.0    18.2    92.2    37.0    67.6   0.333   0.362   0.419   0.408   0.479    18.4    18.1    18.3    18.0    17.4
04990 20150927  2.422  -96.62   43.73    28.6    12.0    20.3    20.3     0.0    18.04 C    30.1    11.7    19.5    92.6    38.8    65.1   0.322   0.352   0.414   0.403   0.475    18.5    18.1    18.2    18.0    17.4
04990 20150928  2.422  -96.62   43.73    23.6    11.0    17.3    17.7     3.7     8.64 C    26.0    11.2    17.3    91.2    33.2    69.1   0.313   0.344   0.411   0.403   0.477    18.4    18.1    18.3    17.9    17.3
04990 20150929  2.422  -96.62   43.73    20.9     7.9    14.4    13.6     1.0    18.90 C    25.7     6.6    13.8    90.2    27.3    56.5   0.326   0.352   0.410   0.401   0.477    16.9    16.8    17.6    17.8    17.3
04990 20150930  2.422  -96.62   43.73    20.4     6.8    13.6    13.2     0.0    18.14 C    24.9     6.7    14.0    71.5    21.7    46.6   0.311   0.341   0.407   0.400   0.477    15.9    15.7    16.7    17.3    17.2
04990 20151001  2.422  -96.62   43.73    18.0     7.6    12.8    11.9     0.0    16.71 C    23.0     6.8    12.7    72.9    34.9    54.6   0.300   0.333   0.402   0.399   0.477    15.4    15.2    16.2    16.9    17.0
04990 20151002  2.422  -96.62   43.73    16.7     5.1    10.9    10.0     0.0    17.07 C    22.7     4.8    10.7    83.1    30.2    59.2   0.292   0.326   0.400   0.397   0.475    14.3    14.2    15.4    16.4    16.8
04990 20151003  2.422  -96.62   43.73    15.5     4.5    10.0    10.2     0.0    13.57 C    20.3     4.5    11.0    88.4    39.4    62.7   0.285   0.321   0.397   0.395   0.475    13.8    13.7    14.8    15.9    16.6
04990 20151004  2.422  -96.62   43.73    16.5     6.9    11.7    11.1     0.0     8.82 C    24.0     6.8    12.1    79.5    44.2    62.9   0.280   0.317   0.394   0.392   0.475    14.1    13.9    14.6    15.6    16.3
04990 20151005  2.422  -96.62   43.73    15.4    10.2    12.8    12.7     0.0     4.01 C    17.8    10.6    13.1    83.1    58.5    70.9   0.277   0.314   0.393   0.393   0.475    14.4    14.2    14.7    15.4    16.1
04990 20151006  2.422  -96.62   43.73    21.2    10.9    16.1    15.4     0.0     9.79 C    26.4    10.1    15.7    86.5    50.4    69.5   0.276   0.312   0.392   0.393   0.475    15.3    15.0    15.1    15.4    15.9
04990 20151007  2.422  -96.62   43.73    23.1     7.3    15.2    14.7     0.0    13.36 C    27.4     6.4    14.7    88.3    42.9    67.0   0.271   0.307   0.389   0.392   0.474    15.1    14.8    15.2    15.4    15.8
04990 20151008  2.422  -96.62   43.73    18.2    10.0    14.1    13.5     0.0    10.77 C    22.4    10.5    14.0    92.2    58.9    73.1   0.267   0.304   0.388   0.391   0.473    15.4    15.1    15.4    15.5    15.7
04990 20151009  2.422  -96.62   43.73    16.8     5.7    11.2    10.4     0.0    15.08 C    22.1     4.5    11.5    91.5    42.2    71.8   0.261   0.301   0.386   0.390   0.473    14.4    14.2    15.0    15.4    15.6
04990 20151010  2.422  -96.62   43.73    27.2     4.5    15.9    15.9     0.0    15.53 C    27.7     4.4    14.7    91.8    36.1    64.8   0.257   0.297   0.383   0.390   0.472    14.3    14.0    14.6    15.1    15.5
04990 20151011  2.422  -96.62   43.73    31.7     9.2    20.5    18.9     0.0    16.01 C    31.1     7.3    17.6    98.4    23.5    59.8   0.256   0.296   0.382   0.389   0.473    15.3    14.9    15.0    15.0    15.4
04990 20151012  2.422  -96.62   43.73    17.2     6.9    12.0    13.2     0.0    15.31 C    20.1     5.2    12.7    68.4    37.4    48.1   0.248   0.291   0.381   0.387   0.473    14.6    14.4    15.1    15.2    15.3
04990 20151013  2.422  -96.62   43.73    22.7     3.1    12.9    11.6     0.0    15.69 C    25.4     2.8    11.3    86.8    23.4    56.1   0.241   0.285   0.377   0.387   0.472    13.5    13.3    14.3    14.9    15.3
04990 20151014  2.422  -96.62   43.73    21.1     3.0    12.1    12.6     0.0    14.55 C    25.7     1.2    11.8    86.9    25.7    53.6   0.239   0.281   0.376   0.386   0.471    13.0    12.8    13.8    14.6    15.1
04990 20151015  2.422  -96.62   43.73    16.2     3.7    10.0     9.7     0.0    15.24 C    20.4     1.7     9.0    77.6    22.3    45.5   0.235   0.277   0.372   0.385   0.472    12.6    12.5    13.6    14.3    15.0
04990 20151016  2.422  -96.62   43.73    11.9    -2.8     4.6     5.1     0.0    13.43 C    17.7    -3.6     5.6    87.0    36.0    59.8   0.228   0.269   0.368   0.383   0.472    11.0    11.0    12.6    13.9    14.8
04990 20151017  2.422  -96.62   43.73    15.1     3.6     9.3     7.8     0.0    14.07 C    19.8     3.7     8.6    71.8    31.0    53.8   0.226   0.268   0.366   0.383   0.472    11.1    11.0    12.1    13.4    14.6
04990 20151018  2.422  -96.62   43.73    20.0     2.3    11.1    11.4     0.0    14.23 C    22.1     1.8    10.8    77.9    32.1    53.0   0.222   0.265   0.364   0.380   0.469    11.1    11.0    12.0    13.1    14.3
04990 20151019  2.422  -96.62   43.73    26.3    13.3    19.8    18.1     0.0    13.46 C    27.9     9.3    16.0    69.2    33.3    52.1   0.222   0.265   0.365   0.379   0.470    13.0    12.6    12.6    13.0    14.1
04990 20151020  2.422  -96.62   43.73    24.6     9.2    16.9    15.8     0.0    10.92 C    28.8     8.4    14.9    86.2    40.2    65.1   0.220   0.263   0.364   0.381   0.469    13.8    13.4    13.3    13.4    14.0
04990 20151021  2.422  -96.62   43.73    15.7     4.5    10.1    11.5     0.0    11.39 C    20.2     0.5    10.6    82.3    38.9    64.0   0.215   0.261   0.364   0.381   0.468    13.4    13.2    13.6    13.6    14.0
04990 20151022  2.422  -96.62   43.73    16.1     1.1     8.6     9.2     0.4    10.24 C    20.1    -0.7     8.7    86.4    34.5    60.8   0.208   0.253   0.360   0.379   0.469    11.4    11.3    12.5    13.4    13.9
04990 20151023  2.422  -96.62   43.73    15.1     8.9    12.0    11.8    55.6     1.21 C    15.4     8.6    11.6    97.4    81.2    93.6   0.342   0.370   0.395   0.400   0.472    12.4    12.1    12.6    13.1    13.7
04990 20151024  2.422  -96.62   43.73    14.4     3.7     9.1     8.8     0.0    13.95 C    18.0     0.8     8.0    89.7    40.0    69.2   0.364   0.382   0.429   0.431   0.487    11.8    11.6    12.5    13.0    13.6
04990 20151025  2.422  -96.62   43.73    18.0     1.5     9.8     8.9     0.0    12.87 C    19.5     0.5     8.3    90.7    36.6    67.0   0.346   0.367   0.420   0.420   0.485    10.5    10.4    11.5    12.7    13.5
04990 20151026  2.422  -96.62   43.73    15.1     4.1     9.6     8.9     0.0     6.27 C    17.1     3.1     8.7    83.6    48.3    68.3   0.338   0.361   0.415   0.412   0.489    10.8    10.5    11.4    12.3    13.4
04990 20151027  2.422  -96.62   43.73    14.5     3.5     9.0     8.7     0.0     9.07 C    17.8     3.3     9.0    92.6    53.4    75.0   0.333   0.355   0.412   0.407   0.487    10.7    10.5    11.2    12.1    13.2
04990 20151028  2.422  -96.62   43.73     8.7     0.6     4.6     3.3     1.4     4.66 C     8.7    -0.6     3.7    92.8    54.3    77.9   0.329   0.351   0.408   0.404   0.485     9.8     9.7    11.0    12.0    13.1
04990 20151029  2.422  -96.62   43.73     9.1    -0.5     4.3     3.5     0.0     9.52 C    13.7    -2.0     4.0    97.1    61.2    79.8   0.327   0.349   0.408   0.402   0.484     8.4     8.3     9.8    11.4    12.9
04990 20151030  2.422  -96.62   43.73    12.9    -2.2     5.3     4.2     5.1     8.83 C    16.2    -2.0     4.6    98.9    39.9    83.3   0.326   0.349   0.407   0.400   0.483     8.1     8.0     9.3    10.9    12.6
04990 20151031  2.422  -96.62   43.73    17.1     4.7    10.9     8.4     0.9     8.92 C    16.8     2.7     7.9    98.1    27.6    72.6   0.349   0.366   0.418   0.408   0.481     9.1     8.9     9.5    10.6    12.3
04990 20151101  2.422  -96.62   43.73    17.3     1.9     9.6     9.4     0.0     8.24 C    20.1     0.3     7.7    91.8    38.6    67.0   0.334   0.357   0.415   0.405   0.480     9.0     8.8     9.5    10.6    12.2
04990 20151102  2.422  -96.62   43.73    21.2     5.1    13.1    12.1     0.0    10.45 C    22.8     2.2    10.1    93.7    36.8    71.3   0.330   0.352   0.410   0.404   0.481     9.7     9.4     9.8    10.6    12.0
04990 20151103  2.422  -96.62   43.73    20.0     5.5    12.8    12.4     0.0    11.72 C    20.9     4.6    11.2    92.1    54.0    78.1   0.326   0.350   0.408   0.403   0.478    10.3    10.0    10.2    10.7    11.9
04990 20151104  2.422  -96.62   43.73    19.7     8.9    14.3    13.5     0.0     5.16 C    20.8     9.1    12.9    97.7    65.1    85.3   0.327   0.348   0.408   0.403   0.475    11.5    11.1    10.9    11.0    11.9
04990 20151105  2.422  -96.62   43.73    14.6     3.1     8.9     7.4     0.3     2.82 C    13.6     2.5     7.8    96.9    75.1    87.3   0.325   0.347   0.409   0.405   0.475    11.3    11.0    11.3    11.3    11.9
04990 20151106  2.422  -96.62   43.73     8.8    -1.5     3.6     3.3     0.0    10.34 C    11.7    -1.5     3.4    96.4    51.0    79.0   0.318   0.341   0.406   0.403   0.475     9.1     9.0    10.2    11.2    11.9
04990 20151107  2.422  -96.62   43.73    12.0    -3.1     4.4     3.8     0.0    11.64 C    13.9    -3.7     3.1    94.4    33.9    67.1   0.312   0.338   0.401   0.400   0.473     7.7     7.6     9.1    10.6    11.8
04990 20151108  2.422  -96.62   43.73    15.7     2.8     9.2     8.8     0.0    11.37 C    15.8     0.7     7.2    71.8    39.3    56.8   0.310   0.335   0.399   0.399   0.470     7.7     7.6     8.7    10.1    11.6
04990 20151109  2.422  -96.62   43.73    16.7     3.1     9.9     8.6     0.0    11.20 C    17.6     1.7     7.4    82.0    38.5    63.9   0.309   0.334   0.397   0.398   0.473     8.2     8.0     8.8     9.8    11.4
04990 20151110  2.422  -96.62   43.73    16.8     2.3     9.5     8.1     0.0    10.52 C    17.6     0.0     7.0    89.2    49.2    69.2   0.306   0.331   0.395   0.400   0.472     8.3     8.1     8.8     9.8    11.2
04990 20151111  2.422  -96.62   43.73     3.9     1.7     2.8     2.7     1.2     0.66 C     4.5    -0.6     3.0    98.9    86.0    95.2   0.305   0.328   0.395   0.399   0.472     7.5     7.4     8.6     9.7    11.1
04990 20151112  2.422  -96.62   43.73     9.0    -2.1     3.5     3.3     0.0    10.88 C     9.7    -3.3     2.7    91.7    29.6    60.6   0.306   0.329   0.394   0.397   0.472     6.5     6.4     7.9     9.3    10.9
04990 20151113  2.422  -96.62   43.73     9.2    -6.2     1.5     1.3     0.0    10.91 C    11.9    -6.9     1.1    82.6    31.9    61.7   0.302   0.326   0.392   0.396   0.470     5.3     5.3     7.0     8.9    10.7
04990 20151114  2.422  -96.62   43.73    17.3    -2.4     7.5     5.9     0.0     9.94 C    18.1    -3.0     4.3    92.1    33.8    69.7   0.301   0.325   0.390   0.396   0.472     5.7     5.6     6.7     8.4    10.5
04990 20151115  2.422  -96.62   43.73    14.9     0.4     7.6     8.0     0.0    10.22 C    15.9    -0.9     6.9    92.3    49.5    75.0   0.302   0.324   0.389   0.395   0.469     6.5     6.3     7.0     8.3    10.3
04990 20151116  2.422  -96.62   43.73    10.7     8.9     9.8     9.7     5.8     0.50 C     9.9     8.5     9.4    98.5    83.7    95.1   0.326   0.345   0.394   0.395   0.468     8.3     8.0     8.0     8.4    10.1
04990 20151117  2.422  -96.62   43.73    11.7     4.3     8.0     8.6    11.5     1.01 C    12.1     4.5     8.7    98.5    95.2    97.1   0.375   0.389   0.433   0.426   0.470     9.1     8.8     8.8     8.9    10.0
04990 20151118  2.422  -96.62   43.73     7.3     0.4     3.9     3.9    33.0     2.21 C     7.3    -0.8     3.8    97.7    39.0    80.0   0.471   0.441   0.453   0.442   0.481     7.2     7.0     7.9     8.6     9.4
04990 20151119  2.422  -96.62   43.73     3.2    -4.9    -0.9    -0.5     0.0    10.19 C     3.9    -6.2    -1.2    58.5    23.6    42.7   0.431   0.431   0.455   0.447   0.486     4.7     4.8     6.7     8.3     9.7
04990 20151120  2.422  -96.62   43.73    -2.4    -9.7    -6.1    -4.1     9.2     1.66 C    -1.6   -15.7    -4.7    94.6    54.2    81.3   0.407   0.416   0.454   0.445   0.485     3.4     3.5     5.4     7.5     9.6
04990 20151121  2.422  -96.62   43.73    -5.6   -12.7    -9.1    -9.8     0.0     9.54 C    -3.9   -18.2   -11.8    91.7    69.6    82.2   0.396   0.406   0.448   0.446   0.484     3.6     3.6     5.0     6.9     9.3
04990 20151122  2.422  -96.62   43.73     1.3   -14.9    -6.8    -6.8     0.0     7.84 C    -1.1   -16.1    -8.6    93.8    65.6    81.9   0.379   0.398   0.440   0.445   0.482     3.0     3.3     4.6     6.5     9.0
04990 20151123  2.422  -96.62   43.73     3.3    -4.7    -0.7    -0.7     0.0     8.26 C     2.0    -7.8    -2.6    91.1    66.8    76.7   0.376   0.393   0.440   0.444   0.482     3.4     3.4     4.5     6.2     8.7
04990 20151124  2.422  -96.62   43.73     1.8    -3.4    -0.8    -0.5     0.0     9.05 C     2.1    -4.9    -1.6    93.5    71.8    83.6   0.381   0.400   0.442   0.445   0.483     3.2     3.2     4.4     6.0     8.4
04990 20151125  2.422  -96.62   43.73     2.8    -2.0     0.4     0.7     0.0     2.69 C     3.0    -3.2     0.4    99.2    86.0    93.0   0.392   0.406   0.444   0.444   0.482     3.3     3.3     4.3     5.8     8.2
04990 20151126  2.422  -96.62   43.73    -1.2    -9.0    -5.1    -5.3     3.7     3.56 C    -0.6   -10.7    -4.9    90.1    67.2    81.1   0.383   0.402   0.446   0.445   0.482     2.8     2.8     4.1     5.7     8.0
04990 20151127  2.422  -96.62   43.73    -2.7   -11.4    -7.0    -7.9     0.0     8.32 C     0.0   -12.9    -8.3    86.6    56.7    76.9   0.370   0.390   0.440   0.444   0.481     2.1     2.3     3.7     5.4     7.8
04990 20151128  2.422  -96.62   43.73    -1.7   -12.9    -7.3    -7.2     0.0     9.16 C     0.6   -14.4    -7.5    91.5    46.5    77.0   0.357   0.378   0.432   0.442   0.482     1.6     1.8     3.3     5.1     7.6
04990 20151129  2.422  -96.62   43.73     0.5    -4.0    -1.7    -1.7     0.0     4.09 C     2.2    -3.3    -1.1    85.0    50.0    72.2   0.360   0.380   0.433   0.444   0.480     1.9     1.9     3.0     4.7     7.3
04990 20151130  2.422  -96.62   43.73    -1.7    -3.1    -2.4    -2.1    17.4     2.36 C    -1.1    -4.6    -2.0    97.3    80.2    93.2   0.362   0.381   0.434   0.441   0.482     2.2     2.1     3.1     4.6     7.1
04990 20151201  2.422  -96.62   43.73    -0.3    -6.0    -3.2    -2.7     1.7     2.84 C    -0.7    -8.6    -3.1    97.9    90.3    94.2   0.364   0.383   0.435   0.440   0.481     2.5     2.4     3.2     4.5     6.9
04990 20151202  2.422  -96.62   43.73    -0.3   -14.2    -7.3    -4.1     0.0     8.85 C    -0.8   -18.3    -6.4    94.5    70.6    83.1   0.364   0.382   0.434   0.441   0.481     2.6     2.6     3.3     4.5     6.8
04990 20151203  2.422  -96.62   43.73    -4.2   -15.0    -9.6   -10.4     0.0     8.55 C    -4.3   -18.5   -12.3    92.8    72.9    87.0   0.358   0.377   0.429   0.442   0.480     2.6     2.5     3.3     4.5     6.7
04990 20151204  2.422  -96.62   43.73     4.1   -12.1    -4.0    -3.6     0.0     8.25 C     0.0   -14.8    -5.9    94.8    76.2    86.7   0.353   0.372   0.426   0.440   0.480     2.5     2.4     3.2     4.4     6.6
04990 20151205  2.422  -96.62   43.73     4.1     0.1     2.1     2.2     0.0     5.50 C     0.8    -1.0     0.0    99.1    77.0    89.6   0.377   0.388   0.436   0.442   0.481     2.5     2.4     3.1     4.3     6.4
04990 20151206  2.422  -96.62   43.73     3.8    -5.6    -0.9    -1.5     0.0     8.96 C     1.9    -7.0    -3.2    99.3    70.9    91.1   0.389   0.403   0.449   0.443   0.481     2.4     2.3     3.1     4.2     6.3
04990 20151207  2.422  -96.62   43.73     4.3    -3.7     0.3     0.8     0.0     8.05 C     2.1    -5.5    -1.5    97.1    66.9    81.8   0.392   0.408   0.448   0.443   0.478     2.3     2.2     3.0     4.2     6.2
04990 20151208  2.422  -96.62   43.73     6.4    -2.5     1.9     2.5     0.6     4.03 C     5.4    -5.1     0.8    94.3    65.2    83.1   0.408   0.430   0.447   0.444   0.479     2.3     2.2     3.0     4.1     6.1
04990 20151209  2.422  -96.62   43.73     6.1    -3.9     1.1     1.6     0.0     6.98 C     7.4    -5.1     0.7    99.8    77.1    91.3   0.431   0.451   0.449   0.443   0.481     2.4     2.3     3.1     4.1     5.9
04990 20151210  2.422  -96.62   43.73    10.1    -0.2     4.9     4.7     0.9     6.86 C     9.5    -2.2     3.0    94.4    45.6    76.6   0.474   0.455   0.452   0.443   0.479     3.1     2.9     3.3     4.0     5.8
04990 20151211  2.422  -96.62   43.73     5.5    -1.7     1.9     1.4     0.0     5.60 C     7.6    -2.7     0.8    98.7    73.6    89.6   0.461   0.457   0.449   0.447   0.480     2.8     2.6     3.4     4.2     5.8
04990 20151212  2.422  -96.62   43.73     2.0     0.5     1.2     1.3     0.0     1.06 C     2.7     0.1     1.6    98.7    86.9    93.3   0.430   0.444   0.450   0.445   0.483     3.1     2.9     3.4     4.2     5.8
04990 20151213  2.422  -96.62   43.73     1.7     0.8     1.2     1.2     0.2     1.09 C     2.9     1.0     1.5    98.8    94.5    96.7   0.423   0.439   0.454   0.444   0.479     3.2     3.0     3.6     4.3     5.8
04990 20151214  2.422  -96.62   43.73     1.0    -0.8     0.1     0.2     0.0     1.38 C     1.7    -0.3     0.6    98.1    92.0    95.8   0.416   0.430   0.453   0.446   0.480     3.0     2.9     3.6     4.3     5.8
04990 20151215  2.422  -96.62   43.73     1.0    -1.5    -0.3    -0.5     0.4     1.43 C     0.9    -0.9    -0.1    97.9    94.2    96.5   0.404   0.427   0.452   0.447   0.479     2.7     2.6     3.4     4.3     5.8
04990 20151216  2.422  -96.62   43.73     1.0    -6.1    -2.6    -2.7     5.6     5.04 C     0.9    -6.7    -2.6    98.2    76.7    88.5   0.429   0.445   0.454   0.445   0.479     2.2     2.2     3.1     4.1     5.7
04990 20151217  2.422  -96.62   43.73    -2.9   -12.0    -7.4    -6.7     0.0     7.59 C    -3.4   -13.4    -7.1    84.5    68.6    76.2   0.398   0.416   0.454   0.443   0.480     1.4     1.4     2.6     3.9     5.7
04990 20151218  2.422  -96.62   43.73    -7.6   -15.4   -11.5   -11.0     0.0     5.97 C    -5.6   -15.5   -11.1    85.6    65.3    77.3   0.365   0.377   0.440   0.445   0.477     1.0     1.0     2.2     3.7     5.6
04990 20151219  2.422  -96.62   43.73     0.5   -15.6    -7.5    -6.9     0.0     7.67 C    -0.1   -15.5    -7.2    89.7    69.5    82.1   0.336   0.351   0.423   0.443   0.479     0.7     0.8     1.9     3.4     5.4
04990 20151220  2.422  -96.62   43.73     1.4    -5.4    -2.0    -1.0     0.0     2.82 C     1.4    -4.3    -1.2    97.3    84.8    92.8   0.337   0.353   0.421   0.440   0.476     0.6     0.7     1.7     3.1     5.3
04990 20151221  2.422  -96.62   43.73    -5.3    -6.7    -6.0    -6.0     0.0     1.05 C    -3.2    -5.6    -4.6    96.5    93.2    94.5   0.337   0.351   0.420   0.441   0.475     0.6     0.6     1.6     3.0     5.1
04990 20151222  2.422  -96.62   43.73     4.7    -6.9    -1.1    -1.5     0.0     4.60 C     5.0    -5.7    -1.6    97.7    69.4    89.7   0.330   0.346   0.418   0.436   0.477     0.6     0.6     1.5     2.9     5.0
04990 20151223  2.422  -96.62   43.73     1.6    -4.5    -1.5    -0.5     0.0     2.39 C     1.9    -4.1    -0.8    96.7    73.8    86.4   0.340   0.349   0.419   0.434   0.478     0.6     0.6     1.5     2.8     4.9
04990 20151224  2.422  -96.62   43.73    -1.3    -7.2    -4.2    -4.5     0.0     3.97 C     2.4    -8.1    -4.0    95.1    73.0    83.6   0.334   0.346   0.412   0.426   0.478     0.6     0.5     1.4     2.7     4.7
04990 20151225  2.422  -96.62   43.73    -0.3    -7.6    -3.9    -2.8     4.6     3.62 C     2.2    -8.2    -2.3    97.0    85.3    94.0   0.324   0.339   0.411   0.412   0.476     0.5     0.5     1.4     2.6     4.6
04990 20151226  2.422  -96.62   43.73    -0.7    -8.6    -4.7    -3.9     5.8     2.90 C    -1.0    -9.1    -4.1    96.7    86.1    90.4   0.333   0.340   0.412   0.415   0.479     0.6     0.5     1.4     2.5     4.5
04990 20151227  2.422  -96.62   43.73    -8.6   -20.1   -14.4   -15.8     0.0     7.97 C    -8.8   -26.2   -18.1    88.6    66.8    76.2   0.335   0.339   0.411   0.412   0.477     0.6     0.5     1.3     2.5     4.4
04990 20151228  2.422  -96.62   43.73    -8.2   -17.6   -12.9   -12.1     4.5     3.95 C    -8.2   -20.0   -12.4    88.1    76.9    83.5   0.321   0.336   0.409   0.409   0.480     0.5     0.5     1.4     2.4     4.4
04990 20151229  2.422  -96.62   43.73    -4.9    -8.5    -6.7    -6.8     3.0     5.84 C    -2.8    -8.6    -6.8    92.7    81.6    87.1   0.320   0.334   0.406   0.408   0.478     0.5     0.5     1.3     2.4     4.3
04990 20151230  2.422  -96.62   43.73    -5.9   -16.6   -11.3    -8.3     2.3     3.63 C    -5.1   -21.9    -9.5    94.3    79.6    88.9   0.327   0.335   0.407   0.409   0.478     0.6     0.5     1.3     2.3     4.2
04990 20151231  2.422  -96.62   43.73    -6.0   -19.3   -12.7   -12.1     0.0     5.77 C    -6.6   -25.1   -14.2    87.4    78.5    83.6   0.331   0.336   0.406   0.408   0.478     0.6     0.5     1.3     2.3     4.1
