56401 20150101  2.515 -145.50   63.03    -3.4    -8.0    -5.7    -4.8     0.0     0.00 C    -5.2   -13.6    -8.1    96.4    66.4    80.3 -99.000 -99.000 -99.000 -99.000 -99.000 -9999.0 -9999.0 -9999.0 -9999.0 -9999.0
56401 20150102  2.515 -145.50   63.03    -6.3   -24.7   -15.5   -16.0     0.0     0.00 C   -11.8   -29.5   -23.1    83.9    46.4    69.1 -99.000 -99.000 -99.000 -99.000 -99.000 -9999.0 -9999.0 -9999.0 -9999.0 -9999.0
56401 20150103  2.515 -145.50   63.03   -22.1   -31.5   -26.8   -28.5     0.0     0.01 C   -27.5   -37.4   -34.8    84.5    60.4    75.5 -99.000 -99.000 -99.000 -99.000 -99.000 -9999.0 -9999.0 -9999.0 -9999.0 -9999.0
56401 20150104  2.515 -145.50   63.03   -25.4   -32.7   -29.1   -30.1     0.0     0.01 C   -32.3   -36.2   -35.0    80.3    71.7    75.0 -99.000 -99.000 -99.000 -99.000 -99.000 -9999.0 -9999.0 -9999.0 -9999.0 -9999.0
56401 20150105  2.515 -145.50   63.03   -27.1   -33.1   -30.1   -30.8     0.0     0.01 C   -34.2   -37.3   -35.8    79.4    71.8    74.4 -99.000 -99.000 -99.000 -99.000 -99.000 -9999.0 -9999.0 -9999.0 -9999.0 -9999.0
56401 20150106  2.515 -145.50   63.03   -29.3   -35.4   -32.4   -33.2     0.0     0.01 C   -34.9   -39.5   -38.4    78.1    69.8    72.6 -99.000 -99.000 -99.000 -99.000 -99.000 -9999.0 -9999.0 -9999.0 -9999.0 -9999.0
56401 20150107  2.515 -145.50   63.03   -27.3   -35.0   -31.2   -31.5     0.0     0.00 C   -32.4   -39.5   -36.1    77.7    70.2    73.7 -99.000 -99.000 -99.000 -99.000 -99.000 -9999.0 -9999.0 -9999.0 -9999.0 -9999.0
56401 20150108  2.515 -145.50   63.03   -13.9   -30.2   -22.1   -20.9     0.0     0.00 C   -13.4   -32.5   -21.0    87.9    74.2    81.8 -99.000 -99.000 -99.000 -99.000 -99.000 -9999.0 -9999.0 -9999.0 -9999.0 -9999.0
56401 20150109  2.515 -145.50   63.03    -7.4   -13.9   -10.7    -9.3     0.4     0.00 C    -6.6   -13.5    -9.0    93.9    87.5    91.3 -99.000 -99.000 -99.000 -99.000 -99.000 -9999.0 -9999.0 -9999.0 -9999.0 -9999.0
56401 20150110  2.515 -145.50   63.03    -5.6    -9.8    -7.7    -7.0     0.3     0.00 C    -5.2   -10.9    -7.0    94.7    90.5    93.3 -99.000 -99.000 -99.000 -99.000 -99.000 -9999.0 -9999.0 -9999.0 -9999.0 -9999.0
56401 20150111  2.515 -145.50   63.03    -4.9    -7.1    -6.0    -5.9     0.0     0.00 C    -5.1    -8.4    -6.3    95.2    92.7    94.2 -99.000 -99.000 -99.000 -99.000 -99.000 -9999.0 -9999.0 -9999.0 -9999.0 -9999.0
56401 20150112  2.515 -145.50   63.03    -4.3   -16.9   -10.6    -9.4     0.0     0.00 C    -5.0   -20.8   -12.0    95.8    83.3    91.3 -99.000 -99.000 -99.000 -99.000 -99.000 -9999.0 -9999.0 -9999.0 -9999.0 -9999.0
56401 20150113  2.515 -145.50   63.03    -1.9   -14.5    -8.2    -6.6     0.2     0.00 C    -2.9   -12.9    -8.2    98.7    87.2    93.6 -99.000 -99.000 -99.000 -99.000 -99.000 -9999.0 -9999.0 -9999.0 -9999.0 -9999.0
56401 20150114  2.515 -145.50   63.03    -3.2    -9.7    -6.4    -6.1     0.0     0.00 C    -4.6   -15.3    -9.7    97.2    83.4    92.3 -99.000 -99.000 -99.000 -99.000 -99.000 -9999.0 -9999.0 -9999.0 -9999.0 -9999.0
56401 20150115  2.515 -145.50   63.03    -1.2    -7.1    -4.2    -5.0     0.0     0.00 C    -3.9   -10.7    -6.8    95.4    80.0    92.5 -99.000 -99.000 -99.000 -99.000 -99.000 -9999.0 -9999.0 -9999.0 -9999.0 -9999.0
56401 20150116  2.515 -145.50   63.03    -2.3   -11.5    -6.9    -6.6     0.0     0.00 C    -5.4   -18.7   -10.8    95.8    80.6    91.0 -99.000 -99.000 -99.000 -99.000 -99.000 -9999.0 -9999.0 -9999.0 -9999.0 -9999.0
56401 20150117  2.515 -145.50   63.03    -8.6   -17.6   -13.1   -11.8     0.0     0.00 C    -9.1   -21.7   -14.8    92.1    81.8    87.5 -99.000 -99.000 -99.000 -99.000 -99.000 -9999.0 -9999.0 -9999.0 -9999.0 -9999.0
56401 20150118  2.515 -145.50   63.03    -7.4   -22.1   -14.8   -13.0     0.0     0.09 C    -8.9   -27.4   -16.2    95.5    81.4    88.7 -99.000 -99.000 -99.000 -99.000 -99.000 -9999.0 -9999.0 -9999.0 -9999.0 -9999.0
56401 20150119  2.515 -145.50   63.03   -18.6   -26.7   -22.7   -23.2     0.0     0.10 C   -25.7   -30.4   -28.6    85.6    77.1    80.8 -99.000 -99.000 -99.000 -99.000 -99.000 -9999.0 -9999.0 -9999.0 -9999.0 -9999.0
56401 20150120  2.515 -145.50   63.03   -14.6   -27.9   -21.2   -22.0     0.0     0.01 C   -16.7   -31.4   -24.1    87.7    76.2    81.5 -99.000 -99.000 -99.000 -99.000 -99.000 -9999.0 -9999.0 -9999.0 -9999.0 -9999.0
56401 20150121  2.515 -145.50   63.03   -14.2   -26.7   -20.5   -19.0     0.0     0.14 C   -18.0   -31.2   -24.6    88.5    75.8    83.6 -99.000 -99.000 -99.000 -99.000 -99.000 -9999.0 -9999.0 -9999.0 -9999.0 -9999.0
56401 20150122  2.515 -145.50   63.03   -14.5   -26.3   -20.4   -19.7     0.0     0.00 C   -13.9   -31.2   -21.4    86.6    78.1    82.7 -99.000 -99.000 -99.000 -99.000 -99.000 -9999.0 -9999.0 -9999.0 -9999.0 -9999.0
56401 20150123  2.515 -145.50   63.03   -15.8   -19.4   -17.6   -17.3     0.0     0.02 C   -15.2   -20.3   -17.2    82.4    76.1    79.1 -99.000 -99.000 -99.000 -99.000 -99.000 -9999.0 -9999.0 -9999.0 -9999.0 -9999.0
56401 20150124  2.515 -145.50   63.03   -16.4   -19.1   -17.8   -17.8     0.0     0.00 C   -16.2   -18.8   -17.2    83.7    75.6    79.5 -99.000 -99.000 -99.000 -99.000 -99.000 -9999.0 -9999.0 -9999.0 -9999.0 -9999.0
56401 20150125  2.515 -145.50   63.03   -18.7   -28.8   -23.8   -22.8     0.0     0.02 C   -18.8   -37.3   -25.6    80.6    64.1    72.0 -99.000 -99.000 -99.000 -99.000 -99.000 -9999.0 -9999.0 -9999.0 -9999.0 -9999.0
56401 20150126  2.515 -145.50   63.03   -28.5   -38.5   -33.5   -32.8     0.0     0.18 C   -33.4   -45.6   -40.1    83.8    69.9    73.7 -99.000 -99.000 -99.000 -99.000 -99.000 -9999.0 -9999.0 -9999.0 -9999.0 -9999.0
56401 20150127  2.515 -145.50   63.03   -29.0   -38.6   -33.8   -34.7     1.3     0.31 C   -36.8   -44.4   -42.1    79.9    69.6    72.8 -99.000 -99.000 -99.000 -99.000 -99.000 -9999.0 -9999.0 -9999.0 -9999.0 -9999.0
56401 20150128  2.515 -145.50   63.03   -25.3   -37.2   -31.2   -32.5     0.6     0.32 C   -33.1   -42.0   -38.8    78.8    70.5    73.9 -99.000 -99.000 -99.000 -99.000 -99.000 -9999.0 -9999.0 -9999.0 -9999.0 -9999.0
56401 20150129  2.515 -145.50   63.03   -16.9   -35.9   -26.4   -28.1     1.0     0.18 C   -16.8   -40.0   -32.0    84.0    62.3    73.4 -99.000 -99.000 -99.000 -99.000 -99.000 -9999.0 -9999.0 -9999.0 -9999.0 -9999.0
56401 20150130  2.515 -145.50   63.03   -17.2   -30.4   -23.8   -22.7     0.0     0.39 C   -17.0   -36.8   -28.8    83.1    61.6    71.3 -99.000 -99.000 -99.000 -99.000 -99.000 -9999.0 -9999.0 -9999.0 -9999.0 -9999.0
56401 20150131  2.515 -145.50   63.03   -21.7   -32.8   -27.2   -28.2     0.0     0.39 C   -29.6   -37.2   -34.4    83.5    73.6    77.2 -99.000 -99.000 -99.000 -99.000 -99.000 -9999.0 -9999.0 -9999.0 -9999.0 -9999.0
56401 20150201  2.515 -145.50   63.03   -12.6   -29.8   -21.2   -22.5     0.0     0.39 C   -19.4   -34.6   -29.8    87.6    64.1    77.1 -99.000 -99.000 -99.000 -99.000 -99.000 -9999.0 -9999.0 -9999.0 -9999.0 -9999.0
56401 20150202  2.515 -145.50   63.03   -16.4   -32.1   -24.2   -25.2     0.0     0.41 C   -21.6   -36.7   -32.3    84.5    74.6    78.9 -99.000 -99.000 -99.000 -99.000 -99.000 -9999.0 -9999.0 -9999.0 -9999.0 -9999.0
56401 20150203  2.515 -145.50   63.03   -20.6   -32.8   -26.7   -28.2     0.0     0.50 C   -29.1   -38.6   -35.8    83.6    72.2    76.9 -99.000 -99.000 -99.000 -99.000 -99.000 -9999.0 -9999.0 -9999.0 -9999.0 -9999.0
56401 20150204  2.515 -145.50   63.03   -19.4   -33.6   -26.5   -26.6     0.0     0.51 C   -26.8   -37.9   -33.6    83.2    73.3    76.9 -99.000 -99.000 -99.000 -99.000 -99.000 -9999.0 -9999.0 -9999.0 -9999.0 -9999.0
56401 20150205  2.515 -145.50   63.03   -14.5   -29.5   -22.0   -21.5     0.0     0.57 C   -22.1   -38.1   -31.5    85.8    47.2    68.0 -99.000 -99.000 -99.000 -99.000 -99.000 -9999.0 -9999.0 -9999.0 -9999.0 -9999.0
56401 20150206  2.515 -145.50   63.03   -18.5   -33.4   -25.9   -26.1     0.0     0.62 C   -26.6   -44.0   -35.6    76.4    37.3    60.1 -99.000 -99.000 -99.000 -99.000 -99.000 -9999.0 -9999.0 -9999.0 -9999.0 -9999.0
56401 20150207  2.515 -145.50   63.03   -22.7   -33.6   -28.2   -29.0     0.0     0.64 C   -28.6   -44.0   -37.7    76.4    47.3    63.2 -99.000 -99.000 -99.000 -99.000 -99.000 -9999.0 -9999.0 -9999.0 -9999.0 -9999.0
56401 20150208  2.515 -145.50   63.03   -28.8   -34.6   -31.7   -31.6     0.0     0.70 C   -30.9   -41.1   -36.7    74.4    55.6    64.3 -99.000 -99.000 -99.000 -99.000 -99.000 -9999.0 -9999.0 -9999.0 -9999.0 -9999.0
56401 20150209  2.515 -145.50   63.03   -21.7   -36.0   -28.8   -29.1     0.0     0.28 C   -20.0   -40.9   -30.3    80.6    55.6    70.0 -99.000 -99.000 -99.000 -99.000 -99.000 -9999.0 -9999.0 -9999.0 -9999.0 -9999.0
56401 20150210  2.515 -145.50   63.03    -8.1   -24.9   -16.5   -19.8     0.0     0.15 C   -11.1   -28.1   -19.6    88.4    69.6    76.9 -99.000 -99.000 -99.000 -99.000 -99.000 -9999.0 -9999.0 -9999.0 -9999.0 -9999.0
56401 20150211  2.515 -145.50   63.03   -12.0   -17.7   -14.9   -15.2     0.0     0.06 C   -11.7   -19.7   -15.0    87.5    73.2    81.3 -99.000 -99.000 -99.000 -99.000 -99.000 -9999.0 -9999.0 -9999.0 -9999.0 -9999.0
56401 20150212  2.515 -145.50   63.03    -9.3   -14.1   -11.7   -12.0     0.0     0.22 C   -10.2   -18.3   -13.4    94.3    82.4    88.0 -99.000 -99.000 -99.000 -99.000 -99.000 -9999.0 -9999.0 -9999.0 -9999.0 -9999.0
56401 20150213  2.515 -145.50   63.03   -11.1   -22.7   -16.9   -17.3     0.0     0.73 C   -15.4   -28.5   -23.8    88.7    81.1    85.2 -99.000 -99.000 -99.000 -99.000 -99.000 -9999.0 -9999.0 -9999.0 -9999.0 -9999.0
56401 20150214  2.515 -145.50   63.03    -4.0   -17.1   -10.5   -10.4     0.0     0.14 C    -6.9   -22.6   -11.9    92.7    80.8    87.6 -99.000 -99.000 -99.000 -99.000 -99.000 -9999.0 -9999.0 -9999.0 -9999.0 -9999.0
56401 20150215  2.515 -145.50   63.03     0.4    -7.0    -3.3    -4.3     0.0     2.15 C    -5.9   -13.2    -8.7    94.0    57.8    81.7 -99.000 -99.000 -99.000 -99.000 -99.000 -9999.0 -9999.0 -9999.0 -9999.0 -9999.0
56401 20150216  2.515 -145.50   63.03     2.0    -5.3    -1.7    -1.2     0.0     1.61 C    -0.5    -7.2    -3.4    95.5    73.7    83.9 -99.000 -99.000 -99.000 -99.000 -99.000 -9999.0 -9999.0 -9999.0 -9999.0 -9999.0
56401 20150217  2.515 -145.50   63.03     1.7   -15.8    -7.0    -5.9     0.0     3.29 C    -2.4   -24.0   -14.4    94.7    52.6    78.8 -99.000 -99.000 -99.000 -99.000 -99.000 -9999.0 -9999.0 -9999.0 -9999.0 -9999.0
56401 20150218  2.515 -145.50   63.03    -5.8   -19.1   -12.5   -13.7     0.0     3.17 C   -11.4   -25.2   -19.8    91.5    61.3    82.3 -99.000 -99.000 -99.000 -99.000 -99.000 -9999.0 -9999.0 -9999.0 -9999.0 -9999.0
56401 20150219  2.515 -145.50   63.03    -5.4   -20.8   -13.1   -12.7     0.0     2.14 C    -6.6   -26.8   -16.2    88.7    67.1    80.8 -99.000 -99.000 -99.000 -99.000 -99.000 -9999.0 -9999.0 -9999.0 -9999.0 -9999.0
56401 20150220  2.515 -145.50   63.03    -0.8    -9.7    -5.2    -5.6     0.0     3.71 C    -5.6   -13.5    -8.9    88.5    67.5    80.0 -99.000 -99.000 -99.000 -99.000 -99.000 -9999.0 -9999.0 -9999.0 -9999.0 -9999.0
56401 20150221  2.515 -145.50   63.03     2.5    -7.8    -2.7    -1.1     0.2     1.06 C     0.0    -7.7    -2.2    98.9    71.1    88.2 -99.000 -99.000 -99.000 -99.000 -99.000 -9999.0 -9999.0 -9999.0 -9999.0 -9999.0
56401 20150222  2.515 -145.50   63.03     2.6    -0.6     1.0     0.8     2.5     1.09 C     1.2    -2.2    -0.1    99.0    93.5    98.0 -99.000 -99.000 -99.000 -99.000 -99.000 -9999.0 -9999.0 -9999.0 -9999.0 -9999.0
56401 20150223  2.515 -145.50   63.03     0.6    -2.0    -0.7    -0.1    18.9     1.48 C     0.3    -5.6    -0.8    99.1    92.9    97.2 -99.000 -99.000 -99.000 -99.000 -99.000 -9999.0 -9999.0 -9999.0 -9999.0 -9999.0
56401 20150224  2.515 -145.50   63.03    -1.6    -7.5    -4.6    -3.5     2.1     1.97 C    -1.6   -13.3    -4.9    97.0    83.1    92.7 -99.000 -99.000 -99.000 -99.000 -99.000 -9999.0 -9999.0 -9999.0 -9999.0 -9999.0
56401 20150225  2.515 -145.50   63.03    -5.9   -17.3   -11.6    -9.5     0.0     5.48 C    -8.3   -25.5   -15.2    95.5    69.8    84.6 -99.000 -99.000 -99.000 -99.000 -99.000 -9999.0 -9999.0 -9999.0 -9999.0 -9999.0
56401 20150226  2.515 -145.50   63.03    -6.2   -23.4   -14.8   -15.9     0.0     5.71 C   -10.4   -29.0   -21.1    91.6    68.4    81.5 -99.000 -99.000 -99.000 -99.000 -99.000 -9999.0 -9999.0 -9999.0 -9999.0 -9999.0
56401 20150227  2.515 -145.50   63.03    -6.2   -23.3   -14.8   -15.3     0.0     4.49 C    -8.8   -28.5   -20.4    89.1    68.0    81.4 -99.000 -99.000 -99.000 -99.000 -99.000 -9999.0 -9999.0 -9999.0 -9999.0 -9999.0
56401 20150228  2.515 -145.50   63.03    -4.9   -16.0   -10.5    -9.6     1.1     2.39 C    -5.8   -21.6   -12.1    94.3    65.9    85.3 -99.000 -99.000 -99.000 -99.000 -99.000 -9999.0 -9999.0 -9999.0 -9999.0 -9999.0
56401 20150301  2.515 -145.50   63.03    -8.4   -20.8   -14.6   -13.6     0.0     3.44 C   -12.6   -28.9   -20.9    90.5    58.6    77.3 -99.000 -99.000 -99.000 -99.000 -99.000 -9999.0 -9999.0 -9999.0 -9999.0 -9999.0
56401 20150302  2.515 -145.50   63.03    -3.4   -22.3   -12.9   -13.8     0.0     4.35 C   -10.1   -29.4   -19.6    87.1    49.7    73.7 -99.000 -99.000 -99.000 -99.000 -99.000 -9999.0 -9999.0 -9999.0 -9999.0 -9999.0
56401 20150303  2.515 -145.50   63.03    -0.3   -11.1    -5.7    -3.7     3.7     1.34 C    -1.3   -13.6    -4.8    96.6    77.6    90.7 -99.000 -99.000 -99.000 -99.000 -99.000 -9999.0 -9999.0 -9999.0 -9999.0 -9999.0
56401 20150304  2.515 -145.50   63.03     0.9    -6.1    -2.6    -2.6     0.0     4.93 C     0.5   -11.9    -4.9    96.6    77.7    89.5 -99.000 -99.000 -99.000 -99.000 -99.000 -9999.0 -9999.0 -9999.0 -9999.0 -9999.0
56401 20150305  2.515 -145.50   63.03     0.5    -5.5    -2.5    -2.6     0.5     4.72 C    -0.3    -8.5    -4.0    96.4    74.7    89.5 -99.000 -99.000 -99.000 -99.000 -99.000 -9999.0 -9999.0 -9999.0 -9999.0 -9999.0
56401 20150306  2.515 -145.50   63.03    -0.5    -3.5    -2.0    -1.9     9.2     1.55 C    -1.2    -4.3    -2.8    96.5    80.3    91.8 -99.000 -99.000 -99.000 -99.000 -99.000 -9999.0 -9999.0 -9999.0 -9999.0 -9999.0
56401 20150307  2.515 -145.50   63.03     0.2    -9.0    -4.4    -2.0    19.5     1.87 C    -0.9   -17.2    -3.7    96.9    55.8    85.1 -99.000 -99.000 -99.000 -99.000 -99.000 -9999.0 -9999.0 -9999.0 -9999.0 -9999.0
56401 20150308  2.515 -145.50   63.03    -6.0   -19.3   -12.6   -13.5     0.0     6.38 C   -13.5   -28.4   -19.1    91.2    62.2    75.9 -99.000 -99.000 -99.000 -99.000 -99.000 -9999.0 -9999.0 -9999.0 -9999.0 -9999.0
56401 20150309  2.515 -145.50   63.03   -15.3   -23.7   -19.5   -17.6     0.0     8.35 C   -17.3   -35.0   -22.6    75.2    53.8    63.2 -99.000 -99.000 -99.000 -99.000 -99.000 -9999.0 -9999.0 -9999.0 -9999.0 -9999.0
56401 20150310  2.515 -145.50   63.03   -19.6   -26.4   -23.0   -23.3     0.0     8.78 C   -21.8   -37.8   -31.2    74.1    57.1    66.8 -99.000 -99.000 -99.000 -99.000 -99.000 -9999.0 -9999.0 -9999.0 -9999.0 -9999.0
56401 20150311  2.515 -145.50   63.03   -20.3   -30.0   -25.1   -24.6     0.0     8.99 C   -22.4   -41.2   -31.7    79.8    59.3    67.9 -99.000 -99.000 -99.000 -99.000 -99.000 -9999.0 -9999.0 -9999.0 -9999.0 -9999.0
56401 20150312  2.515 -145.50   63.03   -19.7   -26.0   -22.8   -22.4     0.0     5.80 C   -20.7   -37.1   -27.8    69.8    54.7    61.8 -99.000 -99.000 -99.000 -99.000 -99.000 -9999.0 -9999.0 -9999.0 -9999.0 -9999.0
56401 20150313  2.515 -145.50   63.03   -20.0   -24.1   -22.0   -22.2     1.6     7.74 C   -18.9   -28.8   -23.3    75.8    60.7    68.3 -99.000 -99.000 -99.000 -99.000 -99.000 -9999.0 -9999.0 -9999.0 -9999.0 -9999.0
56401 20150314  2.515 -145.50   63.03   -21.7   -30.7   -26.2   -25.2     0.0     9.70 C   -24.0   -39.0   -30.3    73.9    48.3    61.2 -99.000 -99.000 -99.000 -99.000 -99.000 -9999.0 -9999.0 -9999.0 -9999.0 -9999.0
56401 20150315  2.515 -145.50   63.03   -12.1   -38.1   -25.1   -24.4     0.3     6.52 C   -14.3   -44.7   -27.9    83.2    56.8    71.1 -99.000 -99.000 -99.000 -99.000 -99.000 -9999.0 -9999.0 -9999.0 -9999.0 -9999.0
56401 20150316  2.515 -145.50   63.03     0.8   -12.5    -5.8    -6.9     0.0     7.84 C    -4.0   -20.4   -13.1    87.6    36.4    64.8 -99.000 -99.000 -99.000 -99.000 -99.000 -9999.0 -9999.0 -9999.0 -9999.0 -9999.0
56401 20150317  2.515 -145.50   63.03     0.1   -13.2    -6.6    -7.2     0.0    10.60 C    -5.3   -22.3   -14.5    94.2    51.3    75.4 -99.000 -99.000 -99.000 -99.000 -99.000 -9999.0 -9999.0 -9999.0 -9999.0 -9999.0
56401 20150318  2.515 -145.50   63.03     2.9   -20.3    -8.7    -8.6     0.0    10.24 C    -4.0   -27.6   -15.8    92.7    30.0    61.5 -99.000 -99.000 -99.000 -99.000 -99.000 -9999.0 -9999.0 -9999.0 -9999.0 -9999.0
56401 20150319  2.515 -145.50   63.03     0.3   -17.8    -8.7    -8.1     0.0    11.13 C    -4.5   -24.6   -14.5    91.3    52.1    72.0 -99.000 -99.000 -99.000 -99.000 -99.000 -9999.0 -9999.0 -9999.0 -9999.0 -9999.0
56401 20150320  2.515 -145.50   63.03     1.6   -17.3    -7.8    -6.6     0.0    11.80 C    -4.4   -22.2   -13.7    91.5    42.1    64.0 -99.000 -99.000 -99.000 -99.000 -99.000 -9999.0 -9999.0 -9999.0 -9999.0 -9999.0
56401 20150321  2.515 -145.50   63.03    -0.4   -14.9    -7.7    -7.6     0.0    10.67 C    -3.2   -21.8   -13.7    87.8    52.6    70.1 -99.000 -99.000 -99.000 -99.000 -99.000 -9999.0 -9999.0 -9999.0 -9999.0 -9999.0
56401 20150322  2.515 -145.50   63.03     1.0   -16.2    -7.6    -8.3     0.0    11.30 C     0.0   -22.5   -12.6    90.9    53.9    75.9 -99.000 -99.000 -99.000 -99.000 -99.000 -9999.0 -9999.0 -9999.0 -9999.0 -9999.0
56401 20150323  2.515 -145.50   63.03    -2.5   -21.0   -11.8   -11.0     0.0    12.44 C    -5.9   -28.0   -17.2    92.5    51.0    73.1 -99.000 -99.000 -99.000 -99.000 -99.000 -9999.0 -9999.0 -9999.0 -9999.0 -9999.0
56401 20150324  2.515 -145.50   63.03    -1.2   -20.8   -11.0   -11.0     0.0    13.18 C    -5.0   -28.2   -17.4    92.5    53.2    73.0 -99.000 -99.000 -99.000 -99.000 -99.000 -9999.0 -9999.0 -9999.0 -9999.0 -9999.0
56401 20150325  2.515 -145.50   63.03     0.7   -22.1   -10.7   -10.0     0.0    13.76 C    -5.5   -28.8   -16.8    90.7    32.4    62.1 -99.000 -99.000 -99.000 -99.000 -99.000 -9999.0 -9999.0 -9999.0 -9999.0 -9999.0
56401 20150326  2.515 -145.50   63.03     3.2   -16.2    -6.5    -4.3     0.0     7.97 C    -0.1   -22.1    -9.8    86.8    38.4    64.7 -99.000 -99.000 -99.000 -99.000 -99.000 -9999.0 -9999.0 -9999.0 -9999.0 -9999.0
56401 20150327  2.515 -145.50   63.03     2.7    -7.4    -2.4    -1.9     0.4     8.66 C     0.3   -15.9    -6.4    95.0    50.7    76.3 -99.000 -99.000 -99.000 -99.000 -99.000 -9999.0 -9999.0 -9999.0 -9999.0 -9999.0
56401 20150328  2.515 -145.50   63.03     0.4   -13.0    -6.3    -6.0     0.0    14.23 C    -1.8   -20.9   -12.3    92.2    49.0    70.3 -99.000 -99.000 -99.000 -99.000 -99.000 -9999.0 -9999.0 -9999.0 -9999.0 -9999.0
56401 20150329  2.515 -145.50   63.03     4.3    -8.5    -2.1    -2.2     0.0    11.00 C     0.7   -15.7    -7.4    76.1    43.3    60.0 -99.000 -99.000 -99.000 -99.000 -99.000 -9999.0 -9999.0 -9999.0 -9999.0 -9999.0
56401 20150330  2.515 -145.50   63.03     3.0    -6.9    -2.0    -2.1     0.0    15.18 C    -0.7   -14.9    -7.4    82.4    48.6    66.0 -99.000 -99.000 -99.000 -99.000 -99.000 -9999.0 -9999.0 -9999.0 -9999.0 -9999.0
56401 20150331  2.515 -145.50   63.03     1.4    -8.7    -3.7    -3.3     0.9     7.73 C    -0.3   -16.4    -7.7    96.2    48.7    71.8 -99.000 -99.000 -99.000 -99.000 -99.000 -9999.0 -9999.0 -9999.0 -9999.0 -9999.0
56401 20150401  2.515 -145.50   63.03     1.6   -10.6    -4.5    -4.5     0.0    12.01 C    -0.5   -19.3   -10.2    94.4    49.2    73.2 -99.000 -99.000 -99.000 -99.000 -99.000 -9999.0 -9999.0 -9999.0 -9999.0 -9999.0
56401 20150402  2.515 -145.50   63.03     1.8   -11.3    -4.7    -3.8     0.0    11.31 C    -0.5   -17.6    -9.1    84.4    53.5    69.8 -99.000 -99.000 -99.000 -99.000 -99.000 -9999.0 -9999.0 -9999.0 -9999.0 -9999.0
56401 20150403  2.515 -145.50   63.03    -0.8    -6.2    -3.5    -3.8     0.0    13.08 C    -2.8   -15.6    -8.4    80.4    59.7    70.2 -99.000 -99.000 -99.000 -99.000 -99.000 -9999.0 -9999.0 -9999.0 -9999.0 -9999.0
56401 20150404  2.515 -145.50   63.03     0.6   -11.7    -5.5    -4.8     1.5    12.61 C     0.2   -17.5    -6.8    88.0    64.4    77.9 -99.000 -99.000 -99.000 -99.000 -99.000 -9999.0 -9999.0 -9999.0 -9999.0 -9999.0
56401 20150405  2.515 -145.50   63.03     0.9   -11.8    -5.5    -4.1     2.3    10.68 C    -0.5   -16.1    -5.8    92.5    54.6    79.6 -99.000 -99.000 -99.000 -99.000 -99.000 -9999.0 -9999.0 -9999.0 -9999.0 -9999.0
56401 20150406  2.515 -145.50   63.03     2.9    -4.2    -0.7    -0.7     0.0     8.89 C    -0.3   -11.2    -4.2    89.4    51.0    68.8 -99.000 -99.000 -99.000 -99.000 -99.000 -9999.0 -9999.0 -9999.0 -9999.0 -9999.0
56401 20150407  2.515 -145.50   63.03     6.6    -5.4     0.6     1.3     0.0    12.71 C     0.5   -13.6    -4.3    81.4    33.6    58.1 -99.000 -99.000 -99.000 -99.000 -99.000 -9999.0 -9999.0 -9999.0 -9999.0 -9999.0
56401 20150408  2.515 -145.50   63.03     3.2   -10.7    -3.8    -2.4     0.0    13.45 C    -0.1   -18.1    -8.7    87.0    36.2    59.2 -99.000 -99.000 -99.000 -99.000 -99.000 -9999.0 -9999.0 -9999.0 -9999.0 -9999.0
56401 20150409  2.515 -145.50   63.03     1.7    -8.8    -3.6    -2.6     0.0    12.26 C    -0.9   -15.7    -7.5    86.2    38.7    59.3 -99.000 -99.000 -99.000 -99.000 -99.000 -9999.0 -9999.0 -9999.0 -9999.0 -9999.0
56401 20150410  2.515 -145.50   63.03    -0.3    -8.9    -4.6    -3.9     2.7     5.48 C    -2.5   -16.5    -7.3    93.2    59.2    77.6 -99.000 -99.000 -99.000 -99.000 -99.000 -9999.0 -9999.0 -9999.0 -9999.0 -9999.0
56401 20150411  2.515 -145.50   63.03    -1.4    -8.4    -4.9    -4.2     3.4     7.69 C    -1.5   -15.9    -6.3    94.4    76.5    87.0 -99.000 -99.000 -99.000 -99.000 -99.000 -9999.0 -9999.0 -9999.0 -9999.0 -9999.0
56401 20150412  2.515 -145.50   63.03     0.7   -10.5    -4.9    -4.5     1.1    13.63 C    -0.8   -20.1    -8.7    94.0    49.1    73.9 -99.000 -99.000 -99.000 -99.000 -99.000 -9999.0 -9999.0 -9999.0 -9999.0 -9999.0
56401 20150413  2.515 -145.50   63.03    -2.9   -14.5    -8.7    -8.1     0.0    19.53 C    -5.4   -23.5   -14.3    87.2    43.6    63.1 -99.000 -99.000 -99.000 -99.000 -99.000 -9999.0 -9999.0 -9999.0 -9999.0 -9999.0
56401 20150414  2.515 -145.50   63.03    -0.4   -14.6    -7.5    -6.6     0.0    18.56 C    -3.0   -22.9   -11.6    87.7    31.3    56.6 -99.000 -99.000 -99.000 -99.000 -99.000 -9999.0 -9999.0 -9999.0 -9999.0 -9999.0
56401 20150415  2.515 -145.50   63.03     2.4    -7.8    -2.7    -3.3     0.0    15.55 C    -1.1   -16.5    -8.0    74.9    29.4    51.5 -99.000 -99.000 -99.000 -99.000 -99.000 -9999.0 -9999.0 -9999.0 -9999.0 -9999.0
56401 20150416  2.515 -145.50   63.03     4.6    -6.2    -0.8    -0.1     0.0    11.85 C     0.1   -11.3    -4.3    80.6    44.0    60.5 -99.000 -99.000 -99.000 -99.000 -99.000 -9999.0 -9999.0 -9999.0 -9999.0 -9999.0
56401 20150417  2.515 -145.50   63.03     3.5    -6.2    -1.4    -0.9     0.0    17.94 C     0.2   -12.5    -5.5    84.5    30.8    55.8 -99.000 -99.000 -99.000 -99.000 -99.000 -9999.0 -9999.0 -9999.0 -9999.0 -9999.0
56401 20150418  2.515 -145.50   63.03     6.0    -3.7     1.1     1.0     0.0    13.67 C     0.6    -7.8    -2.3    76.0    38.8    60.6 -99.000 -99.000 -99.000 -99.000 -99.000 -9999.0 -9999.0 -9999.0 -9999.0 -9999.0
56401 20150419  2.515 -145.50   63.03     6.8    -3.2     1.8     2.2     0.0    14.05 C     0.6    -9.2    -1.9    85.3    32.0    61.5 -99.000 -99.000 -99.000 -99.000 -99.000 -9999.0 -9999.0 -9999.0 -9999.0 -9999.0
56401 20150420  2.515 -145.50   63.03     2.2    -7.7    -2.8    -2.4     2.8    13.25 C     0.2   -16.4    -6.2    97.2    43.6    71.5 -99.000 -99.000 -99.000 -99.000 -99.000 -9999.0 -9999.0 -9999.0 -9999.0 -9999.0
56401 20150421  2.515 -145.50   63.03    -1.8   -11.4    -6.6    -5.6     0.8    12.78 C    -1.5   -19.0    -9.8    94.6    54.0    75.2 -99.000 -99.000 -99.000 -99.000 -99.000 -9999.0 -9999.0 -9999.0 -9999.0 -9999.0
56401 20150422  2.515 -145.50   63.03    -0.5   -13.5    -7.0    -6.1     0.0    20.86 C    -3.0   -20.6   -11.7    90.4    41.2    61.4 -99.000 -99.000 -99.000 -99.000 -99.000 -9999.0 -9999.0 -9999.0 -9999.0 -9999.0
56401 20150423  2.515 -145.50   63.03     4.2   -14.9    -5.4    -3.6     0.0    21.39 C    -0.8   -21.2    -9.9    81.5    29.9    46.6 -99.000 -99.000 -99.000 -99.000 -99.000 -9999.0 -9999.0 -9999.0 -9999.0 -9999.0
56401 20150424  2.515 -145.50   63.03     4.2   -12.4    -4.1    -2.5     0.0    21.63 C    -0.5   -19.5    -8.8    86.2    32.5    52.6 -99.000 -99.000 -99.000 -99.000 -99.000 -9999.0 -9999.0 -9999.0 -9999.0 -9999.0
56401 20150425  2.515 -145.50   63.03     4.6    -8.8    -2.1    -1.0     0.0    19.09 C     0.3   -14.5    -5.7    80.1    36.6    55.7 -99.000 -99.000 -99.000 -99.000 -99.000 -9999.0 -9999.0 -9999.0 -9999.0 -9999.0
56401 20150426  2.515 -145.50   63.03     7.6    -6.1     0.7     1.5     0.0    18.61 C     0.4   -11.7    -3.8    76.2    37.8    56.1 -99.000 -99.000 -99.000 -99.000 -99.000 -9999.0 -9999.0 -9999.0 -9999.0 -9999.0
56401 20150427  2.515 -145.50   63.03     3.0    -0.6     1.2     1.2     2.7    11.46 C     0.3    -2.1    -0.3    98.1    68.2    87.5 -99.000 -99.000 -99.000 -99.000 -99.000 -9999.0 -9999.0 -9999.0 -9999.0 -9999.0
56401 20150428  2.515 -145.50   63.03     5.5    -1.2     2.2     1.7     0.0    20.16 C     0.5    -5.3    -0.9    98.2    42.6    73.9 -99.000 -99.000 -99.000 -99.000 -99.000 -9999.0 -9999.0 -9999.0 -9999.0 -9999.0
56401 20150429  2.515 -145.50   63.03     4.5    -3.0     0.7     1.2     0.0    17.79 C     0.7    -6.8    -2.2    91.6    43.0    65.9 -99.000 -99.000 -99.000 -99.000 -99.000 -9999.0 -9999.0 -9999.0 -9999.0 -9999.0
56401 20150430  2.515 -145.50   63.03     4.0    -2.8     0.6     0.8     0.0    18.52 C     0.4    -6.1    -1.9    91.2    55.1    73.0 -99.000 -99.000 -99.000 -99.000 -99.000 -9999.0 -9999.0 -9999.0 -9999.0 -9999.0
56401 20150501  2.515 -145.50   63.03     5.4    -7.0    -0.8     0.3     0.0    24.03 C     0.2   -10.3    -3.5    94.8    36.9    64.8 -99.000 -99.000 -99.000 -99.000 -99.000 -9999.0 -9999.0 -9999.0 -9999.0 -9999.0
56401 20150502  2.515 -145.50   63.03     5.3    -5.8    -0.3     0.6     0.0    23.40 C     0.2   -10.0    -3.5    87.0    44.9    64.5 -99.000 -99.000 -99.000 -99.000 -99.000 -9999.0 -9999.0 -9999.0 -9999.0 -9999.0
56401 20150503  2.515 -145.50   63.03     7.0    -4.2     1.4     1.7     0.0    24.22 C     0.2    -8.6    -3.2    76.5    33.1    55.3 -99.000 -99.000 -99.000 -99.000 -99.000 -9999.0 -9999.0 -9999.0 -9999.0 -9999.0
56401 20150504  2.515 -145.50   63.03     8.1    -3.2     2.4     2.7     0.0    24.73 C     0.3    -8.1    -2.9    77.1    29.0    51.9 -99.000 -99.000 -99.000 -99.000 -99.000 -9999.0 -9999.0 -9999.0 -9999.0 -9999.0
56401 20150505  2.515 -145.50   63.03     7.9    -2.5     2.7     3.3     0.0    20.67 C     0.7    -6.2    -1.3    81.8    37.6    58.0 -99.000 -99.000 -99.000 -99.000 -99.000 -9999.0 -9999.0 -9999.0 -9999.0 -9999.0
56401 20150506  2.515 -145.50   63.03     7.4    -3.7     1.8     2.7     0.0    24.29 C     0.4    -7.2    -2.2    93.1    37.3    63.5 -99.000 -99.000 -99.000 -99.000 -99.000 -9999.0 -9999.0 -9999.0 -9999.0 -9999.0
56401 20150507  2.515 -145.50   63.03     6.5    -3.8     1.4     2.4     1.3     9.84 C     0.5    -6.7    -1.3    96.1    60.5    74.5 -99.000 -99.000 -99.000 -99.000 -99.000 -9999.0 -9999.0 -9999.0 -9999.0 -9999.0
56401 20150508  2.515 -145.50   63.03     9.6     1.4     5.5     5.1     2.4    14.70 C     1.0    -0.1     0.2    97.2    54.4    75.7 -99.000 -99.000 -99.000 -99.000 -99.000 -9999.0 -9999.0 -9999.0 -9999.0 -9999.0
56401 20150509  2.515 -145.50   63.03     8.3    -1.0     3.7     4.5     6.6     8.12 C     0.4    -3.6    -0.3    96.4    56.3    78.3 -99.000 -99.000 -99.000 -99.000 -99.000 -9999.0 -9999.0 -9999.0 -9999.0 -9999.0
56401 20150510  2.515 -145.50   63.03     8.6    -3.3     2.7     3.4     0.0    25.62 C     0.6    -6.7    -1.9    95.5    36.6    62.1 -99.000 -99.000 -99.000 -99.000 -99.000 -9999.0 -9999.0 -9999.0 -9999.0 -9999.0
56401 20150511  2.515 -145.50   63.03     7.6    -2.9     2.3     3.5     0.0    22.11 C     3.5    -4.6     0.1    90.0    39.2    61.2 -99.000 -99.000 -99.000 -99.000 -99.000 -9999.0 -9999.0 -9999.0 -9999.0 -9999.0
56401 20150512  2.515 -145.50   63.03    11.8     0.5     6.1     6.4     0.0    23.89 C     6.4    -1.4     2.0    79.5    30.8    53.5 -99.000 -99.000 -99.000 -99.000 -99.000 -9999.0 -9999.0 -9999.0 -9999.0 -9999.0
56401 20150513  2.515 -145.50   63.03    14.9     0.2     7.5     8.3     0.0    22.64 C     9.7    -2.1     3.2    80.3    25.1    49.2 -99.000 -99.000 -99.000 -99.000 -99.000 -9999.0 -9999.0 -9999.0 -9999.0 -9999.0
56401 20150514  2.515 -145.50   63.03    15.5    -0.6     7.5     7.9     0.0    22.07 C    14.3    -1.3     5.7    86.6    22.1    50.1 -99.000 -99.000 -99.000 -99.000 -99.000 -9999.0 -9999.0 -9999.0 -9999.0 -9999.0
56401 20150515  2.515 -145.50   63.03    18.0     0.2     9.1     9.3     0.0    24.38 C    20.8    -0.9     8.2    76.9    17.9    42.3 -99.000 -99.000 -99.000 -99.000 -99.000 -9999.0 -9999.0 -9999.0 -9999.0 -9999.0
56401 20150516  2.515 -145.50   63.03    14.6    -1.7     6.5     8.0     0.0    26.40 C    19.7    -1.4     8.7    81.1    28.9    47.4 -99.000 -99.000 -99.000 -99.000 -99.000 -9999.0 -9999.0 -9999.0 -9999.0 -9999.0
56401 20150517  2.515 -145.50   63.03    18.5    -2.6     7.9     9.5     0.0    27.19 C    21.4    -1.4     9.8    90.7    13.2    43.7 -99.000 -99.000 -99.000 -99.000 -99.000 -9999.0 -9999.0 -9999.0 -9999.0 -9999.0
56401 20150518  2.515 -145.50   63.03    19.6     0.0     9.8    11.4     0.0    26.87 C    21.3    -1.1    10.5    70.2    16.5    35.8 -99.000 -99.000 -99.000 -99.000 -99.000 -9999.0 -9999.0 -9999.0 -9999.0 -9999.0
56401 20150519  2.515 -145.50   63.03    18.6    -0.2     9.2    10.8     0.0    24.45 C    22.4    -1.0    10.2    68.3    18.9    39.1 -99.000 -99.000 -99.000 -99.000 -99.000 -9999.0 -9999.0 -9999.0 -9999.0 -9999.0
56401 20150520  2.515 -145.50   63.03    19.2    -0.3     9.5    10.4     0.0    24.14 C    21.8    -1.4    10.4    71.6    20.2    41.3 -99.000 -99.000 -99.000 -99.000 -99.000 -9999.0 -9999.0 -9999.0 -9999.0 -9999.0
56401 20150521  2.515 -145.50   63.03    21.3     1.1    11.2    12.5     0.0    27.24 C    24.0     0.4    12.1    66.8    13.0    35.6 -99.000 -99.000 -99.000 -99.000 -99.000 -9999.0 -9999.0 -9999.0 -9999.0 -9999.0
56401 20150522  2.515 -145.50   63.03    23.7    -1.1    11.3    14.2     0.0    26.97 C    24.9    -0.1    12.9    83.9    14.9    38.1 -99.000 -99.000 -99.000 -99.000 -99.000 -9999.0 -9999.0 -9999.0 -9999.0 -9999.0
56401 20150523  2.515 -145.50   63.03    23.5     3.7    13.6    15.0     0.0    26.74 C    24.5     1.4    13.3    66.7    14.8    34.2 -99.000 -99.000 -99.000 -99.000 -99.000 -9999.0 -9999.0 -9999.0 -9999.0 -9999.0
56401 20150524  2.515 -145.50   63.03    18.5     2.7    10.6    11.1     0.2    21.99 C    24.8     1.8    12.6    93.6    29.2    51.1 -99.000 -99.000 -99.000 -99.000 -99.000 -9999.0 -9999.0 -9999.0 -9999.0 -9999.0
56401 20150525  2.515 -145.50   63.03    16.4     4.2    10.3    10.2     0.3    22.57 C    31.4     3.7    14.1    96.4    29.3    62.1 -99.000 -99.000 -99.000 -99.000 -99.000 -9999.0 -9999.0 -9999.0 -9999.0 -9999.0
56401 20150526  2.515 -145.50   63.03    14.1     0.9     7.5     8.2     0.3     8.37 C    18.0     1.2     9.5    89.2    46.7    71.4 -99.000 -99.000 -99.000 -99.000 -99.000 -9999.0 -9999.0 -9999.0 -9999.0 -9999.0
56401 20150527  2.515 -145.50   63.03    18.7     5.2    12.0    13.4     0.0    14.58 C    31.2     5.6    15.0    92.5    39.0    60.0 -99.000 -99.000 -99.000 -99.000 -99.000 -9999.0 -9999.0 -9999.0 -9999.0 -9999.0
56401 20150528  2.515 -145.50   63.03    19.6     7.3    13.5    13.3     0.8    15.21 C    29.8     6.1    14.9    81.1    43.2    63.5 -99.000 -99.000 -99.000 -99.000 -99.000 -9999.0 -9999.0 -9999.0 -9999.0 -9999.0
56401 20150529  2.515 -145.50   63.03 -9999.0 -9999.0 -9999.0 -9999.0     0.0    22.66 C    31.3     3.8    16.2    84.4    26.2    52.2 -99.000 -99.000 -99.000 -99.000 -99.000 -9999.0 -9999.0 -9999.0 -9999.0 -9999.0
56401 20150530  2.515 -145.50   63.03    20.1     3.7    11.9    13.7     0.0    27.29 C    33.5     2.5    16.8    83.4    21.1    46.1 -99.000 -99.000 -99.000 -99.000 -99.000 -9999.0 -9999.0 -9999.0 -9999.0 -9999.0
56401 20150531  2.515 -145.50   63.03    18.5     6.1    12.3    13.0     0.0    28.58 C    33.9     3.2    17.5    76.6    19.4    43.4 -99.000 -99.000 -99.000 -99.000 -99.000 -9999.0 -9999.0 -9999.0 -9999.0 -9999.0
56401 20150601  2.515 -145.50   63.03    12.1     2.2     7.1     8.6     0.0    18.53 C    31.9     1.3    14.0    79.6    40.8    53.7 -99.000 -99.000 -99.000 -99.000 -99.000 -9999.0 -9999.0 -9999.0 -9999.0 -9999.0
56401 20150602  2.515 -145.50   63.03    12.6    -0.7     5.9     7.0    10.0    13.60 C    28.1    -1.0    10.9    97.6    46.1    73.4 -99.000 -99.000 -99.000 -99.000 -99.000 -9999.0 -9999.0 -9999.0 -9999.0 -9999.0
56401 20150603  2.515 -145.50   63.03    12.6     4.4     8.5     7.8     4.3    13.72 C    19.3     6.0    10.1    97.7    31.5    72.5 -99.000 -99.000 -99.000 -99.000 -99.000 -9999.0 -9999.0 -9999.0 -9999.0 -9999.0
56401 20150604  2.515 -145.50   63.03    11.8     2.9     7.3     7.5     2.8     7.82 C    16.0     4.9     9.6    96.1    51.3    75.4 -99.000 -99.000 -99.000 -99.000 -99.000 -9999.0 -9999.0 -9999.0 -9999.0 -9999.0
56401 20150605  2.515 -145.50   63.03    12.4     3.0     7.7     7.4     0.2    16.06 C    20.6     3.0     8.8    82.4    37.4    57.4 -99.000 -99.000 -99.000 -99.000 -99.000 -9999.0 -9999.0 -9999.0 -9999.0 -9999.0
56401 20150606  2.515 -145.50   63.03    13.0     1.3     7.1     7.2     0.0    20.06 C    24.3     1.7    10.1    86.6    35.0    58.6 -99.000 -99.000 -99.000 -99.000 -99.000 -9999.0 -9999.0 -9999.0 -9999.0 -9999.0
56401 20150607  2.515 -145.50   63.03    15.2    -0.1     7.6     7.9     0.0    21.91 C    27.8     0.4    11.4    94.0    30.6    62.2 -99.000 -99.000 -99.000 -99.000 -99.000 -9999.0 -9999.0 -9999.0 -9999.0 -9999.0
56401 20150608  2.515 -145.50   63.03    11.4     3.4     7.4     7.8     0.7    14.79 C    17.3     1.9     9.5    95.9    38.8    61.8 -99.000 -99.000 -99.000 -99.000 -99.000 -9999.0 -9999.0 -9999.0 -9999.0 -9999.0
56401 20150609  2.515 -145.50   63.03    11.9    -2.2     4.8     5.9     1.1    16.53 C    21.5    -1.5     9.1    95.9    38.0    62.9 -99.000 -99.000 -99.000 -99.000 -99.000 -9999.0 -9999.0 -9999.0 -9999.0 -9999.0
56401 20150610  2.515 -145.50   63.03    13.4     1.9     7.6     6.5     5.8    18.38 C    25.8     2.5    10.4    97.5    40.0    78.4 -99.000 -99.000 -99.000 -99.000 -99.000 -9999.0 -9999.0 -9999.0 -9999.0 -9999.0
56401 20150611  2.515 -145.50   63.03    11.0     3.7     7.3     7.1     1.3    15.00 C    22.0     4.5    11.0    97.9    46.9    77.4 -99.000 -99.000 -99.000 -99.000 -99.000 -9999.0 -9999.0 -9999.0 -9999.0 -9999.0
56401 20150612  2.515 -145.50   63.03    12.9     1.9     7.4     6.9     2.7    20.07 C    21.4     2.4    10.1    95.6    40.0    70.6 -99.000 -99.000 -99.000 -99.000 -99.000 -9999.0 -9999.0 -9999.0 -9999.0 -9999.0
56401 20150613  2.515 -145.50   63.03    16.9     0.2     8.5    10.2     0.0    28.94 C    24.1    -0.1    12.4    85.3    25.7    47.8 -99.000 -99.000 -99.000 -99.000 -99.000 -9999.0 -9999.0 -9999.0 -9999.0 -9999.0
56401 20150614  2.515 -145.50   63.03    20.4     1.9    11.1    13.2     0.0    25.33 C    30.4     1.6    15.5    79.4    26.1    46.2 -99.000 -99.000 -99.000 -99.000 -99.000 -9999.0 -9999.0 -9999.0 -9999.0 -9999.0
56401 20150615  2.515 -145.50   63.03    23.9     5.7    14.8    16.3     0.0    28.73 C    35.7     4.6    19.0    79.7    18.2    41.5 -99.000 -99.000 -99.000 -99.000 -99.000 -9999.0 -9999.0 -9999.0 -9999.0 -9999.0
56401 20150616  2.515 -145.50   63.03    23.7     7.9    15.8    16.9     0.0    26.35 C    39.1     5.9    20.4    71.7    25.1    44.0 -99.000 -99.000 -99.000 -99.000 -99.000 -9999.0 -9999.0 -9999.0 -9999.0 -9999.0
56401 20150617  2.515 -145.50   63.03    22.8     6.3    14.6    16.2     0.0    29.53 C    37.4     6.2    20.9    84.9    18.6    44.1 -99.000 -99.000 -99.000 -99.000 -99.000 -9999.0 -9999.0 -9999.0 -9999.0 -9999.0
56401 20150618  2.515 -145.50   63.03    22.2     6.2    14.2    15.8     0.0    26.03 C    38.4     5.3    19.6    69.7    18.6    38.2 -99.000 -99.000 -99.000 -99.000 -99.000 -9999.0 -9999.0 -9999.0 -9999.0 -9999.0
56401 20150619  2.515 -145.50   63.03    23.7     4.7    14.2    15.2     0.0    26.17 C    39.6     4.0    20.2    77.4    20.4    45.9 -99.000 -99.000 -99.000 -99.000 -99.000 -9999.0 -9999.0 -9999.0 -9999.0 -9999.0
56401 20150620  2.515 -145.50   63.03    21.5     5.6    13.6    13.7     2.3    15.95 C    41.8     6.1    17.9    93.5    44.4    70.4 -99.000 -99.000 -99.000 -99.000 -99.000 -9999.0 -9999.0 -9999.0 -9999.0 -9999.0
56401 20150621  2.515 -145.50   63.03    21.2     6.1    13.7    14.1     0.0    17.99 C    31.6     6.9    17.4    94.6    36.1    66.1 -99.000 -99.000 -99.000 -99.000 -99.000 -9999.0 -9999.0 -9999.0 -9999.0 -9999.0
56401 20150622  2.515 -145.50   63.03    21.9     5.9    13.9    14.7     0.0    20.15 C    32.9     6.4    19.2    93.0    36.5    64.8 -99.000 -99.000 -99.000 -99.000 -99.000 -9999.0 -9999.0 -9999.0 -9999.0 -9999.0
56401 20150623  2.515 -145.50   63.03    21.7     6.6    14.1    13.0     2.3    13.60 C    36.3     7.4    16.9    96.8    43.7    78.8 -99.000 -99.000 -99.000 -99.000 -99.000 -9999.0 -9999.0 -9999.0 -9999.0 -9999.0
56401 20150624  2.515 -145.50   63.03    24.3     5.1    14.7    15.6     3.0    26.91 C    38.4     6.4    20.6    98.4    20.7    65.0 -99.000 -99.000 -99.000 -99.000 -99.000 -9999.0 -9999.0 -9999.0 -9999.0 -9999.0
56401 20150625  2.515 -145.50   63.03    19.8     9.7    14.7    14.4     4.2    18.25 C    28.4    10.5    17.4    97.5    51.2    75.5 -99.000 -99.000 -99.000 -99.000 -99.000 -9999.0 -9999.0 -9999.0 -9999.0 -9999.0
56401 20150626  2.515 -145.50   63.03    18.0     7.9    12.9    12.9     0.2    14.18 C    25.4     9.2    15.6    95.9    48.2    72.0 -99.000 -99.000 -99.000 -99.000 -99.000 -9999.0 -9999.0 -9999.0 -9999.0 -9999.0
56401 20150627  2.515 -145.50   63.03    16.8     4.3    10.6    10.6     3.9    15.19 C    23.8     5.0    13.3    97.6    38.2    70.7 -99.000 -99.000 -99.000 -99.000 -99.000 -9999.0 -9999.0 -9999.0 -9999.0 -9999.0
56401 20150628  2.515 -145.50   63.03    17.7     2.1     9.9    10.9     0.0    23.03 C    29.5     2.9    14.9    91.7    35.8    61.2 -99.000 -99.000 -99.000 -99.000 -99.000 -9999.0 -9999.0 -9999.0 -9999.0 -9999.0
56401 20150629  2.515 -145.50   63.03    19.0     3.5    11.3    11.6     0.0    19.43 C    35.2     4.8    16.7    89.1    37.0    65.1 -99.000 -99.000 -99.000 -99.000 -99.000 -9999.0 -9999.0 -9999.0 -9999.0 -9999.0
56401 20150630  2.515 -145.50   63.03    16.3     7.8    12.1    11.1     1.7    14.65 C    33.1     9.1    16.0    96.4    40.5    70.7 -99.000 -99.000 -99.000 -99.000 -99.000 -9999.0 -9999.0 -9999.0 -9999.0 -9999.0
56401 20150701  2.515 -145.50   63.03     9.7     3.3     6.5     7.4    10.6     8.49 C    16.3     5.0    10.7    96.4    73.2    87.4 -99.000 -99.000 -99.000 -99.000 -99.000 -9999.0 -9999.0 -9999.0 -9999.0 -9999.0
56401 20150702  2.515 -145.50   63.03    14.7     3.6     9.1    10.1     0.0    10.53 C    20.3     5.9    12.0    96.3    54.0    74.8 -99.000 -99.000 -99.000 -99.000 -99.000 -9999.0 -9999.0 -9999.0 -9999.0 -9999.0
56401 20150703  2.515 -145.50   63.03    17.9     7.2    12.5    12.3     0.0    16.18 C    24.9     7.4    14.6    92.2    39.4    68.7 -99.000 -99.000 -99.000 -99.000 -99.000 -9999.0 -9999.0 -9999.0 -9999.0 -9999.0
56401 20150704  2.515 -145.50   63.03    19.4     5.1    12.2    13.2     0.0    16.20 C    26.2     5.7    15.3    92.6    35.4    60.8 -99.000 -99.000 -99.000 -99.000 -99.000 -9999.0 -9999.0 -9999.0 -9999.0 -9999.0
56401 20150705  2.515 -145.50   63.03    21.2     8.8    15.0    15.5     0.0    18.89 C    32.6    10.0    19.2    89.8    40.9    61.5 -99.000 -99.000 -99.000 -99.000 -99.000 -9999.0 -9999.0 -9999.0 -9999.0 -9999.0
56401 20150706  2.515 -145.50   63.03    26.8    10.5    18.7    19.1     0.0    24.00 C    37.9    10.5    22.4    87.6    27.4    53.1 -99.000 -99.000 -99.000 -99.000 -99.000 -9999.0 -9999.0 -9999.0 -9999.0 -9999.0
56401 20150707  2.515 -145.50   63.03    21.0    10.9    15.9    14.1    14.7    10.71 C    33.3    12.3    17.1    97.4    47.2    77.9 -99.000 -99.000 -99.000 -99.000 -99.000 -9999.0 -9999.0 -9999.0 -9999.0 -9999.0
56401 20150708  2.515 -145.50   63.03    15.7     9.6    12.6    12.0     3.3    12.22 C    25.3    10.4    15.5    97.7    69.0    87.0 -99.000 -99.000 -99.000 -99.000 -99.000 -9999.0 -9999.0 -9999.0 -9999.0 -9999.0
56401 20150709  2.515 -145.50   63.03    18.0     6.1    12.0    12.6     0.0    17.88 C    25.9     7.5    15.7    98.2    40.5    70.2 -99.000 -99.000 -99.000 -99.000 -99.000 -9999.0 -9999.0 -9999.0 -9999.0 -9999.0
56401 20150710  2.515 -145.50   63.03    17.9     8.7    13.3    12.4     2.2    12.24 C    26.1    10.1    15.2    94.9    48.0    75.1 -99.000 -99.000 -99.000 -99.000 -99.000 -9999.0 -9999.0 -9999.0 -9999.0 -9999.0
56401 20150711  2.515 -145.50   63.03 -9999.0 -9999.0 -9999.0 -9999.0 -9999.0 -9999.00 U -9999.0 -9999.0 -9999.0 -9999.0 -9999.0 -9999.0 -99.000 -99.000 -99.000 -99.000 -99.000 -9999.0 -9999.0 -9999.0 -9999.0 -9999.0
56401 20150712  2.515 -145.50   63.03    15.9     8.8    12.3    11.8     8.8    11.84 C    22.1    10.3    15.1    97.5    60.9    87.7 -99.000 -99.000 -99.000 -99.000 -99.000 -9999.0 -9999.0 -9999.0 -9999.0 -9999.0
56401 20150713  2.515 -145.50   63.03    18.3     6.9    12.6    11.6     0.5    17.78 C    26.2     8.6    15.0    95.9    43.1    75.5 -99.000 -99.000 -99.000 -99.000 -99.000 -9999.0 -9999.0 -9999.0 -9999.0 -9999.0
56401 20150714  2.515 -145.50   63.03    14.9     3.7     9.3     9.4     2.7    14.23 C    23.5     5.8    13.0    97.1    54.9    81.6 -99.000 -99.000 -99.000 -99.000 -99.000 -9999.0 -9999.0 -9999.0 -9999.0 -9999.0
56401 20150715  2.515 -145.50   63.03    17.3     2.0     9.7     9.5     9.9    14.61 C    26.1     4.6    13.0    98.3    40.3    82.7 -99.000 -99.000 -99.000 -99.000 -99.000 -9999.0 -9999.0 -9999.0 -9999.0 -9999.0
56401 20150716  2.515 -145.50   63.03    17.5     3.8    10.6    10.2     5.7    17.35 C    23.8     5.1    13.0    98.3    36.8    73.2 -99.000 -99.000 -99.000 -99.000 -99.000 -9999.0 -9999.0 -9999.0 -9999.0 -9999.0
56401 20150717  2.515 -145.50   63.03    16.1     7.1    11.6    10.7     7.8    10.36 C    20.4     7.8    12.4    97.7    44.5    77.9 -99.000 -99.000 -99.000 -99.000 -99.000 -9999.0 -9999.0 -9999.0 -9999.0 -9999.0
56401 20150718  2.515 -145.50   63.03    15.0     4.3     9.6     9.7     0.0    13.48 C    24.1     5.9    12.7    98.4    52.0    75.3 -99.000 -99.000 -99.000 -99.000 -99.000 -9999.0 -9999.0 -9999.0 -9999.0 -9999.0
56401 20150719  2.515 -145.50   63.03    15.8     5.6    10.7    10.7     0.0    16.95 C    24.0     7.0    13.5    95.7    49.6    71.3 -99.000 -99.000 -99.000 -99.000 -99.000 -9999.0 -9999.0 -9999.0 -9999.0 -9999.0
56401 20150720  2.515 -145.50   63.03    17.1     6.9    12.0    12.4     0.0    22.66 C    23.8     7.0    14.3    84.7    44.5    63.2 -99.000 -99.000 -99.000 -99.000 -99.000 -9999.0 -9999.0 -9999.0 -9999.0 -9999.0
56401 20150721  2.515 -145.50   63.03    20.3     3.0    11.6    12.6     0.0    23.99 C    27.3     4.0    14.8    95.0    27.5    61.0 -99.000 -99.000 -99.000 -99.000 -99.000 -9999.0 -9999.0 -9999.0 -9999.0 -9999.0
56401 20150722  2.515 -145.50   63.03    19.2     4.1    11.6    12.7     0.0    20.12 C    26.2     5.7    15.3    92.7    38.7    65.6 -99.000 -99.000 -99.000 -99.000 -99.000 -9999.0 -9999.0 -9999.0 -9999.0 -9999.0
56401 20150723  2.515 -145.50   63.03    20.7     4.3    12.5    13.5     0.0    20.20 C    26.6     6.2    15.5    92.9    27.5    60.9 -99.000 -99.000 -99.000 -99.000 -99.000 -9999.0 -9999.0 -9999.0 -9999.0 -9999.0
56401 20150724  2.515 -145.50   63.03    21.4     5.0    13.2    15.2     0.0    24.75 C    28.5     6.2    16.9    91.3    29.5    56.8 -99.000 -99.000 -99.000 -99.000 -99.000 -9999.0 -9999.0 -9999.0 -9999.0 -9999.0
56401 20150725  2.515 -145.50   63.03    21.1     5.5    13.3    12.9     0.9    14.01 C    27.3     6.8    14.8    95.3    39.8    71.6 -99.000 -99.000 -99.000 -99.000 -99.000 -9999.0 -9999.0 -9999.0 -9999.0 -9999.0
56401 20150726  2.515 -145.50   63.03    12.6     4.9     8.8     9.4     4.5     9.60 C    17.9     6.1    12.4    97.2    66.5    85.4 -99.000 -99.000 -99.000 -99.000 -99.000 -9999.0 -9999.0 -9999.0 -9999.0 -9999.0
56401 20150727  2.515 -145.50   63.03    17.0     7.1    12.0    10.2     6.0    14.92 C    26.7     8.8    13.9    97.6    52.3    86.4 -99.000 -99.000 -99.000 -99.000 -99.000 -9999.0 -9999.0 -9999.0 -9999.0 -9999.0
56401 20150728  2.515 -145.50   63.03    16.6     7.0    11.8    11.5     0.8    15.77 C    24.9     8.5    14.7    97.5    51.2    80.5 -99.000 -99.000 -99.000 -99.000 -99.000 -9999.0 -9999.0 -9999.0 -9999.0 -9999.0
56401 20150729  2.515 -145.50   63.03    13.3     9.0    11.2    10.3    10.9     7.17 C    21.6    10.4    13.1    97.4    78.4    91.6 -99.000 -99.000 -99.000 -99.000 -99.000 -9999.0 -9999.0 -9999.0 -9999.0 -9999.0
56401 20150730  2.515 -145.50   63.03    18.0     7.0    12.5    12.1     0.9    17.65 C    25.0     8.0    14.5    97.8    43.1    76.6 -99.000 -99.000 -99.000 -99.000 -99.000 -9999.0 -9999.0 -9999.0 -9999.0 -9999.0
56401 20150731  2.515 -145.50   63.03    19.5     3.9    11.7    12.5     0.0    21.59 C    25.9     5.0    14.6    95.1    35.4    64.0 -99.000 -99.000 -99.000 -99.000 -99.000 -9999.0 -9999.0 -9999.0 -9999.0 -9999.0
56401 20150801  2.515 -145.50   63.03    19.6     5.9    12.8    12.7     1.4    17.34 C    24.9     7.3    15.2    95.2    37.0    68.1 -99.000 -99.000 -99.000 -99.000 -99.000 -9999.0 -9999.0 -9999.0 -9999.0 -9999.0
56401 20150802  2.515 -145.50   63.03    19.3     3.4    11.3    12.2     0.0    23.79 C    25.1     4.8    14.7    95.9    35.0    66.9 -99.000 -99.000 -99.000 -99.000 -99.000 -9999.0 -9999.0 -9999.0 -9999.0 -9999.0
56401 20150803  2.515 -145.50   63.03    22.4     4.5    13.5    14.3     0.0    22.69 C    26.9     5.4    15.7    95.7    33.7    64.6 -99.000 -99.000 -99.000 -99.000 -99.000 -9999.0 -9999.0 -9999.0 -9999.0 -9999.0
56401 20150804  2.515 -145.50   63.03    24.7     6.7    15.7    16.4     0.0    20.07 C    29.7     7.5    17.5    95.4    34.7    64.6 -99.000 -99.000 -99.000 -99.000 -99.000 -9999.0 -9999.0 -9999.0 -9999.0 -9999.0
56401 20150805  2.515 -145.50   63.03    23.6     6.0    14.8    15.6     0.0    22.29 C    28.1     7.5    16.5    90.6    24.3    52.8 -99.000 -99.000 -99.000 -99.000 -99.000 -9999.0 -9999.0 -9999.0 -9999.0 -9999.0
56401 20150806  2.515 -145.50   63.03    19.7     3.9    11.8    11.7     0.0    14.65 C    26.8     5.5    13.5    90.9    37.5    67.4 -99.000 -99.000 -99.000 -99.000 -99.000 -9999.0 -9999.0 -9999.0 -9999.0 -9999.0
56401 20150807  2.515 -145.50   63.03    19.9     3.2    11.5    11.9     0.0    21.46 C    26.7     4.6    14.4    94.7    22.6    59.7 -99.000 -99.000 -99.000 -99.000 -99.000 -9999.0 -9999.0 -9999.0 -9999.0 -9999.0
56401 20150808  2.515 -145.50   63.03    20.3     6.8    13.6    12.7     0.0    13.77 C    28.2     7.5    15.2    91.2    38.7    68.8 -99.000 -99.000 -99.000 -99.000 -99.000 -9999.0 -9999.0 -9999.0 -9999.0 -9999.0
56401 20150809  2.515 -145.50   63.03    13.5     4.9     9.2    10.2     7.0     5.06 C    16.4     6.0    11.9    96.2    62.7    85.7 -99.000 -99.000 -99.000 -99.000 -99.000 -9999.0 -9999.0 -9999.0 -9999.0 -9999.0
56401 20150810  2.515 -145.50   63.03    14.9     5.5    10.2     8.8    10.8     9.37 C    21.7     8.0    11.9    97.2    69.0    89.4 -99.000 -99.000 -99.000 -99.000 -99.000 -9999.0 -9999.0 -9999.0 -9999.0 -9999.0
56401 20150811  2.515 -145.50   63.03    11.1     1.6     6.3     5.9    10.7     7.82 C    16.9     3.7     8.9    96.7    52.1    84.9 -99.000 -99.000 -99.000 -99.000 -99.000 -9999.0 -9999.0 -9999.0 -9999.0 -9999.0
56401 20150812  2.515 -145.50   63.03    12.7     1.2     7.0     7.4     0.0    11.19 C    18.5     3.0    10.0    95.2    40.4    69.6 -99.000 -99.000 -99.000 -99.000 -99.000 -9999.0 -9999.0 -9999.0 -9999.0 -9999.0
56401 20150813  2.515 -145.50   63.03    15.6    -0.1     7.7     9.3     0.0    11.93 C    21.7     1.8    11.5    97.8    46.3    72.5 -99.000 -99.000 -99.000 -99.000 -99.000 -9999.0 -9999.0 -9999.0 -9999.0 -9999.0
56401 20150814  2.515 -145.50   63.03    15.9     4.8    10.3    10.8     0.4    11.58 C    21.8     6.0    12.8    96.9    52.3    78.9 -99.000 -99.000 -99.000 -99.000 -99.000 -9999.0 -9999.0 -9999.0 -9999.0 -9999.0
56401 20150815  2.515 -145.50   63.03    17.4     1.9     9.7    10.5     0.2    16.55 C    21.2     3.3    12.4    97.4    33.5    67.7 -99.000 -99.000 -99.000 -99.000 -99.000 -9999.0 -9999.0 -9999.0 -9999.0 -9999.0
56401 20150816  2.515 -145.50   63.03    13.1     6.6     9.9     9.3     7.1     9.08 C    22.0     8.3    12.1    97.8    60.6    84.6 -99.000 -99.000 -99.000 -99.000 -99.000 -9999.0 -9999.0 -9999.0 -9999.0 -9999.0
56401 20150817  2.515 -145.50   63.03    10.4     6.8     8.6     8.8    15.0     4.04 C    14.0     8.3    10.9    97.6    86.0    93.9 -99.000 -99.000 -99.000 -99.000 -99.000 -9999.0 -9999.0 -9999.0 -9999.0 -9999.0
56401 20150818  2.515 -145.50   63.03    14.4     5.9    10.2     9.3     7.0     8.90 C    19.1     6.9    11.3    98.0    56.4    81.8 -99.000 -99.000 -99.000 -99.000 -99.000 -9999.0 -9999.0 -9999.0 -9999.0 -9999.0
56401 20150819  2.515 -145.50   63.03    12.9     3.9     8.4     8.4     0.7     9.37 C    18.9     4.1     9.4    93.9    53.0    75.9 -99.000 -99.000 -99.000 -99.000 -99.000 -9999.0 -9999.0 -9999.0 -9999.0 -9999.0
56401 20150820  2.515 -145.50   63.03    15.5     0.2     7.8     8.1     0.0    19.15 C    21.6     1.2    10.1    94.3    32.0    65.9 -99.000 -99.000 -99.000 -99.000 -99.000 -9999.0 -9999.0 -9999.0 -9999.0 -9999.0
56401 20150821  2.515 -145.50   63.03    15.5     0.3     7.9     8.8     0.0    13.08 C    19.7     1.6    10.4    98.1    35.8    68.7 -99.000 -99.000 -99.000 -99.000 -99.000 -9999.0 -9999.0 -9999.0 -9999.0 -9999.0
56401 20150822  2.515 -145.50   63.03    10.7     4.7     7.7     8.3     0.0     5.36 C    12.6     4.4     8.4    89.0    60.0    69.8 -99.000 -99.000 -99.000 -99.000 -99.000 -9999.0 -9999.0 -9999.0 -9999.0 -9999.0
56401 20150823  2.515 -145.50   63.03    11.0     4.6     7.8     7.9     0.0    12.70 C    15.9     2.7     8.7    78.8    51.5    65.3 -99.000 -99.000 -99.000 -99.000 -99.000 -9999.0 -9999.0 -9999.0 -9999.0 -9999.0
56401 20150824  2.515 -145.50   63.03    15.8     2.5     9.1     8.8     0.0    16.73 C    19.8     0.6     8.9    90.6    36.2    64.2 -99.000 -99.000 -99.000 -99.000 -99.000 -9999.0 -9999.0 -9999.0 -9999.0 -9999.0
56401 20150825  2.515 -145.50   63.03    14.6     3.6     9.1     9.4     0.0     8.76 C    18.3     4.6    11.0    93.0    42.8    73.5 -99.000 -99.000 -99.000 -99.000 -99.000 -9999.0 -9999.0 -9999.0 -9999.0 -9999.0
56401 20150826  2.515 -145.50   63.03     9.7     7.5     8.6     8.5    15.7     3.62 C    13.8     8.4    10.1    97.6    86.4    94.6 -99.000 -99.000 -99.000 -99.000 -99.000 -9999.0 -9999.0 -9999.0 -9999.0 -9999.0
56401 20150827  2.515 -145.50   63.03    10.9     1.9     6.4     6.6    13.7     7.16 C    15.1     0.4     8.1    97.7    45.3    76.6 -99.000 -99.000 -99.000 -99.000 -99.000 -9999.0 -9999.0 -9999.0 -9999.0 -9999.0
56401 20150828  2.515 -145.50   63.03     7.5    -2.9     2.3     3.3     0.0    18.79 C    14.3    -1.5     4.6    93.6    35.6    60.9 -99.000 -99.000 -99.000 -99.000 -99.000 -9999.0 -9999.0 -9999.0 -9999.0 -9999.0
56401 20150829  2.515 -145.50   63.03     7.7    -6.2     0.8     1.1     0.0     9.91 C    16.6    -2.8     2.9    93.7    34.6    65.8 -99.000 -99.000 -99.000 -99.000 -99.000 -9999.0 -9999.0 -9999.0 -9999.0 -9999.0
56401 20150830  2.515 -145.50   63.03     6.4    -1.6     2.4     2.2     0.0    15.57 C    12.1    -1.0     3.5    87.7    39.6    60.5 -99.000 -99.000 -99.000 -99.000 -99.000 -9999.0 -9999.0 -9999.0 -9999.0 -9999.0
56401 20150831  2.515 -145.50   63.03     7.0    -1.2     2.9     3.0     0.0    16.41 C    11.8    -1.6     3.7    79.6    40.9    59.3 -99.000 -99.000 -99.000 -99.000 -99.000 -9999.0 -9999.0 -9999.0 -9999.0 -9999.0
56401 20150901  2.515 -145.50   63.03     8.8    -2.3     3.3     3.6     0.0    13.54 C    12.6    -1.7     2.7    84.0    38.8    59.5 -99.000 -99.000 -99.000 -99.000 -99.000 -9999.0 -9999.0 -9999.0 -9999.0 -9999.0
56401 20150902  2.515 -145.50   63.03    15.4    -4.8     5.3     4.9     0.0    16.37 C    17.9    -3.2     5.0    92.6    30.1    63.2 -99.000 -99.000 -99.000 -99.000 -99.000 -9999.0 -9999.0 -9999.0 -9999.0 -9999.0
56401 20150903  2.515 -145.50   63.03    13.9    -1.8     6.0     6.3     3.7     8.75 C    17.0    -1.0     7.0    97.1    37.4    71.3 -99.000 -99.000 -99.000 -99.000 -99.000 -9999.0 -9999.0 -9999.0 -9999.0 -9999.0
56401 20150904  2.515 -145.50   63.03     8.5     5.2     6.9     6.5     8.4     3.49 C    13.7     5.8     8.0    98.3    87.7    95.6 -99.000 -99.000 -99.000 -99.000 -99.000 -9999.0 -9999.0 -9999.0 -9999.0 -9999.0
56401 20150905  2.515 -145.50   63.03    12.8     4.5     8.7     7.9     1.6    10.07 C    19.3     5.2     9.8    98.4    54.4    84.7 -99.000 -99.000 -99.000 -99.000 -99.000 -9999.0 -9999.0 -9999.0 -9999.0 -9999.0
56401 20150906  2.515 -145.50   63.03    14.9     0.7     7.8     7.1     0.0    12.30 C    21.9     1.0     7.9    97.6    34.8    70.8 -99.000 -99.000 -99.000 -99.000 -99.000 -9999.0 -9999.0 -9999.0 -9999.0 -9999.0
56401 20150907  2.515 -145.50   63.03    14.7    -1.4     6.6     6.8     0.0    10.36 C    17.4    -1.0     6.9    97.2    38.5    69.6 -99.000 -99.000 -99.000 -99.000 -99.000 -9999.0 -9999.0 -9999.0 -9999.0 -9999.0
56401 20150908  2.515 -145.50   63.03    13.0     3.9     8.4     7.9     0.0     9.07 C    16.4     4.2     8.7    95.6    49.2    75.7 -99.000 -99.000 -99.000 -99.000 -99.000 -9999.0 -9999.0 -9999.0 -9999.0 -9999.0
56401 20150909  2.515 -145.50   63.03    11.2     4.4     7.8     7.4     0.0     5.82 C    13.4     4.6     8.0    95.7    50.7    73.2 -99.000 -99.000 -99.000 -99.000 -99.000 -9999.0 -9999.0 -9999.0 -9999.0 -9999.0
56401 20150910  2.515 -145.50   63.03    13.4     3.4     8.4     7.6     1.3    12.68 C    15.6     3.8     7.8    97.1    42.9    71.2 -99.000 -99.000 -99.000 -99.000 -99.000 -9999.0 -9999.0 -9999.0 -9999.0 -9999.0
56401 20150911  2.515 -145.50   63.03     7.4     3.0     5.2     4.9    15.6     4.21 C    12.1     4.6     6.8    97.7    75.4    90.6 -99.000 -99.000 -99.000 -99.000 -99.000 -9999.0 -9999.0 -9999.0 -9999.0 -9999.0
56401 20150912  2.515 -145.50   63.03     8.7    -1.3     3.7     3.7     2.6     3.75 C    12.0    -1.1     5.5    97.4    63.4    85.7 -99.000 -99.000 -99.000 -99.000 -99.000 -9999.0 -9999.0 -9999.0 -9999.0 -9999.0
56401 20150913  2.515 -145.50   63.03     6.0    -4.9     0.5     1.2     1.7     6.30 C     9.6    -2.3     3.0    97.6    55.7    81.6 -99.000 -99.000 -99.000 -99.000 -99.000 -9999.0 -9999.0 -9999.0 -9999.0 -9999.0
56401 20150914  2.515 -145.50   63.03     5.2     0.2     2.7     3.1     6.8     3.64 C     9.0     0.5     4.8    98.6    81.6    93.8 -99.000 -99.000 -99.000 -99.000 -99.000 -9999.0 -9999.0 -9999.0 -9999.0 -9999.0
56401 20150915  2.515 -145.50   63.03     5.6    -1.1     2.3     1.7    12.4     3.52 C     9.6    -0.9     3.5    98.6    79.2    93.7 -99.000 -99.000 -99.000 -99.000 -99.000 -9999.0 -9999.0 -9999.0 -9999.0 -9999.0
56401 20150916  2.515 -145.50   63.03     5.5     1.1     3.3     3.5     5.1     2.70 C     8.2     1.7     4.6    98.2    82.0    93.5 -99.000 -99.000 -99.000 -99.000 -99.000 -9999.0 -9999.0 -9999.0 -9999.0 -9999.0
56401 20150917  2.515 -145.50   63.03     7.4     0.3     3.9     3.4     4.0     7.41 C    12.9     0.4     4.9    98.5    50.9    82.1 -99.000 -99.000 -99.000 -99.000 -99.000 -9999.0 -9999.0 -9999.0 -9999.0 -9999.0
56401 20150918  2.515 -145.50   63.03     5.9    -0.4     2.8     2.2     1.6     4.71 C    10.4    -1.0     3.3    97.0    72.1    90.2 -99.000 -99.000 -99.000 -99.000 -99.000 -9999.0 -9999.0 -9999.0 -9999.0 -9999.0
56401 20150919  2.515 -145.50   63.03     6.7    -0.2     3.2     2.6     0.0     5.99 C    11.1    -0.9     4.3    97.9    55.6    80.7 -99.000 -99.000 -99.000 -99.000 -99.000 -9999.0 -9999.0 -9999.0 -9999.0 -9999.0
56401 20150920  2.515 -145.50   63.03     6.7    -2.0     2.3     1.7     0.0     7.38 C    10.3    -1.9     2.3    93.7    43.9    75.3 -99.000 -99.000 -99.000 -99.000 -99.000 -9999.0 -9999.0 -9999.0 -9999.0 -9999.0
56401 20150921  2.515 -145.50   63.03     7.2    -2.9     2.2     1.3     0.0     7.91 C    10.4    -2.4     1.1    93.8    42.5    72.4 -99.000 -99.000 -99.000 -99.000 -99.000 -9999.0 -9999.0 -9999.0 -9999.0 -9999.0
56401 20150922  2.515 -145.50   63.03     3.8    -4.4    -0.3    -1.0     0.0    10.42 C     4.7    -4.3    -1.3    82.1    46.9    66.5 -99.000 -99.000 -99.000 -99.000 -99.000 -9999.0 -9999.0 -9999.0 -9999.0 -9999.0
56401 20150923  2.515 -145.50   63.03     0.9    -7.4    -3.2    -3.1     0.0    11.02 C     1.9    -6.2    -2.7    77.3    42.2    60.3 -99.000 -99.000 -99.000 -99.000 -99.000 -9999.0 -9999.0 -9999.0 -9999.0 -9999.0
56401 20150924  2.515 -145.50   63.03     3.6    -9.4    -2.9    -3.3     0.0    10.75 C     3.6    -6.7    -2.7    81.6    34.2    58.7 -99.000 -99.000 -99.000 -99.000 -99.000 -9999.0 -9999.0 -9999.0 -9999.0 -9999.0
56401 20150925  2.515 -145.50   63.03    -0.9    -9.7    -5.3    -4.1    10.0     1.76 C     0.0   -17.2    -3.3    97.6    64.5    86.1 -99.000 -99.000 -99.000 -99.000 -99.000 -9999.0 -9999.0 -9999.0 -9999.0 -9999.0
56401 20150926  2.515 -145.50   63.03     1.6   -11.5    -5.0    -3.6     1.3     4.20 C    -0.5   -20.9    -7.0    97.6    60.6    86.3 -99.000 -99.000 -99.000 -99.000 -99.000 -9999.0 -9999.0 -9999.0 -9999.0 -9999.0
56401 20150927  2.515 -145.50   63.03     3.7    -0.8     1.5     1.2    20.1     1.71 C     0.8    -1.0     0.1    99.1    95.5    98.0 -99.000 -99.000 -99.000 -99.000 -99.000 -9999.0 -9999.0 -9999.0 -9999.0 -9999.0
56401 20150928  2.515 -145.50   63.03     9.4     2.6     6.0     5.7     5.9     1.95 C     1.5     0.6     1.0    98.6    77.1    93.3 -99.000 -99.000 -99.000 -99.000 -99.000 -9999.0 -9999.0 -9999.0 -9999.0 -9999.0
56401 20150929  2.515 -145.50   63.03     5.8    -2.3     1.8     1.3    28.0     1.84 C     4.5    -3.6     0.8    98.6    84.1    92.4 -99.000 -99.000 -99.000 -99.000 -99.000 -9999.0 -9999.0 -9999.0 -9999.0 -9999.0
56401 20150930  2.515 -145.50   63.03    -1.1    -8.0    -4.6    -3.6     0.4     5.10 C    -1.8   -14.4    -6.3    92.0    56.9    76.6 -99.000 -99.000 -99.000 -99.000 -99.000 -9999.0 -9999.0 -9999.0 -9999.0 -9999.0
56401 20151001  2.515 -145.50   63.03     0.4   -13.4    -6.5    -6.6     0.0     8.45 C    -2.2   -15.7   -10.4    92.0    42.3    72.5 -99.000 -99.000 -99.000 -99.000 -99.000 -9999.0 -9999.0 -9999.0 -9999.0 -9999.0
56401 20151002  2.515 -145.50   63.03    -0.4    -8.7    -4.6    -3.0     2.6     1.45 C    -0.8   -11.3    -3.3    95.5    67.2    86.9 -99.000 -99.000 -99.000 -99.000 -99.000 -9999.0 -9999.0 -9999.0 -9999.0 -9999.0
56401 20151003  2.515 -145.50   63.03     1.6    -1.9    -0.1     0.0     8.6     1.77 C     0.1    -4.3    -0.8    98.3    90.0    95.2 -99.000 -99.000 -99.000 -99.000 -99.000 -9999.0 -9999.0 -9999.0 -9999.0 -9999.0
56401 20151004  2.515 -145.50   63.03     3.5    -0.8     1.3     0.8     0.0     5.45 C     0.5    -3.2    -0.6    98.9    73.2    90.7 -99.000 -99.000 -99.000 -99.000 -99.000 -9999.0 -9999.0 -9999.0 -9999.0 -9999.0
56401 20151005  2.515 -145.50   63.03     5.1    -4.8     0.1    -0.2     0.0     7.14 C     0.3    -9.6    -4.1    97.2    60.0    85.1 -99.000 -99.000 -99.000 -99.000 -99.000 -9999.0 -9999.0 -9999.0 -9999.0 -9999.0
56401 20151006  2.515 -145.50   63.03     5.2    -9.1    -1.9    -2.5     0.0     6.56 C    -0.3   -12.0    -7.5    94.5    44.8    76.8 -99.000 -99.000 -99.000 -99.000 -99.000 -9999.0 -9999.0 -9999.0 -9999.0 -9999.0
56401 20151007  2.515 -145.50   63.03     6.7    -5.8     0.4     0.5     0.0     3.04 C     0.4    -8.7    -2.5    91.6    39.0    73.8 -99.000 -99.000 -99.000 -99.000 -99.000 -9999.0 -9999.0 -9999.0 -9999.0 -9999.0
56401 20151008  2.515 -145.50   63.03     6.7    -1.9     2.4     2.3     0.0     2.07 C     0.4    -4.9    -1.2    96.4    54.2    83.1 -99.000 -99.000 -99.000 -99.000 -99.000 -9999.0 -9999.0 -9999.0 -9999.0 -9999.0
56401 20151009  2.515 -145.50   63.03     7.1    -2.0     2.5     1.9     0.0     4.80 C     0.2    -3.9    -1.3    97.0    60.2    81.9 -99.000 -99.000 -99.000 -99.000 -99.000 -9999.0 -9999.0 -9999.0 -9999.0 -9999.0
56401 20151010  2.515 -145.50   63.03     8.4    -1.8     3.3     2.5     2.9     5.86 C     0.4    -5.9    -1.4    98.5    44.3    76.7 -99.000 -99.000 -99.000 -99.000 -99.000 -9999.0 -9999.0 -9999.0 -9999.0 -9999.0
56401 20151011  2.515 -145.50   63.03     7.5    -4.6     1.4     0.6     0.0     5.08 C     0.3    -7.4    -3.6    93.7    47.8    75.4 -99.000 -99.000 -99.000 -99.000 -99.000 -9999.0 -9999.0 -9999.0 -9999.0 -9999.0
56401 20151012  2.515 -145.50   63.03     4.0    -3.0     0.5     0.5     0.0     4.21 C     0.1    -6.6    -2.2    90.7    57.4    73.8 -99.000 -99.000 -99.000 -99.000 -99.000 -9999.0 -9999.0 -9999.0 -9999.0 -9999.0
56401 20151013  2.515 -145.50   63.03     4.7    -0.7     2.0     2.0     0.6     2.98 C     0.5    -2.5    -0.2    97.3    70.5    86.0 -99.000 -99.000 -99.000 -99.000 -99.000 -9999.0 -9999.0 -9999.0 -9999.0 -9999.0
56401 20151014  2.515 -145.50   63.03     5.8    -1.2     2.3     1.7     1.8     4.07 C     0.7    -3.1    -0.6    98.6    50.5    76.8 -99.000 -99.000 -99.000 -99.000 -99.000 -9999.0 -9999.0 -9999.0 -9999.0 -9999.0
56401 20151015  2.515 -145.50   63.03     3.6    -3.4     0.1    -0.1     0.2     3.58 C    -0.8    -7.2    -3.4    97.6    61.5    83.2 -99.000 -99.000 -99.000 -99.000 -99.000 -9999.0 -9999.0 -9999.0 -9999.0 -9999.0
56401 20151016  2.515 -145.50   63.03     2.1    -2.0     0.0    -0.2     3.7     1.34 C     0.1    -5.7    -1.2    98.9    68.1    85.3 -99.000 -99.000 -99.000 -99.000 -99.000 -9999.0 -9999.0 -9999.0 -9999.0 -9999.0
56401 20151017  2.515 -145.50   63.03     6.8     0.0     3.4     2.4     4.2     3.07 C     1.9    -0.5     0.3    99.0    70.8    93.3 -99.000 -99.000 -99.000 -99.000 -99.000 -9999.0 -9999.0 -9999.0 -9999.0 -9999.0
56401 20151018  2.515 -145.50   63.03     5.8     0.0     2.9     2.6     0.8     1.81 C     1.3    -3.4    -0.4    98.4    73.7    90.6 -99.000 -99.000 -99.000 -99.000 -99.000 -9999.0 -9999.0 -9999.0 -9999.0 -9999.0
56401 20151019  2.515 -145.50   63.03     4.1    -1.5     1.3     1.2     0.0     1.99 C     1.0    -4.2    -0.5    98.1    73.7    91.3 -99.000 -99.000 -99.000 -99.000 -99.000 -9999.0 -9999.0 -9999.0 -9999.0 -9999.0
56401 20151020  2.515 -145.50   63.03     5.5    -3.5     1.0    -0.4     0.0     3.13 C    -0.3    -6.0    -3.5    95.2    47.8    77.6 -99.000 -99.000 -99.000 -99.000 -99.000 -9999.0 -9999.0 -9999.0 -9999.0 -9999.0
56401 20151021  2.515 -145.50   63.03     3.0    -8.7    -2.9    -3.5     0.0     3.53 C    -0.8    -8.5    -5.5    94.4    52.1    78.1 -99.000 -99.000 -99.000 -99.000 -99.000 -9999.0 -9999.0 -9999.0 -9999.0 -9999.0
56401 20151022  2.515 -145.50   63.03     2.1    -4.8    -1.3    -1.1     0.0     1.69 C     0.1    -5.1    -1.6    93.9    61.0    77.8 -99.000 -99.000 -99.000 -99.000 -99.000 -9999.0 -9999.0 -9999.0 -9999.0 -9999.0
56401 20151023  2.515 -145.50   63.03     4.6    -3.0     0.8    -0.1     0.0     2.69 C     0.4    -5.4    -2.0    95.6    59.7    84.7 -99.000 -99.000 -99.000 -99.000 -99.000 -9999.0 -9999.0 -9999.0 -9999.0 -9999.0
56401 20151024  2.515 -145.50   63.03     3.5    -2.1     0.7     0.5     0.0     1.10 C     0.1    -4.5    -1.4    95.2    61.2    84.1 -99.000 -99.000 -99.000 -99.000 -99.000 -9999.0 -9999.0 -9999.0 -9999.0 -9999.0
56401 20151025  2.515 -145.50   63.03     3.1    -5.8    -1.4    -0.8     0.0     2.79 C     0.1    -7.7    -3.0    94.7    72.2    86.9 -99.000 -99.000 -99.000 -99.000 -99.000 -9999.0 -9999.0 -9999.0 -9999.0 -9999.0
56401 20151026  2.515 -145.50   63.03     0.8    -8.3    -3.7    -3.9     0.0     1.72 C    -1.5    -8.1    -4.5    95.0    79.9    90.6 -99.000 -99.000 -99.000 -99.000 -99.000 -9999.0 -9999.0 -9999.0 -9999.0 -9999.0
56401 20151027  2.515 -145.50   63.03     2.9    -5.5    -1.3    -2.5     0.0     2.20 C    -1.1    -7.2    -4.5    95.9    54.6    84.6 -99.000 -99.000 -99.000 -99.000 -99.000 -9999.0 -9999.0 -9999.0 -9999.0 -9999.0
56401 20151028  2.515 -145.50   63.03     1.6    -5.5    -2.0    -1.2     2.0     0.83 C     0.2    -6.0    -1.6    99.3    78.2    91.2 -99.000 -99.000 -99.000 -99.000 -99.000 -9999.0 -9999.0 -9999.0 -9999.0 -9999.0
56401 20151029  2.515 -145.50   63.03     1.2    -4.1    -1.4    -0.7     4.2     0.57 C     0.2    -3.9    -0.9    99.4    89.2    95.8 -99.000 -99.000 -99.000 -99.000 -99.000 -9999.0 -9999.0 -9999.0 -9999.0 -9999.0
56401 20151030  2.515 -145.50   63.03    -4.1    -7.5    -5.8    -5.8     0.0     1.40 C    -3.9   -12.0    -7.1    89.9    66.9    78.6 -99.000 -99.000 -99.000 -99.000 -99.000 -9999.0 -9999.0 -9999.0 -9999.0 -9999.0
56401 20151031  2.515 -145.50   63.03    -7.2   -15.1   -11.2    -9.2     0.0     1.84 C    -7.7   -22.7   -11.7    81.0    60.4    68.4 -99.000 -99.000 -99.000 -99.000 -99.000 -9999.0 -9999.0 -9999.0 -9999.0 -9999.0
56401 20151101  2.515 -145.50   63.03    -7.1   -19.4   -13.3   -12.6     0.3     1.73 C    -8.5   -23.4   -15.6    90.5    60.4    82.3 -99.000 -99.000 -99.000 -99.000 -99.000 -9999.0 -9999.0 -9999.0 -9999.0 -9999.0
56401 20151102  2.515 -145.50   63.03    -6.0   -13.2    -9.6    -8.4     2.0     0.53 C    -6.5   -20.8   -10.2    92.0    81.7    89.1 -99.000 -99.000 -99.000 -99.000 -99.000 -9999.0 -9999.0 -9999.0 -9999.0 -9999.0
56401 20151103  2.515 -145.50   63.03    -3.7   -14.7    -9.2    -7.4     0.6     0.23 C    -5.0   -21.5   -11.3    91.8    73.5    85.3 -99.000 -99.000 -99.000 -99.000 -99.000 -9999.0 -9999.0 -9999.0 -9999.0 -9999.0
56401 20151104  2.515 -145.50   63.03    -7.9   -18.4   -13.1   -13.2     0.0     0.79 C    -9.8   -25.0   -19.0    90.7    79.5    86.7 -99.000 -99.000 -99.000 -99.000 -99.000 -9999.0 -9999.0 -9999.0 -9999.0 -9999.0
56401 20151105  2.515 -145.50   63.03    -0.9   -10.5    -5.7    -4.2     1.5     0.03 C    -2.0   -10.8    -5.7    94.7    68.3    83.7 -99.000 -99.000 -99.000 -99.000 -99.000 -9999.0 -9999.0 -9999.0 -9999.0 -9999.0
56401 20151106  2.515 -145.50   63.03    -0.6    -7.3    -3.9    -3.1     3.7     0.02 C    -0.7   -15.4    -5.1    98.0    88.6    94.7 -99.000 -99.000 -99.000 -99.000 -99.000 -9999.0 -9999.0 -9999.0 -9999.0 -9999.0
56401 20151107  2.515 -145.50   63.03    -4.1   -13.0    -8.6    -6.9     0.0     0.08 C    -6.0   -20.6   -10.9    91.9    65.6    79.7 -99.000 -99.000 -99.000 -99.000 -99.000 -9999.0 -9999.0 -9999.0 -9999.0 -9999.0
56401 20151108  2.515 -145.50   63.03    -5.9   -19.5   -12.7   -12.9     1.6     0.21 C    -6.2   -27.4   -17.8    94.1    77.4    85.5 -99.000 -99.000 -99.000 -99.000 -99.000 -9999.0 -9999.0 -9999.0 -9999.0 -9999.0
56401 20151109  2.515 -145.50   63.03    -3.2   -15.8    -9.5    -6.4     8.1     0.28 C    -3.8   -22.9    -9.2    95.6    63.7    87.5 -99.000 -99.000 -99.000 -99.000 -99.000 -9999.0 -9999.0 -9999.0 -9999.0 -9999.0
56401 20151110  2.515 -145.50   63.03   -13.4   -22.6   -18.0   -17.2     0.0     0.42 C   -13.3   -31.1   -23.3    90.5    81.4    85.3 -99.000 -99.000 -99.000 -99.000 -99.000 -9999.0 -9999.0 -9999.0 -9999.0 -9999.0
56401 20151111  2.515 -145.50   63.03    -9.5   -16.4   -12.9   -12.8     0.0     0.35 C   -10.9   -24.9   -16.0    90.2    83.3    87.5 -99.000 -99.000 -99.000 -99.000 -99.000 -9999.0 -9999.0 -9999.0 -9999.0 -9999.0
56401 20151112  2.515 -145.50   63.03    -7.5   -14.5   -11.0   -10.9     0.0     0.72 C   -11.7   -21.5   -15.6    87.9    60.3    72.0 -99.000 -99.000 -99.000 -99.000 -99.000 -9999.0 -9999.0 -9999.0 -9999.0 -9999.0
56401 20151113  2.515 -145.50   63.03   -12.6   -24.1   -18.3   -16.3     0.0     1.02 C   -16.1   -31.6   -23.0    80.5    59.4    68.0 -99.000 -99.000 -99.000 -99.000 -99.000 -9999.0 -9999.0 -9999.0 -9999.0 -9999.0
56401 20151114  2.515 -145.50   63.03   -15.1   -25.2   -20.1   -20.2     0.0     0.58 C   -16.6   -33.6   -26.0    81.2    64.8    75.7 -99.000 -99.000 -99.000 -99.000 -99.000 -9999.0 -9999.0 -9999.0 -9999.0 -9999.0
56401 20151115  2.515 -145.50   63.03   -16.2   -22.9   -19.6   -17.8     0.0     0.68 C   -16.8   -31.4   -19.8    80.3    66.3    72.4 -99.000 -99.000 -99.000 -99.000 -99.000 -9999.0 -9999.0 -9999.0 -9999.0 -9999.0
56401 20151116  2.515 -145.50   63.03   -21.3   -30.4   -25.8   -25.0     0.0     0.63 C   -24.6   -37.8   -32.2    81.9    68.5    75.3 -99.000 -99.000 -99.000 -99.000 -99.000 -9999.0 -9999.0 -9999.0 -9999.0 -9999.0
56401 20151117  2.515 -145.50   63.03   -18.9   -32.3   -25.6   -26.4     0.0     0.94 C   -22.8   -38.5   -34.0    81.4    54.8    72.2 -99.000 -99.000 -99.000 -99.000 -99.000 -9999.0 -9999.0 -9999.0 -9999.0 -9999.0
56401 20151118  2.515 -145.50   63.03   -22.8   -30.4   -26.6   -25.9     0.0     0.53 C   -25.0   -38.6   -32.7    79.6    69.2    74.6 -99.000 -99.000 -99.000 -99.000 -99.000 -9999.0 -9999.0 -9999.0 -9999.0 -9999.0
56401 20151119  2.515 -145.50   63.03    -6.5   -32.2   -19.4   -19.8     3.5     0.01 C    -7.7   -38.6   -19.8    91.0    73.9    81.8 -99.000 -99.000 -99.000 -99.000 -99.000 -9999.0 -9999.0 -9999.0 -9999.0 -9999.0
56401 20151120  2.515 -145.50   63.03    -2.2    -6.4    -4.3    -3.3     6.4     0.00 C    -2.7   -10.4    -5.0    97.3    85.4    94.0 -99.000 -99.000 -99.000 -99.000 -99.000 -9999.0 -9999.0 -9999.0 -9999.0 -9999.0
56401 20151121  2.515 -145.50   63.03    -1.8    -9.0    -5.4    -5.0     5.8     0.00 C    -2.8   -11.0    -6.2    97.0    66.4    80.6 -99.000 -99.000 -99.000 -99.000 -99.000 -9999.0 -9999.0 -9999.0 -9999.0 -9999.0
56401 20151122  2.515 -145.50   63.03    -9.0   -20.3   -14.6   -15.5     0.0     0.07 C   -10.8   -30.1   -20.6    86.7    66.9    81.3 -99.000 -99.000 -99.000 -99.000 -99.000 -9999.0 -9999.0 -9999.0 -9999.0 -9999.0
56401 20151123  2.515 -145.50   63.03    -6.5   -18.5   -12.5   -13.4     6.5     0.00 C    -7.4   -24.0   -14.5    92.1    73.8    85.4 -99.000 -99.000 -99.000 -99.000 -99.000 -9999.0 -9999.0 -9999.0 -9999.0 -9999.0
56401 20151124  2.515 -145.50   63.03     0.3    -7.4    -3.6    -1.8     3.8     0.12 C    -1.9    -7.7    -3.8    93.6    73.9    82.5 -99.000 -99.000 -99.000 -99.000 -99.000 -9999.0 -9999.0 -9999.0 -9999.0 -9999.0
56401 20151125  2.515 -145.50   63.03     1.1    -1.1     0.0     0.4     5.8     0.00 C    -1.3    -3.5    -2.4    97.4    62.1    73.8 -99.000 -99.000 -99.000 -99.000 -99.000 -9999.0 -9999.0 -9999.0 -9999.0 -9999.0
56401 20151126  2.515 -145.50   63.03     1.9    -1.2     0.3    -0.2    30.3     0.01 C     0.0    -5.1    -1.2    98.6    86.6    96.2 -99.000 -99.000 -99.000 -99.000 -99.000 -9999.0 -9999.0 -9999.0 -9999.0 -9999.0
56401 20151127  2.515 -145.50   63.03     1.3    -3.5    -1.1    -1.2     0.7     0.31 C     0.0    -8.9    -4.5    98.6    79.9    93.5 -99.000 -99.000 -99.000 -99.000 -99.000 -9999.0 -9999.0 -9999.0 -9999.0 -9999.0
56401 20151128  2.515 -145.50   63.03    -0.6   -12.0    -6.3    -4.2     8.1     0.17 C    -1.2   -18.4    -8.9    97.6    84.5    92.9 -99.000 -99.000 -99.000 -99.000 -99.000 -9999.0 -9999.0 -9999.0 -9999.0 -9999.0
56401 20151129  2.515 -145.50   63.03    -6.7   -15.6   -11.1   -10.8     0.0     0.08 C    -7.4   -22.0   -14.2    93.9    86.4    89.8 -99.000 -99.000 -99.000 -99.000 -99.000 -9999.0 -9999.0 -9999.0 -9999.0 -9999.0
56401 20151130  2.515 -145.50   63.03    -5.9   -20.0   -13.0   -11.4     0.0     0.04 C    -8.1   -26.3   -15.1    93.8    82.9    89.7 -99.000 -99.000 -99.000 -99.000 -99.000 -9999.0 -9999.0 -9999.0 -9999.0 -9999.0
56401 20151201  2.515 -145.50   63.03   -10.5   -24.0   -17.2   -18.5     0.0     0.01 C   -12.9   -31.0   -22.0    90.2    79.6    84.1 -99.000 -99.000 -99.000 -99.000 -99.000 -9999.0 -9999.0 -9999.0 -9999.0 -9999.0
56401 20151202  2.515 -145.50   63.03    -7.4   -16.1   -11.7   -10.8     0.0     0.00 C    -8.4   -19.6   -11.8    92.9    85.9    90.0 -99.000 -99.000 -99.000 -99.000 -99.000 -9999.0 -9999.0 -9999.0 -9999.0 -9999.0
56401 20151203  2.515 -145.50   63.03    -8.9   -20.9   -14.9   -16.3     0.0     0.00 C    -9.7   -27.3   -19.9    91.3    82.8    86.1 -99.000 -99.000 -99.000 -99.000 -99.000 -9999.0 -9999.0 -9999.0 -9999.0 -9999.0
56401 20151204  2.515 -145.50   63.03    -9.4   -22.8   -16.1   -14.5     2.4     0.01 C   -10.0   -29.9   -17.9    92.0    80.8    87.2 -99.000 -99.000 -99.000 -99.000 -99.000 -9999.0 -9999.0 -9999.0 -9999.0 -9999.0
56401 20151205  2.515 -145.50   63.03   -13.8   -23.4   -18.6   -19.7     0.0     0.00 C   -17.3   -29.5   -22.7    87.0    80.6    83.1 -99.000 -99.000 -99.000 -99.000 -99.000 -9999.0 -9999.0 -9999.0 -9999.0 -9999.0
56401 20151206  2.515 -145.50   63.03   -19.5   -29.6   -24.6   -24.2     0.0     0.00 C   -25.0   -36.5   -30.3    87.4    75.9    80.5 -99.000 -99.000 -99.000 -99.000 -99.000 -9999.0 -9999.0 -9999.0 -9999.0 -9999.0
56401 20151207  2.515 -145.50   63.03   -24.5   -33.6   -29.0   -28.8     0.0     0.00 C   -23.3   -39.7   -32.7    80.2    73.0    76.3 -99.000 -99.000 -99.000 -99.000 -99.000 -9999.0 -9999.0 -9999.0 -9999.0 -9999.0
56401 20151208  2.515 -145.50   63.03   -20.3   -32.2   -26.3   -29.9     0.0     0.00 C   -24.1   -36.0   -34.3    85.7    73.3    75.2 -99.000 -99.000 -99.000 -99.000 -99.000 -9999.0 -9999.0 -9999.0 -9999.0 -9999.0
56401 20151209  2.515 -145.50   63.03   -13.8   -24.9   -19.4   -17.7     0.6     0.00 C   -13.6   -31.5   -20.2    86.8    77.7    82.9 -99.000 -99.000 -99.000 -99.000 -99.000 -9999.0 -9999.0 -9999.0 -9999.0 -9999.0
56401 20151210  2.515 -145.50   63.03   -15.6   -25.8   -20.7   -20.2     0.0     0.00 C   -16.1   -31.2   -24.6    87.4    79.0    83.0 -99.000 -99.000 -99.000 -99.000 -99.000 -9999.0 -9999.0 -9999.0 -9999.0 -9999.0
56401 20151211  2.515 -145.50   63.03   -18.2   -29.1   -23.6   -25.7     0.0     0.00 C   -20.4   -33.8   -31.0    84.8    76.1    79.0 -99.000 -99.000 -99.000 -99.000 -99.000 -9999.0 -9999.0 -9999.0 -9999.0 -9999.0
56401 20151212  2.515 -145.50   63.03   -14.2   -26.1   -20.1   -21.6     0.0     0.00 C   -15.9   -32.0   -26.4    86.4    78.0    81.7 -99.000 -99.000 -99.000 -99.000 -99.000 -9999.0 -9999.0 -9999.0 -9999.0 -9999.0
56401 20151213  2.515 -145.50   63.03   -10.5   -29.7   -20.1   -24.8     0.0     0.00 C   -12.9   -34.8   -29.6    90.7    74.7    79.2 -99.000 -99.000 -99.000 -99.000 -99.000 -9999.0 -9999.0 -9999.0 -9999.0 -9999.0
56401 20151214  2.515 -145.50   63.03    -8.1   -15.9   -12.0   -11.6     1.0     0.00 C    -9.6   -23.2   -14.0    91.6    85.7    89.1 -99.000 -99.000 -99.000 -99.000 -99.000 -9999.0 -9999.0 -9999.0 -9999.0 -9999.0
56401 20151215  2.515 -145.50   63.03    -7.4   -16.7   -12.1   -12.0     4.5     0.00 C    -8.0   -19.8   -13.2    92.0    85.2    88.3 -99.000 -99.000 -99.000 -99.000 -99.000 -9999.0 -9999.0 -9999.0 -9999.0 -9999.0
56401 20151216  2.515 -145.50   63.03    -8.6   -16.4   -12.5   -12.4     0.0     0.00 C    -9.9   -22.0   -15.6    91.1    79.7    85.9 -99.000 -99.000 -99.000 -99.000 -99.000 -9999.0 -9999.0 -9999.0 -9999.0 -9999.0
56401 20151217  2.515 -145.50   63.03    -9.3   -19.4   -14.3   -13.2     0.0     0.00 C   -11.7   -25.9   -16.4    87.9    70.7    80.0 -99.000 -99.000 -99.000 -99.000 -99.000 -9999.0 -9999.0 -9999.0 -9999.0 -9999.0
56401 20151218  2.515 -145.50   63.03   -16.2   -25.8   -21.0   -22.3     0.0     0.00 C   -20.3   -31.5   -26.6    87.0    79.4    81.7 -99.000 -99.000 -99.000 -99.000 -99.000 -9999.0 -9999.0 -9999.0 -9999.0 -9999.0
56401 20151219  2.515 -145.50   63.03    -6.7   -19.9   -13.3   -12.2     0.0     0.00 C    -9.9   -28.5   -17.3    90.1    78.5    86.2 -99.000 -99.000 -99.000 -99.000 -99.000 -9999.0 -9999.0 -9999.0 -9999.0 -9999.0
56401 20151220  2.515 -145.50   63.03   -19.2   -27.1   -23.1   -24.2     0.0     0.00 C   -24.0   -33.2   -30.1    87.1    77.8    80.7 -99.000 -99.000 -99.000 -99.000 -99.000 -9999.0 -9999.0 -9999.0 -9999.0 -9999.0
56401 20151221  2.515 -145.50   63.03   -16.8   -28.7   -22.7   -22.5     0.0     0.00 C   -16.4   -33.7   -24.2    85.0    76.3    81.0 -99.000 -99.000 -99.000 -99.000 -99.000 -9999.0 -9999.0 -9999.0 -9999.0 -9999.0
56401 20151222  2.515 -145.50   63.03   -16.6   -29.6   -23.1   -22.5     0.0     0.00 C   -16.3   -35.7   -26.6    85.3    75.9    81.2 -99.000 -99.000 -99.000 -99.000 -99.000 -9999.0 -9999.0 -9999.0 -9999.0 -9999.0
56401 20151223  2.515 -145.50   63.03   -22.7   -30.9   -26.8   -27.4     0.0     0.00 C   -26.0   -36.5   -31.9    82.5    74.5    77.2 -99.000 -99.000 -99.000 -99.000 -99.000 -9999.0 -9999.0 -9999.0 -9999.0 -9999.0
56401 20151224  2.515 -145.50   63.03   -23.6   -33.1   -28.4   -27.8     0.0     0.00 C   -23.7   -39.0   -32.6    80.0    72.9    76.7 -99.000 -99.000 -99.000 -99.000 -99.000 -9999.0 -9999.0 -9999.0 -9999.0 -9999.0
56401 20151225  2.515 -145.50   63.03   -16.3   -33.5   -24.9   -26.0     0.4     0.00 C   -15.1   -37.3   -26.6    85.4    72.5    78.0 -99.000 -99.000 -99.000 -99.000 -99.000 -9999.0 -9999.0 -9999.0 -9999.0 -9999.0
56401 20151226  2.515 -145.50   63.03   -12.5   -26.7   -19.6   -18.2     0.3     0.00 C   -12.4   -30.1   -21.7    88.7    77.6    84.1 -99.000 -99.000 -99.000 -99.000 -99.000 -9999.0 -9999.0 -9999.0 -9999.0 -9999.0
56401 20151227  2.515 -145.50   63.03   -17.6   -27.7   -22.7   -23.4     0.0     0.00 C   -20.2   -31.4   -26.9    85.1    76.5    80.0 -99.000 -99.000 -99.000 -99.000 -99.000 -9999.0 -9999.0 -9999.0 -9999.0 -9999.0
56401 20151228  2.515 -145.50   63.03    -2.4   -19.4   -10.9    -7.2     0.0     0.01 C    -4.6   -24.6    -9.6    96.2    82.7    91.1 -99.000 -99.000 -99.000 -99.000 -99.000 -9999.0 -9999.0 -9999.0 -9999.0 -9999.0
56401 20151229  2.515 -145.50   63.03    -0.7    -7.7    -4.2    -3.0     0.0     0.00 C    -2.9   -14.5    -7.4    94.1    74.9    86.6 -99.000 -99.000 -99.000 -99.000 -99.000 -9999.0 -9999.0 -9999.0 -9999.0 -9999.0
56401 20151230  2.515 -145.50   63.03     1.2    -7.4    -3.1    -2.0     0.0     0.00 C    -2.2   -12.4    -6.0    92.3    57.9    81.8 -99.000 -99.000 -99.000 -99.000 -99.000 -9999.0 -9999.0 -9999.0 -9999.0 -9999.0
56401 20151231  2.515 -145.50   63.03     3.0    -9.2    -3.1    -2.0     0.5     0.02 C    -0.2   -18.1    -5.9    96.3    61.5    82.8 -99.000 -99.000 -99.000 -99.000 -99.000 -9999.0 -9999.0 -9999.0 -9999.0 -9999.0
