94085 20150101  2.422 -100.35   44.02    -1.0    -9.7    -5.4    -5.5     0.0     6.25 C    -1.0   -12.3    -7.6    77.6    56.0    64.9 -99.000 -99.000   0.406   0.404   0.502    -1.8    -0.9     0.2     1.8     4.4
94085 20150102  2.422 -100.35   44.02    -2.3   -10.2    -6.2    -5.5     0.0     7.95 C    -1.6   -12.0    -7.8    84.1    61.2    74.3 -99.000 -99.000   0.402   0.406   0.502    -1.6    -0.8     0.1     1.6     4.3
94085 20150103  2.422 -100.35   44.02     1.4   -20.7    -9.6   -10.7     0.0     3.16 C    -0.4   -21.8   -11.1    87.0    55.6    73.5 -99.000 -99.000 -99.000   0.407   0.501    -1.7    -0.8     0.0     1.5     4.2
94085 20150104  2.422 -100.35   44.02   -15.4   -22.0   -18.7   -18.5     0.0     6.33 C   -13.5   -23.0   -18.2    82.0    64.6    72.4 -99.000 -99.000 -99.000   0.406   0.497    -3.1    -1.6    -0.2     1.4     4.1
94085 20150105  2.422 -100.35   44.02    -9.4   -23.4   -16.4   -17.0     0.0     3.48 C    -6.9   -23.8   -16.3    84.6    63.5    77.0 -99.000 -99.000 -99.000   0.404   0.498    -3.6    -2.2    -0.5     1.3     4.0
94085 20150106  2.422 -100.35   44.02   -11.4   -19.4   -15.4   -14.9     0.3     3.51 C    -9.6   -20.1   -14.6    84.2    62.0    72.8 -99.000 -99.000 -99.000   0.404   0.500    -3.7    -2.4    -0.8     1.1     3.9
94085 20150107  2.422 -100.35   44.02    -9.5   -21.5   -15.5   -17.6     0.0     7.60 C    -9.9   -23.1   -17.7    67.2    51.1    61.1 -99.000 -99.000 -99.000   0.403   0.501    -4.4    -2.9    -1.1     0.9     3.8
94085 20150108  2.422 -100.35   44.02    -2.0   -15.9    -9.0    -8.2     0.0     6.02 C    -2.8   -17.6    -9.1    83.0    60.3    70.0 -99.000 -99.000 -99.000   0.406   0.500    -3.7    -2.7    -1.3     0.7     3.7
94085 20150109  2.422 -100.35   44.02   -11.4   -18.4   -14.9   -15.8     0.0     8.78 C   -10.8   -20.9   -17.1    65.0    48.5    57.2 -99.000 -99.000 -99.000   0.405   0.497    -4.8    -3.3    -1.5     0.6     3.6
94085 20150110  2.422 -100.35   44.02    -7.5   -19.0   -13.2   -12.2     0.0     7.22 C    -5.3   -20.0   -12.5    77.2    59.6    67.8 -99.000 -99.000 -99.000   0.407   0.497    -4.9    -3.7    -1.9     0.4     3.5
94085 20150111  2.422 -100.35   44.02    -9.9   -17.8   -13.9   -13.5     0.0     4.11 C    -7.3   -18.8   -13.2    82.8    67.0    74.5 -99.000 -99.000 -99.000   0.411   0.497    -4.8    -3.6    -2.1     0.2     3.4
94085 20150112  2.422 -100.35   44.02   -15.9   -22.3   -19.1   -19.4     0.0     9.19 C    -9.8   -24.4   -18.9    82.9    65.3    75.9 -99.000 -99.000 -99.000 -99.000   0.495    -5.8    -4.2    -2.4     0.1     3.2
94085 20150113  2.422 -100.35   44.02    -2.2   -21.9   -12.1    -9.0     0.2     4.90 C     0.0   -22.0    -8.7    88.0    69.1    76.6 -99.000 -99.000 -99.000 -99.000   0.496    -5.3    -4.3    -2.7    -0.1     3.1
94085 20150114  2.422 -100.35   44.02     1.0    -9.8    -4.4    -4.3     0.0     7.54 C     1.6   -12.0    -5.5    85.6    57.6    70.7 -99.000 -99.000 -99.000 -99.000   0.499    -3.7    -3.1    -2.3    -0.3     3.0
94085 20150115  2.422 -100.35   44.02     2.9    -3.5    -0.3    -0.1     0.0     8.66 C     6.9    -5.8    -1.7    74.1    59.3    66.2 -99.000 -99.000 -99.000 -99.000   0.499    -2.6    -2.3    -1.9    -0.3     2.8
94085 20150116  2.422 -100.35   44.02     6.5    -0.6     3.0     2.5     0.0     9.02 C    11.2    -3.8     1.3    81.7    47.4    60.8 -99.000 -99.000 -99.000 -99.000   0.493    -1.8    -1.7    -1.5    -0.4     2.7
94085 20150117  2.422 -100.35   44.02     5.9     0.3     3.1     3.2     0.0     8.02 C     7.5    -2.4     1.7    76.1    51.9    64.6 -99.000 -99.000 -99.000 -99.000   0.492    -1.1    -1.2    -1.2    -0.3     2.6
94085 20150118  2.422 -100.35   44.02     6.7    -1.8     2.5     2.3     0.0     7.91 C    14.1    -5.5     0.5    75.3    46.0    57.7 -99.000 -99.000 -99.000 -99.000   0.494    -1.1    -1.0    -1.0    -0.3     2.6
94085 20150119  2.422 -100.35   44.02     8.6     1.1     4.9     5.0     0.0     8.95 C    10.9    -2.1     3.4    76.5    42.4    59.9 -99.000 -99.000 -99.000 -99.000   0.494    -0.8    -0.8    -0.9    -0.3     2.5
94085 20150120  2.422 -100.35   44.02     5.2    -1.5     1.8     2.0     0.0     6.55 C     7.9    -3.8     1.1    80.6    54.0    68.0 -99.000 -99.000 -99.000 -99.000   0.494    -0.7    -0.7    -0.8    -0.3     2.4
94085 20150121  2.422 -100.35   44.02     1.4    -6.3    -2.4    -2.0     0.0     1.54 C     0.2   -10.2    -2.5    90.9    67.2    79.5 -99.000 -99.000 -99.000 -99.000   0.495    -0.6    -0.6    -0.6    -0.2     2.4
94085 20150122  2.422 -100.35   44.02     6.6    -8.5    -0.9    -2.2     0.0     9.72 C     8.6   -11.2    -4.2    87.8    31.3    66.5 -99.000 -99.000 -99.000 -99.000   0.496    -1.0    -0.7    -0.6    -0.2     2.3
94085 20150123  2.422 -100.35   44.02    10.0    -1.7     4.1     3.4     0.0     9.19 C    12.0    -5.1     1.8    74.0    43.6    56.8 -99.000 -99.000 -99.000 -99.000   0.496    -1.0    -0.8    -0.6    -0.1     2.3
94085 20150124  2.422 -100.35   44.02    12.9    -0.4     6.2     4.7     1.0     4.04 C    16.3    -3.4     3.5    96.1    43.4    67.6 -99.000 -99.000 -99.000 -99.000   0.496    -0.7    -0.6    -0.6    -0.1     2.3
94085 20150125  2.422 -100.35   44.02     6.0     1.2     3.6     2.8     0.0     4.67 C     9.9    -2.3     2.0    96.2    56.0    72.9 -99.000 -99.000 -99.000 -99.000   0.495    -0.5    -0.5    -0.6    -0.1     2.2
94085 20150126  2.422 -100.35   44.02    13.8     3.5     8.7     8.2     0.0     9.88 C    17.2    -1.9     5.5    66.3    35.0    52.6 -99.000 -99.000 -99.000 -99.000   0.492    -0.3    -0.4    -0.5     0.0     2.2
94085 20150127  2.422 -100.35   44.02    18.5    -2.4     8.1     6.1     0.0    10.26 C    24.9    -5.2     4.8    89.9    27.9    65.0 -99.000 -99.000 -99.000 -99.000   0.492    -0.2    -0.3    -0.4     0.0     2.2
94085 20150128  2.422 -100.35   44.02    15.1     1.2     8.2     6.4     0.0     8.82 C    19.1    -2.9     5.2    84.5    30.1    61.7 -99.000 -99.000 -99.000 -99.000   0.490     0.0    -0.2    -0.4     0.0     2.1
94085 20150129  2.422 -100.35   44.02     3.6    -8.5    -2.5     0.2     0.0    10.44 C     9.6   -11.2    -0.4    89.6    45.8    64.2 -99.000 -99.000 -99.000 -99.000   0.491    -0.1    -0.2    -0.4     0.0     2.1
94085 20150130  2.422 -100.35   44.02     9.6    -9.1     0.3    -0.3     0.0     9.76 C    15.5   -10.5    -1.8    90.5    35.1    66.6 -99.000 -99.000 -99.000 -99.000   0.491    -0.3    -0.2    -0.4     0.1     2.1
94085 20150131  2.422 -100.35   44.02     1.7   -13.3    -5.8    -6.4     1.8     0.78 C    -2.4   -12.8    -6.6    96.0    63.3    87.1 -99.000 -99.000 -99.000 -99.000   0.490    -0.3    -0.2    -0.3     0.1     2.1
94085 20150201  2.422 -100.35   44.02   -13.4   -22.0   -17.7   -17.2     2.3     9.60 C   -12.8   -25.2   -17.7    81.7    54.2    70.7 -99.000 -99.000 -99.000 -99.000   0.491    -0.8    -0.4    -0.3     0.1     2.1
94085 20150202  2.422 -100.35   44.02    -1.7   -22.7   -12.2   -11.9     0.0     8.56 C    -1.5   -24.8   -12.6    88.2    58.1    75.2 -99.000 -99.000 -99.000 -99.000   0.491    -1.6    -0.9    -0.4     0.1     2.1
94085 20150203  2.422 -100.35   44.02    -5.3   -13.4    -9.3    -9.5     0.0     8.41 C    -1.5   -15.2    -8.8    88.4    72.3    81.3 -99.000 -99.000 -99.000 -99.000   0.491    -1.7    -1.1    -0.5     0.1     2.1
94085 20150204  2.422 -100.35   44.02    -9.1   -16.8   -12.9   -12.7     0.0    11.80 C    -5.2   -20.1   -12.9    87.0    50.0    68.6 -99.000 -99.000 -99.000 -99.000   0.491    -2.1    -1.3    -0.7     0.1     2.1
94085 20150205  2.422 -100.35   44.02     6.3   -16.8    -5.3    -3.5     0.0    10.52 C    10.5   -19.0    -4.1    84.5    47.7    69.9 -99.000 -99.000 -99.000 -99.000   0.491    -2.3    -1.6    -0.8     0.1     2.1
94085 20150206  2.422 -100.35   44.02    18.8    -2.0     8.4     7.9     0.0    11.86 C    24.7    -5.5     6.0    89.0    24.3    57.5 -99.000 -99.000 -99.000 -99.000   0.491    -1.2    -1.0    -0.8     0.1     2.1
94085 20150207  2.422 -100.35   44.02    22.1     4.8    13.5    12.0     0.0     9.73 C    26.4    -0.7     9.3    62.4    18.3    39.2 -99.000 -99.000 -99.000 -99.000   0.491    -0.6    -0.6    -0.6     0.1     2.1
94085 20150208  2.422 -100.35   44.02    13.2    -4.6     4.3     5.6     0.0    11.64 C    16.8    -5.8     5.2    95.8    49.7    71.6 -99.000 -99.000 -99.000 -99.000   0.491    -0.1    -0.4    -0.5     0.1     2.1
94085 20150209  2.422 -100.35   44.02     0.9    -4.7    -1.9    -2.0     0.0     2.48 C     1.7    -5.3    -1.2    97.7    93.3    95.6 -99.000 -99.000 -99.000 -99.000   0.491    -0.3    -0.3    -0.4     0.1     2.1
94085 20150210  2.422 -100.35   44.02    10.7    -5.9     2.4     2.1     0.0     8.47 C    16.1    -7.1     2.7    97.5    59.1    79.5 -99.000 -99.000 -99.000 -99.000   0.491    -0.1    -0.2    -0.3     0.1     2.1
94085 20150211  2.422 -100.35   44.02    -1.0   -16.3    -8.7    -6.8     0.0     9.43 C     8.1   -17.0    -5.1    81.1    49.3    65.6 -99.000 -99.000 -99.000 -99.000   0.491    -0.3    -0.2    -0.3     0.1     2.0
94085 20150212  2.422 -100.35   44.02     0.9   -18.7    -8.9    -9.6     0.0     6.37 C     5.2   -20.1    -8.9    82.4    50.9    70.4 -99.000 -99.000 -99.000 -99.000   0.491    -0.6    -0.3    -0.3     0.2     2.0
94085 20150213  2.422 -100.35   44.02    13.7    -7.1     3.3     3.3     0.0    12.45 C    21.0    -9.0     3.3    83.3    32.8    61.3 -99.000 -99.000 -99.000 -99.000   0.491    -0.7    -0.4    -0.3     0.2     2.0
94085 20150214  2.422 -100.35   44.02     0.7   -14.0    -6.7   -10.1     0.0     4.00 C    -1.0   -11.1    -7.6    86.8    38.5    57.7 -99.000 -99.000 -99.000 -99.000   0.491    -0.6    -0.4    -0.3     0.2     2.0
94085 20150215  2.422 -100.35   44.02     2.2   -10.8    -4.3    -5.0     0.0     8.84 C    12.1   -11.9    -3.6    67.4    42.8    50.3 -99.000 -99.000 -99.000 -99.000   0.491    -1.0    -0.6    -0.3     0.2     2.0
94085 20150216  2.422 -100.35   44.02     1.9    -6.4    -2.2    -2.3     0.5     4.04 C     6.4    -8.3    -2.0    90.6    58.7    74.4 -99.000 -99.000 -99.000 -99.000   0.491    -0.8    -0.6    -0.4     0.2     2.0
94085 20150217  2.422 -100.35   44.02    -6.1   -16.6   -11.3   -11.6     0.0    14.27 C    -3.7   -17.8   -11.3    86.2    38.4    62.2 -99.000 -99.000 -99.000 -99.000   0.491    -1.3    -0.7    -0.4     0.2     2.0
94085 20150218  2.422 -100.35   44.02    -8.3   -20.9   -14.6   -14.6     0.0    13.81 C     0.7   -23.8   -13.4    81.0    35.8    60.9 -99.000 -99.000 -99.000 -99.000   0.491    -2.4    -1.4    -0.5     0.3     2.0
94085 20150219  2.422 -100.35   44.02     2.7   -17.0    -7.2    -7.2     0.0     9.22 C    10.4   -18.1    -6.5    75.4    41.3    61.8 -99.000 -99.000 -99.000 -99.000   0.491    -2.5    -1.7    -0.7     0.2     2.0
94085 20150220  2.422 -100.35   44.02    10.7    -2.3     4.2     3.5     0.0     8.52 C    15.1    -5.0     2.8    85.8    34.7    64.1 -99.000 -99.000 -99.000 -99.000   0.491    -1.4    -1.1    -0.8     0.2     2.0
94085 20150221  2.422 -100.35   44.02     1.2   -17.5    -8.1    -7.1     1.4     7.23 C     0.3   -23.5    -7.2    93.1    63.7    79.6 -99.000 -99.000 -99.000 -99.000   0.491    -0.9    -0.7    -0.6     0.1     2.0
94085 20150222  2.422 -100.35   44.02   -13.5   -23.5   -18.5   -18.5     0.0    14.64 C    -8.6   -27.9   -19.3    80.2    52.5    69.3 -99.000 -99.000 -99.000 -99.000   0.491    -1.8    -1.1    -0.6     0.1     2.0
94085 20150223  2.422 -100.35   44.02     3.8   -20.8    -8.5    -7.2     0.0    14.57 C    12.3   -24.6    -8.0    77.9    23.7    52.1 -99.000 -99.000 -99.000 -99.000   0.491    -2.4    -1.6    -0.8     0.1     2.0
94085 20150224  2.422 -100.35   44.02    10.6    -3.4     3.6     2.9     0.0    13.91 C    21.3    -5.7     3.9    78.4    32.1    52.1 -99.000 -99.000 -99.000 -99.000   0.491    -1.4    -1.2    -0.8     0.1     2.0
94085 20150225  2.422 -100.35   44.02    -0.8   -17.3    -9.0    -8.9     0.0     5.31 C    -1.1   -19.3    -8.1    90.6    62.7    77.4 -99.000 -99.000 -99.000 -99.000   0.489    -1.0    -0.8    -0.7     0.1     1.9
94085 20150226  2.422 -100.35   44.02   -11.7   -22.8   -17.2   -17.1     0.0    15.51 C    -1.4   -24.1   -15.9    79.9    44.3    67.7 -99.000 -99.000 -99.000 -99.000   0.490    -2.2    -1.4    -0.7     0.1     1.9
94085 20150227  2.422 -100.35   44.02    -3.2   -20.1   -11.7   -12.4     0.0    16.59 C     7.0   -24.1   -11.4    76.9    27.5    54.1 -99.000 -99.000 -99.000 -99.000   0.490    -3.1    -2.2    -1.1     0.0     1.9
94085 20150228  2.422 -100.35   44.02     0.1   -15.3    -7.6    -8.2     0.0    16.14 C    10.2   -16.7    -7.4    82.6    24.1    54.2 -99.000 -99.000 -99.000 -99.000   0.488    -2.8    -2.1    -1.3     0.0     1.9
94085 20150301  2.422 -100.35   44.02     0.8   -13.7    -6.5    -6.2     0.0    11.32 C     8.9   -16.1    -7.1    78.6    31.1    54.1 -99.000 -99.000 -99.000 -99.000   0.487    -2.6    -2.0    -1.3    -0.1     1.8
94085 20150302  2.422 -100.35   44.02     7.4   -13.2    -2.9    -2.0     0.0    12.47 C    14.2   -16.0    -1.7    83.7    26.2    53.5 -99.000 -99.000 -99.000 -99.000   0.488    -2.4    -1.9    -1.3    -0.1     1.8
94085 20150303  2.422 -100.35   44.02     0.6   -15.1    -7.2    -8.5     6.6    15.00 C    -0.5   -17.4    -8.2    97.9    45.4    67.0 -99.000 -99.000 -99.000 -99.000   0.488    -1.7    -1.4    -1.1    -0.2     1.8
94085 20150304  2.422 -100.35   44.02   -10.5   -18.2   -14.4   -14.5     0.0    16.61 C     0.7   -23.3   -14.2    69.0    43.5    57.3 -99.000 -99.000 -99.000 -99.000   0.490    -2.9    -2.1    -1.2    -0.2     1.7
94085 20150305  2.422 -100.35   44.02     2.2   -21.5    -9.7    -9.4     0.0    16.83 C    12.0   -23.8    -7.6    80.2    42.4    63.0 -99.000 -99.000 -99.000 -99.000   0.491    -3.3    -2.6    -1.6    -0.2     1.7
94085 20150306  2.422 -100.35   44.02    12.8    -3.2     4.8     3.8     0.0    15.73 C    25.8    -6.9     5.0    67.1    28.1    48.4 -99.000 -99.000 -99.000 -99.000   0.491    -1.8    -1.7    -1.4    -0.3     1.6
94085 20150307  2.422 -100.35   44.02    10.7    -1.9     4.4     4.6     0.0    16.59 C    25.4    -5.6     6.7    73.7    32.6    53.3 -99.000 -99.000 -99.000 -99.000   0.491    -0.8    -0.9    -1.0    -0.3     1.6
94085 20150308  2.422 -100.35   44.02    13.3    -2.6     5.3     5.2     0.0    18.05 C    24.2    -7.7     4.6    92.4    15.2    55.0 -99.000 -99.000 -99.000 -99.000   0.491    -0.5    -0.6    -0.8    -0.3     1.6
94085 20150309  2.422 -100.35   44.02    18.7     0.5     9.6     9.2     0.0    17.92 C    31.8    -3.7     8.3    57.3    17.9    36.9 -99.000 -99.000 -99.000 -99.000   0.492    -0.2    -0.5    -0.6    -0.3     1.5
94085 20150310  2.422 -100.35   44.02    17.6     2.5    10.0     9.8     0.0    18.14 C    28.5    -1.9     8.6    62.0    18.5    36.8 -99.000 -99.000 -99.000 -99.000   0.492     0.2    -0.3    -0.6    -0.3     1.5
94085 20150311  2.422 -100.35   44.02    25.5    -0.8    12.4    11.4     0.0    16.80 C    33.7    -5.4    10.7    86.5     9.0    43.5 -99.000 -99.000 -99.000 -99.000   0.493     0.6    -0.1    -0.5    -0.2     1.5
94085 20150312  2.422 -100.35   44.02    22.0     5.5    13.7    13.8     0.0    10.33 C    28.0     1.5    12.9    45.5    14.0    29.2   0.249 -99.000 -99.000 -99.000   0.493     1.3     0.2    -0.4    -0.2     1.5
94085 20150313  2.422 -100.35   44.02    18.1     5.6    11.8    11.3     0.0    17.91 C    26.3    -3.6     9.9    58.9    22.9    41.4   0.256   0.278 -99.000 -99.000   0.493     1.8     0.6    -0.3    -0.2     1.5
94085 20150314  2.422 -100.35   44.02    21.9     2.8    12.4    12.6     0.0    17.94 C    31.2    -3.6    11.7    64.6    16.6    37.4 -99.000 -99.000 -99.000 -99.000   0.493     1.7     0.8    -0.3    -0.1     1.5
94085 20150315  2.422 -100.35   44.02    28.1    14.0    21.0    19.8     0.0    16.09 C    40.5    10.3    20.1    36.1    13.1    23.8   0.270   0.331 -99.000 -99.000   0.494     3.9     2.2     0.0    -0.1     1.5
94085 20150316  2.422 -100.35   44.02    19.2    -0.1     9.6    10.5     0.0    10.86 C    27.3    -0.8    11.1    77.0    31.4    49.4   0.269   0.333   0.386 -99.000   0.494     4.1     2.8     0.6    -0.1     1.5
94085 20150317  2.422 -100.35   44.02     4.2    -3.0     0.6     1.1     0.0     6.09 C    14.4    -5.1     3.0    75.3    32.1    48.8   0.261   0.331   0.383 -99.000   0.493     2.0     1.7     0.7     0.1     1.5
94085 20150318  2.422 -100.35   44.02    15.1     1.7     8.4     6.1     0.0    13.19 C    25.2    -2.1     7.3    42.9    17.6    30.6   0.259   0.330   0.387   0.403   0.493     1.9     1.6     0.8     0.3     1.5
94085 20150319  2.422 -100.35   44.02    10.6    -2.5     4.1     5.2     0.0    15.11 C    23.3    -6.4     4.3    66.2    39.4    50.8   0.257   0.331   0.391   0.401   0.492     2.2     1.9     1.2     0.6     1.5
94085 20150320  2.422 -100.35   44.02    21.5    -2.8     9.3     8.9     0.0    19.35 C    28.4    -5.8     8.7    91.0    17.8    51.1   0.258   0.331   0.391   0.404   0.491     2.6     2.1     1.4     0.8     1.6
94085 20150321  2.422 -100.35   44.02    13.2    -4.4     4.4     3.3     0.0    17.79 C    25.0    -7.0     5.7    96.5    31.8    66.4   0.255   0.333   0.391   0.404   0.490     3.1     2.7     1.9     1.0     1.7
94085 20150322  2.422 -100.35   44.02     7.3    -3.4     2.0     1.0     0.0    13.71 C    23.2    -8.8     3.0    73.8    30.6    50.9   0.252   0.332   0.393   0.404   0.491     3.0     2.7     2.1     1.2     1.8
94085 20150323  2.422 -100.35   44.02    18.7    -7.0     5.8     6.4     0.0    15.47 C    30.0    -9.2     7.9    88.4    20.8    51.1   0.254   0.332   0.393   0.403   0.491     2.8     2.5     2.1     1.6     1.9
94085 20150324  2.422 -100.35   44.02    17.6     0.4     9.0     9.2     0.0    17.18 C    28.5    -3.9    10.6    77.3    23.3    48.9   0.254   0.334   0.395   0.404   0.490     4.6     3.9     2.8     2.0     2.0
94085 20150325  2.422 -100.35   44.02     6.4    -2.5     2.0     1.5     0.0     9.25 C    17.2   -11.2     1.0    76.5    39.6    57.1   0.248   0.334   0.396   0.405   0.490     3.6     3.7     3.3     2.4     2.2
94085 20150326  2.422 -100.35   44.02     1.8    -5.1    -1.6    -1.2     2.8     6.94 C     5.1   -11.2    -2.6    92.7    58.8    78.3   0.256   0.331   0.395   0.407   0.492     1.7     2.3     2.6     2.5     2.4
94085 20150327  2.422 -100.35   44.02    14.6    -3.6     5.5     2.3     0.0    15.05 C    26.7    -3.7     4.6    91.1    38.5    70.5   0.273   0.335   0.393   0.405   0.495     2.5     2.4     2.3     2.4     2.5
94085 20150328  2.422 -100.35   44.02    23.5    -5.3     9.1     9.8     0.0    21.15 C    31.4    -6.2    11.7    96.1    22.8    58.7   0.272   0.337   0.395   0.405   0.497     4.0     3.5     2.8     2.4     2.6
94085 20150329  2.422 -100.35   44.02    16.3     4.9    10.6    10.4     0.0    21.57 C    25.8     1.5    11.1    70.6    19.1    43.6   0.274   0.341   0.397   0.406   0.497     5.8     5.0     3.9     2.8     2.7
94085 20150330  2.422 -100.35   44.02    22.4     3.8    13.1    13.0     0.0    19.12 C    30.7    -1.6    11.5    61.5    15.6    35.2   0.272   0.341   0.400   0.408   0.498     5.8     5.2     4.3     3.2     2.8
94085 20150331  2.422 -100.35   44.02    27.5     5.5    16.5    16.3     0.0    21.44 C    42.5    -0.2    16.8    53.0     9.3    28.0   0.273   0.342   0.401   0.409   0.494     6.8     6.0     4.8     3.6     3.0
94085 20150401  2.422 -100.35   44.02    19.6     5.5    12.6    14.7     0.0    14.31 C    29.4     2.1    14.3    43.7    20.3    28.2   0.273   0.345   0.403   0.410   0.496     7.7     7.0     5.7     4.1     3.2
94085 20150402  2.422 -100.35   44.02    12.5    -0.8     5.8     5.9     0.0    18.98 C    22.6    -2.7     6.7    55.3    21.1    33.5   0.266   0.343   0.405   0.411   0.497     6.5     6.3     5.7     4.5     3.4
94085 20150403  2.422 -100.35   44.02    11.9    -7.1     2.4     2.4     0.0    21.63 C    29.3    -9.4     5.7    83.2    16.3    50.4   0.260   0.340   0.402   0.413   0.496     5.7     5.6     5.3     4.6     3.6
94085 20150404  2.422 -100.35   44.02    18.2    -2.3     7.9     8.1     0.0    21.50 C    38.0    -7.5    10.6    66.2     9.3    33.2   0.259   0.341   0.402   0.414   0.497     6.1     5.7     5.2     4.6     3.8
94085 20150405  2.422 -100.35   44.02    16.9     0.2     8.6     8.8     0.0    20.44 C    39.3    -2.1    12.6    70.3    23.4    42.0   0.260   0.342   0.403   0.413   0.499     7.2     6.6     5.7     4.7     3.9
94085 20150406  2.422 -100.35   44.02     4.4    -1.9     1.2     1.7     0.7     2.75 C     5.6    -3.6     2.1    97.7    47.5    79.5   0.252   0.341   0.404   0.412   0.497     6.0     6.2     5.9     5.0     4.0
94085 20150407  2.422 -100.35   44.02     5.0     0.7     2.8     2.7     0.0     4.13 C    11.3     1.0     4.2    98.6    87.3    95.8   0.245   0.338   0.402   0.412   0.498     5.3     5.4     5.3     5.0     4.2
94085 20150408  2.422 -100.35   44.02     4.6     2.6     3.6     3.6     1.8     3.15 C     8.8     3.1     4.5    98.3    95.6    97.4   0.243   0.337   0.402   0.412   0.503     5.3     5.4     5.2     4.8     4.3
94085 20150409  2.422 -100.35   44.02    13.7     0.1     6.9     5.7     1.4    16.52 C    21.5     0.0     6.3    97.5    23.7    66.0   0.246   0.338   0.401   0.411   0.503     5.4     5.3     5.1     4.8     4.4
94085 20150410  2.422 -100.35   44.02    16.9    -1.3     7.8     8.4     0.0    24.35 C    36.8    -3.8    12.9    73.6    22.4    42.4   0.253   0.340   0.402   0.412   0.503     6.5     5.9     5.2     4.8     4.4
94085 20150411  2.422 -100.35   44.02    27.2     2.1    14.6    15.5     0.0    23.44 C    41.2    -0.2    17.5    79.1    12.3    39.5   0.259   0.343   0.403   0.414   0.502     8.1     7.3     6.1     5.1     4.5
94085 20150412  2.422 -100.35   44.02    17.0     2.5     9.8    12.4     0.0    21.50 C    28.5    -1.8    13.4    75.8    20.5    42.2   0.263   0.345   0.407   0.415   0.501     9.1     8.4     7.1     5.5     4.6
94085 20150413  2.422 -100.35   44.02    18.5    -1.0     8.8    10.2     0.0    25.44 C    33.4    -3.6    12.3    59.2    15.2    31.1   0.261   0.344   0.408   0.415   0.497     8.1     7.8     7.1     5.9     4.7
94085 20150414  2.422 -100.35   44.02    25.6     2.5    14.1    15.0     0.0    25.18 C    35.8    -0.6    15.9    59.3    10.8    28.8   0.262   0.344   0.408   0.418   0.499     8.6     8.1     7.2     6.1     4.9
94085 20150415  2.422 -100.35   44.02    21.9     6.1    14.0    13.1     0.0    21.50 C    37.5     3.3    15.2    82.6    24.8    46.8   0.264   0.346   0.409   0.418   0.506     9.5     8.8     7.7     6.3     5.1
94085 20150416  2.422 -100.35   44.02    19.8     4.6    12.2    11.7     0.0    19.38 C    38.3     2.8    15.2    88.6    35.4    61.0   0.266   0.348   0.412   0.419   0.506    10.1     9.3     8.2     6.7     5.2
94085 20150417  2.422 -100.35   44.02    20.0     3.5    11.8    12.4     1.1    15.28 C    34.2     1.0    15.2    94.6    28.0    56.4   0.265   0.349   0.412   0.421   0.503    10.2     9.6     8.5     7.0     5.4
94085 20150418  2.422 -100.35   44.02    12.0     7.3     9.6     9.8     1.1     5.24 C    15.7     7.3    10.4    96.7    59.4    84.2   0.262   0.349   0.411   0.421   0.504    10.0     9.6     8.8     7.3     5.6
94085 20150419  2.422 -100.35   44.02    11.4     0.7     6.0     7.0     0.2    15.10 C    17.4    -2.0     7.5    96.5    37.7    64.6   0.255   0.347   0.411   0.420   0.507     8.6     8.8     8.5     7.4     5.8
94085 20150420  2.422 -100.35   44.02    12.5    -4.1     4.2     5.5     0.0    24.71 C    22.4    -5.5     6.8    83.5    17.0    41.4   0.247   0.343   0.410   0.421   0.502     7.1     7.4     7.6     7.3     5.9
94085 20150421  2.422 -100.35   44.02    10.6    -0.7     4.9     4.3     0.0    20.84 C    26.6    -6.5     6.7    60.6    22.8    43.9   0.246   0.342   0.408   0.421   0.500     7.1     7.2     7.2     7.0     6.0
94085 20150422  2.422 -100.35   44.02    13.8    -3.4     5.2     5.5     0.0    25.92 C    38.8    -8.7    10.7    65.3    23.1    39.5   0.247   0.342   0.406   0.421   0.503     7.6     7.3     7.0     6.8     6.1
94085 20150423  2.422 -100.35   44.02    22.1    -0.4    10.9    11.4     0.0    25.67 C    35.3    -2.4    14.8    58.6    31.5    42.4   0.250   0.343   0.409   0.421   0.504     8.7     8.2     7.5     6.8     6.1
94085 20150424  2.422 -100.35   44.02    24.1     8.8    16.4    15.9     0.0    23.42 C    46.0     6.1    21.3    83.9    32.1    56.3   0.259   0.349   0.411   0.420   0.507    11.4    10.1     8.5     7.1     6.2
94085 20150425  2.422 -100.35   44.02    15.5     7.0    11.3    10.2     0.2     6.31 C    25.3     6.9    11.3    97.8    61.4    85.3   0.255   0.350   0.415   0.421   0.506    10.8    10.5     9.5     7.7     6.2
94085 20150426  2.422 -100.35   44.02    17.0     7.9    12.4    11.7     0.0    17.56 C    36.0     2.2    14.6    84.5    34.9    57.7   0.252   0.349   0.414   0.425   0.509    10.8    10.3     9.3     8.0     6.4
94085 20150427  2.422 -100.35   44.02    20.9     5.5    13.2    12.5     0.0    25.82 C    46.1     0.4    16.7    92.2    22.9    49.2   0.249   0.349   0.414   0.423   0.508    11.1    10.4     9.5     8.2     6.5
94085 20150428  2.422 -100.35   44.02    17.0     4.5    10.8    10.8     0.0    21.94 C    41.2     0.9    15.7    92.5    33.2    60.8   0.244   0.350   0.415   0.423   0.507    11.7    11.0     9.9     8.4     6.7
94085 20150429  2.422 -100.35   44.02    22.2     4.5    13.4    14.0     0.0    27.52 C    42.9    -0.4    17.5    75.3    20.3    38.7   0.242   0.350   0.415   0.426   0.508    11.7    11.1    10.1     8.7     6.9
94085 20150430  2.422 -100.35   44.02    28.5     5.7    17.1    16.2     2.4    24.75 C    45.5     2.5    19.6    85.0    20.7    41.0   0.241   0.353   0.417   0.426   0.511    12.4    11.7    10.5     8.9     7.1
94085 20150501  2.422 -100.35   44.02    23.3     6.1    14.7    15.0     0.0    27.22 C    44.6     3.4    19.4    80.9    19.5    47.4   0.250   0.359   0.419   0.423   0.509    13.2    12.4    11.1     9.2     7.2
94085 20150502  2.422 -100.35   44.02    30.7     8.1    19.4    20.2     0.0    27.04 C    46.5     4.9    23.4    73.9    13.1    40.7   0.244   0.358   0.421   0.428   0.508    13.8    12.9    11.5     9.6     7.4
94085 20150503  2.422 -100.35   44.02    23.2     8.8    16.0    16.3     0.0    24.06 C    37.6     4.2    17.7    62.9    22.4    37.7   0.239   0.358   0.421   0.430   0.511    13.9    13.2    12.0    10.0     7.6
94085 20150504  2.422 -100.35   44.02    19.9     6.3    13.1    13.6     0.0    14.28 C    34.3     1.0    15.3    46.8    17.3    29.6   0.235   0.356   0.420   0.428   0.513    12.6    12.4    11.7    10.2     7.8
94085 20150505  2.422 -100.35   44.02    20.0     7.3    13.7    13.9     0.2    13.99 C    34.8     3.7    16.5    97.5    33.2    66.0   0.233   0.355   0.420   0.428   0.519    12.7    12.3    11.5    10.2     8.0
94085 20150506  2.422 -100.35   44.02    20.7    12.7    16.7    16.3     0.0    11.49 C    30.6     9.5    18.0    97.6    54.3    80.1   0.232   0.356   0.420   0.428   0.518    13.5    13.0    11.8    10.3     8.2
94085 20150507  2.422 -100.35   44.02    14.2     6.2    10.2    10.1     2.9     5.88 C    13.8     3.9    10.1    96.5    80.2    92.1   0.229   0.355   0.420   0.429   0.514    12.5    12.5    11.9    10.5     8.3
94085 20150508  2.422 -100.35   44.02    17.4     5.0    11.2    10.7     0.0    28.02 C    36.1     3.3    15.7    87.4    29.3    61.2   0.231   0.354   0.419   0.428   0.512    12.3    11.8    11.3    10.4     8.4
94085 20150509  2.422 -100.35   44.02     6.4     1.1     3.7     2.6    24.4     3.64 C     6.7     0.4     3.4    96.3    76.8    90.3   0.264   0.367   0.422   0.428   0.513    10.1    10.9    11.1    10.4     8.6
94085 20150510  2.422 -100.35   44.02     4.7     0.1     2.4     2.5    37.7     3.18 C     6.3     0.0     2.7    97.6    95.1    96.4   0.475   0.528   0.559   0.550   0.536     6.4     7.5     8.9     9.8     8.7
94085 20150511  2.422 -100.35   44.02    13.2     0.3     6.7     5.3     2.9    15.36 C    14.0     0.0     4.6    97.3    32.9    72.2   0.517   0.553   0.584   0.556   0.547     6.1     6.8     7.7     8.9     8.7
94085 20150512  2.422 -100.35   44.02    21.8     0.2    11.0    12.5     0.0    27.42 C    26.7    -1.1    12.5    81.2    22.2    48.2   0.432   0.498   0.564   0.547   0.546     8.0     7.8     7.7     8.3     8.6
94085 20150513  2.422 -100.35   44.02    25.4    10.5    17.9    17.4     1.2    21.49 C    32.9     7.6    17.8    94.3    38.0    57.5   0.402   0.458   0.532   0.543   0.549    10.8    10.0     9.0     8.3     8.4
94085 20150514  2.422 -100.35   44.02    16.7    10.9    13.8    13.2     1.2     6.14 C    22.2    11.1    13.9    97.8    80.8    93.1   0.395   0.450   0.513   0.536   0.548    11.9    11.3    10.2     8.9     8.3
94085 20150515  2.422 -100.35   44.02    15.7     9.9    12.8    12.9     0.8     5.32 C    19.6    10.2    13.5    98.3    74.2    89.2   0.384   0.441   0.504   0.529   0.546    11.6    11.3    10.5     9.4     8.3
94085 20150516  2.422 -100.35   44.02    23.8    11.4    17.6    17.3    14.3    18.44 C    31.4    10.7    18.0    97.3    49.5    76.6   0.477   0.518   0.555   0.538   0.547    13.4    12.4    11.1     9.7     8.4
94085 20150517  2.422 -100.35   44.02    15.7     2.6     9.1     9.9     4.7     6.47 C    13.6     2.4     9.8    95.2    64.3    85.4   0.440   0.497   0.551   0.538   0.546    12.3    12.5    11.8    10.2     8.5
94085 20150518  2.422 -100.35   44.02    13.3     1.0     7.1     6.4     0.0    29.05 C    24.2    -1.0     8.9    93.7    31.8    61.9   0.406   0.461   0.532   0.539   0.544    10.2    10.5    10.6    10.2     8.7
94085 20150519  2.422 -100.35   44.02    11.0    -1.1     4.9     5.5     0.0    17.76 C    22.2    -2.4     8.6    97.1    48.4    72.0   0.385   0.440   0.503   0.535   0.542     9.8    10.0    10.1     9.9     8.8
94085 20150520  2.422 -100.35   44.02    15.6     4.8    10.2     9.5     0.3    21.36 C    36.9     2.5    12.8    90.0    23.7    55.1   0.378   0.432   0.492   0.530   0.542    10.8    10.5    10.1     9.7     8.9
94085 20150521  2.422 -100.35   44.02    20.8     4.5    12.6    13.0     0.0    31.01 C    42.3     2.3    17.5    83.2    20.9    47.3   0.372   0.427   0.488   0.514   0.542    12.0    11.3    10.5     9.7     8.9
94085 20150522  2.422 -100.35   44.02    21.4     6.6    14.0    13.1     0.0    24.23 C    34.2     2.2    15.8    82.8    24.6    52.7   0.374   0.423   0.484   0.503   0.544    12.4    12.1    11.3    10.0     8.9
94085 20150523  2.422 -100.35   44.02    16.3     7.7    12.0    11.9     0.8     4.83 C    24.5     6.8    12.8    97.1    74.1    87.7   0.367   0.418   0.480   0.494   0.543    12.0    11.9    11.4    10.3     9.0
94085 20150524  2.422 -100.35   44.02    16.5    12.1    14.3    13.6     5.8     3.90 C    18.9    11.8    14.0    98.5    82.1    95.4   0.381   0.421   0.480   0.495   0.548    12.4    12.1    11.4    10.4     9.0
94085 20150525  2.422 -100.35   44.02    17.4    12.0    14.7    14.1     3.4     6.98 C    21.7    11.3    14.7    98.7    70.7    88.2   0.405   0.440   0.498   0.522   0.548    13.1    12.7    11.7    10.6     9.1
94085 20150526  2.422 -100.35   44.02    24.3     9.2    16.7    17.2     0.0    28.20 C    38.2     8.3    19.9    98.1    31.1    63.0   0.394   0.437   0.498   0.527   0.548    14.3    13.3    12.1    10.8     9.2
94085 20150527  2.422 -100.35   44.02    25.2    12.5    18.8    19.1     1.1    18.33 C    36.9     8.5    19.9    90.4    34.5    55.7   0.385   0.431   0.492   0.519   0.549    14.7    14.1    12.9    11.2     9.3
94085 20150528  2.422 -100.35   44.02    28.3    11.7    20.0    18.5     0.0    22.67 C    49.0    10.1    22.0    94.5    40.3    73.4   0.382   0.429   0.489   0.513   0.549    16.0    15.0    13.5    11.6     9.5
94085 20150529  2.422 -100.35   44.02    15.3     4.6    10.0    10.8    10.3     5.65 C    15.3     3.2    10.9    96.9    58.7    85.8   0.406   0.449   0.510   0.519   0.546    14.2    14.5    13.9    12.1     9.7
94085 20150530  2.422 -100.35   44.02    15.9     1.8     8.8     9.0     0.0    31.91 C    33.6     0.1    14.0    90.5    32.7    60.8   0.398   0.443   0.507   0.532   0.548    12.9    12.8    12.6    12.0     9.9
94085 20150531  2.422 -100.35   44.02    19.7     4.7    12.2    12.5     0.0    19.11 C    33.1     3.4    15.0    85.2    51.0    67.8   0.386   0.434   0.496   0.527   0.556    13.1    13.1    12.6    11.8    10.0
94085 20150601  2.422 -100.35   44.02    29.0     9.7    19.3    19.7     0.0    28.79 C    43.8     8.2    24.1    91.3    44.5    68.0   0.383   0.431   0.491   0.517   0.557    15.3    14.3    13.0    11.8    10.1
94085 20150602  2.422 -100.35   44.02    31.5    17.1    24.3    23.6     1.8    28.10 C    49.8    15.8    28.4    89.8    28.8    61.3   0.385   0.433   0.493   0.513   0.556    18.2    16.7    14.6    12.2    10.2
94085 20150603  2.422 -100.35   44.02    22.2    13.5    17.8    17.5     0.2    24.64 C    39.0    11.7    21.0    90.9    41.3    71.5   0.380   0.430   0.490   0.502   0.556    17.9    17.1    15.5    13.0    10.3
94085 20150604  2.422 -100.35   44.02    22.1    10.8    16.4    15.8     3.0    16.09 C    37.4    10.5    18.5    97.2    62.5    80.6   0.383   0.428   0.488   0.497   0.554    16.9    16.5    15.4    13.4    10.5
94085 20150605  2.422 -100.35   44.02    25.6    14.8    20.2    19.4     0.0    18.77 C    42.6    13.3    23.1    93.8    58.7    77.9   0.381   0.427   0.486   0.492   0.552    18.0    17.0    15.6    13.6    10.8
94085 20150606  2.422 -100.35   44.02    28.8    16.1    22.4    21.7     0.0    22.17 C    47.7    14.3    25.5    93.7    46.7    73.1   0.380   0.427   0.485   0.491   0.549    19.0    17.9    16.2    13.9    11.0
94085 20150607  2.422 -100.35   44.02    26.3    15.0    20.6    19.9     2.7    18.16 C    40.7    12.5    21.0    86.8    42.4    68.0   0.379   0.427   0.486   0.493   0.550    18.4    17.8    16.6    14.3    11.2
94085 20150608  2.422 -100.35   44.02    30.7    14.6    22.6    22.7     0.0    30.77 C    49.0    11.8    26.8    75.3    26.5    52.2   0.376   0.425   0.482   0.491   0.553    19.0    18.0    16.5    14.5    11.4
94085 20150609  2.422 -100.35   44.02    35.4    17.7    26.6    26.4     2.5    30.59 C    55.5    14.9    30.9    72.9    22.7    49.7   0.375   0.427   0.485   0.490   0.553    20.8    19.4    17.4    14.8    11.6
94085 20150610  2.422 -100.35   44.02    23.3    13.9    18.6    17.9     2.7    14.03 C    33.9    11.8    18.5    93.4    47.9    70.0   0.370   0.424   0.484   0.489   0.548    18.9    18.8    17.8    15.4    11.8
94085 20150611  2.422 -100.35   44.02    22.5    12.8    17.6    16.8     0.0    16.67 C    38.7     9.7    19.5    93.0    53.6    73.4   0.369   0.420   0.476   0.488   0.544    18.0    17.7    16.9    15.4    12.1
94085 20150612  2.422 -100.35   44.02    25.4    12.3    18.9    19.0     0.0    29.73 C    48.1     8.6    25.0    89.6    37.3    60.7   0.371   0.420   0.476   0.484   0.547    18.9    18.1    16.9    15.3    12.3
94085 20150613  2.422 -100.35   44.02    30.0    11.3    20.6    21.5     0.0    30.52 C    53.6    10.7    28.7    98.2    39.3    69.7   0.374   0.421   0.476   0.482   0.552    20.4    19.3    17.6    15.5    12.5
94085 20150614  2.422 -100.35   44.02    24.4    13.7    19.1    19.3     0.0    21.35 C    50.3    13.2    24.2    94.6    52.0    73.6   0.369   0.422   0.480   0.481   0.553    20.6    19.9    18.4    15.9    12.6
94085 20150615  2.422 -100.35   44.02    24.2    12.9    18.6    18.5     0.0    22.67 C    49.3    11.7    23.8    97.6    35.8    64.9   0.363   0.418   0.477   0.481   0.552    20.1    19.5    18.3    16.2    12.8
94085 20150616  2.422 -100.35   44.02    23.7    11.9    17.8    15.9    21.1    10.57 C    29.4    10.8    16.5    96.5    64.4    82.0   0.414   0.452   0.507   0.503   0.552    18.1    18.3    17.9    16.3    13.0
94085 20150617  2.422 -100.35   44.02    23.0    12.3    17.6    17.2     0.0    24.00 C    39.3    12.2    21.4    98.2    51.8    78.6   0.423   0.460   0.518   0.532   0.550    18.8    18.3    17.3    16.1    13.2
94085 20150618  2.422 -100.35   44.02    24.5    13.8    19.2    18.5    39.7    27.92 C    34.6    13.6    21.5    98.2    51.0    77.5   0.557   0.596   0.603   0.561   0.559    19.5    18.9    17.8    16.2    13.3
94085 20150619  2.422 -100.35   44.02    25.0    13.7    19.4    20.0     7.3    17.18 C    31.6    13.4    20.8   100.0    65.0    81.7   0.470   0.515   0.580   0.560   0.563    19.4    19.1    18.1    16.4    13.5
94085 20150620  2.422 -100.35   44.02    26.8    14.9    20.9    21.0     1.2    29.24 C    32.8    14.5    22.4   100.0    41.2    73.1   0.528   0.553   0.592   0.566   0.562    20.4    19.6    18.3    16.6    13.6
94085 20150621  2.422 -100.35   44.02    28.3    16.0    22.2    22.3     1.2    29.58 C    39.2    15.4    25.1    92.1    49.1    70.2   0.459   0.501   0.571   0.567   0.564    21.5    20.6    19.0    16.8    13.7
94085 20150622  2.422 -100.35   44.02    24.1    15.4    19.8    20.3    12.6    29.88 C    30.4    12.5    21.1    95.5    40.1    66.1   0.477   0.526   0.570   0.570   0.561    20.8    20.5    19.4    17.3    13.9
94085 20150623  2.422 -100.35   44.02    26.0    13.2    19.6    19.5     0.2    22.47 C    41.7    11.7    22.3    90.0    43.2    66.7   0.440   0.482   0.544   0.567   0.562    20.1    19.7    18.9    17.3    14.1
94085 20150624  2.422 -100.35   44.02    27.1    13.6    20.3    20.4     3.4    28.38 C    41.0    13.3    24.3    95.6    47.6    73.7   0.432   0.473   0.531   0.561   0.562    21.5    20.7    19.2    17.4    14.3
94085 20150625  2.422 -100.35   44.02    24.1    15.4    19.8    19.9     0.6    10.97 C    39.3    14.3    21.7    94.4    60.8    80.5   0.421   0.465   0.523   0.549   0.565    21.1    20.8    19.7    17.6    14.4
94085 20150626  2.422 -100.35   44.02    26.4    13.9    20.1    20.6     0.0    30.24 C    48.0    13.3    26.1    92.5    40.9    66.0   0.415   0.457   0.513   0.535   0.564    21.8    20.9    19.6    17.7    14.6
94085 20150627  2.422 -100.35   44.02    30.9    15.6    23.3    23.2     0.7    28.42 C    49.5    13.3    27.8    81.4    34.6    59.6   0.408   0.453   0.510   0.524   0.565    22.6    21.8    20.3    18.0    14.7
94085 20150628  2.422 -100.35   44.02    27.8    15.9    21.8    22.3     0.0    30.09 C    45.1    14.4    26.3    84.8    31.8    57.4   0.398   0.449   0.504   0.517   0.566    22.5    21.9    20.6    18.3    14.9
94085 20150629  2.422 -100.35   44.02    31.6    16.7    24.1    25.2     0.0    29.98 C    49.0    13.2    29.2    70.1    34.0    51.6   0.385   0.446   0.503   0.509   0.566    23.1    22.2    20.8    18.5    15.0
94085 20150630  2.422 -100.35   44.02    26.9    18.5    22.7    21.8     0.0    13.38 C    39.9    17.6    23.9    86.1    55.4    72.7   0.369   0.442   0.501   0.505   0.565    22.8    22.4    21.3    18.8    15.2
94085 20150701  2.422 -100.35   44.02    26.8    15.2    21.0    21.4     0.0    22.21 C    48.5    14.5    26.6    98.3    57.7    79.1   0.359   0.439   0.496   0.503   0.566    22.9    22.2    20.9    18.9    15.4
94085 20150702  2.422 -100.35   44.02    25.0    16.1    20.5    20.2     4.6    20.28 C    35.9    16.0    22.4    99.2    60.3    82.2   0.357   0.438   0.493   0.500   0.566    22.6    22.3    21.2    19.1    15.6
94085 20150703  2.422 -100.35   44.02    27.3    16.2    21.7    21.4     0.0    22.30 C    39.2    15.2    25.0    98.4    50.0    77.1   0.355   0.436   0.492   0.498   0.565    22.6    22.1    21.0    19.1    15.7
94085 20150704  2.422 -100.35   44.02    32.1    15.7    23.9    24.5     0.0    27.42 C    42.9    15.2    27.9    94.7    47.2    70.3   0.350   0.434   0.490   0.495   0.568    23.4    22.8    21.3    19.2    15.9
94085 20150705  2.422 -100.35   44.02    31.0    18.0    24.5    23.8     3.9    24.38 C    46.2    16.3    27.2    94.5    51.8    70.9   0.344   0.435   0.491   0.497   0.566    24.3    23.6    22.0    19.5    16.0
94085 20150706  2.422 -100.35   44.02    23.9    14.3    19.1    19.0     3.9    23.00 C    32.4    12.8    20.6    96.6    47.1    72.8   0.372   0.439   0.491   0.493   0.565    22.0    22.3    21.7    19.8    16.2
94085 20150707  2.422 -100.35   44.02    23.8    11.9    17.8    17.5     0.0    25.13 C    33.2    11.3    20.4    94.4    53.9    73.9   0.358   0.433   0.485   0.490   0.564    20.9    21.1    20.7    19.6    16.3
94085 20150708  2.422 -100.35   44.02    25.2    13.0    19.1    19.2     0.0    20.97 C    37.0    12.4    21.6    89.0    51.6    71.1   0.351   0.429   0.483   0.492   0.563    21.0    21.0    20.4    19.3    16.4
94085 20150709  2.422 -100.35   44.02    27.3    13.4    20.3    20.8     0.0    26.05 C    41.7    11.5    24.1    92.1    43.2    68.7   0.347   0.425   0.480   0.487   0.564    21.8    21.5    20.5    19.1    16.4
94085 20150710  2.422 -100.35   44.02    30.3    15.0    22.6    22.2     0.0    21.32 C    40.1    13.8    24.5    95.2    52.1    76.6   0.341   0.420   0.478   0.489   0.566    22.3    22.0    20.9    19.2    16.5
94085 20150711  2.422 -100.35   44.02    33.9    16.8    25.4    25.3     0.0    29.14 C    44.9    16.1    28.0    94.2    22.7    62.1   0.338   0.415   0.478   0.485   0.565    23.5    22.9    21.3    19.4    16.5
94085 20150712  2.422 -100.35   44.02    34.7    18.4    26.5    27.0     3.6    29.64 C    43.6    17.3    28.8    83.9    23.5    49.7   0.329   0.403   0.476   0.488   0.568    24.0    23.4    21.9    19.7    16.6
94085 20150713  2.422 -100.35   44.02    33.2    17.8    25.5    26.0     0.0    29.77 C    40.2    15.8    26.5    74.5    27.2    51.3   0.319   0.395   0.468   0.488   0.568    23.6    23.4    22.1    20.0    16.7
94085 20150714  2.422 -100.35   44.02    30.9    17.6    24.2    24.7     0.0    28.90 C    43.6    15.4    28.0    84.6    36.7    61.0   0.315   0.389   0.460   0.486   0.569    24.2    23.7    22.3    20.1    16.8
94085 20150715  2.422 -100.35   44.02    27.1    18.2    22.7    22.2     0.0    13.04 C    35.6    18.1    24.0    91.3    56.8    78.2   0.307   0.383   0.454   0.483   0.569    23.6    23.5    22.4    20.4    17.0
94085 20150716  2.422 -100.35   44.02    31.4    17.1    24.2    24.1     0.0    28.72 C    43.6    16.4    26.7    98.1    33.0    63.6   0.298   0.377   0.446   0.484   0.567    23.7    23.4    22.2    20.4    17.1
94085 20150717  2.422 -100.35   44.02    30.8    18.0    24.4    23.9     0.0    26.95 C    47.4    14.5    27.4    86.7    41.5    61.3   0.287   0.373   0.441   0.484   0.568    24.0    23.6    22.3    20.5    17.3
94085 20150718  2.422 -100.35   44.02    27.7    15.2    21.5    22.0     0.0    29.41 C    39.8    14.2    24.8    96.0    31.5    59.6   0.273   0.364   0.434   0.482   0.570    23.4    23.4    22.4    20.6    17.4
94085 20150719  2.422 -100.35   44.02    31.8    16.4    24.1    24.8     0.4    27.91 C    47.3    12.9    28.3    86.5    29.9    48.3   0.263   0.359   0.429   0.477   0.573    23.8    23.4    22.2    20.5    17.4
94085 20150720  2.422 -100.35   44.02    28.1    14.2    21.2    21.7     0.0    28.86 C    43.7    13.2    25.2    86.9    32.3    55.2   0.249   0.348   0.425   0.475   0.576    23.6    23.5    22.5    20.7    17.5
94085 20150721  2.422 -100.35   44.02    31.4    12.4    21.9    21.3     0.0    22.74 C    46.5    10.6    24.7    86.1    37.9    63.0   0.235   0.337   0.420   0.473   0.579    22.8    22.8    22.1    20.6    17.6
94085 20150722  2.422 -100.35   44.02    30.9    19.3    25.1    24.5     0.0    27.15 C    45.0    18.8    28.7    87.4    30.3    60.6   0.229   0.331   0.416   0.473   0.582    23.8    23.3    22.2    20.5    17.7
94085 20150723  2.422 -100.35   44.02    37.0    17.6    27.3    27.7     0.0    28.68 C    50.9    17.1    31.5    96.8    20.7    54.6   0.219   0.324   0.410   0.473   0.584    24.8    24.2    22.7    20.7    17.7
94085 20150724  2.422 -100.35   44.02    32.3    18.3    25.3    25.7     0.0    28.76 C    50.0    17.4    30.8    85.5    30.6    54.2   0.209   0.313   0.400   0.471   0.583    25.4    24.8    23.2    21.0    17.8
94085 20150725  2.422 -100.35   44.02    32.0    16.7    24.4    24.2     4.4    21.71 C    43.6    16.2    26.1    91.0    45.7    71.1   0.198   0.304   0.392   0.468   0.584    25.1    24.7    23.5    21.3    17.9
94085 20150726  2.422 -100.35   44.02    32.0    14.0    23.0    22.9     0.0    24.72 C    47.3    12.7    26.9    97.7    34.1    72.5   0.193   0.297   0.380   0.468   0.582    24.3    24.1    23.1    21.3    18.1
94085 20150727  2.422 -100.35   44.02    34.0    18.1    26.1    25.9    19.2    27.29 C    48.4    17.2    30.2    99.1    37.9    68.3   0.203   0.300   0.380   0.465   0.578    25.0    24.5    23.2    21.3    18.2
94085 20150728  2.422 -100.35   44.02    26.8    14.5    20.6    20.6     0.0    29.54 C    34.7    13.6    21.8    96.4    25.5    54.6   0.282   0.377   0.469   0.467   0.573    22.9    23.2    22.9    21.4    18.3
94085 20150729  2.422 -100.35   44.02 -9999.0 -9999.0 -9999.0 -9999.0 -9999.0 -9999.00 U -9999.0 -9999.0 -9999.0 -9999.0 -9999.0 -9999.0 -99.000 -99.000 -99.000 -99.000 -99.000 -9999.0 -9999.0 -9999.0 -9999.0 -9999.0
94085 20150730  2.422 -100.35   44.02    32.1    14.9    23.5    25.1     0.0    27.57 C    52.4    11.3    28.0    63.0    16.3    34.4   0.261   0.344   0.447   0.461   0.571    23.2    22.9    21.9    20.7    18.4
94085 20150731  2.422 -100.35   44.02    32.3    14.0    23.2    23.9     0.0    27.07 C    53.5    10.8    28.9    78.5    23.2    49.4   0.253   0.333   0.433   0.458   0.571    24.3    23.8    22.5    20.8    18.4
94085 20150801  2.422 -100.35   44.02    32.0    16.7    24.4    24.6     0.5    25.93 C    47.3    15.2    27.5    89.6    36.4    59.2   0.243   0.317   0.417   0.459   0.571    24.2    23.9    22.8    21.0    18.4
94085 20150802  2.422 -100.35   44.02    30.7    17.7    24.2    24.0     0.0    26.31 C    49.7    14.8    28.1    83.1    26.0    52.3   0.234   0.303   0.402   0.459   0.572    24.4    24.0    22.9    21.1    18.4
94085 20150803  2.422 -100.35   44.02    29.2    13.9    21.5    22.2     0.0    23.82 C    49.7    12.1    28.0    84.1    36.1    58.1   0.225   0.290   0.392   0.456   0.573    24.4    24.0    22.9    21.3    18.4
94085 20150804  2.422 -100.35   44.02    28.6    17.3    22.9    21.9     8.4    19.82 C    38.3    17.4    24.3    97.7    43.2    71.2   0.234   0.323   0.391   0.454   0.575    24.1    23.9    23.0    21.3    18.5
94085 20150805  2.422 -100.35   44.02    31.1    16.7    23.9    23.8     0.0    24.81 C    48.4    16.4    28.4    97.3    47.3    72.5   0.233   0.318   0.387   0.450   0.575    24.5    24.0    22.9    21.3    18.6
94085 20150806  2.422 -100.35   44.02    29.6    17.7    23.7    23.5     4.4    20.08 C    37.9    15.0    24.0    92.5    37.9    65.3   0.231   0.296   0.384   0.448   0.575    24.1    24.1    23.2    21.4    18.6
94085 20150807  2.422 -100.35   44.02    33.6    16.6    25.1    24.6     0.0    23.58 C    47.9    13.7    27.2    78.9    29.8    55.7   0.228   0.277   0.379   0.445   0.576    23.8    23.5    22.7    21.3    18.7
94085 20150808  2.422 -100.35   44.02    31.3    18.6    25.0    24.8     1.4    20.61 C    51.8    16.3    29.2    91.9    41.5    63.0   0.228   0.269   0.374   0.442   0.577    24.8    24.3    23.1    21.4    18.7
94085 20150809  2.422 -100.35   44.02    28.5    16.6    22.6    21.7     2.6    18.66 C    45.7    15.6    24.9    97.9    52.2    79.1   0.224   0.265   0.370   0.439   0.577    24.5    24.3    23.3    21.5    18.8
94085 20150810  2.422 -100.35   44.02    28.4    15.3    21.8    21.6     0.0    19.80 C    51.1    14.2    25.2    96.5    38.5    67.3   0.218   0.260   0.366   0.435   0.577    23.6    23.6    22.9    21.5    18.8
94085 20150811  2.422 -100.35   44.02    31.7    15.7    23.7    23.8     0.0    25.01 C    51.4    13.1    28.1    85.1    37.1    59.8   0.216   0.258   0.361   0.431   0.577    24.0    23.7    22.7    21.4    18.9
94085 20150812  2.422 -100.35   44.02    36.6    17.5    27.1    26.9     0.0    24.95 C    51.9    16.4    31.3    85.9    26.1    60.4   0.213   0.256   0.358   0.425   0.577    25.2    24.6    23.2    21.4    18.9
94085 20150813  2.422 -100.35   44.02    31.6    21.6    26.6    25.4     1.6    14.46 C    40.8    20.3    26.4    93.6    46.4    73.3   0.207   0.255   0.354   0.421   0.578    25.1    24.8    23.7    21.7    18.9
94085 20150814  2.422 -100.35   44.02    35.5    20.3    27.9    27.0     0.0    23.99 C    54.8    18.0    31.8    98.2    30.7    66.9   0.204   0.253   0.352   0.419   0.580    25.9    25.2    23.7    21.8    19.0
94085 20150815  2.422 -100.35   44.02    39.2    20.8    30.0    29.2     0.0    23.75 C    52.5    19.3    32.4    91.2    28.1    58.5   0.198   0.252   0.347   0.416   0.581    26.3    25.7    24.2    22.0    19.1
94085 20150816  2.422 -100.35   44.02    27.2    14.1    20.6    21.9     0.0    20.21 C    46.1    13.3    26.2    75.3    38.9    51.0   0.188   0.249   0.342   0.411   0.583    25.2    25.2    24.4    22.2    19.1
94085 20150817  2.422 -100.35   44.02    19.9    12.1    16.0    15.2     6.1     8.95 C    26.9    11.1    16.5    95.6    56.1    80.3   0.208   0.245   0.337   0.407   0.582    21.6    22.6    22.9    22.1    19.3
94085 20150818  2.422 -100.35   44.02    14.5    10.7    12.6    12.8    30.5     7.73 C    19.2    10.2    14.1    97.5    85.2    92.1 -99.000 -99.000 -99.000 -99.000 -99.000 -9999.0 -9999.0 -9999.0 -9999.0 -9999.0
94085 20150819  2.422 -100.35   44.02    22.9    10.6    16.7    16.3     0.0    21.27 C    32.0     9.6    17.3    91.3    39.6    66.4   0.331   0.419   0.475   0.405   0.581    18.3    18.8    19.4    20.3    19.3
94085 20150820  2.422 -100.35   44.02    28.9    11.5    20.2    20.2     0.0    24.67 C    45.8     9.0    23.0    82.0    23.2    52.8   0.325   0.406   0.463   0.406   0.580    20.0    19.9    19.6    19.7    19.1
94085 20150821  2.422 -100.35   44.02    32.9    13.8    23.4    23.4     0.0    21.57 C    43.5    10.9    24.9    76.7    18.8    55.5   0.317   0.397   0.454   0.403   0.578    21.3    21.1    20.4    19.7    18.9
94085 20150822  2.422 -100.35   44.02    22.6    11.8    17.2    18.2     0.0    19.89 C    29.4    10.3    19.2    94.2    37.1    62.6   0.305   0.388   0.447   0.404   0.573    20.8    21.2    20.8    19.9    18.8
94085 20150823  2.422 -100.35   44.02    22.1     7.6    14.8    15.3     0.0    25.38 C    38.3     6.0    18.1    74.0    25.8    45.8   0.292   0.376   0.435   0.403   0.575    18.8    19.4    19.7    19.7    18.6
94085 20150824  2.422 -100.35   44.02    24.8     8.5    16.6    16.9     0.0    24.75 C    46.8     3.9    20.9    73.5    26.0    44.5   0.286   0.368   0.427   0.401   0.576    19.4    19.5    19.3    19.3    18.6
94085 20150825  2.422 -100.35   44.02    26.0     8.4    17.2    17.3     0.0    21.29 C    40.9     6.9    20.5    84.7    33.7    59.7   0.276   0.360   0.421   0.396   0.580    19.6    19.8    19.5    19.2    18.4
94085 20150826  2.422 -100.35   44.02    29.8    13.7    21.8    21.0     4.5    13.14 C    40.3    13.2    23.4    94.6    54.6    75.8   0.272   0.355   0.416   0.398   0.579    20.4    20.2    19.7    19.1    18.3
94085 20150827  2.422 -100.35   44.02    25.6    18.1    21.9    21.2     5.4    10.64 C    32.5    17.5    21.7    97.9    63.0    81.0   0.340   0.355   0.414   0.398   0.577    21.2    21.0    20.3    19.2    18.2
94085 20150828  2.422 -100.35   44.02    26.8    17.9    22.4    21.2     0.0    14.83 C    38.2    16.6    23.6    98.0    58.0    84.6   0.329   0.365   0.410   0.396   0.575    21.9    21.5    20.5    19.4    18.2
94085 20150829  2.422 -100.35   44.02    32.1    16.3    24.2    23.0     0.0    19.69 C    42.8    14.4    24.9    95.3    38.7    70.5   0.317   0.362   0.408   0.394   0.574    22.1    21.8    20.9    19.6    18.2
94085 20150830  2.422 -100.35   44.02    36.5    17.2    26.8    26.1     0.0    20.68 C    46.2    14.4    26.4    74.7    18.8    44.9   0.300   0.356   0.401   0.391   0.574    22.1    22.0    21.1    19.8    18.2
94085 20150831  2.422 -100.35   44.02    26.2    16.9    21.5    22.2     0.0    13.34 C    39.3    14.0    22.9    85.7    38.2    57.8   0.281   0.348   0.396   0.389   0.575    21.6    21.7    21.2    20.0    18.2
94085 20150901  2.422 -100.35   44.02    33.4    15.4    24.4    23.4     0.0    21.11 C    46.7    14.1    26.3    95.8    33.3    69.9   0.273   0.342   0.391   0.385   0.572    22.0    21.8    20.9    19.9    18.3
94085 20150902  2.422 -100.35   44.02    36.3    14.4    25.4    25.2     0.0    21.40 C    51.9    12.2    27.8    97.1    25.6    59.2   0.266   0.337   0.388   0.382   0.571    22.9    22.5    21.4    20.0    18.3
94085 20150903  2.422 -100.35   44.02    38.0    18.6    28.3    27.3     0.0    20.10 C    50.9    16.3    29.5    89.1    16.5    53.6   0.263   0.332   0.384   0.376   0.570    23.7    23.2    21.9    20.3    18.3
94085 20150904  2.422 -100.35   44.02    32.2    19.1    25.7    25.5     4.7    19.98 C    45.0    18.0    27.4    91.3    40.9    64.7   0.258   0.327   0.380   0.373   0.569    24.3    23.8    22.4    20.6    18.4
94085 20150905  2.422 -100.35   44.02    29.3    18.8    24.0    22.9     0.0     9.13 C    37.5    17.4    22.5    93.5    49.7    74.9   0.251   0.320   0.378   0.370   0.569    22.9    23.0    22.4    20.9    18.5
94085 20150906  2.422 -100.35   44.02    26.1    13.8    20.0    20.0     0.0    17.33 C    37.9    10.5    20.9    92.7    29.7    61.2   0.244   0.313   0.372   0.366   0.569    21.5    21.9    21.6    20.7    18.6
94085 20150907  2.422 -100.35   44.02    27.9    11.1    19.5    18.0     7.5    15.02 C    39.5     9.5    20.3    96.3    45.2    68.2   0.253   0.320   0.366   0.360   0.564    20.1    20.6    20.8    20.4    18.7
94085 20150908  2.422 -100.35   44.02    23.7    11.5    17.6    16.4     0.0    18.33 C    34.6    10.5    18.6    94.5    28.6    68.6   0.285   0.353   0.366   0.355   0.563    19.6    20.0    20.1    20.0    18.7
94085 20150909  2.422 -100.35   44.02    27.1     9.1    18.1    18.8     0.0    18.26 C    41.3     8.7    20.2    88.9    23.2    56.1   0.268   0.343   0.362   0.350   0.561    19.3    19.6    19.6    19.6    18.6
94085 20150910  2.422 -100.35   44.02    20.0    10.3    15.1    15.3     0.0     8.26 C    29.0     7.0    16.1    87.0    47.0    67.3   0.254   0.335   0.358   0.346   0.560    18.5    19.1    19.3    19.3    18.5
94085 20150911  2.422 -100.35   44.02    21.0     5.2    13.1    13.4     0.0    20.95 C    41.1     4.0    17.7    97.4    38.4    66.8   0.245   0.326   0.353   0.343   0.559    17.9    18.4    18.6    18.9    18.4
94085 20150912  2.422 -100.35   44.02    25.3     6.5    15.9    15.7     0.0    20.88 C    42.7     5.7    19.6    88.9    32.9    63.6   0.240   0.319   0.348   0.338   0.555    18.3    18.6    18.5    18.6    18.3
94085 20150913  2.422 -100.35   44.02    34.7    10.8    22.7    21.4     0.0    20.66 C    45.6     9.3    23.5    93.4    17.3    59.8   0.237   0.313   0.341   0.335   0.541    19.3    19.2    18.7    18.5    18.1
94085 20150914  2.422 -100.35   44.02    36.4    14.6    25.5    24.3     0.0    18.91 C    45.1    10.6    24.5    80.4    13.9    48.8   0.235   0.307   0.335   0.331   0.533    20.4    20.2    19.4    18.6    18.0
94085 20150915  2.422 -100.35   44.02    34.8    15.9    25.3    24.4     0.0    16.47 C    49.9    14.3    25.7    86.6    19.8    51.8   0.231   0.301   0.328   0.328   0.529    21.0    20.7    19.9    18.9    17.9
94085 20150916  2.422 -100.35   44.02    29.0    13.9    21.4    21.0     2.6    19.14 C    47.3    12.7    25.1    84.2    36.6    58.9   0.226   0.296   0.323   0.326   0.522    21.4    21.1    20.2    19.1    17.9
94085 20150917  2.422 -100.35   44.02    21.2    10.3    15.7    16.1     0.0    17.68 C    30.8     7.1    16.3    80.5    33.8    57.9   0.215   0.288   0.320   0.325   0.521    19.5    20.2    20.1    19.2    17.9
94085 20150918  2.422 -100.35   44.02    18.5     5.4    11.9    10.5     6.5     7.12 C    25.2     3.8    10.5    96.8    57.9    82.5   0.258   0.278   0.314   0.323   0.523    16.3    17.6    18.6    18.9    18.0
94085 20150919  2.422 -100.35   44.02    23.4     3.9    13.6    13.2     0.0    18.71 C    30.8     3.2    13.8    95.1    23.8    62.1   0.272   0.272   0.307   0.320   0.526    14.9    15.9    17.0    18.1    17.9
94085 20150920  2.422 -100.35   44.02    29.0    10.0    19.5    19.2     0.0    19.55 C    40.1     6.9    19.2    71.5    17.6    43.3   0.260   0.272   0.304   0.316   0.527    16.6    16.8    16.9    17.5    17.8
94085 20150921  2.422 -100.35   44.02    31.4    12.2    21.8    21.1     0.0    19.48 C    46.2     7.4    21.9    66.0    19.4    41.0   0.251   0.273   0.303   0.315   0.527    17.9    17.8    17.4    17.4    17.7
94085 20150922  2.422 -100.35   44.02    22.0    10.3    16.1    17.3     0.0    12.72 C    33.7     8.7    18.4    84.6    33.7    54.3   0.239   0.271   0.302   0.314   0.521    17.6    17.9    17.8    17.6    17.5
94085 20150923  2.422 -100.35   44.02    21.6    13.2    17.4    17.0     0.0     5.62 C    26.8    12.0    17.9    94.6    55.4    81.3   0.231   0.270   0.301   0.314   0.522    17.6    17.8    17.7    17.5    17.4
94085 20150924  2.422 -100.35   44.02    22.1    14.8    18.4    17.5     0.0     6.97 C    33.9    14.0    19.2    98.2    64.7    87.7   0.227   0.270   0.302   0.313   0.521    18.0    18.0    17.7    17.5    17.3
94085 20150925  2.422 -100.35   44.02    24.8    14.5    19.6    18.1     0.0    11.86 C    38.8    13.3    20.3   100.0    53.0    84.1   0.224   0.271   0.302   0.314   0.517    18.6    18.5    18.0    17.5    17.2
94085 20150926  2.422 -100.35   44.02    27.9    13.7    20.8    19.9     0.0    17.84 C    36.8    13.2    21.2    98.4    42.1    72.8   0.219   0.270   0.302   0.314   0.516    18.7    18.7    18.2    17.6    17.2
94085 20150927  2.422 -100.35   44.02    27.5    15.9    21.7    21.0     0.0    16.83 C    39.8    13.8    22.1    84.9    40.7    61.8   0.214   0.270   0.301   0.313   0.516    19.1    19.0    18.4    17.7    17.2
94085 20150928  2.422 -100.35   44.02    22.2    13.1    17.7    16.4     5.3     9.30 C    33.0    13.2    17.8    95.0    40.7    79.3   0.208   0.268   0.300   0.313   0.518    18.5    18.8    18.5    17.9    17.1
94085 20150929  2.422 -100.35   44.02    20.5    11.3    15.9    15.0     0.0    11.91 C    29.0    11.0    15.9    96.3    44.7    68.3   0.202   0.264   0.299   0.313   0.520    17.1    17.6    17.9    17.8    17.2
94085 20150930  2.422 -100.35   44.02    22.0    10.8    16.4    15.9     0.0     9.50 C    32.5     8.6    15.7    70.0    44.2    58.5   0.200   0.260   0.296   0.311   0.520    16.0    16.7    17.2    17.5    17.1
94085 20151001  2.422 -100.35   44.02    21.3    10.8    16.0    15.3     0.0    13.39 C    32.1     8.9    16.1    77.7    41.3    55.5   0.198   0.259   0.294   0.309   0.518    15.7    16.3    16.7    17.1    17.1
94085 20151002  2.422 -100.35   44.02    15.8     9.2    12.5    11.8     0.3     9.47 C    25.0     7.9    12.8    81.4    47.0    63.3   0.194   0.256   0.293   0.307   0.515    14.9    15.7    16.3    16.8    17.0
94085 20151003  2.422 -100.35   44.02     9.2     7.2     8.2     8.0    11.9     2.03 C    10.2     7.5     8.4    95.8    77.4    90.2   0.280   0.267   0.290   0.304   0.518    12.8    14.1    15.4    16.4    16.8
94085 20151004  2.422 -100.35   44.02    13.1     7.8    10.5    10.1     0.0     3.81 C    15.6     8.1    10.5    93.3    76.0    86.5   0.293   0.283   0.286   0.301   0.519    12.4    13.2    14.4    15.8    16.7
94085 20151005  2.422 -100.35   44.02    18.7    10.7    14.7    13.7     0.0     6.75 C    23.2    10.5    14.4    91.1    53.8    76.2   0.287   0.288   0.286   0.300   0.519    13.8    14.0    14.3    15.4    16.5
94085 20151006  2.422 -100.35   44.02    20.2    11.2    15.7    14.6     0.0    13.36 C    28.2     8.2    15.6    93.9    50.6    73.8   0.279   0.291   0.288   0.299   0.516    15.2    15.2    15.0    15.3    16.3
94085 20151007  2.422 -100.35   44.02    27.2     9.3    18.3    17.5     0.0    14.14 C    33.8     8.0    17.7    93.1    38.4    67.5   0.269   0.291   0.290   0.300   0.514    15.3    15.4    15.3    15.5    16.1
94085 20151008  2.422 -100.35   44.02    18.8    10.2    14.5    14.6     0.0     7.62 C    22.7     4.2    12.8    73.5    37.4    56.2   0.256   0.289   0.291   0.301   0.514    14.9    15.4    15.5    15.6    16.0
94085 20151009  2.422 -100.35   44.02    21.9     6.8    14.4    13.9     0.0    12.72 C    30.5     2.8    13.6    84.3    34.5    60.9   0.243   0.283   0.289   0.300   0.514    13.6    14.2    14.8    15.4    16.0
94085 20151010  2.422 -100.35   44.02    32.2    11.1    21.7    20.7     0.0    15.75 C    40.4     7.9    18.6    80.9    15.9    44.9   0.236   0.282   0.291   0.299   0.512    14.9    15.0    14.9    15.2    15.8
94085 20151011  2.422 -100.35   44.02    34.2    13.7    23.9    20.2     0.0    14.21 C    39.9     6.7    18.2    51.7    12.2    33.1   0.228   0.280   0.293   0.299   0.511    15.2    15.4    15.3    15.3    15.8
94085 20151012  2.422 -100.35   44.02    20.3     9.8    15.0    14.7     0.0    15.80 C    24.5     4.0    13.4    44.8    20.8    31.9   0.217   0.275   0.293   0.298   0.508    14.2    14.9    15.2    15.3    15.7
94085 20151013  2.422 -100.35   44.02    22.2     5.2    13.7    13.9     0.0    15.27 C    27.9     2.5    11.7    58.4    20.2    37.3   0.207   0.270   0.291   0.298   0.507    13.1    13.8    14.5    15.1    15.6
94085 20151014  2.422 -100.35   44.02    24.8     6.0    15.4    14.0     0.0    13.58 C    34.6     2.4    13.0    66.8    22.4    41.7   0.201   0.266   0.289   0.296   0.503    13.0    13.6    14.1    14.8    15.5
94085 20151015  2.422 -100.35   44.02    16.2     2.8     9.5     8.7     0.0    14.96 C    25.3    -1.7     8.3    73.2    20.8    45.8   0.194   0.261   0.288   0.295   0.503    12.1    13.0    13.8    14.6    15.5
94085 20151016  2.422 -100.35   44.02    14.9    -0.7     7.1     7.2     0.0    14.45 C    25.9    -5.0     7.3    73.6    26.0    49.4   0.187   0.257   0.286   0.294   0.510    10.6    11.7    12.9    14.2    15.3
94085 20151017  2.422 -100.35   44.02    19.0     1.0    10.0     8.9     0.0    14.09 C    27.4    -0.7     9.8    79.0    31.5    54.5   0.185   0.254   0.285   0.292   0.507    10.8    11.5    12.4    13.7    15.2
94085 20151018  2.422 -100.35   44.02    24.9     5.2    15.0    14.3     0.0    13.78 C    29.9     2.9    13.8    67.0    30.1    49.8   0.185   0.254   0.285   0.290   0.503    11.8    12.1    12.5    13.5    15.0
94085 20151019  2.422 -100.35   44.02    23.4    11.9    17.6    16.6     0.0    12.23 C    32.1     8.1    16.1    61.4    31.2    48.0   0.185   0.257   0.287   0.290   0.501    13.4    13.4    13.2    13.5    14.8
94085 20151020  2.422 -100.35   44.02    25.6     7.3    16.4    15.4     0.0    11.74 C    35.6     4.5    15.4    80.5    29.0    56.5   0.180   0.257   0.288   0.291   0.500    13.6    13.7    13.6    13.7    14.7
94085 20151021  2.422 -100.35   44.02    14.8     4.2     9.5    10.1     0.0    10.95 C    24.5    -0.3     9.3    84.0    29.9    58.2   0.174   0.256   0.288   0.293   0.501    12.8    13.4    13.6    13.8    14.6
94085 20151022  2.422 -100.35   44.02    14.0     0.7     7.4     7.5    12.2     5.46 C    19.2    -1.6     7.2    97.5    44.1    72.7   0.190   0.253   0.286   0.291   0.498    10.6    11.7    12.7    13.6    14.5
94085 20151023  2.422 -100.35   44.02    10.8     5.0     7.9     8.7     0.0     1.79 C    11.8     2.5     8.5    98.4    74.1    91.3   0.292   0.265   0.290   0.290   0.500    10.8    11.5    12.3    13.3    14.5
94085 20151024  2.422 -100.35   44.02    16.6     2.3     9.4     8.5     0.0    12.98 C    21.4     0.2     7.1    80.2    28.2    57.6   0.281   0.258   0.291   0.288   0.501     9.6    10.5    11.6    13.0    14.4
94085 20151025  2.422 -100.35   44.02    17.2     3.0    10.1     9.3     0.0    10.60 C    20.2     0.5     8.0    92.8    34.4    61.2   0.271   0.257   0.292   0.287   0.504     9.5    10.3    11.2    12.6    14.2
94085 20151026  2.422 -100.35   44.02     9.0     2.6     5.8     6.2     0.8     2.93 C    10.9     0.8     6.4    98.4    78.1    91.9   0.264   0.257   0.292   0.286   0.502     9.2    10.0    11.0    12.3    14.0
94085 20151027  2.422 -100.35   44.02    10.5     3.0     6.8     7.6     0.0     6.73 C    17.9     1.5     7.5    89.6    59.1    76.6   0.261   0.257   0.293   0.286   0.503     9.2     9.9    10.7    12.0    13.8
94085 20151028  2.422 -100.35   44.02     5.2     0.5     2.9     2.4     0.0     6.42 C     7.5    -1.5     2.3    78.1    40.9    58.1   0.252   0.255   0.292   0.285   0.497     7.6     8.9    10.3    11.8    13.7
94085 20151029  2.422 -100.35   44.02     7.7    -3.1     2.3     1.3     0.0    12.23 C    21.5    -3.9     2.8    84.9    46.5    68.2   0.246   0.252   0.288   0.283   0.500     6.7     7.8     9.3    11.3    13.5
94085 20151030  2.422 -100.35   44.02    14.3    -1.1     6.6     6.5     0.0     8.79 C    22.3    -2.3     6.2    84.4    37.8    61.4   0.244   0.253   0.287   0.281   0.500     7.2     8.0     9.0    10.8    13.3
94085 20151031  2.422 -100.35   44.02    18.4     2.5    10.4    10.4     0.0    11.30 C    23.6    -1.3     8.4    81.4    22.7    50.5   0.242   0.254   0.289   0.281   0.495     7.9     8.5     9.2    10.6    13.1
94085 20151101  2.422 -100.35   44.02    21.2     2.1    11.7    11.3     0.0     5.88 C    28.2     0.3     8.8    84.0    31.6    55.8   0.239   0.256   0.288   0.280   0.497     8.6     9.0     9.5    10.6    12.9
94085 20151102  2.422 -100.35   44.02    20.5     8.4    14.4    13.5     0.0     9.39 C    29.3     3.3    12.0    72.6    29.9    52.7   0.238   0.258   0.289   0.281   0.495    10.0    10.0    10.0    10.7    12.7
94085 20151103  2.422 -100.35   44.02    16.4     4.0    10.2     9.7     0.0    11.39 C    25.1     2.9     9.4    96.7    51.1    75.2   0.240   0.259   0.290   0.282   0.495     9.9    10.2    10.4    10.9    12.6
94085 20151104  2.422 -100.35   44.02     9.0     4.0     6.5     6.3     6.7     1.43 C     8.7     1.7     6.3    97.9    86.1    95.7   0.245   0.258   0.291   0.283   0.494     9.0     9.7    10.3    11.0    12.5
94085 20151105  2.422 -100.35   44.02     8.9     0.0     4.5     4.8     9.2     4.71 C     9.0    -1.1     4.1    97.0    55.6    80.1   0.382   0.333   0.304   0.282   0.497     7.8     8.7     9.7    10.8    12.4
94085 20151106  2.422 -100.35   44.02     8.9    -2.2     3.3     2.7     0.0     9.05 C    12.4    -3.1     1.3    85.1    43.7    65.8   0.344   0.324   0.299   0.280   0.500     5.8     7.1     8.7    10.5    12.4
94085 20151107  2.422 -100.35   44.02    12.8    -3.9     4.5     3.7     0.0    11.21 C    16.1    -5.5     1.7    81.7    24.9    56.0   0.333   0.318   0.294   0.279   0.496     5.1     6.3     7.8     9.9    12.2
94085 20151108  2.422 -100.35   44.02    17.5    -0.3     8.6     7.8     0.0    11.19 C    20.5    -3.1     4.3    82.7    18.3    48.9   0.328   0.316   0.293   0.277   0.492     5.4     6.2     7.4     9.4    12.0
94085 20151109  2.422 -100.35   44.02    19.9     1.7    10.8     8.8     0.0    10.51 C    23.6    -2.8     6.8    81.3    21.5    59.4   0.325   0.315   0.293   0.277   0.492     6.2     6.7     7.5     9.1    11.8
94085 20151110  2.422 -100.35   44.02    17.2     1.0     9.1     6.9     0.0    10.49 C    20.3    -1.2     6.3    90.1    30.8    68.7   0.321   0.317   0.294   0.276   0.492     6.9     7.4     7.9     9.1    11.6
94085 20151111  2.422 -100.35   44.02     2.7    -2.1     0.3     1.3     0.0     1.05 C     2.8    -3.4     1.3    97.2    79.4    88.8   0.315   0.314   0.293   0.277   0.491     5.9     6.9     7.9     9.1    11.4
94085 20151112  2.422 -100.35   44.02     9.6    -2.2     3.7     3.6     0.0    10.47 C    10.9    -4.9     1.5    90.5    22.0    50.3   0.309   0.311   0.290   0.276   0.490     4.8     5.8     7.1     8.9    11.3
94085 20151113  2.422 -100.35   44.02    12.5    -4.9     3.8     3.7     0.0     9.77 C    19.9    -8.0     1.4    67.4    28.4    46.0   0.304   0.308   0.289   0.276   0.490     4.2     5.2     6.6     8.5    11.2
94085 20151114  2.422 -100.35   44.02    17.5     3.2    10.3     9.8     0.0     8.96 C    23.6    -0.7     6.0    58.8    24.4    41.7   0.304   0.308   0.289   0.275   0.493     5.3     5.8     6.5     8.2    11.0
94085 20151115  2.422 -100.35   44.02    21.7     2.2    11.9     9.4     0.0    10.05 C    23.4    -1.7     6.9    93.0    16.8    54.5   0.303   0.310   0.291   0.275   0.494     6.1     6.4     6.9     8.2    10.8
94085 20151116  2.422 -100.35   44.02    16.3     3.9    10.1     7.7     0.0     7.48 C    22.9     0.7     6.6    97.2    27.2    72.9   0.301   0.310   0.293   0.277   0.490     6.6     7.0     7.3     8.3    10.7
94085 20151117  2.422 -100.35   44.02     5.8    -2.1     1.8     1.8     0.7     3.50 C     5.3    -6.2     0.6    87.4    37.7    64.8   0.296   0.308   0.292   0.278   0.491     5.6     6.5     7.3     8.4    10.5
94085 20151118  2.422 -100.35   44.02    12.3    -4.9     3.7     2.1     0.0     3.42 C    12.2    -7.0     0.3    60.4    27.2    45.5   0.288   0.303   0.290   0.279   0.491     3.8     5.0     6.4     8.2    10.5
94085 20151119  2.422 -100.35   44.02     4.7    -3.6     0.6    -0.1     0.0     9.35 C     7.0    -9.8    -2.3    52.6    17.9    34.5   0.283   0.301   0.288   0.278   0.492     2.9     4.2     5.7     7.7    10.4
94085 20151120  2.422 -100.35   44.02     0.2    -8.5    -4.2    -2.7     1.9     3.41 C     3.5   -10.0    -2.8    94.7    40.6    75.8   0.279   0.299   0.286   0.275   0.493     2.4     3.6     5.1     7.3    10.2
94085 20151121  2.422 -100.35   44.02     1.0   -11.1    -5.1    -5.3     0.0     7.96 C     3.4   -12.4    -5.8    80.5    43.1    67.6   0.274   0.296   0.286   0.275   0.488     1.6     3.0     4.6     6.9    10.0
94085 20151122  2.422 -100.35   44.02    12.7    -6.8     3.0     2.3     0.0     8.73 C    11.4    -8.7    -0.1    73.7    22.9    49.1   0.274   0.294   0.284   0.273   0.485     1.2     2.4     4.0     6.4     9.8
94085 20151123  2.422 -100.35   44.02     9.2    -2.3     3.4     2.9     0.0     7.36 C    18.9    -6.9     1.1    82.7    35.4    57.0   0.271   0.296   0.285   0.272   0.489     2.2     2.9     4.0     6.1     9.6
94085 20151124  2.422 -100.35   44.02     7.1    -5.5     0.8    -0.1     0.0     7.07 C    12.4    -6.8    -1.0    94.8    58.5    82.4   0.270   0.295   0.285   0.273   0.487     2.3     3.1     4.2     6.0     9.4
94085 20151125  2.422 -100.35   44.02     1.6    -4.6    -1.5    -0.6     0.0     1.46 C     3.3    -4.1    -0.8    92.7    69.8    79.3   0.269   0.295   0.286   0.272   0.485     2.2     3.1     4.2     5.9     9.1
94085 20151126  2.422 -100.35   44.02    -4.4   -13.1    -8.8    -8.3     1.3     4.37 C    -4.1   -17.5    -8.7    89.6    65.7    81.0   0.266   0.293   0.285   0.274   0.484     1.6     2.7     3.9     5.8     9.0
94085 20151127  2.422 -100.35   44.02    -3.9   -14.2    -9.0    -9.5     0.0     8.47 C     1.8   -17.7   -10.4    88.2    53.4    74.6   0.266   0.291   0.284   0.273   0.483     0.8     2.0     3.5     5.6     8.8
94085 20151128  2.422 -100.35   44.02     0.9   -11.1    -5.1    -5.0     0.2     4.12 C     7.5   -12.9    -5.1    95.7    47.5    75.0   0.312   0.288   0.283   0.273   0.485     0.2     1.3     2.9     5.2     8.7
94085 20151129  2.422 -100.35   44.02     0.5    -3.3    -1.4    -1.9     0.0     2.64 C     4.4    -3.7    -1.7    94.8    71.7    85.0   0.267   0.287   0.283   0.271   0.485     0.6     1.4     2.7     4.9     8.4
94085 20151130  2.422 -100.35   44.02    -2.6    -5.3    -3.9    -3.7    13.8     1.52 C    -1.9    -6.4    -3.7    94.7    76.5    89.6   0.257   0.288   0.285   0.271   0.483     0.8     1.6     2.8     4.7     8.3
94085 20151201  2.422 -100.35   44.02    -0.2    -5.1    -2.6    -2.8     4.8     2.85 C    -1.3    -5.7    -3.1    94.9    74.0    89.2   0.257   0.288   0.284   0.271   0.480     1.0     1.8     2.8     4.6     8.1
94085 20151202  2.422 -100.35   44.02     1.1    -7.2    -3.0    -2.4     0.0     8.73 C    -1.8   -11.0    -5.9    75.6    56.9    65.8   0.258   0.289   0.286   0.272   0.480     1.3     2.0     2.9     4.6     7.9
94085 20151203  2.422 -100.35   44.02     2.3    -7.6    -2.6    -2.3     0.0     8.10 C    -2.0   -14.1    -6.9    87.4    49.3    68.6   0.255   0.289   0.286   0.272   0.481     1.4     2.1     3.0     4.6     7.8
94085 20151204  2.422 -100.35   44.02     4.8   -10.4    -2.8    -0.9     0.0     7.66 C     0.2   -13.4    -4.4    90.6    62.7    74.7   0.264   0.290   0.287   0.271   0.482     1.3     2.0     3.0     4.5     7.6
94085 20151205  2.422 -100.35   44.02     4.1     0.6     2.4     2.8     0.0     3.85 C     2.6    -1.6     0.1    79.9    65.6    72.5   0.314   0.300   0.286   0.272   0.482     1.6     2.2     3.0     4.5     7.5
94085 20151206  2.422 -100.35   44.02     6.9    -2.0     2.4     2.3     0.0     8.14 C     6.7    -4.5    -0.2    76.7    49.7    64.1   0.330   0.310   0.289   0.272   0.480     1.7     2.3     3.1     4.5     7.4
94085 20151207  2.422 -100.35   44.02     9.9     0.9     5.4     4.4     0.0     6.64 C    11.1    -2.5     1.3    65.6    44.7    56.2   0.341   0.320   0.291   0.272   0.478     1.9     2.4     3.1     4.5     7.3
94085 20151208  2.422 -100.35   44.02    13.2     2.7     7.9     6.8     0.2     5.55 C    14.2    -0.9     4.4    82.8    45.8    64.7   0.346   0.329   0.300   0.272   0.478     2.9     3.0     3.4     4.5     7.3
94085 20151209  2.422 -100.35   44.02    17.5     1.4     9.4     8.1     0.0     5.64 C    18.2    -1.2     4.9    86.3    36.6    62.5   0.337   0.324   0.315   0.275   0.479     3.5     3.7     3.9     4.6     7.2
94085 20151210  2.422 -100.35   44.02    11.3     0.0     5.7     6.2     0.4     6.83 C    11.2    -1.8     3.8    80.5    27.3    53.9   0.331   0.323   0.321   0.279   0.479     4.1     4.3     4.4     4.9     7.1
94085 20151211  2.422 -100.35   44.02     0.8    -2.7    -1.0    -0.6     0.0     0.78 C     2.4    -3.8    -0.5    96.8    78.8    91.7   0.323   0.318   0.320   0.282   0.480     2.7     3.5     4.2     5.1     7.1
94085 20151212  2.422 -100.35   44.02     0.2    -1.8    -0.8    -1.0     4.1     1.28 C     3.5    -1.9    -0.4    96.9    82.0    89.9   0.319   0.315   0.320   0.284   0.480     2.4     3.1     3.8     5.0     7.1
94085 20151213  2.422 -100.35   44.02    -1.7    -4.1    -2.9    -2.8     1.3     2.21 C    -0.9    -6.5    -2.6    96.9    93.8    95.3   0.316   0.312   0.320   0.284   0.480     2.3     2.9     3.7     4.8     7.1
94085 20151214  2.422 -100.35   44.02    -1.6    -3.6    -2.6    -2.8     0.0     2.03 C    -1.6    -3.5    -2.7    96.0    93.8    94.8   0.316   0.314   0.321   0.285   0.480     2.2     2.8     3.5     4.7     7.0
94085 20151215  2.422 -100.35   44.02    -2.8    -6.1    -4.5    -4.4     8.8     0.97 C    -2.0    -6.4    -4.3    94.9    91.6    93.2   0.316   0.313   0.321   0.284   0.481     2.0     2.7     3.4     4.6     7.0
94085 20151216  2.422 -100.35   44.02    -3.9    -7.3    -5.6    -5.6     0.8     6.03 C    -4.1    -7.6    -5.8    93.2    75.7    87.9   0.314   0.312   0.319   0.284   0.481     1.8     2.5     3.3     4.5     6.9
94085 20151217  2.422 -100.35   44.02    -5.0   -12.2    -8.6    -8.2     0.0     8.00 C    -5.8   -14.5   -10.0    79.4    64.8    73.6   0.310   0.310   0.319   0.283   0.476     1.3     2.1     3.0     4.4     6.9
94085 20151218  2.422 -100.35   44.02   -10.6   -15.1   -12.9   -12.4     0.0     7.37 C    -9.2   -16.1   -13.1    82.9    63.2    74.1   0.334   0.307   0.319   0.283   0.474     0.5     1.5     2.6     4.2     6.8
94085 20151219  2.422 -100.35   44.02     1.8   -15.3    -6.8    -7.4     0.0     7.42 C    -1.7   -15.2    -8.8    85.5    62.4    81.0 -99.000   0.305   0.316   0.285   0.474    -0.1     0.9     2.2     4.0     6.7
94085 20151220  2.422 -100.35   44.02     2.2    -7.1    -2.5    -4.9     0.0     5.54 C    -3.5    -7.4    -5.3    95.6    61.7    86.6 -99.000   0.303   0.316   0.283   0.475    -0.3     0.6     1.8     3.7     6.5
94085 20151221  2.422 -100.35   44.02    -4.6   -10.1    -7.3    -6.3     0.0     4.19 C    -1.7   -10.5    -5.6    92.9    88.2    91.5 -99.000   0.303   0.315   0.282   0.477    -0.3     0.6     1.7     3.5     6.4
94085 20151222  2.422 -100.35   44.02     3.9    -8.5    -2.3    -0.8     0.0     6.17 C     0.5    -8.8    -2.5    96.9    63.4    83.0 -99.000   0.353   0.316   0.282   0.478    -0.3     0.5     1.5     3.3     6.3
94085 20151223  2.422 -100.35   44.02     1.6    -9.3    -3.8    -3.5     0.0     5.68 C    -0.6    -9.8    -4.3    90.1    64.8    77.5 -99.000   0.301   0.316   0.281   0.476    -0.1     0.6     1.5     3.1     6.1
94085 20151224  2.422 -100.35   44.02    -2.6   -10.2    -6.4    -6.2     0.0     7.78 C     0.1   -10.4    -6.7    90.5    66.9    79.6 -99.000   0.370   0.314   0.282   0.477    -0.5     0.4     1.4     3.0     6.0
94085 20151225  2.422 -100.35   44.02    -2.9    -9.4    -6.1    -6.0     6.6     5.39 C     0.6   -11.4    -6.2    94.4    56.7    73.7 -99.000 -99.000   0.315   0.282   0.477    -1.0     0.0     1.1     2.9     5.9
94085 20151226  2.422 -100.35   44.02    -4.7   -17.1   -10.9   -10.4     1.2     4.39 C    -4.6   -18.0   -10.1    92.9    75.4    86.0 -99.000 -99.000   0.315   0.280   0.477    -0.8    -0.1     0.9     2.8     5.8
94085 20151227  2.422 -100.35   44.02   -11.8   -17.4   -14.6   -14.7     0.0     7.98 C    -9.3   -18.4   -15.2    85.9    74.9    80.6 -99.000 -99.000   0.333   0.282   0.473    -1.5    -0.4     0.8     2.6     5.7
94085 20151228  2.422 -100.35   44.02   -11.1   -18.1   -14.6   -14.4     0.0     4.79 C    -7.7   -17.8   -13.3    87.0    80.1    83.3 -99.000 -99.000   0.375   0.280   0.474    -2.1    -0.8     0.5     2.4     5.5
94085 20151229  2.422 -100.35   44.02    -8.5   -11.8   -10.1   -10.3     2.6     5.43 C    -7.3   -11.9    -9.5    89.9    83.3    86.6 -99.000 -99.000   0.347   0.279   0.475    -1.9    -1.0     0.2     2.2     5.4
94085 20151230  2.422 -100.35   44.02   -10.8   -18.1   -14.4   -14.8     0.0     7.92 C   -10.3   -19.1   -15.8    86.5    75.1    79.5 -99.000 -99.000   0.348   0.279   0.475    -1.8    -0.9     0.1     2.0     5.3
94085 20151231  2.422 -100.35   44.02    -4.5   -14.8    -9.7    -8.5     0.0     6.30 C    -5.0   -16.4    -9.4    87.4    75.3    80.2 -99.000 -99.000   0.345   0.280   0.473    -2.0    -1.1     0.0     1.9     5.1
