26655 20150101  2.424 -162.92   68.03    -3.3    -5.7    -4.5    -4.1     0.9     0.00 C    -3.8   -11.6    -5.4    91.0    75.8    84.8 -99.000 -99.000 -99.000 -99.000 -99.000 -9999.0 -9999.0 -9999.0 -9999.0 -9999.0
26655 20150102  2.424 -162.92   68.03    -4.6   -12.3    -8.5    -8.4     0.0     0.00 C    -6.5   -18.8   -12.6    77.9    44.6    65.2 -99.000 -99.000 -99.000 -99.000 -99.000 -9999.0 -9999.0 -9999.0 -9999.0 -9999.0
26655 20150103  2.424 -162.92   68.03    -9.5   -12.7   -11.1   -10.8     0.0     0.00 C   -15.1   -20.5   -17.7    47.9    30.9    38.6 -99.000 -99.000 -99.000 -99.000 -99.000 -9999.0 -9999.0 -9999.0 -9999.0 -9999.0
26655 20150104  2.424 -162.92   68.03   -10.4   -15.0   -12.7   -12.4     0.3     0.00 C   -13.1   -18.6   -15.8    85.3    32.8    50.8 -99.000 -99.000 -99.000 -99.000 -99.000 -9999.0 -9999.0 -9999.0 -9999.0 -9999.0
26655 20150105  2.424 -162.92   68.03    -7.3   -15.8   -11.6   -11.4     0.0     0.00 C   -11.3   -21.4   -14.7    90.2    53.4    78.0 -99.000 -99.000 -99.000 -99.000 -99.000 -9999.0 -9999.0 -9999.0 -9999.0 -9999.0
26655 20150106  2.424 -162.92   68.03    -2.2   -10.9    -6.5    -5.4     0.0     0.00 C    -9.2   -17.0   -11.6    62.1    32.0    45.4 -99.000 -99.000 -99.000 -99.000 -99.000 -9999.0 -9999.0 -9999.0 -9999.0 -9999.0
26655 20150107  2.424 -162.92   68.03    -3.0   -11.3    -7.1    -7.5     0.0     0.00 C   -11.2   -20.5   -15.0    56.5    27.2    41.3 -99.000 -99.000 -99.000 -99.000 -99.000 -9999.0 -9999.0 -9999.0 -9999.0 -9999.0
26655 20150108  2.424 -162.92   68.03    -0.5    -8.6    -4.5    -4.5     0.0     0.00 C    -3.8   -20.7   -10.2    44.3    27.3    34.4 -99.000 -99.000 -99.000 -99.000 -99.000 -9999.0 -9999.0 -9999.0 -9999.0 -9999.0
26655 20150109  2.424 -162.92   68.03     0.1    -5.0    -2.5    -2.4     3.3     0.00 C    -2.7    -6.2    -3.9    96.0    32.8    71.4 -99.000 -99.000 -99.000 -99.000 -99.000 -9999.0 -9999.0 -9999.0 -9999.0 -9999.0
26655 20150110  2.424 -162.92   68.03    -4.9    -8.7    -6.8    -6.4     0.6     0.01 C    -5.2   -13.1    -8.1    91.4    72.7    83.7 -99.000 -99.000 -99.000 -99.000 -99.000 -9999.0 -9999.0 -9999.0 -9999.0 -9999.0
26655 20150111  2.424 -162.92   68.03    -5.1   -11.9    -8.5    -7.8     0.0     0.00 C    -6.7   -17.8   -10.3    82.4    68.7    76.4 -99.000 -99.000 -99.000 -99.000 -99.000 -9999.0 -9999.0 -9999.0 -9999.0 -9999.0
26655 20150112  2.424 -162.92   68.03    -4.4    -8.8    -6.6    -6.0     0.0     0.00 C    -5.8   -14.9    -9.1    96.0    79.2    89.1 -99.000 -99.000 -99.000 -99.000 -99.000 -9999.0 -9999.0 -9999.0 -9999.0 -9999.0
26655 20150113  2.424 -162.92   68.03    -2.5    -8.8    -5.6    -5.6     0.0     0.00 C    -8.1   -17.6   -12.7    86.0    18.3    45.0 -99.000 -99.000 -99.000 -99.000 -99.000 -9999.0 -9999.0 -9999.0 -9999.0 -9999.0
26655 20150114  2.424 -162.92   68.03    -3.6   -10.9    -7.2    -6.9     0.0     0.01 C    -8.1   -18.0   -13.7    61.6    21.4    40.8 -99.000 -99.000 -99.000 -99.000 -99.000 -9999.0 -9999.0 -9999.0 -9999.0 -9999.0
26655 20150115  2.424 -162.92   68.03    -6.3   -15.4   -10.9   -11.9     0.0     0.00 C    -7.8   -20.6   -15.8    66.9    39.9    56.0 -99.000 -99.000 -99.000 -99.000 -99.000 -9999.0 -9999.0 -9999.0 -9999.0 -9999.0
26655 20150116  2.424 -162.92   68.03    -9.1   -15.8   -12.5   -12.8     1.5     0.01 C    -9.3   -17.9   -13.3    90.8    45.0    72.3 -99.000 -99.000 -99.000 -99.000 -99.000 -9999.0 -9999.0 -9999.0 -9999.0 -9999.0
26655 20150117  2.424 -162.92   68.03    -1.9   -10.7    -6.3    -4.5     0.8     0.00 C    -3.5   -10.1    -5.5    91.1    73.0    82.5 -99.000 -99.000 -99.000 -99.000 -99.000 -9999.0 -9999.0 -9999.0 -9999.0 -9999.0
26655 20150118  2.424 -162.92   68.03    -4.0   -18.6   -11.3   -14.5     0.2     0.11 C    -4.7   -27.4   -17.0    94.9    63.8    80.3 -99.000 -99.000 -99.000 -99.000 -99.000 -9999.0 -9999.0 -9999.0 -9999.0 -9999.0
26655 20150119  2.424 -162.92   68.03    -8.1   -15.3   -11.7   -12.0     0.0     0.01 C   -10.3   -19.8   -14.7    66.5    41.7    53.6 -99.000 -99.000 -99.000 -99.000 -99.000 -9999.0 -9999.0 -9999.0 -9999.0 -9999.0
26655 20150120  2.424 -162.92   68.03   -13.9   -26.3   -20.1   -17.6 -9999.0     0.03 C   -14.7   -29.9   -19.4    89.4    58.7    79.5 -99.000 -99.000 -99.000 -99.000 -99.000 -9999.0 -9999.0 -9999.0 -9999.0 -9999.0
26655 20150121  2.424 -162.92   68.03   -22.6   -31.3   -27.0   -27.7 -9999.0     0.06 C   -25.3   -36.6   -32.1    77.3    69.9    73.2 -99.000 -99.000 -99.000 -99.000 -99.000 -9999.0 -9999.0 -9999.0 -9999.0 -9999.0
26655 20150122  2.424 -162.92   68.03   -20.4   -27.0   -23.7   -22.6 -9999.0     0.08 C   -20.9   -29.7   -24.5    77.5    63.0    69.9 -99.000 -99.000 -99.000 -99.000 -99.000 -9999.0 -9999.0 -9999.0 -9999.0 -9999.0
26655 20150123  2.424 -162.92   68.03   -23.0   -28.1   -25.5   -25.2 -9999.0     0.23 C   -26.9   -32.8   -29.1    73.7    60.7    66.6 -99.000 -99.000 -99.000 -99.000 -99.000 -9999.0 -9999.0 -9999.0 -9999.0 -9999.0
26655 20150124  2.424 -162.92   68.03   -24.5   -28.9   -26.7   -26.5 -9999.0     0.29 C   -30.2   -35.2   -32.8    71.3    64.7    67.7 -99.000 -99.000 -99.000 -99.000 -99.000 -9999.0 -9999.0 -9999.0 -9999.0 -9999.0
26655 20150125  2.424 -162.92   68.03   -23.7   -27.7   -25.7   -25.6 -9999.0     0.34 C   -30.6   -35.2   -32.6    70.4    59.8    65.4 -99.000 -99.000 -99.000 -99.000 -99.000 -9999.0 -9999.0 -9999.0 -9999.0 -9999.0
26655 20150126  2.424 -162.92   68.03   -23.8   -28.7   -26.3   -26.0 -9999.0     0.36 C   -30.6   -35.0   -33.3    70.1    59.9    65.0 -99.000 -99.000 -99.000 -99.000 -99.000 -9999.0 -9999.0 -9999.0 -9999.0 -9999.0
26655 20150127  2.424 -162.92   68.03   -20.5   -26.5   -23.5   -23.8 -9999.0     0.42 C   -28.8   -33.8   -31.1    65.4    46.1    56.2 -99.000 -99.000 -99.000 -99.000 -99.000 -9999.0 -9999.0 -9999.0 -9999.0 -9999.0
26655 20150128  2.424 -162.92   68.03   -21.3   -25.0   -23.1   -22.8 -9999.0     0.44 C   -27.6   -32.2   -30.2    67.6    51.5    58.4 -99.000 -99.000 -99.000 -99.000 -99.000 -9999.0 -9999.0 -9999.0 -9999.0 -9999.0
26655 20150129  2.424 -162.92   68.03   -14.9   -22.7   -18.8   -18.9 -9999.0     0.40 C   -17.3   -29.2   -23.6    71.5    49.9    62.7 -99.000 -99.000 -99.000 -99.000 -99.000 -9999.0 -9999.0 -9999.0 -9999.0 -9999.0
26655 20150130  2.424 -162.92   68.03    -9.5   -15.6   -12.6   -12.8 -9999.0     0.16 C    -9.6   -18.0   -13.6    87.2    44.9    71.1 -99.000 -99.000 -99.000 -99.000 -99.000 -9999.0 -9999.0 -9999.0 -9999.0 -9999.0
26655 20150131  2.424 -162.92   68.03    -6.5   -10.8    -8.7    -9.3     1.3     0.11 C    -7.5   -10.8    -9.4    93.3    85.2    90.3 -99.000 -99.000 -99.000 -99.000 -99.000 -9999.0 -9999.0 -9999.0 -9999.0 -9999.0
26655 20150201  2.424 -162.92   68.03    -3.7    -8.7    -6.2    -6.1     0.0     0.24 C    -6.8   -11.5    -9.0    87.4    54.3    72.6 -99.000 -99.000 -99.000 -99.000 -99.000 -9999.0 -9999.0 -9999.0 -9999.0 -9999.0
26655 20150202  2.424 -162.92   68.03    -4.1   -18.7   -11.4   -10.4     0.0     0.72 C    -7.2   -25.8   -15.1    91.9    54.5    75.5 -99.000 -99.000 -99.000 -99.000 -99.000 -9999.0 -9999.0 -9999.0 -9999.0 -9999.0
26655 20150203  2.424 -162.92   68.03   -15.5   -22.5   -19.0   -19.6     0.2     0.52 C   -19.2   -27.0   -23.7    84.4    77.6    80.7 -99.000 -99.000 -99.000 -99.000 -99.000 -9999.0 -9999.0 -9999.0 -9999.0 -9999.0
26655 20150204  2.424 -162.92   68.03   -15.4   -21.3   -18.3   -18.1     0.0     0.63 C   -16.7   -28.1   -22.6    84.4    57.9    73.7 -99.000 -99.000 -99.000 -99.000 -99.000 -9999.0 -9999.0 -9999.0 -9999.0 -9999.0
26655 20150205  2.424 -162.92   68.03   -14.5   -21.4   -17.9   -17.4     0.0     0.91 C   -20.1   -29.1   -23.1    69.0    48.4    59.0 -99.000 -99.000 -99.000 -99.000 -99.000 -9999.0 -9999.0 -9999.0 -9999.0 -9999.0
26655 20150206  2.424 -162.92   68.03   -15.8   -26.2   -21.0   -22.7 -9999.0     1.04 C   -19.7   -29.3   -25.2    74.0    42.0    60.1 -99.000 -99.000 -99.000 -99.000 -99.000 -9999.0 -9999.0 -9999.0 -9999.0 -9999.0
26655 20150207  2.424 -162.92   68.03   -13.3   -25.4   -19.3   -18.8 -9999.0     1.08 C   -17.1   -27.8   -21.7    79.7    51.5    67.6 -99.000 -99.000 -99.000 -99.000 -99.000 -9999.0 -9999.0 -9999.0 -9999.0 -9999.0
26655 20150208  2.424 -162.92   68.03   -14.0   -20.6   -17.3   -17.9     0.0     1.15 C   -20.5   -27.4   -24.5    59.3    36.3    50.1 -99.000 -99.000 -99.000 -99.000 -99.000 -9999.0 -9999.0 -9999.0 -9999.0 -9999.0
26655 20150209  2.424 -162.92   68.03   -16.5   -22.7   -19.6   -19.1     0.0     1.25 C   -22.8   -28.5   -26.6    50.4    36.2    42.5 -99.000 -99.000 -99.000 -99.000 -99.000 -9999.0 -9999.0 -9999.0 -9999.0 -9999.0
26655 20150210  2.424 -162.92   68.03   -17.8   -22.2   -20.0   -20.0     0.0     1.32 C   -22.9   -28.9   -26.9    47.3    35.0    41.5 -99.000 -99.000 -99.000 -99.000 -99.000 -9999.0 -9999.0 -9999.0 -9999.0 -9999.0
26655 20150211  2.424 -162.92   68.03   -13.2   -21.9   -17.6   -17.9     0.0     1.40 C   -20.9   -27.8   -25.5    66.5    38.3    49.7 -99.000 -99.000 -99.000 -99.000 -99.000 -9999.0 -9999.0 -9999.0 -9999.0 -9999.0
26655 20150212  2.424 -162.92   68.03   -16.0   -22.2   -19.1   -19.4     0.0     1.54 C   -22.9   -28.8   -26.5    53.3    38.2    46.3 -99.000 -99.000 -99.000 -99.000 -99.000 -9999.0 -9999.0 -9999.0 -9999.0 -9999.0
26655 20150213  2.424 -162.92   68.03   -15.0   -19.9   -17.5   -17.5     0.0     1.69 C   -16.9   -26.3   -20.8    75.2    39.7    59.4 -99.000 -99.000 -99.000 -99.000 -99.000 -9999.0 -9999.0 -9999.0 -9999.0 -9999.0
26655 20150214  2.424 -162.92   68.03   -16.4   -23.5   -19.9   -20.4     0.0     1.86 C   -16.9   -27.9   -23.2    81.5    72.7    78.3 -99.000 -99.000 -99.000 -99.000 -99.000 -9999.0 -9999.0 -9999.0 -9999.0 -9999.0
26655 20150215  2.424 -162.92   68.03    -6.7   -19.8   -13.3   -12.9     0.0     1.56 C    -8.6   -22.8   -15.5    80.6    70.7    76.0 -99.000 -99.000 -99.000 -99.000 -99.000 -9999.0 -9999.0 -9999.0 -9999.0 -9999.0
26655 20150216  2.424 -162.92   68.03    -2.6   -10.4    -6.5    -5.8     0.0     2.09 C    -6.2   -14.7    -9.4    84.3    66.0    74.7 -99.000 -99.000 -99.000 -99.000 -99.000 -9999.0 -9999.0 -9999.0 -9999.0 -9999.0
26655 20150217  2.424 -162.92   68.03    -1.4    -7.5    -4.5    -2.7     1.0     1.17 C    -2.4    -9.3    -4.2    92.4    55.6    80.3 -99.000 -99.000 -99.000 -99.000 -99.000 -9999.0 -9999.0 -9999.0 -9999.0 -9999.0
26655 20150218  2.424 -162.92   68.03    -0.4    -5.1    -2.8    -1.7     1.7     1.71 C    -1.4    -5.4    -2.7    95.4    80.5    87.8 -99.000 -99.000 -99.000 -99.000 -99.000 -9999.0 -9999.0 -9999.0 -9999.0 -9999.0
26655 20150219  2.424 -162.92   68.03    -5.0   -14.1    -9.6   -10.2     1.0     1.35 C    -5.3   -13.6    -9.8    93.0    85.8    88.9 -99.000 -99.000 -99.000 -99.000 -99.000 -9999.0 -9999.0 -9999.0 -9999.0 -9999.0
26655 20150220  2.424 -162.92   68.03    -2.3   -10.7    -6.5    -5.1     0.7     1.36 C    -3.4   -10.6    -5.7    94.0    81.0    87.9 -99.000 -99.000 -99.000 -99.000 -99.000 -9999.0 -9999.0 -9999.0 -9999.0 -9999.0
26655 20150221  2.424 -162.92   68.03     1.5    -2.8    -0.6    -0.8     0.0     1.34 C    -0.8    -5.5    -2.3    90.8    68.0    80.5 -99.000 -99.000 -99.000 -99.000 -99.000 -9999.0 -9999.0 -9999.0 -9999.0 -9999.0
26655 20150222  2.424 -162.92   68.03     2.8    -1.3     0.8     0.8     0.0     2.50 C     0.1    -1.8    -0.3    92.9    77.2    87.6 -99.000 -99.000 -99.000 -99.000 -99.000 -9999.0 -9999.0 -9999.0 -9999.0 -9999.0
26655 20150223  2.424 -162.92   68.03     2.3    -9.2    -3.5    -2.0     6.7     1.51 C     0.1    -9.1    -2.5    96.3    81.3    90.3 -99.000 -99.000 -99.000 -99.000 -99.000 -9999.0 -9999.0 -9999.0 -9999.0 -9999.0
26655 20150224  2.424 -162.92   68.03    -6.0   -10.9    -8.4    -8.5     2.2     2.15 C    -6.5   -14.0    -9.0    92.0    71.3    85.5 -99.000 -99.000 -99.000 -99.000 -99.000 -9999.0 -9999.0 -9999.0 -9999.0 -9999.0
26655 20150225  2.424 -162.92   68.03    -5.3    -9.5    -7.4    -6.6     1.3     1.21 C    -5.5    -9.4    -6.8    91.3    83.7    88.1 -99.000 -99.000 -99.000 -99.000 -99.000 -9999.0 -9999.0 -9999.0 -9999.0 -9999.0
26655 20150226  2.424 -162.92   68.03    -1.4    -6.4    -3.9    -3.1     5.0     0.93 C    -1.8    -6.7    -3.4    97.8    83.9    91.7 -99.000 -99.000 -99.000 -99.000 -99.000 -9999.0 -9999.0 -9999.0 -9999.0 -9999.0
26655 20150227  2.424 -162.92   68.03    -1.7    -7.2    -4.4    -3.6     2.2     1.85 C    -1.8    -7.3    -4.0    98.3    80.9    90.6 -99.000 -99.000 -99.000 -99.000 -99.000 -9999.0 -9999.0 -9999.0 -9999.0 -9999.0
26655 20150228  2.424 -162.92   68.03    -3.2   -30.0   -16.6   -15.2 -9999.0     3.42 C    -3.8   -34.6   -16.0    94.1    69.0    81.8 -99.000 -99.000 -99.000 -99.000 -99.000 -9999.0 -9999.0 -9999.0 -9999.0 -9999.0
26655 20150301  2.424 -162.92   68.03   -12.1   -30.8   -21.5   -20.8 -9999.0     3.21 C   -14.2   -35.0   -23.2    77.2    51.0    67.7 -99.000 -99.000 -99.000 -99.000 -99.000 -9999.0 -9999.0 -9999.0 -9999.0 -9999.0
26655 20150302  2.424 -162.92   68.03    -4.7   -12.8    -8.8    -8.1     0.0     2.65 C    -7.0   -16.4   -10.4    69.3    44.4    55.4 -99.000 -99.000 -99.000 -99.000 -99.000 -9999.0 -9999.0 -9999.0 -9999.0 -9999.0
26655 20150303  2.424 -162.92   68.03    -3.4   -21.8   -12.6    -9.6     5.7     3.01 C    -4.4   -27.1   -11.0    95.3    57.9    86.3 -99.000 -99.000 -99.000 -99.000 -99.000 -9999.0 -9999.0 -9999.0 -9999.0 -9999.0
26655 20150304  2.424 -162.92   68.03   -11.0   -21.6   -16.3   -15.0     0.5     2.52 C    -9.7   -24.3   -15.8    88.7    80.1    85.2 -99.000 -99.000 -99.000 -99.000 -99.000 -9999.0 -9999.0 -9999.0 -9999.0 -9999.0
26655 20150305  2.424 -162.92   68.03   -14.3   -24.5   -19.4   -18.2     1.3     3.32 C   -14.4   -31.4   -19.3    85.8    76.8    82.5 -99.000 -99.000 -99.000 -99.000 -99.000 -9999.0 -9999.0 -9999.0 -9999.0 -9999.0
26655 20150306  2.424 -162.92   68.03    -7.0   -22.5   -14.8   -14.5     0.7     3.40 C    -7.8   -23.8   -15.4    86.8    76.9    82.8 -99.000 -99.000 -99.000 -99.000 -99.000 -9999.0 -9999.0 -9999.0 -9999.0 -9999.0
26655 20150307  2.424 -162.92   68.03    -4.2   -16.5   -10.4    -8.7     3.4     3.92 C    -5.0   -16.7    -8.9    92.2    76.9    85.0 -99.000 -99.000 -99.000 -99.000 -99.000 -9999.0 -9999.0 -9999.0 -9999.0 -9999.0
26655 20150308  2.424 -162.92   68.03   -16.4   -25.0   -20.7   -20.6 -9999.0     4.92 C   -16.7   -29.3   -22.0    79.8    67.7    75.1 -99.000 -99.000 -99.000 -99.000 -99.000 -9999.0 -9999.0 -9999.0 -9999.0 -9999.0
26655 20150309  2.424 -162.92   68.03   -19.0   -27.4   -23.2   -22.9 -9999.0     6.12 C   -18.9   -32.0   -27.2    76.1    63.7    69.9 -99.000 -99.000 -99.000 -99.000 -99.000 -9999.0 -9999.0 -9999.0 -9999.0 -9999.0
26655 20150310  2.424 -162.92   68.03   -22.8   -29.5   -26.2   -24.8 -9999.0     6.74 C   -25.2   -38.4   -30.7    79.1    62.2    69.1 -99.000 -99.000 -99.000 -99.000 -99.000 -9999.0 -9999.0 -9999.0 -9999.0 -9999.0
26655 20150311  2.424 -162.92   68.03   -25.7   -31.2   -28.5   -28.2 -9999.0     7.13 C   -27.0   -38.3   -33.5    78.8    72.8    75.7 -99.000 -99.000 -99.000 -99.000 -99.000 -9999.0 -9999.0 -9999.0 -9999.0 -9999.0
26655 20150312  2.424 -162.92   68.03   -19.7   -29.4   -24.6   -24.7 -9999.0     7.21 C   -22.9   -36.1   -30.6    76.2    51.9    64.4 -99.000 -99.000 -99.000 -99.000 -99.000 -9999.0 -9999.0 -9999.0 -9999.0 -9999.0
26655 20150313  2.424 -162.92   68.03   -19.6   -28.6   -24.1   -23.9 -9999.0     7.55 C   -22.1   -36.2   -30.5    73.3    53.2    63.4 -99.000 -99.000 -99.000 -99.000 -99.000 -9999.0 -9999.0 -9999.0 -9999.0 -9999.0
26655 20150314  2.424 -162.92   68.03   -20.5   -27.8   -24.2   -24.5 -9999.0     7.82 C   -22.4   -35.3   -30.4    74.3    55.3    66.1 -99.000 -99.000 -99.000 -99.000 -99.000 -9999.0 -9999.0 -9999.0 -9999.0 -9999.0
26655 20150315  2.424 -162.92   68.03   -19.3   -28.8   -24.0   -24.4 -9999.0     8.12 C   -21.7   -37.1   -29.7    75.6    43.2    66.3 -99.000 -99.000 -99.000 -99.000 -99.000 -9999.0 -9999.0 -9999.0 -9999.0 -9999.0
26655 20150316  2.424 -162.92   68.03   -12.2   -23.7   -18.0   -16.0     1.0     6.10 C   -12.8   -33.2   -19.0    84.5    40.3    63.7 -99.000 -99.000 -99.000 -99.000 -99.000 -9999.0 -9999.0 -9999.0 -9999.0 -9999.0
26655 20150317  2.424 -162.92   68.03   -10.7   -12.9   -11.8   -11.7     0.7     5.10 C    -9.5   -14.1   -12.1    90.4    79.5    85.7 -99.000 -99.000 -99.000 -99.000 -99.000 -9999.0 -9999.0 -9999.0 -9999.0 -9999.0
26655 20150318  2.424 -162.92   68.03   -11.2   -19.4   -15.3   -14.3     0.0     7.45 C   -12.1   -24.8   -16.5    87.5    75.9    82.6 -99.000 -99.000 -99.000 -99.000 -99.000 -9999.0 -9999.0 -9999.0 -9999.0 -9999.0
26655 20150319  2.424 -162.92   68.03    -7.3   -19.8   -13.5   -13.5     0.0     9.07 C    -9.6   -25.2   -16.7    79.6    69.4    75.2 -99.000 -99.000 -99.000 -99.000 -99.000 -9999.0 -9999.0 -9999.0 -9999.0 -9999.0
26655 20150320  2.424 -162.92   68.03    -7.5   -13.1   -10.3    -9.6     0.0     8.63 C    -6.8   -18.3   -11.7    82.5    66.8    74.4 -99.000 -99.000 -99.000 -99.000 -99.000 -9999.0 -9999.0 -9999.0 -9999.0 -9999.0
26655 20150321  2.424 -162.92   68.03    -7.6   -12.7   -10.1   -10.7     0.0     8.23 C    -5.2   -18.4   -11.9    91.5    72.2    80.4 -99.000 -99.000 -99.000 -99.000 -99.000 -9999.0 -9999.0 -9999.0 -9999.0 -9999.0
26655 20150322  2.424 -162.92   68.03   -10.4   -20.1   -15.2   -13.3     0.0     8.43 C    -7.4   -27.6   -14.4    91.4    63.3    81.1 -99.000 -99.000 -99.000 -99.000 -99.000 -9999.0 -9999.0 -9999.0 -9999.0 -9999.0
26655 20150323  2.424 -162.92   68.03   -13.2   -21.5   -17.4   -17.3     0.0    10.02 C   -14.3   -28.5   -22.3    76.9    57.2    67.7 -99.000 -99.000 -99.000 -99.000 -99.000 -9999.0 -9999.0 -9999.0 -9999.0 -9999.0
26655 20150324  2.424 -162.92   68.03   -11.0   -21.7   -16.3   -15.8     0.0     8.56 C   -11.3   -28.6   -18.9    77.0    61.3    70.7 -99.000 -99.000 -99.000 -99.000 -99.000 -9999.0 -9999.0 -9999.0 -9999.0 -9999.0
26655 20150325  2.424 -162.92   68.03    -7.9   -18.1   -13.0   -12.3     0.0     9.17 C    -6.3   -24.5   -14.3    90.5    74.1    83.1 -99.000 -99.000 -99.000 -99.000 -99.000 -9999.0 -9999.0 -9999.0 -9999.0 -9999.0
26655 20150326  2.424 -162.92   68.03   -10.3   -19.0   -14.7   -12.8     0.0     9.17 C    -9.0   -25.0   -14.2    93.6    79.2    88.1 -99.000 -99.000 -99.000 -99.000 -99.000 -9999.0 -9999.0 -9999.0 -9999.0 -9999.0
26655 20150327  2.424 -162.92   68.03   -12.6   -20.1   -16.4   -16.7     0.0    10.87 C   -12.9   -26.2   -19.8    86.8    74.1    82.2 -99.000 -99.000 -99.000 -99.000 -99.000 -9999.0 -9999.0 -9999.0 -9999.0 -9999.0
26655 20150328  2.424 -162.92   68.03   -10.7   -19.7   -15.2   -15.4     0.0    11.95 C   -12.7   -26.3   -18.9    82.9    56.8    70.6 -99.000 -99.000 -99.000 -99.000 -99.000 -9999.0 -9999.0 -9999.0 -9999.0 -9999.0
26655 20150329  2.424 -162.92   68.03   -12.4   -20.8   -16.6   -16.3     0.0    12.44 C   -14.5   -28.7   -19.9    81.5    58.0    68.6 -99.000 -99.000 -99.000 -99.000 -99.000 -9999.0 -9999.0 -9999.0 -9999.0 -9999.0
26655 20150330  2.424 -162.92   68.03   -12.4   -18.3   -15.4   -14.5     1.9     7.02 C   -11.0   -27.4   -15.3    89.9    81.8    87.3 -99.000 -99.000 -99.000 -99.000 -99.000 -9999.0 -9999.0 -9999.0 -9999.0 -9999.0
26655 20150331  2.424 -162.92   68.03   -14.4   -17.9   -16.1   -16.0     1.7     8.08 C   -11.4   -16.9   -14.1    86.6    83.4    85.1 -99.000 -99.000 -99.000 -99.000 -99.000 -9999.0 -9999.0 -9999.0 -9999.0 -9999.0
26655 20150401  2.424 -162.92   68.03   -13.8   -16.5   -15.1   -15.2     0.0     8.93 C    -9.3   -15.1   -13.4    86.8    84.2    85.6 -99.000 -99.000 -99.000 -99.000 -99.000 -9999.0 -9999.0 -9999.0 -9999.0 -9999.0
26655 20150402  2.424 -162.92   68.03   -14.8   -21.5   -18.1   -16.7     0.0    11.58 C   -11.0   -28.9   -17.1    86.1    79.0    84.1 -99.000 -99.000 -99.000 -99.000 -99.000 -9999.0 -9999.0 -9999.0 -9999.0 -9999.0
26655 20150403  2.424 -162.92   68.03   -11.8   -22.9   -17.4   -17.7     0.0    13.05 C   -11.2   -28.4   -20.0    88.4    76.6    82.9 -99.000 -99.000 -99.000 -99.000 -99.000 -9999.0 -9999.0 -9999.0 -9999.0 -9999.0
26655 20150404  2.424 -162.92   68.03    -6.5   -18.1   -12.3   -12.1     0.0    14.23 C    -8.0   -27.6   -16.5    86.4    39.0    66.9 -99.000 -99.000 -99.000 -99.000 -99.000 -9999.0 -9999.0 -9999.0 -9999.0 -9999.0
26655 20150405  2.424 -162.92   68.03    -5.5   -11.6    -8.6    -8.0     0.0    14.58 C    -6.1   -18.3   -11.8    71.8    58.3    64.2 -99.000 -99.000 -99.000 -99.000 -99.000 -9999.0 -9999.0 -9999.0 -9999.0 -9999.0
26655 20150406  2.424 -162.92   68.03    -4.1   -11.0    -7.5    -6.3     0.0    10.54 C    -4.2   -17.1    -8.3    87.9    63.2    73.8 -99.000 -99.000 -99.000 -99.000 -99.000 -9999.0 -9999.0 -9999.0 -9999.0 -9999.0
26655 20150407  2.424 -162.92   68.03    -0.9    -4.7    -2.8    -2.6     0.0     9.42 C    -1.3    -7.6    -3.7    88.8    71.7    81.4 -99.000 -99.000 -99.000 -99.000 -99.000 -9999.0 -9999.0 -9999.0 -9999.0 -9999.0
26655 20150408  2.424 -162.92   68.03    -2.1    -5.4    -3.7    -3.4     2.6    10.21 C    -2.4    -5.5    -3.7    94.1    81.6    87.4 -99.000 -99.000 -99.000 -99.000 -99.000 -9999.0 -9999.0 -9999.0 -9999.0 -9999.0
26655 20150409  2.424 -162.92   68.03    -1.9    -9.8    -5.9    -3.8     0.0    15.00 C    -2.5   -14.5    -6.0    93.2    65.9    75.8 -99.000 -99.000 -99.000 -99.000 -99.000 -9999.0 -9999.0 -9999.0 -9999.0 -9999.0
26655 20150410  2.424 -162.92   68.03    -4.6   -14.6    -9.6    -9.4     0.0    16.03 C    -9.0   -17.6   -12.1    78.4    53.7    68.1 -99.000 -99.000 -99.000 -99.000 -99.000 -9999.0 -9999.0 -9999.0 -9999.0 -9999.0
26655 20150411  2.424 -162.92   68.03   -11.0   -17.5   -14.2   -13.7     0.0    15.23 C    -9.5   -21.0   -15.5    76.8    63.8    70.3 -99.000 -99.000 -99.000 -99.000 -99.000 -9999.0 -9999.0 -9999.0 -9999.0 -9999.0
26655 20150412  2.424 -162.92   68.03   -11.6   -19.2   -15.4   -14.7     0.0    14.63 C    -7.9   -23.5   -16.1    89.8    66.4    77.2 -99.000 -99.000 -99.000 -99.000 -99.000 -9999.0 -9999.0 -9999.0 -9999.0 -9999.0
26655 20150413  2.424 -162.92   68.03   -11.4   -17.1   -14.2   -14.2     0.0    14.08 C    -8.6   -23.0   -14.4    87.7    71.1    80.9 -99.000 -99.000 -99.000 -99.000 -99.000 -9999.0 -9999.0 -9999.0 -9999.0 -9999.0
26655 20150414  2.424 -162.92   68.03   -11.1   -20.8   -16.0   -15.7     0.6    17.11 C    -6.7   -25.7   -16.3    87.0    67.0    80.6 -99.000 -99.000 -99.000 -99.000 -99.000 -9999.0 -9999.0 -9999.0 -9999.0 -9999.0
26655 20150415  2.424 -162.92   68.03   -13.4   -19.1   -16.3   -15.7     1.0    12.52 C   -10.6   -26.2   -15.6    87.8    81.4    85.8 -99.000 -99.000 -99.000 -99.000 -99.000 -9999.0 -9999.0 -9999.0 -9999.0 -9999.0
26655 20150416  2.424 -162.92   68.03   -14.3   -19.5   -16.9   -17.5     0.0    15.59 C    -7.9   -24.4   -17.4    85.0    80.5    82.8 -99.000 -99.000 -99.000 -99.000 -99.000 -9999.0 -9999.0 -9999.0 -9999.0 -9999.0
26655 20150417  2.424 -162.92   68.03    -6.7   -18.8   -12.7   -12.2     0.0    17.36 C    -4.3   -23.1   -13.0    87.4    63.5    79.9 -99.000 -99.000 -99.000 -99.000 -99.000 -9999.0 -9999.0 -9999.0 -9999.0 -9999.0
26655 20150418  2.424 -162.92   68.03     2.5   -11.0    -4.2    -2.0     0.0    16.58 C    -0.5   -16.8    -4.6    91.1    43.4    67.4 -99.000 -99.000 -99.000 -99.000 -99.000 -9999.0 -9999.0 -9999.0 -9999.0 -9999.0
26655 20150419  2.424 -162.92   68.03     5.4     0.4     2.9     2.1     3.0     9.10 C     0.7    -3.7    -0.7    92.8    44.4    67.4 -99.000 -99.000 -99.000 -99.000 -99.000 -9999.0 -9999.0 -9999.0 -9999.0 -9999.0
26655 20150420  2.424 -162.92   68.03     2.0    -8.5    -3.3    -2.1     0.4    13.64 C     0.2   -13.2    -3.3    92.7    71.4    81.4 -99.000 -99.000 -99.000 -99.000 -99.000 -9999.0 -9999.0 -9999.0 -9999.0 -9999.0
26655 20150421  2.424 -162.92   68.03    -0.4    -9.3    -4.9    -4.0     0.0    18.07 C     0.4   -13.6    -5.9    84.0    44.9    72.3 -99.000 -99.000 -99.000 -99.000 -99.000 -9999.0 -9999.0 -9999.0 -9999.0 -9999.0
26655 20150422  2.424 -162.92   68.03    -2.3    -7.5    -4.9    -4.4     2.9    12.59 C    -1.6   -10.6    -5.6    96.6    73.8    84.7 -99.000 -99.000 -99.000 -99.000 -99.000 -9999.0 -9999.0 -9999.0 -9999.0 -9999.0
26655 20150423  2.424 -162.92   68.03     0.6    -7.7    -3.6    -3.1     1.0    14.08 C     0.0    -9.1    -3.6    94.9    74.4    87.7 -99.000 -99.000 -99.000 -99.000 -99.000 -9999.0 -9999.0 -9999.0 -9999.0 -9999.0
26655 20150424  2.424 -162.92   68.03     3.2    -3.2     0.0     0.6     0.0    18.68 C     0.8    -8.9    -2.8    91.3    43.7    59.3 -99.000 -99.000 -99.000 -99.000 -99.000 -9999.0 -9999.0 -9999.0 -9999.0 -9999.0
26655 20150425  2.424 -162.92   68.03     0.8    -8.5    -3.9    -3.2     0.0    20.54 C     1.2   -13.5    -5.8    97.1    51.2    66.7 -99.000 -99.000 -99.000 -99.000 -99.000 -9999.0 -9999.0 -9999.0 -9999.0 -9999.0
26655 20150426  2.424 -162.92   68.03    -1.4   -13.0    -7.2 -9999.0     0.0    20.38 C     0.4   -16.3    -7.8    91.7    66.1    82.3 -99.000 -99.000 -99.000 -99.000 -99.000 -9999.0 -9999.0 -9999.0 -9999.0 -9999.0
26655 20150427  2.424 -162.92   68.03     1.7    -8.8    -3.5    -3.3     0.0    21.39 C     0.7   -15.0    -6.5    83.2    48.4    62.8 -99.000 -99.000 -99.000 -99.000 -99.000 -9999.0 -9999.0 -9999.0 -9999.0 -9999.0
26655 20150428  2.424 -162.92   68.03     1.2    -7.7    -3.2 -9999.0     0.0    21.77 C     1.2   -12.8    -5.2    75.6    50.1    64.3 -99.000 -99.000 -99.000 -99.000 -99.000 -9999.0 -9999.0 -9999.0 -9999.0 -9999.0
26655 20150429  2.424 -162.92   68.03     1.4    -7.3    -3.0    -2.5     0.0    21.87 C     1.1   -11.9    -5.1    79.0    58.4    67.2 -99.000 -99.000 -99.000 -99.000 -99.000 -9999.0 -9999.0 -9999.0 -9999.0 -9999.0
26655 20150430  2.424 -162.92   68.03    -0.1    -9.9    -5.0 -9999.0     0.0    22.49 C    -0.1   -13.6    -6.5    80.3    57.2    69.6 -99.000 -99.000 -99.000 -99.000 -99.000 -9999.0 -9999.0 -9999.0 -9999.0 -9999.0
26655 20150501  2.424 -162.92   68.03     1.1    -8.7    -3.8    -3.1     0.0    21.77 C     0.3   -10.8    -5.0    97.9    62.1    71.0 -99.000 -99.000 -99.000 -99.000 -99.000 -9999.0 -9999.0 -9999.0 -9999.0 -9999.0
26655 20150502  2.424 -162.92   68.03     1.9    -8.7    -3.4    -4.3     0.0    18.28 C     1.0   -11.3    -4.5    98.0    62.4    88.0 -99.000 -99.000 -99.000 -99.000 -99.000 -9999.0 -9999.0 -9999.0 -9999.0 -9999.0
26655 20150503  2.424 -162.92   68.03    -4.2   -10.3    -7.3    -6.8     0.0    20.97 C     0.3   -10.2    -4.8    93.7    89.0    92.0 -99.000 -99.000 -99.000 -99.000 -99.000 -9999.0 -9999.0 -9999.0 -9999.0 -9999.0
26655 20150504  2.424 -162.92   68.03     1.2    -6.0    -2.4 -9999.0     0.0    21.49 C     1.6    -8.0    -3.2    94.5    55.8    79.9 -99.000 -99.000 -99.000 -99.000 -99.000 -9999.0 -9999.0 -9999.0 -9999.0 -9999.0
26655 20150505  2.424 -162.92   68.03     1.6    -7.0    -2.7    -1.9     0.0    22.74 C     0.4   -11.4    -4.5    77.8    44.7    61.5 -99.000 -99.000 -99.000 -99.000 -99.000 -9999.0 -9999.0 -9999.0 -9999.0 -9999.0
26655 20150506  2.424 -162.92   68.03     2.0    -5.3    -1.7    -1.3     0.0    23.14 C     0.4    -9.4    -3.5    77.7    56.3    66.3 -99.000 -99.000 -99.000 -99.000 -99.000 -9999.0 -9999.0 -9999.0 -9999.0 -9999.0
26655 20150507  2.424 -162.92   68.03     5.6    -1.7     2.0     2.1     0.0    16.87 C     1.0    -6.1    -1.1    75.3    55.1    65.5 -99.000 -99.000 -99.000 -99.000 -99.000 -9999.0 -9999.0 -9999.0 -9999.0 -9999.0
26655 20150508  2.424 -162.92   68.03     5.0    -2.7     1.1     0.2     3.7    13.49 C     0.6    -2.2    -0.3    98.5    59.0    90.4 -99.000 -99.000 -99.000 -99.000 -99.000 -9999.0 -9999.0 -9999.0 -9999.0 -9999.0
26655 20150509  2.424 -162.92   68.03     0.7    -5.5    -2.4 -9999.0     0.0    18.47 C     1.7    -8.2    -1.9    97.7    67.5    82.0 -99.000 -99.000 -99.000 -99.000 -99.000 -9999.0 -9999.0 -9999.0 -9999.0 -9999.0
26655 20150510  2.424 -162.92   68.03     6.2    -1.7     2.2     3.3     0.0    23.75 C     1.4    -4.2    -0.9    74.7    45.9    58.6 -99.000 -99.000 -99.000 -99.000 -99.000 -9999.0 -9999.0 -9999.0 -9999.0 -9999.0
26655 20150511  2.424 -162.92   68.03     6.0     1.7     3.9     4.1     0.0    16.40 C     1.5    -1.2     0.3    83.4    66.1    73.3 -99.000 -99.000 -99.000 -99.000 -99.000 -9999.0 -9999.0 -9999.0 -9999.0 -9999.0
26655 20150512  2.424 -162.92   68.03     7.0     3.2     5.1     5.3     0.0    21.26 C     1.9     0.0     0.6    84.8    63.9    73.6 -99.000 -99.000 -99.000 -99.000 -99.000 -9999.0 -9999.0 -9999.0 -9999.0 -9999.0
26655 20150513  2.424 -162.92   68.03    10.4     4.2     7.3     7.4     0.7    22.14 C     1.0    -0.2     0.4    71.5    36.1    52.4 -99.000 -99.000 -99.000 -99.000 -99.000 -9999.0 -9999.0 -9999.0 -9999.0 -9999.0
26655 20150514  2.424 -162.92   68.03     7.5     4.2     5.8     5.9     3.0    11.10 C     1.0     0.2     0.6    88.0    55.0    77.0 -99.000 -99.000 -99.000 -99.000 -99.000 -9999.0 -9999.0 -9999.0 -9999.0 -9999.0
26655 20150515  2.424 -162.92   68.03     9.3     3.9     6.6     6.1     0.9    12.72 C     1.6     0.4     0.8    97.4    70.1    87.5 -99.000 -99.000 -99.000 -99.000 -99.000 -9999.0 -9999.0 -9999.0 -9999.0 -9999.0
26655 20150516  2.424 -162.92   68.03     8.3     3.4     5.8     5.5     4.4     7.93 C     3.8     0.0     1.0    95.7    65.4    82.6 -99.000 -99.000 -99.000 -99.000 -99.000 -9999.0 -9999.0 -9999.0 -9999.0 -9999.0
26655 20150517  2.424 -162.92   68.03     8.0     4.5     6.3     5.8     6.0     6.38 C     7.3     1.3     3.5    92.9    69.9    85.0 -99.000 -99.000 -99.000 -99.000 -99.000 -9999.0 -9999.0 -9999.0 -9999.0 -9999.0
26655 20150518  2.424 -162.92   68.03     9.9     3.9     6.9     6.5     5.9    12.49 C    12.9     1.5     5.6    93.3    63.1    81.3 -99.000 -99.000 -99.000 -99.000 -99.000 -9999.0 -9999.0 -9999.0 -9999.0 -9999.0
26655 20150519  2.424 -162.92   68.03    11.5     3.3     7.4     6.9     0.0    19.58 C    20.2     1.3     8.1    81.1    49.2    67.9 -99.000 -99.000 -99.000 -99.000 -99.000 -9999.0 -9999.0 -9999.0 -9999.0 -9999.0
26655 20150520  2.424 -162.92   68.03    12.1     4.6     8.3     8.8     8.1     8.73 C    13.0     1.0     7.4    92.6    57.0    70.6 -99.000 -99.000 -99.000 -99.000 -99.000 -9999.0 -9999.0 -9999.0 -9999.0 -9999.0
26655 20150521  2.424 -162.92   68.03     8.7    -0.2     4.2     4.9     1.3     7.24 C    11.3    -1.3     4.9    95.8    69.5    86.9 -99.000 -99.000 -99.000 -99.000 -99.000 -9999.0 -9999.0 -9999.0 -9999.0 -9999.0
26655 20150522  2.424 -162.92   68.03    12.4    -1.2     5.6     5.7     0.0    23.50 C    17.2    -2.2     7.5    90.0    42.3    62.5 -99.000 -99.000 -99.000 -99.000 -99.000 -9999.0 -9999.0 -9999.0 -9999.0 -9999.0
26655 20150523  2.424 -162.92   68.03    16.2     7.9    12.1    12.4     0.6    11.14 C    20.1     4.3    11.5    88.8    38.5    56.8 -99.000 -99.000 -99.000 -99.000 -99.000 -9999.0 -9999.0 -9999.0 -9999.0 -9999.0
26655 20150524  2.424 -162.92   68.03    14.1     7.7    10.9    11.0     1.3    19.55 C    22.1     5.3    11.8    92.2    44.9    64.8 -99.000 -99.000 -99.000 -99.000 -99.000 -9999.0 -9999.0 -9999.0 -9999.0 -9999.0
26655 20150525  2.424 -162.92   68.03    16.5     5.8    11.2    11.7     0.0    20.62 C    27.7     2.0    12.5    75.0    39.4    56.1 -99.000 -99.000 -99.000 -99.000 -99.000 -9999.0 -9999.0 -9999.0 -9999.0 -9999.0
26655 20150526  2.424 -162.92   68.03    18.1     3.0    10.6    12.8     0.0    27.45 C    25.2    -0.4    13.5    84.6    32.0    51.7 -99.000 -99.000 -99.000 -99.000 -99.000 -9999.0 -9999.0 -9999.0 -9999.0 -9999.0
26655 20150527  2.424 -162.92   68.03    17.8     8.3    13.0    12.9     0.0    15.08 C    24.1     6.7    12.6    84.7    38.3    52.9 -99.000 -99.000 -99.000 -99.000 -99.000 -9999.0 -9999.0 -9999.0 -9999.0 -9999.0
26655 20150528  2.424 -162.92   68.03    13.4     5.5     9.4     8.8     0.4    19.38 C    23.8     1.2    11.0    98.2    45.0    74.1 -99.000 -99.000 -99.000 -99.000 -99.000 -9999.0 -9999.0 -9999.0 -9999.0 -9999.0
26655 20150529  2.424 -162.92   68.03    17.1     2.2     9.7    11.2     0.0    20.76 C    28.5    -2.1    12.0    85.5    36.3    56.1 -99.000 -99.000 -99.000 -99.000 -99.000 -9999.0 -9999.0 -9999.0 -9999.0 -9999.0
26655 20150530  2.424 -162.92   68.03    19.7     6.8    13.3    14.1     0.0    27.16 C    26.3     3.7    15.3    76.9    24.8    44.9 -99.000 -99.000 -99.000 -99.000 -99.000 -9999.0 -9999.0 -9999.0 -9999.0 -9999.0
26655 20150531  2.424 -162.92   68.03    15.9     6.6    11.2    11.5     0.0    28.86 C    20.6     3.0    11.6    53.7    19.1    33.4 -99.000 -99.000 -99.000 -99.000 -99.000 -9999.0 -9999.0 -9999.0 -9999.0 -9999.0
26655 20150601  2.424 -162.92   68.03    15.5     4.1     9.8     9.8     0.0    28.56 C    21.8     1.3    10.5    44.1    17.1    29.5 -99.000 -99.000 -99.000 -99.000 -99.000 -9999.0 -9999.0 -9999.0 -9999.0 -9999.0
26655 20150602  2.424 -162.92   68.03    11.9     2.4     7.2     8.0     0.0    28.97 C    18.9     0.4     9.4    51.2    24.0    39.1 -99.000 -99.000 -99.000 -99.000 -99.000 -9999.0 -9999.0 -9999.0 -9999.0 -9999.0
26655 20150603  2.424 -162.92   68.03     7.5    -1.0     3.3     3.4     0.0    29.13 C    15.6    -2.6     5.4    59.0    29.0    43.7 -99.000 -99.000 -99.000 -99.000 -99.000 -9999.0 -9999.0 -9999.0 -9999.0 -9999.0
26655 20150604  2.424 -162.92   68.03     6.8    -2.8     2.0     1.9     0.0    24.68 C    16.7    -4.2     4.3    66.1    38.5    49.8 -99.000 -99.000 -99.000 -99.000 -99.000 -9999.0 -9999.0 -9999.0 -9999.0 -9999.0
26655 20150605  2.424 -162.92   68.03     8.8    -1.1     3.8     3.4     0.5    20.93 C    20.4    -2.2     6.2    91.8    35.2    51.0 -99.000 -99.000 -99.000 -99.000 -99.000 -9999.0 -9999.0 -9999.0 -9999.0 -9999.0
26655 20150606  2.424 -162.92   68.03     9.3    -0.3     4.5     4.3     1.5    22.68 C    19.8    -1.4     7.2    96.9    45.0    68.8 -99.000 -99.000 -99.000 -99.000 -99.000 -9999.0 -9999.0 -9999.0 -9999.0 -9999.0
26655 20150607  2.424 -162.92   68.03    13.8     1.9     7.8     7.8     0.8    14.02 C    23.9    -2.4     8.3    91.3    39.5    59.0 -99.000 -99.000 -99.000 -99.000 -99.000 -9999.0 -9999.0 -9999.0 -9999.0 -9999.0
26655 20150608  2.424 -162.92   68.03     4.5     0.4     2.4     2.1     9.2     6.89 C     4.9    -0.1     2.6    97.3    80.6    91.7 -99.000 -99.000 -99.000 -99.000 -99.000 -9999.0 -9999.0 -9999.0 -9999.0 -9999.0
26655 20150609  2.424 -162.92   68.03     6.5     0.0     3.2     2.8     4.3    11.59 C    13.0    -0.5     4.2    96.4    56.3    82.2 -99.000 -99.000 -99.000 -99.000 -99.000 -9999.0 -9999.0 -9999.0 -9999.0 -9999.0
26655 20150610  2.424 -162.92   68.03     5.4    -1.1     2.2     1.6     1.0    14.33 C     9.7    -1.3     2.8    96.6    56.2    79.3 -99.000 -99.000 -99.000 -99.000 -99.000 -9999.0 -9999.0 -9999.0 -9999.0 -9999.0
26655 20150611  2.424 -162.92   68.03     8.8    -3.4     2.7     3.4     0.0    28.03 C    19.3    -3.2     6.9    86.2    37.2    57.9 -99.000 -99.000 -99.000 -99.000 -99.000 -9999.0 -9999.0 -9999.0 -9999.0 -9999.0
26655 20150612  2.424 -162.92   68.03     9.3     1.5     5.4     5.9     0.0    11.08 C    11.9     0.1     6.5    90.1    45.4    66.2 -99.000 -99.000 -99.000 -99.000 -99.000 -9999.0 -9999.0 -9999.0 -9999.0 -9999.0
26655 20150613  2.424 -162.92   68.03    11.1     3.3     7.2     7.1     0.0    12.71 C    17.2     3.1     7.9    91.6    57.2    74.6 -99.000 -99.000 -99.000 -99.000 -99.000 -9999.0 -9999.0 -9999.0 -9999.0 -9999.0
26655 20150614  2.424 -162.92   68.03    17.9     3.8    10.9    10.5     0.2    26.74 C    23.5     1.3    12.4    93.2    30.5    63.8 -99.000 -99.000 -99.000 -99.000 -99.000 -9999.0 -9999.0 -9999.0 -9999.0 -9999.0
26655 20150615  2.424 -162.92   68.03    11.6     3.4     7.5     6.6     6.1    13.26 C    17.0     1.9     8.0    96.9    60.5    85.6 -99.000 -99.000 -99.000 -99.000 -99.000 -9999.0 -9999.0 -9999.0 -9999.0 -9999.0
26655 20150616  2.424 -162.92   68.03    16.8     3.5    10.1    11.4     0.0    28.22 C    24.2    -0.4    13.0    93.3    41.7    64.1 -99.000 -99.000 -99.000 -99.000 -99.000 -9999.0 -9999.0 -9999.0 -9999.0 -9999.0
26655 20150617  2.424 -162.92   68.03    20.8     4.4    12.6    13.8     0.0    28.52 C    27.2     1.2    15.8    91.4    34.2    57.9 -99.000 -99.000 -99.000 -99.000 -99.000 -9999.0 -9999.0 -9999.0 -9999.0 -9999.0
26655 20150618  2.424 -162.92   68.03    24.5    11.1    17.8    19.0     0.0    27.57 C    31.2     7.5    20.0    59.0    29.7    41.8 -99.000 -99.000 -99.000 -99.000 -99.000 -9999.0 -9999.0 -9999.0 -9999.0 -9999.0
26655 20150619  2.424 -162.92   68.03    25.6    11.0    18.3    19.5     0.0    28.99 C    33.0     5.7    20.5    71.7    27.7    44.2 -99.000 -99.000 -99.000 -99.000 -99.000 -9999.0 -9999.0 -9999.0 -9999.0 -9999.0
26655 20150620  2.424 -162.92   68.03    24.8    10.6    17.7    18.6     0.0    29.17 C    32.0     3.1    19.3    73.3    29.3    49.2 -99.000 -99.000 -99.000 -99.000 -99.000 -9999.0 -9999.0 -9999.0 -9999.0 -9999.0
26655 20150621  2.424 -162.92   68.03    24.6     8.9    16.7    17.9     0.0    29.22 C    31.1     3.2    18.7    81.2    27.4    49.5 -99.000 -99.000 -99.000 -99.000 -99.000 -9999.0 -9999.0 -9999.0 -9999.0 -9999.0
26655 20150622  2.424 -162.92   68.03    23.0     8.7    15.8    16.3     0.0    28.74 C    30.6     3.4    17.7    69.3    34.7    50.8 -99.000 -99.000 -99.000 -99.000 -99.000 -9999.0 -9999.0 -9999.0 -9999.0 -9999.0
26655 20150623  2.424 -162.92   68.03    20.7     8.2    14.4    15.1     0.0    29.12 C    27.3     1.5    16.1    75.1    38.9    54.6 -99.000 -99.000 -99.000 -99.000 -99.000 -9999.0 -9999.0 -9999.0 -9999.0 -9999.0
26655 20150624  2.424 -162.92   68.03    17.7     5.8    11.7    11.3     0.0    22.71 C    26.7     0.9    12.9    88.0    49.9    65.6 -99.000 -99.000 -99.000 -99.000 -99.000 -9999.0 -9999.0 -9999.0 -9999.0 -9999.0
26655 20150625  2.424 -162.92   68.03     7.7     5.3     6.5     6.4     6.5     5.71 C     9.3     5.4     7.2    95.3    84.3    91.8 -99.000 -99.000 -99.000 -99.000 -99.000 -9999.0 -9999.0 -9999.0 -9999.0 -9999.0
26655 20150626  2.424 -162.92   68.03     6.9     2.2     4.6     4.4     0.5    10.57 C     9.6     2.6     5.8    96.6    71.7    88.6 -99.000 -99.000 -99.000 -99.000 -99.000 -9999.0 -9999.0 -9999.0 -9999.0 -9999.0
26655 20150627  2.424 -162.92   68.03    13.7     3.3     8.5     7.5     0.0    20.51 C    21.5     1.9     9.8    96.7    56.0    75.9 -99.000 -99.000 -99.000 -99.000 -99.000 -9999.0 -9999.0 -9999.0 -9999.0 -9999.0
26655 20150628  2.424 -162.92   68.03    15.3     1.3     8.3     9.3     0.0    21.48 C    21.3    -1.1    10.5    91.9    41.9    63.5 -99.000 -99.000 -99.000 -99.000 -99.000 -9999.0 -9999.0 -9999.0 -9999.0 -9999.0
26655 20150629  2.424 -162.92   68.03    10.0     5.9     8.0     8.3     5.6     3.71 C    10.0     5.2     8.1    97.6    57.0    87.8 -99.000 -99.000 -99.000 -99.000 -99.000 -9999.0 -9999.0 -9999.0 -9999.0 -9999.0
26655 20150630  2.424 -162.92   68.03     7.8     5.7     6.8     6.5     1.2     5.85 C     9.6     5.7     7.2    98.4    88.8    95.7 -99.000 -99.000 -99.000 -99.000 -99.000 -9999.0 -9999.0 -9999.0 -9999.0 -9999.0
26655 20150701  2.424 -162.92   68.03     8.9     5.3     7.1     7.0     0.0     4.83 C     9.3     5.2     7.2    98.3    83.0    94.2 -99.000 -99.000 -99.000 -99.000 -99.000 -9999.0 -9999.0 -9999.0 -9999.0 -9999.0
26655 20150702  2.424 -162.92   68.03     7.4     4.6     6.0     6.0     4.5     4.82 C     8.7     4.6     6.4    98.1    90.1    95.6 -99.000 -99.000 -99.000 -99.000 -99.000 -9999.0 -9999.0 -9999.0 -9999.0 -9999.0
26655 20150703  2.424 -162.92   68.03    14.8     6.5    10.6    10.1     1.2    13.18 C    19.4     6.2    10.9    96.0    52.6    76.3 -99.000 -99.000 -99.000 -99.000 -99.000 -9999.0 -9999.0 -9999.0 -9999.0 -9999.0
26655 20150704  2.424 -162.92   68.03    22.0     6.4    14.2    15.7     0.0    28.61 C    26.1     1.4    15.7    89.3    31.4    55.3 -99.000 -99.000 -99.000 -99.000 -99.000 -9999.0 -9999.0 -9999.0 -9999.0 -9999.0
26655 20150705  2.424 -162.92   68.03    22.0    11.1    16.6    18.1     0.0    15.83 C    24.0     6.5    16.7    73.6    39.3    52.1 -99.000 -99.000 -99.000 -99.000 -99.000 -9999.0 -9999.0 -9999.0 -9999.0 -9999.0
26655 20150706  2.424 -162.92   68.03    24.4    14.9    19.6    20.3     0.0    17.49 C    26.9    11.9    20.0    74.4    42.1    55.0 -99.000 -99.000 -99.000 -99.000 -99.000 -9999.0 -9999.0 -9999.0 -9999.0 -9999.0
26655 20150707  2.424 -162.92   68.03    20.4     7.8    14.1    13.6    20.4     1.80 C    17.5     8.0    12.7    95.3    50.8    83.2 -99.000 -99.000 -99.000 -99.000 -99.000 -9999.0 -9999.0 -9999.0 -9999.0 -9999.0
26655 20150708  2.424 -162.92   68.03    13.3     8.2    10.7    11.1     0.0    12.01 C    16.5     7.5    11.9    92.9    68.6    79.1 -99.000 -99.000 -99.000 -99.000 -99.000 -9999.0 -9999.0 -9999.0 -9999.0 -9999.0
26655 20150709  2.424 -162.92   68.03 -9999.0 -9999.0 -9999.0 -9999.0 -9999.0 -9999.00 U -9999.0 -9999.0 -9999.0 -9999.0 -9999.0 -9999.0 -99.000 -99.000 -99.000 -99.000 -99.000 -9999.0 -9999.0 -9999.0 -9999.0 -9999.0
26655 20150710  2.424 -162.92   68.03    20.8     7.7    14.3    14.8     0.0    23.39 C    28.7     3.6    16.2    93.2    37.1    63.7 -99.000 -99.000 -99.000 -99.000 -99.000 -9999.0 -9999.0 -9999.0 -9999.0 -9999.0
26655 20150711  2.424 -162.92   68.03    21.6    10.5    16.1    16.4     0.0    26.56 C    30.2     8.0    18.0    64.7    31.8    45.4 -99.000 -99.000 -99.000 -99.000 -99.000 -9999.0 -9999.0 -9999.0 -9999.0 -9999.0
26655 20150712  2.424 -162.92   68.03    22.9    12.0    17.5    17.4     0.0    26.16 C    31.8     7.3    18.9    59.5    25.9    43.2 -99.000 -99.000 -99.000 -99.000 -99.000 -9999.0 -9999.0 -9999.0 -9999.0 -9999.0
26655 20150713  2.424 -162.92   68.03    21.1    10.8    16.0    16.5     0.0    18.09 C    27.2     5.9    16.8    72.8    37.9    55.1 -99.000 -99.000 -99.000 -99.000 -99.000 -9999.0 -9999.0 -9999.0 -9999.0 -9999.0
26655 20150714  2.424 -162.92   68.03    20.1     9.5    14.8    15.2     0.0    19.18 C    25.3     4.3    15.6    89.1    36.3    65.0 -99.000 -99.000 -99.000 -99.000 -99.000 -9999.0 -9999.0 -9999.0 -9999.0 -9999.0
26655 20150715  2.424 -162.92   68.03    21.1     6.8    14.0    14.8     0.0    22.29 C    28.2     1.4    15.5    92.0    23.1    61.3 -99.000 -99.000 -99.000 -99.000 -99.000 -9999.0 -9999.0 -9999.0 -9999.0 -9999.0
26655 20150716  2.424 -162.92   68.03    18.9     9.2    14.0    15.0     0.0    13.58 C    25.3     6.4    15.3    85.3    46.8    68.6 -99.000 -99.000 -99.000 -99.000 -99.000 -9999.0 -9999.0 -9999.0 -9999.0 -9999.0
26655 20150717  2.424 -162.92   68.03    21.4    10.5    16.0    15.0     0.8    14.38 C    31.0     6.1    15.5    92.4    40.8    68.8 -99.000 -99.000 -99.000 -99.000 -99.000 -9999.0 -9999.0 -9999.0 -9999.0 -9999.0
26655 20150718  2.424 -162.92   68.03    15.4     6.7    11.0    11.2     0.0     9.35 C    23.5     7.0    12.6   100.0    74.9    90.0 -99.000 -99.000 -99.000 -99.000 -99.000 -9999.0 -9999.0 -9999.0 -9999.0 -9999.0
26655 20150719  2.424 -162.92   68.03     9.6     5.2     7.4     7.3     0.7     6.67 C    12.1     5.5     8.4   100.0    89.5    96.7 -99.000 -99.000 -99.000 -99.000 -99.000 -9999.0 -9999.0 -9999.0 -9999.0 -9999.0
26655 20150720  2.424 -162.92   68.03    12.9     7.1    10.0     9.5     0.2     6.19 C    14.5     6.7    10.3   100.0    74.4    89.0 -99.000 -99.000 -99.000 -99.000 -99.000 -9999.0 -9999.0 -9999.0 -9999.0 -9999.0
26655 20150721  2.424 -162.92   68.03    20.7     6.6    13.7    14.7     0.0    24.48 C    27.7     1.5    15.5    91.4    39.5    61.5 -99.000 -99.000 -99.000 -99.000 -99.000 -9999.0 -9999.0 -9999.0 -9999.0 -9999.0
26655 20150722  2.424 -162.92   68.03    23.1    12.4    17.7    18.1     0.5    21.77 C    31.2     8.7    18.6    77.1    33.4    54.0 -99.000 -99.000 -99.000 -99.000 -99.000 -9999.0 -9999.0 -9999.0 -9999.0 -9999.0
26655 20150723  2.424 -162.92   68.03    24.3    11.7    18.0    18.2     0.0    22.06 C    34.8     8.3    18.7    84.8    32.1    58.1 -99.000 -99.000 -99.000 -99.000 -99.000 -9999.0 -9999.0 -9999.0 -9999.0 -9999.0
26655 20150724  2.424 -162.92   68.03    19.7     7.7    13.7    13.4     0.0    24.30 C    27.8     2.6    15.1    99.8    49.2    75.8 -99.000 -99.000 -99.000 -99.000 -99.000 -9999.0 -9999.0 -9999.0 -9999.0 -9999.0
26655 20150725  2.424 -162.92   68.03    19.5     5.1    12.3    11.0     0.3    23.18 C    26.6     6.0    14.3   100.0    40.1    81.5 -99.000 -99.000 -99.000 -99.000 -99.000 -9999.0 -9999.0 -9999.0 -9999.0 -9999.0
26655 20150726  2.424 -162.92   68.03    21.6     5.5    13.5    14.1     0.0    24.65 C    29.9     2.6    16.2   100.0    40.4    65.1 -99.000 -99.000 -99.000 -99.000 -99.000 -9999.0 -9999.0 -9999.0 -9999.0 -9999.0
26655 20150727  2.424 -162.92   68.03    20.3     8.4    14.3    14.4     0.0    24.07 C    28.9     5.5    15.7    70.2    30.0    48.5 -99.000 -99.000 -99.000 -99.000 -99.000 -9999.0 -9999.0 -9999.0 -9999.0 -9999.0
26655 20150728  2.424 -162.92   68.03    18.2     5.9    12.0    12.6     0.0    24.25 C    27.1     2.4    14.0    76.8    35.0    50.8 -99.000 -99.000 -99.000 -99.000 -99.000 -9999.0 -9999.0 -9999.0 -9999.0 -9999.0
26655 20150729  2.424 -162.92   68.03    18.0     4.7    11.4    12.2     0.0    23.14 C    26.0    -0.1    13.4    79.2    29.8    51.1 -99.000 -99.000 -99.000 -99.000 -99.000 -9999.0 -9999.0 -9999.0 -9999.0 -9999.0
26655 20150730  2.424 -162.92   68.03    19.0     4.8    11.9    11.7     0.0    23.64 C    28.5    -0.2    13.4    95.1    37.6    58.8 -99.000 -99.000 -99.000 -99.000 -99.000 -9999.0 -9999.0 -9999.0 -9999.0 -9999.0
26655 20150731  2.424 -162.92   68.03     8.0     4.0     6.0     6.9    11.4     1.97 C     8.5     2.6     6.9   100.0    87.0    95.7 -99.000 -99.000 -99.000 -99.000 -99.000 -9999.0 -9999.0 -9999.0 -9999.0 -9999.0
26655 20150801  2.424 -162.92   68.03    12.6     7.2     9.9     9.4     4.5     8.54 C    16.5     7.1    10.7    98.4    82.7    93.6 -99.000 -99.000 -99.000 -99.000 -99.000 -9999.0 -9999.0 -9999.0 -9999.0 -9999.0
26655 20150802  2.424 -162.92   68.03    12.2     7.5     9.9     9.7     2.8     4.07 C    14.3     7.7    10.1    98.7    79.1    91.9 -99.000 -99.000 -99.000 -99.000 -99.000 -9999.0 -9999.0 -9999.0 -9999.0 -9999.0
26655 20150803  2.424 -162.92   68.03    15.2     7.4    11.3    11.3     0.0    12.74 C    22.1     7.7    12.5    97.3    62.5    81.0 -99.000 -99.000 -99.000 -99.000 -99.000 -9999.0 -9999.0 -9999.0 -9999.0 -9999.0
26655 20150804  2.424 -162.92   68.03    14.8     6.0    10.4    10.0     0.0    10.72 C    21.1     5.0    11.5   100.0    65.1    83.7 -99.000 -99.000 -99.000 -99.000 -99.000 -9999.0 -9999.0 -9999.0 -9999.0 -9999.0
26655 20150805  2.424 -162.92   68.03    15.5     3.9     9.7    10.1     0.0    22.98 C    21.1     1.6    10.6    85.8    39.2    58.9 -99.000 -99.000 -99.000 -99.000 -99.000 -9999.0 -9999.0 -9999.0 -9999.0 -9999.0
26655 20150806  2.424 -162.92   68.03    16.9     3.4    10.1    10.4     0.0    21.58 C    24.2     1.2    11.9    85.8    39.3    61.3 -99.000 -99.000 -99.000 -99.000 -99.000 -9999.0 -9999.0 -9999.0 -9999.0 -9999.0
26655 20150807  2.424 -162.92   68.03    12.3     3.5     7.9     8.0     4.0    11.73 C    18.4     2.6     9.4    97.1    54.8    77.9 -99.000 -99.000 -99.000 -99.000 -99.000 -9999.0 -9999.0 -9999.0 -9999.0 -9999.0
26655 20150808  2.424 -162.92   68.03     6.1     1.5     3.8     3.6     4.2     8.22 C     9.8     0.4     4.3    95.4    78.9    87.5 -99.000 -99.000 -99.000 -99.000 -99.000 -9999.0 -9999.0 -9999.0 -9999.0 -9999.0
26655 20150809  2.424 -162.92   68.03    10.2     1.1     5.6     5.0     0.0    14.14 C    16.0     0.5     6.0    97.0    54.2    77.8 -99.000 -99.000 -99.000 -99.000 -99.000 -9999.0 -9999.0 -9999.0 -9999.0 -9999.0
26655 20150810  2.424 -162.92   68.03    10.8     1.3     6.0     6.3     0.0    15.20 C    19.7    -1.3     6.8    90.7    49.8    68.9 -99.000 -99.000 -99.000 -99.000 -99.000 -9999.0 -9999.0 -9999.0 -9999.0 -9999.0
26655 20150811  2.424 -162.92   68.03    12.3    -1.2     5.6     6.7     3.4    10.11 C    19.6    -4.1     7.0    92.8    54.1    77.4 -99.000 -99.000 -99.000 -99.000 -99.000 -9999.0 -9999.0 -9999.0 -9999.0 -9999.0
26655 20150812  2.424 -162.92   68.03    10.0     7.6     8.8     8.5    20.7     1.74 C    10.1     7.3     8.5    98.7    92.1    96.4 -99.000 -99.000 -99.000 -99.000 -99.000 -9999.0 -9999.0 -9999.0 -9999.0 -9999.0
26655 20150813  2.424 -162.92   68.03     8.9     6.8     7.8     7.6     5.4     1.92 C     9.8     6.6     7.8    99.3    90.3    97.2 -99.000 -99.000 -99.000 -99.000 -99.000 -9999.0 -9999.0 -9999.0 -9999.0 -9999.0
26655 20150814  2.424 -162.92   68.03     8.3     6.4     7.3     7.3     2.7     2.10 C     9.5     6.3     7.4    97.5    84.5    94.0 -99.000 -99.000 -99.000 -99.000 -99.000 -9999.0 -9999.0 -9999.0 -9999.0 -9999.0
26655 20150815  2.424 -162.92   68.03    16.3     6.4    11.4    10.8     0.0    16.45 C    20.4     6.2    11.7    97.7    50.4    74.1 -99.000 -99.000 -99.000 -99.000 -99.000 -9999.0 -9999.0 -9999.0 -9999.0 -9999.0
26655 20150816  2.424 -162.92   68.03    15.0     9.3    12.2    11.9     0.2     7.44 C    18.0     6.8    11.6    89.2    62.7    74.2 -99.000 -99.000 -99.000 -99.000 -99.000 -9999.0 -9999.0 -9999.0 -9999.0 -9999.0
26655 20150817  2.424 -162.92   68.03    16.8     9.7    13.3    11.8     1.9    12.08 C    24.0     8.8    12.6    91.7    52.3    81.5 -99.000 -99.000 -99.000 -99.000 -99.000 -9999.0 -9999.0 -9999.0 -9999.0 -9999.0
26655 20150818  2.424 -162.92   68.03    10.6     7.8     9.2     9.4     3.5     5.65 C    13.4     7.4    10.1    98.0    78.5    89.5 -99.000 -99.000 -99.000 -99.000 -99.000 -9999.0 -9999.0 -9999.0 -9999.0 -9999.0
26655 20150819  2.424 -162.92   68.03     8.0     3.4     5.7     6.4     8.0     5.42 C    10.6     3.2     7.3    98.5    86.8    95.6 -99.000 -99.000 -99.000 -99.000 -99.000 -9999.0 -9999.0 -9999.0 -9999.0 -9999.0
26655 20150820  2.424 -162.92   68.03     8.0     1.5     4.8     4.8     0.0     7.55 C    13.8     1.0     6.3    97.9    70.0    87.5 -99.000 -99.000 -99.000 -99.000 -99.000 -9999.0 -9999.0 -9999.0 -9999.0 -9999.0
26655 20150821  2.424 -162.92   68.03    11.8     5.6     8.7     7.9     4.7    10.30 C    16.8     5.5     9.0    99.3    69.9    88.0 -99.000 -99.000 -99.000 -99.000 -99.000 -9999.0 -9999.0 -9999.0 -9999.0 -9999.0
26655 20150822  2.424 -162.92   68.03     9.8     4.2     7.0     6.3     0.7     7.90 C    13.4     4.5     7.5   100.0    71.3    91.0 -99.000 -99.000 -99.000 -99.000 -99.000 -9999.0 -9999.0 -9999.0 -9999.0 -9999.0
26655 20150823  2.424 -162.92   68.03    10.7     3.2     6.9     7.0     0.8     8.72 C    14.3    -0.1     7.7    97.6    66.9    83.9 -99.000 -99.000 -99.000 -99.000 -99.000 -9999.0 -9999.0 -9999.0 -9999.0 -9999.0
26655 20150824  2.424 -162.92   68.03     9.8     2.3     6.1     6.8    22.3     4.32 C    10.7    -0.1     6.0    96.4    60.2    85.8 -99.000 -99.000 -99.000 -99.000 -99.000 -9999.0 -9999.0 -9999.0 -9999.0 -9999.0
26655 20150825  2.424 -162.92   68.03     9.4     5.9     7.6     8.6    48.3     2.33 C    10.3     6.0     8.7    99.2    91.8    96.6 -99.000 -99.000 -99.000 -99.000 -99.000 -9999.0 -9999.0 -9999.0 -9999.0 -9999.0
26655 20150826  2.424 -162.92   68.03     7.1     2.0     4.6     5.4     5.8     8.37 C    10.8     0.4     5.8   100.0    66.7    84.0 -99.000 -99.000 -99.000 -99.000 -99.000 -9999.0 -9999.0 -9999.0 -9999.0 -9999.0
26655 20150827  2.424 -162.92   68.03     6.4     0.4     3.4     2.8     0.4    10.88 C    12.5     0.0     3.8    92.9    61.6    80.0 -99.000 -99.000 -99.000 -99.000 -99.000 -9999.0 -9999.0 -9999.0 -9999.0 -9999.0
26655 20150828  2.424 -162.92   68.03     6.4     0.1     3.3     2.8     0.3    13.66 C    11.3    -0.1     3.7    98.4    51.3    81.1 -99.000 -99.000 -99.000 -99.000 -99.000 -9999.0 -9999.0 -9999.0 -9999.0 -9999.0
26655 20150829  2.424 -162.92   68.03     3.9    -0.4     1.8     1.0     0.0     5.31 C     5.8    -1.4     1.4    97.3    64.6    86.4 -99.000 -99.000 -99.000 -99.000 -99.000 -9999.0 -9999.0 -9999.0 -9999.0 -9999.0
26655 20150830  2.424 -162.92   68.03     5.9    -2.7     1.6     1.9     0.0    14.23 C     9.9    -5.7     1.7    84.1    45.1    66.9 -99.000 -99.000 -99.000 -99.000 -99.000 -9999.0 -9999.0 -9999.0 -9999.0 -9999.0
26655 20150831  2.424 -162.92   68.03     8.6    -4.8     1.9     2.4     0.0    15.93 C    14.0    -7.9     2.6    87.0    38.2    69.0 -99.000 -99.000 -99.000 -99.000 -99.000 -9999.0 -9999.0 -9999.0 -9999.0 -9999.0
26655 20150901  2.424 -162.92   68.03    12.7    -0.3     6.2     6.3     0.0    13.83 C    18.4    -3.0     6.7    92.3    42.4    70.2 -99.000 -99.000 -99.000 -99.000 -99.000 -9999.0 -9999.0 -9999.0 -9999.0 -9999.0
26655 20150902  2.424 -162.92   68.03    15.4     4.4     9.9    10.3     0.0    13.26 C    19.2     3.0     9.9    84.5    32.5    52.6 -99.000 -99.000 -99.000 -99.000 -99.000 -9999.0 -9999.0 -9999.0 -9999.0 -9999.0
26655 20150903  2.424 -162.92   68.03    17.0     6.6    11.8    11.6     0.0    10.26 C    20.0     1.4     9.7    54.0    27.7    40.3 -99.000 -99.000 -99.000 -99.000 -99.000 -9999.0 -9999.0 -9999.0 -9999.0 -9999.0
26655 20150904  2.424 -162.92   68.03    18.6     5.9    12.3    12.7     0.0    13.28 C    22.9     0.4    12.0    73.8    26.2    43.5 -99.000 -99.000 -99.000 -99.000 -99.000 -9999.0 -9999.0 -9999.0 -9999.0 -9999.0
26655 20150905  2.424 -162.92   68.03    18.4     3.8    11.1    10.7     0.0    14.38 C    23.2    -3.7     8.2    78.1    27.5    54.3 -99.000 -99.000 -99.000 -99.000 -99.000 -9999.0 -9999.0 -9999.0 -9999.0 -9999.0
26655 20150906  2.424 -162.92   68.03    15.0     3.2     9.1     8.4     0.0    11.71 C    21.5    -2.3     8.1    89.6    38.8    68.5 -99.000 -99.000 -99.000 -99.000 -99.000 -9999.0 -9999.0 -9999.0 -9999.0 -9999.0
26655 20150907  2.424 -162.92   68.03     5.4     0.9     3.1     3.0     4.0     2.34 C     4.4    -0.4     2.5    90.8    69.0    81.8 -99.000 -99.000 -99.000 -99.000 -99.000 -9999.0 -9999.0 -9999.0 -9999.0 -9999.0
26655 20150908  2.424 -162.92   68.03     7.4    -1.4     3.0     2.5     0.0    12.64 C    11.9    -4.5     1.8    91.5    37.9    63.3 -99.000 -99.000 -99.000 -99.000 -99.000 -9999.0 -9999.0 -9999.0 -9999.0 -9999.0
26655 20150909  2.424 -162.92   68.03     5.9    -1.1     2.4     2.1     0.0    11.65 C     9.1    -2.8     1.8    94.4    45.2    64.6 -99.000 -99.000 -99.000 -99.000 -99.000 -9999.0 -9999.0 -9999.0 -9999.0 -9999.0
26655 20150910  2.424 -162.92   68.03     2.2    -2.2     0.0     0.1     0.0     8.28 C     6.1    -4.0    -0.2    59.3    46.1    53.1 -99.000 -99.000 -99.000 -99.000 -99.000 -9999.0 -9999.0 -9999.0 -9999.0 -9999.0
26655 20150911  2.424 -162.92   68.03     2.6    -2.2     0.2     0.2     1.8     7.17 C     5.3    -4.2     0.0    90.3    58.9    73.5 -99.000 -99.000 -99.000 -99.000 -99.000 -9999.0 -9999.0 -9999.0 -9999.0 -9999.0
26655 20150912  2.424 -162.92   68.03     3.4    -0.3     1.5     1.0     3.3     3.55 C     6.4    -0.8     1.4    96.7    69.3    84.1 -99.000 -99.000 -99.000 -99.000 -99.000 -9999.0 -9999.0 -9999.0 -9999.0 -9999.0
26655 20150913  2.424 -162.92   68.03     5.9    -1.7     2.1     1.7     0.2    10.60 C    13.2    -4.1     1.8    96.1    62.3    83.0 -99.000 -99.000 -99.000 -99.000 -99.000 -9999.0 -9999.0 -9999.0 -9999.0 -9999.0
26655 20150914  2.424 -162.92   68.03     5.7    -4.2     0.7     0.8     0.0    12.01 C     8.0    -7.4    -0.8    87.9    40.3    66.3 -99.000 -99.000 -99.000 -99.000 -99.000 -9999.0 -9999.0 -9999.0 -9999.0 -9999.0
26655 20150915  2.424 -162.92   68.03     6.6    -2.5     2.0     2.1     0.0    11.12 C     8.4    -7.0     0.3    73.7    46.6    58.6 -99.000 -99.000 -99.000 -99.000 -99.000 -9999.0 -9999.0 -9999.0 -9999.0 -9999.0
26655 20150916  2.424 -162.92   68.03     6.2    -0.7     2.8     2.6     0.0    11.35 C     8.7    -3.6     1.3    64.6    42.6    53.2 -99.000 -99.000 -99.000 -99.000 -99.000 -9999.0 -9999.0 -9999.0 -9999.0 -9999.0
26655 20150917  2.424 -162.92   68.03     6.4    -4.0     1.2     0.5     0.0    11.31 C     8.5    -6.9    -0.9    61.2    26.4    44.2 -99.000 -99.000 -99.000 -99.000 -99.000 -9999.0 -9999.0 -9999.0 -9999.0 -9999.0
26655 20150918  2.424 -162.92   68.03     1.4    -6.4    -2.5    -2.5     0.0    10.99 C     4.6    -9.0    -3.2    73.1    41.1    55.2 -99.000 -99.000 -99.000 -99.000 -99.000 -9999.0 -9999.0 -9999.0 -9999.0 -9999.0
26655 20150919  2.424 -162.92   68.03     1.6    -8.2    -3.3    -2.3     0.0     6.47 C     4.7   -13.0    -3.6    73.9    42.5    55.6 -99.000 -99.000 -99.000 -99.000 -99.000 -9999.0 -9999.0 -9999.0 -9999.0 -9999.0
26655 20150920  2.424 -162.92   68.03     2.7    -5.6    -1.5    -1.7     0.0    10.19 C     6.6   -10.1    -2.8    78.1    36.1    56.3 -99.000 -99.000 -99.000 -99.000 -99.000 -9999.0 -9999.0 -9999.0 -9999.0 -9999.0
26655 20150921  2.424 -162.92   68.03     2.1    -9.0    -3.4    -3.4     0.0     9.96 C     5.8   -13.8    -4.8    79.1    43.5    61.0 -99.000 -99.000 -99.000 -99.000 -99.000 -9999.0 -9999.0 -9999.0 -9999.0 -9999.0
26655 20150922  2.424 -162.92   68.03     1.0    -9.2    -4.1    -4.1     0.0     7.81 C     5.1   -14.6    -5.6    91.9    52.5    74.1 -99.000 -99.000 -99.000 -99.000 -99.000 -9999.0 -9999.0 -9999.0 -9999.0 -9999.0
26655 20150923  2.424 -162.92   68.03     2.6    -5.8    -1.6    -0.4     1.5     4.75 C     6.0   -10.7    -0.2    91.2    54.0    74.6 -99.000 -99.000 -99.000 -99.000 -99.000 -9999.0 -9999.0 -9999.0 -9999.0 -9999.0
26655 20150924  2.424 -162.92   68.03     0.8    -2.2    -0.7    -1.0    10.4     1.88 C     0.0    -2.5    -1.4    97.9    82.4    88.8 -99.000 -99.000 -99.000 -99.000 -99.000 -9999.0 -9999.0 -9999.0 -9999.0 -9999.0
26655 20150925  2.424 -162.92   68.03     0.8    -2.2    -0.7    -0.7     5.9     8.25 C     0.2    -6.5    -2.2    99.3    69.8    86.9 -99.000 -99.000 -99.000 -99.000 -99.000 -9999.0 -9999.0 -9999.0 -9999.0 -9999.0
26655 20150926  2.424 -162.92   68.03    -1.3    -5.1    -3.2    -2.6     0.0     4.43 C    -2.7    -6.9    -4.3    83.5    56.4    66.8 -99.000 -99.000 -99.000 -99.000 -99.000 -9999.0 -9999.0 -9999.0 -9999.0 -9999.0
26655 20150927  2.424 -162.92   68.03    -3.4    -8.6    -6.0    -5.6     0.0     6.02 C    -4.7   -12.8    -8.3    77.7    65.2    69.8 -99.000 -99.000 -99.000 -99.000 -99.000 -9999.0 -9999.0 -9999.0 -9999.0 -9999.0
26655 20150928  2.424 -162.92   68.03    -1.9    -7.4    -4.7    -4.4     0.3     7.13 C    -2.5    -8.8    -5.9    97.0    61.4    75.6 -99.000 -99.000 -99.000 -99.000 -99.000 -9999.0 -9999.0 -9999.0 -9999.0 -9999.0
26655 20150929  2.424 -162.92   68.03    -0.5    -4.5    -2.5    -2.1     2.2     3.65 C    -0.5   -10.7    -3.1    97.2    87.2    94.2 -99.000 -99.000 -99.000 -99.000 -99.000 -9999.0 -9999.0 -9999.0 -9999.0 -9999.0
26655 20150930  2.424 -162.92   68.03    -1.8    -7.9    -4.8    -3.9     0.0     7.90 C    -0.9   -15.8    -6.5    97.8    78.2    89.2 -99.000 -99.000 -99.000 -99.000 -99.000 -9999.0 -9999.0 -9999.0 -9999.0 -9999.0
26655 20151001  2.424 -162.92   68.03    -1.3    -9.5    -5.4    -4.3     0.9     4.53 C    -1.6   -16.4    -6.8    93.6    67.9    84.4 -99.000 -99.000 -99.000 -99.000 -99.000 -9999.0 -9999.0 -9999.0 -9999.0 -9999.0
26655 20151002  2.424 -162.92   68.03     2.5    -1.5     0.5     0.9     3.8     2.05 C     0.4    -1.8    -0.2    93.7    81.0    88.9 -99.000 -99.000 -99.000 -99.000 -99.000 -9999.0 -9999.0 -9999.0 -9999.0 -9999.0
26655 20151003  2.424 -162.92   68.03     3.7     1.8     2.7     2.9     5.3     1.67 C     0.7     0.2     0.5    94.9    87.4    91.9 -99.000 -99.000 -99.000 -99.000 -99.000 -9999.0 -9999.0 -9999.0 -9999.0 -9999.0
26655 20151004  2.424 -162.92   68.03     3.8     2.1     2.9     2.7     4.2     1.42 C     1.1     0.5     0.7    97.1    84.6    93.2 -99.000 -99.000 -99.000 -99.000 -99.000 -9999.0 -9999.0 -9999.0 -9999.0 -9999.0
26655 20151005  2.424 -162.92   68.03     4.4     1.9     3.1     3.2     3.0     1.76 C     1.9     0.5     1.2    93.0    78.0    84.1 -99.000 -99.000 -99.000 -99.000 -99.000 -9999.0 -9999.0 -9999.0 -9999.0 -9999.0
26655 20151006  2.424 -162.92   68.03     5.3     3.2     4.3     4.2     0.0     2.36 C     3.5     0.5     2.0    83.2    68.1    75.2 -99.000 -99.000 -99.000 -99.000 -99.000 -9999.0 -9999.0 -9999.0 -9999.0 -9999.0
26655 20151007  2.424 -162.92   68.03     4.5     0.1     2.3     2.9     0.0     1.74 C     4.5    -2.7     1.3    82.7    62.6    71.4 -99.000 -99.000 -99.000 -99.000 -99.000 -9999.0 -9999.0 -9999.0 -9999.0 -9999.0
26655 20151008  2.424 -162.92   68.03     2.7    -2.0     0.3     0.3     0.0     4.03 C     2.8    -4.0    -1.2    79.3    33.8    51.3 -99.000 -99.000 -99.000 -99.000 -99.000 -9999.0 -9999.0 -9999.0 -9999.0 -9999.0
26655 20151009  2.424 -162.92   68.03     2.9    -2.9     0.0     0.5     0.0     3.94 C     3.5    -5.2    -0.7    41.8    30.2    36.5 -99.000 -99.000 -99.000 -99.000 -99.000 -9999.0 -9999.0 -9999.0 -9999.0 -9999.0
26655 20151010  2.424 -162.92   68.03     1.5    -4.6    -1.6    -1.7     0.0     2.96 C     2.9    -7.0    -3.4    55.5    28.7    38.9 -99.000 -99.000 -99.000 -99.000 -99.000 -9999.0 -9999.0 -9999.0 -9999.0 -9999.0
26655 20151011  2.424 -162.92   68.03     2.6    -3.8    -0.6     0.0     0.0     3.04 C     6.3    -6.5    -0.7    69.5    38.9    57.4 -99.000 -99.000 -99.000 -99.000 -99.000 -9999.0 -9999.0 -9999.0 -9999.0 -9999.0
26655 20151012  2.424 -162.92   68.03     0.3    -3.3    -1.5    -1.0     3.9     1.08 C     0.4    -3.4    -1.3    94.6    64.5    88.3 -99.000 -99.000 -99.000 -99.000 -99.000 -9999.0 -9999.0 -9999.0 -9999.0 -9999.0
26655 20151013  2.424 -162.92   68.03    -1.1    -8.2    -4.7    -3.7     0.7     5.03 C    -1.0   -13.9    -6.4    94.1    64.4    80.5 -99.000 -99.000 -99.000 -99.000 -99.000 -9999.0 -9999.0 -9999.0 -9999.0 -9999.0
26655 20151014  2.424 -162.92   68.03    -3.0   -10.7    -6.8    -7.0     0.0     4.85 C    -4.3   -15.9   -10.7    91.4    65.5    82.3 -99.000 -99.000 -99.000 -99.000 -99.000 -9999.0 -9999.0 -9999.0 -9999.0 -9999.0
26655 20151015  2.424 -162.92   68.03    -4.2   -10.5    -7.3    -6.1     0.0     3.48 C    -4.6   -14.6    -7.5    90.6    76.9    84.3 -99.000 -99.000 -99.000 -99.000 -99.000 -9999.0 -9999.0 -9999.0 -9999.0 -9999.0
26655 20151016  2.424 -162.92   68.03    -0.7   -12.0    -6.4    -6.3     0.0     3.78 C    -3.4   -16.6   -11.0    86.4    53.7    71.3 -99.000 -99.000 -99.000 -99.000 -99.000 -9999.0 -9999.0 -9999.0 -9999.0 -9999.0
26655 20151017  2.424 -162.92   68.03     1.0    -6.0    -2.5    -1.9     0.0     2.70 C    -1.5   -11.5    -5.2    69.4    43.4    56.4 -99.000 -99.000 -99.000 -99.000 -99.000 -9999.0 -9999.0 -9999.0 -9999.0 -9999.0
26655 20151018  2.424 -162.92   68.03    -1.8    -4.5    -3.1    -3.1     0.0     1.29 C    -3.5    -7.8    -5.0    78.9    58.3    64.4 -99.000 -99.000 -99.000 -99.000 -99.000 -9999.0 -9999.0 -9999.0 -9999.0 -9999.0
26655 20151019  2.424 -162.92   68.03     0.1    -3.1    -1.5    -1.4     0.0     1.68 C    -0.6    -5.8    -3.0    82.9    62.4    69.3 -99.000 -99.000 -99.000 -99.000 -99.000 -9999.0 -9999.0 -9999.0 -9999.0 -9999.0
26655 20151020  2.424 -162.92   68.03     0.5    -6.4    -3.0    -2.8     0.0     3.14 C    -1.5   -11.8    -5.3    85.1    62.2    73.3 -99.000 -99.000 -99.000 -99.000 -99.000 -9999.0 -9999.0 -9999.0 -9999.0 -9999.0
26655 20151021  2.424 -162.92   68.03    -2.3    -7.6    -4.9    -3.9     0.0     1.81 C    -2.2   -11.7    -5.8    81.3    59.4    67.7 -99.000 -99.000 -99.000 -99.000 -99.000 -9999.0 -9999.0 -9999.0 -9999.0 -9999.0
26655 20151022  2.424 -162.92   68.03    -1.6    -7.5    -4.6    -3.8     0.0     1.28 C    -2.3   -10.0    -5.3    79.0    61.0    68.5 -99.000 -99.000 -99.000 -99.000 -99.000 -9999.0 -9999.0 -9999.0 -9999.0 -9999.0
26655 20151023  2.424 -162.92   68.03     0.5    -7.7    -3.6    -2.5     0.0     0.69 C    -0.3   -10.2    -4.2    79.1    58.6    68.6 -99.000 -99.000 -99.000 -99.000 -99.000 -9999.0 -9999.0 -9999.0 -9999.0 -9999.0
26655 20151024  2.424 -162.92   68.03     1.5    -3.7    -1.1    -1.1     0.0     1.93 C     0.8    -8.8    -2.9    81.7    60.6    69.3 -99.000 -99.000 -99.000 -99.000 -99.000 -9999.0 -9999.0 -9999.0 -9999.0 -9999.0
26655 20151025  2.424 -162.92   68.03    -1.2    -3.7    -2.5    -2.4     2.3     0.51 C    -1.4    -4.2    -3.0    96.2    69.1    89.3 -99.000 -99.000 -99.000 -99.000 -99.000 -9999.0 -9999.0 -9999.0 -9999.0 -9999.0
26655 20151026  2.424 -162.92   68.03    -3.3   -11.1    -7.2    -5.2     0.0     0.32 C    -3.7   -15.3    -6.0    95.7    84.1    89.9 -99.000 -99.000 -99.000 -99.000 -99.000 -9999.0 -9999.0 -9999.0 -9999.0 -9999.0
26655 20151027  2.424 -162.92   68.03    -4.3   -11.3    -7.8    -7.7     0.0     2.09 C    -7.0   -18.1   -11.5    87.1    59.7    71.8 -99.000 -99.000 -99.000 -99.000 -99.000 -9999.0 -9999.0 -9999.0 -9999.0 -9999.0
26655 20151028  2.424 -162.92   68.03    -6.7   -15.0   -10.9   -10.1     0.0     1.91 C   -10.5   -19.3   -14.5    78.5    60.6    70.1 -99.000 -99.000 -99.000 -99.000 -99.000 -9999.0 -9999.0 -9999.0 -9999.0 -9999.0
26655 20151029  2.424 -162.92   68.03   -10.4   -14.5   -12.5   -12.1     0.0     1.57 C   -11.8   -20.3   -15.0    76.4    59.6    67.5 -99.000 -99.000 -99.000 -99.000 -99.000 -9999.0 -9999.0 -9999.0 -9999.0 -9999.0
26655 20151030  2.424 -162.92   68.03   -10.5   -16.9   -13.7   -13.7     0.0     1.63 C   -12.4   -22.3   -17.9    73.1    50.8    63.3 -99.000 -99.000 -99.000 -99.000 -99.000 -9999.0 -9999.0 -9999.0 -9999.0 -9999.0
26655 20151031  2.424 -162.92   68.03    -6.9   -11.4    -9.2    -9.5     1.5     0.39 C    -7.1   -13.9    -9.9    90.3    51.4    71.7 -99.000 -99.000 -99.000 -99.000 -99.000 -9999.0 -9999.0 -9999.0 -9999.0 -9999.0
26655 20151101  2.424 -162.92   68.03    -4.2    -7.3    -5.8    -5.2     2.8     0.75 C    -4.9    -7.4    -5.8    86.8    75.3    82.1 -99.000 -99.000 -99.000 -99.000 -99.000 -9999.0 -9999.0 -9999.0 -9999.0 -9999.0
26655 20151102  2.424 -162.92   68.03    -0.2    -4.8    -2.5    -1.8     5.8     0.34 C    -0.9    -5.1    -2.2    93.0    81.9    89.5 -99.000 -99.000 -99.000 -99.000 -99.000 -9999.0 -9999.0 -9999.0 -9999.0 -9999.0
26655 20151103  2.424 -162.92   68.03    -0.2    -2.2    -1.2    -1.1     7.4     0.56 C    -0.1    -2.9    -1.4    97.9    86.7    93.2 -99.000 -99.000 -99.000 -99.000 -99.000 -9999.0 -9999.0 -9999.0 -9999.0 -9999.0
26655 20151104  2.424 -162.92   68.03    -0.8    -3.1    -2.0    -1.8     0.7     0.46 C    -1.6    -5.9    -3.0    93.8    76.9    86.0 -99.000 -99.000 -99.000 -99.000 -99.000 -9999.0 -9999.0 -9999.0 -9999.0 -9999.0
26655 20151105  2.424 -162.92   68.03    -0.5    -6.4    -3.5    -2.3     0.0     0.39 C    -1.9   -11.9    -4.7    92.5    68.5    84.1 -99.000 -99.000 -99.000 -99.000 -99.000 -9999.0 -9999.0 -9999.0 -9999.0 -9999.0
26655 20151106  2.424 -162.92   68.03    -2.5    -7.7    -5.1    -5.4     0.0     0.77 C    -5.2   -10.7    -7.9    80.2    57.7    69.6 -99.000 -99.000 -99.000 -99.000 -99.000 -9999.0 -9999.0 -9999.0 -9999.0 -9999.0
26655 20151107  2.424 -162.92   68.03    -5.4    -9.0    -7.2    -7.6     1.1     0.65 C    -6.0   -11.9    -9.0    87.4    71.8    79.8 -99.000 -99.000 -99.000 -99.000 -99.000 -9999.0 -9999.0 -9999.0 -9999.0 -9999.0
26655 20151108  2.424 -162.92   68.03    -3.9    -6.6    -5.3    -5.0     1.3     0.19 C    -4.5    -8.6    -5.7    90.5    73.5    83.2 -99.000 -99.000 -99.000 -99.000 -99.000 -9999.0 -9999.0 -9999.0 -9999.0 -9999.0
26655 20151109  2.424 -162.92   68.03    -2.8    -4.9    -3.8    -3.9     0.3     0.34 C    -2.3    -7.9    -5.5    90.7    70.0    80.5 -99.000 -99.000 -99.000 -99.000 -99.000 -9999.0 -9999.0 -9999.0 -9999.0 -9999.0
26655 20151110  2.424 -162.92   68.03    -2.7   -10.6    -6.7    -6.9     0.5     0.29 C    -2.5   -16.8   -10.6    90.0    74.6    82.0 -99.000 -99.000 -99.000 -99.000 -99.000 -9999.0 -9999.0 -9999.0 -9999.0 -9999.0
26655 20151111  2.424 -162.92   68.03    -8.5   -12.4   -10.5    -9.9     0.3     0.15 C    -9.8   -18.5   -12.3    90.5    81.7    87.7 -99.000 -99.000 -99.000 -99.000 -99.000 -9999.0 -9999.0 -9999.0 -9999.0 -9999.0
26655 20151112  2.424 -162.92   68.03    -7.8   -17.3   -12.5   -11.2 -9999.0     0.23 C   -10.1   -22.6   -14.8    85.7    60.9    73.8 -99.000 -99.000 -99.000 -99.000 -99.000 -9999.0 -9999.0 -9999.0 -9999.0 -9999.0
26655 20151113  2.424 -162.92   68.03   -15.2   -22.9   -19.0   -19.4 -9999.0     0.63 C   -22.2   -32.0   -27.0    72.7    55.3    63.2 -99.000 -99.000 -99.000 -99.000 -99.000 -9999.0 -9999.0 -9999.0 -9999.0 -9999.0
26655 20151114  2.424 -162.92   68.03   -20.1   -24.8   -22.4   -22.2 -9999.0     0.52 C   -27.2   -33.0   -29.6    66.3    57.6    62.6 -99.000 -99.000 -99.000 -99.000 -99.000 -9999.0 -9999.0 -9999.0 -9999.0 -9999.0
26655 20151115  2.424 -162.92   68.03   -20.9   -26.1   -23.5   -23.0 -9999.0     0.44 C   -27.9   -34.3   -31.0    67.2    56.1    62.7 -99.000 -99.000 -99.000 -99.000 -99.000 -9999.0 -9999.0 -9999.0 -9999.0 -9999.0
26655 20151116  2.424 -162.92   68.03   -21.4   -26.4   -23.9   -24.0 -9999.0     0.46 C   -28.1   -34.5   -31.2    73.3    62.1    69.2 -99.000 -99.000 -99.000 -99.000 -99.000 -9999.0 -9999.0 -9999.0 -9999.0 -9999.0
26655 20151117  2.424 -162.92   68.03   -22.3   -28.1   -25.2   -24.7 -9999.0     0.35 C   -27.7   -36.0   -32.1    72.4    62.1    67.4 -99.000 -99.000 -99.000 -99.000 -99.000 -9999.0 -9999.0 -9999.0 -9999.0 -9999.0
26655 20151118  2.424 -162.92   68.03   -22.5   -28.1   -25.3   -25.1 -9999.0     0.27 C   -26.7   -33.6   -30.3    72.3    62.4    67.4 -99.000 -99.000 -99.000 -99.000 -99.000 -9999.0 -9999.0 -9999.0 -9999.0 -9999.0
26655 20151119  2.424 -162.92   68.03   -10.1   -25.2   -17.6   -16.4 -9999.0     0.02 C   -11.1   -28.4   -18.3    80.9    52.3    64.9 -99.000 -99.000 -99.000 -99.000 -99.000 -9999.0 -9999.0 -9999.0 -9999.0 -9999.0
26655 20151120  2.424 -162.92   68.03   -10.1   -17.8   -13.9   -13.9 -9999.0     0.01 C   -11.1   -22.9   -16.0    86.4    70.7    77.9 -99.000 -99.000 -99.000 -99.000 -99.000 -9999.0 -9999.0 -9999.0 -9999.0 -9999.0
26655 20151121  2.424 -162.92   68.03   -14.2   -19.4   -16.8   -16.6 -9999.0     0.23 C   -15.0   -24.0   -18.3    80.3    66.7    75.6 -99.000 -99.000 -99.000 -99.000 -99.000 -9999.0 -9999.0 -9999.0 -9999.0 -9999.0
26655 20151122  2.424 -162.92   68.03   -12.9   -19.2   -16.1   -16.2 -9999.0     0.01 C   -13.8   -28.0   -20.5    85.0    53.6    69.7 -99.000 -99.000 -99.000 -99.000 -99.000 -9999.0 -9999.0 -9999.0 -9999.0 -9999.0
26655 20151123  2.424 -162.92   68.03    -9.1   -18.0   -13.6   -13.0 -9999.0     0.00 C    -9.6   -22.9   -15.2    87.7    60.3    77.4 -99.000 -99.000 -99.000 -99.000 -99.000 -9999.0 -9999.0 -9999.0 -9999.0 -9999.0
26655 20151124  2.424 -162.92   68.03    -0.9    -9.1    -5.0    -4.6     7.4     0.00 C    -1.7    -9.6    -5.2    92.4    77.4    86.0 -99.000 -99.000 -99.000 -99.000 -99.000 -9999.0 -9999.0 -9999.0 -9999.0 -9999.0
26655 20151125  2.424 -162.92   68.03    -1.6    -8.9    -5.2    -5.3     1.0     0.00 C    -2.2    -9.5    -5.9    94.7    76.9    88.0 -99.000 -99.000 -99.000 -99.000 -99.000 -9999.0 -9999.0 -9999.0 -9999.0 -9999.0
26655 20151126  2.424 -162.92   68.03    -7.2   -12.9   -10.1    -8.6     0.0     0.00 C    -7.8   -17.1    -9.5    89.8    80.6    86.6 -99.000 -99.000 -99.000 -99.000 -99.000 -9999.0 -9999.0 -9999.0 -9999.0 -9999.0
26655 20151127  2.424 -162.92   68.03    -5.2   -11.9    -8.6    -7.7     0.0     0.00 C    -7.1   -17.0   -10.5    85.6    50.3    61.7 -99.000 -99.000 -99.000 -99.000 -99.000 -9999.0 -9999.0 -9999.0 -9999.0 -9999.0
26655 20151128  2.424 -162.92   68.03    -2.5    -7.3    -4.9    -5.4     1.1     0.00 C    -3.8    -7.5    -6.2    87.9    65.3    80.8 -99.000 -99.000 -99.000 -99.000 -99.000 -9999.0 -9999.0 -9999.0 -9999.0 -9999.0
26655 20151129  2.424 -162.92   68.03     0.5    -3.8    -1.7    -1.2     0.0     0.00 C    -1.9    -6.1    -3.3    87.9    67.6    78.7 -99.000 -99.000 -99.000 -99.000 -99.000 -9999.0 -9999.0 -9999.0 -9999.0 -9999.0
26655 20151130  2.424 -162.92   68.03     0.5   -11.6    -5.5    -6.2     0.0     0.00 C    -3.9   -17.6   -10.5    84.0    66.1    78.0 -99.000 -99.000 -99.000 -99.000 -99.000 -9999.0 -9999.0 -9999.0 -9999.0 -9999.0
26655 20151201  2.424 -162.92   68.03    -8.0   -18.2   -13.1   -11.8     0.0     0.00 C   -10.6   -21.3   -14.6    78.4    55.0    66.8 -99.000 -99.000 -99.000 -99.000 -99.000 -9999.0 -9999.0 -9999.0 -9999.0 -9999.0
26655 20151202  2.424 -162.92   68.03   -14.4   -20.1   -17.3   -17.5     0.0     0.00 C   -16.1   -22.6   -19.9    68.7    49.1    62.4 -99.000 -99.000 -99.000 -99.000 -99.000 -9999.0 -9999.0 -9999.0 -9999.0 -9999.0
26655 20151203  2.424 -162.92   68.03   -14.8   -20.9   -17.8   -17.9     0.2     0.00 C   -18.8   -26.1   -22.2    56.2    39.8    48.2 -99.000 -99.000 -99.000 -99.000 -99.000 -9999.0 -9999.0 -9999.0 -9999.0 -9999.0
26655 20151204  2.424 -162.92   68.03   -14.9   -21.0   -18.0   -18.4     0.9     0.00 C   -17.5   -25.4   -21.8    59.9    44.9    53.3 -99.000 -99.000 -99.000 -99.000 -99.000 -9999.0 -9999.0 -9999.0 -9999.0 -9999.0
26655 20151205  2.424 -162.92   68.03   -16.4   -19.8   -18.1   -18.2     0.9     0.00 C   -17.7   -20.6   -18.9    76.5    50.2    65.8 -99.000 -99.000 -99.000 -99.000 -99.000 -9999.0 -9999.0 -9999.0 -9999.0 -9999.0
26655 20151206  2.424 -162.92   68.03   -17.7   -23.5   -20.6   -19.4 -9999.0     0.00 C   -18.5   -30.4   -21.1    81.8    74.1    78.6 -99.000 -99.000 -99.000 -99.000 -99.000 -9999.0 -9999.0 -9999.0 -9999.0 -9999.0
26655 20151207  2.424 -162.92   68.03   -20.6   -29.0   -24.8   -25.0 -9999.0     0.00 C   -24.5   -33.4   -29.2    79.6    69.6    74.8 -99.000 -99.000 -99.000 -99.000 -99.000 -9999.0 -9999.0 -9999.0 -9999.0 -9999.0
26655 20151208  2.424 -162.92   68.03   -22.3   -28.6   -25.4   -26.3 -9999.0     0.00 C   -25.8   -34.7   -30.3    70.7    60.8    65.7 -99.000 -99.000 -99.000 -99.000 -99.000 -9999.0 -9999.0 -9999.0 -9999.0 -9999.0
26655 20151209  2.424 -162.92   68.03   -21.5   -28.9   -25.2   -24.2 -9999.0     0.00 C   -24.1   -33.5   -27.8    71.1    59.7    64.7 -99.000 -99.000 -99.000 -99.000 -99.000 -9999.0 -9999.0 -9999.0 -9999.0 -9999.0
26655 20151210  2.424 -162.92   68.03   -24.4   -29.7   -27.1   -27.3 -9999.0     0.00 C   -28.6   -35.2   -32.8    71.9    63.5    68.2 -99.000 -99.000 -99.000 -99.000 -99.000 -9999.0 -9999.0 -9999.0 -9999.0 -9999.0
26655 20151211  2.424 -162.92   68.03   -18.1   -26.3   -22.2   -21.0 -9999.0     0.00 C   -18.3   -29.1   -23.1    79.1    53.8    63.5 -99.000 -99.000 -99.000 -99.000 -99.000 -9999.0 -9999.0 -9999.0 -9999.0 -9999.0
26655 20151212  2.424 -162.92   68.03   -15.0   -21.0   -18.0   -18.1 -9999.0     0.00 C   -17.9   -26.5   -20.5    80.8    63.6    71.1 -99.000 -99.000 -99.000 -99.000 -99.000 -9999.0 -9999.0 -9999.0 -9999.0 -9999.0
26655 20151213  2.424 -162.92   68.03   -11.2   -22.8   -17.0   -17.9 -9999.0     0.00 C   -15.7   -27.0   -22.5    70.2    58.0    65.1 -99.000 -99.000 -99.000 -99.000 -99.000 -9999.0 -9999.0 -9999.0 -9999.0 -9999.0
26655 20151214  2.424 -162.92   68.03    -6.6   -12.4    -9.5    -8.3 -9999.0     0.00 C    -7.7   -16.1   -10.8    76.1    60.9    67.6 -99.000 -99.000 -99.000 -99.000 -99.000 -9999.0 -9999.0 -9999.0 -9999.0 -9999.0
26655 20151215  2.424 -162.92   68.03    -4.1    -7.4    -5.7    -5.9 -9999.0     0.00 C    -5.7    -8.5    -7.0    87.2    71.6    78.0 -99.000 -99.000 -99.000 -99.000 -99.000 -9999.0 -9999.0 -9999.0 -9999.0 -9999.0
26655 20151216  2.424 -162.92   68.03    -5.2    -8.2    -6.7    -6.7 -9999.0     0.00 C    -6.3    -8.9    -7.3    91.3    69.2    84.3 -99.000 -99.000 -99.000 -99.000 -99.000 -9999.0 -9999.0 -9999.0 -9999.0 -9999.0
26655 20151217  2.424 -162.92   68.03    -8.0   -14.0   -11.0   -10.1 -9999.0     0.00 C    -8.3   -18.1   -13.8    90.1    55.3    79.3 -99.000 -99.000 -99.000 -99.000 -99.000 -9999.0 -9999.0 -9999.0 -9999.0 -9999.0
26655 20151218  2.424 -162.92   68.03    -7.9   -13.1   -10.5   -10.1 -9999.0     0.00 C   -12.5   -17.8   -15.5    56.5    36.7    48.8 -99.000 -99.000 -99.000 -99.000 -99.000 -9999.0 -9999.0 -9999.0 -9999.0 -9999.0
26655 20151219  2.424 -162.92   68.03    -9.6   -13.2   -11.4   -10.9 -9999.0     0.00 C   -13.8   -18.6   -15.6    64.7    48.3    55.4 -99.000 -99.000 -99.000 -99.000 -99.000 -9999.0 -9999.0 -9999.0 -9999.0 -9999.0
26655 20151220  2.424 -162.92   68.03   -10.7   -16.5   -13.6   -14.4 -9999.0     0.00 C   -15.3   -22.2   -19.3    59.2    41.7    52.4 -99.000 -99.000 -99.000 -99.000 -99.000 -9999.0 -9999.0 -9999.0 -9999.0 -9999.0
26655 20151221  2.424 -162.92   68.03   -15.2   -26.6   -20.9   -20.0 -9999.0     0.00 C   -19.9   -30.4   -24.9    65.3    45.5    54.6 -99.000 -99.000 -99.000 -99.000 -99.000 -9999.0 -9999.0 -9999.0 -9999.0 -9999.0
26655 20151222  2.424 -162.92   68.03   -25.0   -29.1   -27.1   -27.1 -9999.0     0.00 C   -28.9   -36.5   -32.7    66.8    60.8    64.3 -99.000 -99.000 -99.000 -99.000 -99.000 -9999.0 -9999.0 -9999.0 -9999.0 -9999.0
26655 20151223  2.424 -162.92   68.03   -20.7   -30.0   -25.4   -25.4 -9999.0     0.00 C   -27.9   -36.0   -32.2    71.5    34.5    55.8 -99.000 -99.000 -99.000 -99.000 -99.000 -9999.0 -9999.0 -9999.0 -9999.0 -9999.0
26655 20151224  2.424 -162.92   68.03   -19.7   -30.0   -24.9   -26.8 -9999.0     0.00 C   -26.2   -36.8   -33.9    66.9    45.4    60.5 -99.000 -99.000 -99.000 -99.000 -99.000 -9999.0 -9999.0 -9999.0 -9999.0 -9999.0
26655 20151225  2.424 -162.92   68.03    -8.6   -21.1   -14.9   -15.0 -9999.0     0.00 C   -13.4   -27.4   -20.7    48.0    22.1    31.0 -99.000 -99.000 -99.000 -99.000 -99.000 -9999.0 -9999.0 -9999.0 -9999.0 -9999.0
26655 20151226  2.424 -162.92   68.03    -8.7   -18.4   -13.5   -11.6     0.0     0.00 C   -12.0   -24.5   -16.9    50.9    27.3    36.6 -99.000 -99.000 -99.000 -99.000 -99.000 -9999.0 -9999.0 -9999.0 -9999.0 -9999.0
26655 20151227  2.424 -162.92   68.03   -12.6   -18.5   -15.6   -14.6     0.0     0.00 C   -14.2   -23.6   -17.9    71.4    41.6    55.4 -99.000 -99.000 -99.000 -99.000 -99.000 -9999.0 -9999.0 -9999.0 -9999.0 -9999.0
26655 20151228  2.424 -162.92   68.03    -9.1   -20.8   -14.9   -16.5     0.0     0.00 C   -11.3   -26.9   -20.2    64.2    34.6    53.5 -99.000 -99.000 -99.000 -99.000 -99.000 -9999.0 -9999.0 -9999.0 -9999.0 -9999.0
26655 20151229  2.424 -162.92   68.03    -4.1   -11.6    -7.8    -7.7     0.0     0.00 C    -5.5   -13.8    -9.2    92.8    57.2    76.8 -99.000 -99.000 -99.000 -99.000 -99.000 -9999.0 -9999.0 -9999.0 -9999.0 -9999.0
26655 20151230  2.424 -162.92   68.03     1.2    -5.4    -2.1    -1.6     2.3     0.00 C    -0.1    -8.2    -3.4    90.7    64.8    76.1 -99.000 -99.000 -99.000 -99.000 -99.000 -9999.0 -9999.0 -9999.0 -9999.0 -9999.0
26655 20151231  2.424 -162.92   68.03     1.1    -4.4    -1.6    -1.4     0.0     0.00 C    -2.3   -10.7    -5.8    74.5    52.2    62.2 -99.000 -99.000 -99.000 -99.000 -99.000 -9999.0 -9999.0 -9999.0 -9999.0 -9999.0
