94060 20150101  2.422 -105.10   48.31     0.7    -2.7    -1.0    -1.1     0.0     1.35 C    -1.2    -5.2    -3.0    86.8    52.8    72.2 -99.000 -99.000 -99.000 -99.000   0.172    -5.5    -5.5    -5.3    -3.4     1.2
94060 20150102  2.422 -105.10   48.31     1.8   -13.9    -6.0    -3.7     1.7     5.12 C     1.0   -13.6    -4.7    96.5    55.0    79.4 -99.000 -99.000 -99.000 -99.000   0.172    -4.4    -4.4    -4.4    -3.2     1.0
94060 20150103  2.422 -105.10   48.31   -13.9   -20.9   -17.4   -17.2     0.2     4.59 C   -13.5   -24.5   -17.1    83.6    54.8    69.4 -99.000 -99.000 -99.000 -99.000   0.171    -5.5    -5.0    -4.4    -3.0     0.8
94060 20150104  2.422 -105.10   48.31   -19.8   -30.3   -25.0   -25.9     0.0     5.93 C   -22.2   -34.3   -27.9    80.6    58.1    69.1 -99.000 -99.000 -99.000 -99.000   0.171    -7.6    -6.7    -5.4    -3.1     0.7
94060 20150105  2.422 -105.10   48.31   -18.1   -28.6   -23.3   -22.5     5.6     5.20 C   -18.2   -34.3   -24.0    81.5    68.4    76.3 -99.000 -99.000 -99.000 -99.000   0.175    -8.4    -7.7    -6.5    -3.6     0.6
94060 20150106  2.422 -105.10   48.31   -14.9   -28.0   -21.4   -19.5     0.3     2.32 C   -15.0   -35.0   -20.6    81.0    67.6    73.6 -99.000 -99.000 -99.000 -99.000   0.183    -7.9    -7.4    -6.5    -4.0     0.5
94060 20150107  2.422 -105.10   48.31   -10.4   -36.1   -23.3   -23.5     0.0     3.88 C   -10.2   -38.5   -24.6    82.0    68.4    77.2 -99.000 -99.000 -99.000 -99.000 -99.000    -8.2    -7.6    -6.7    -4.2     0.3
94060 20150108  2.422 -105.10   48.31    -6.2   -19.1   -12.7   -14.0     0.0     5.86 C    -7.2   -22.5   -15.5    82.4    57.8    70.7 -99.000 -99.000 -99.000 -99.000 -99.000    -8.1    -7.6    -6.7    -4.4     0.1
94060 20150109  2.422 -105.10   48.31   -15.0   -26.8   -20.9   -21.0     0.0     6.60 C   -14.8   -30.4   -23.6    83.3    48.4    68.8 -99.000 -99.000 -99.000 -99.000 -99.000    -9.7    -8.8    -7.5    -4.6     0.0
94060 20150110  2.422 -105.10   48.31   -11.8   -23.3   -17.6   -15.3     0.2     3.47 C    -9.9   -23.9   -15.0    80.2    44.1    65.0 -99.000 -99.000 -99.000 -99.000 -99.000    -9.8    -9.1    -8.1    -5.0    -0.2
94060 20150111  2.422 -105.10   48.31   -13.6   -28.5   -21.1   -19.2     0.3     6.97 C   -13.3   -31.9   -22.3    87.6    51.1    75.2 -99.000 -99.000 -99.000 -99.000 -99.000    -9.1    -8.6    -7.8    -5.3    -0.4
94060 20150112  2.422 -105.10   48.31   -17.1   -33.6   -25.4   -24.7     0.0     7.06 C   -16.4   -33.9   -26.3    83.9    69.9    77.7 -99.000 -99.000 -99.000 -99.000 -99.000   -10.3    -9.5    -8.4    -5.5    -0.5
94060 20150113  2.422 -105.10   48.31    -5.1   -24.9   -15.0   -15.3     0.0     5.20 C    -5.7   -28.0   -17.3    92.4    72.6    83.0 -99.000 -99.000 -99.000 -99.000 -99.000   -10.2    -9.6    -8.7    -5.8    -0.7
94060 20150114  2.422 -105.10   48.31     1.0   -18.3    -8.7    -7.4     0.0     5.33 C    -2.3   -18.9   -10.3    91.9    58.1    80.1 -99.000 -99.000 -99.000 -99.000 -99.000    -9.0    -8.7    -8.2    -6.0    -0.9
94060 20150115  2.422 -105.10   48.31     1.0   -12.6    -5.8    -6.3     0.0     6.54 C    -1.3   -17.0   -10.2    94.9    64.4    84.2 -99.000 -99.000 -99.000 -99.000 -99.000    -8.2    -8.0    -7.6    -5.9    -1.1
94060 20150116  2.422 -105.10   48.31     4.4   -11.7    -3.6    -2.9     0.0     5.15 C     0.3   -14.9    -6.2    92.9    64.6    79.7 -99.000 -99.000 -99.000 -99.000 -99.000    -7.3    -7.3    -7.1    -5.8    -1.2
94060 20150117  2.422 -105.10   48.31     3.8    -8.6    -2.4     0.2     0.0     6.83 C     0.1   -11.0    -3.9    93.5    51.2    66.7 -99.000 -99.000 -99.000 -99.000 -99.000    -4.7    -5.2    -5.7    -5.5    -1.4
94060 20150118  2.422 -105.10   48.31     2.9   -12.8    -4.9    -5.3     0.0     4.14 C     0.2   -15.0    -7.6    97.4    62.5    84.5 -99.000 -99.000 -99.000 -99.000 -99.000    -5.7    -5.5    -5.4    -5.0    -1.5
94060 20150119  2.422 -105.10   48.31     4.5    -4.3     0.1     1.6     0.0     1.72 C     0.8    -8.7    -0.9    92.2    64.2    79.4 -99.000 -99.000 -99.000 -99.000 -99.000    -3.3    -4.1    -4.8    -4.8    -1.5
94060 20150120  2.422 -105.10   48.31     2.3    -7.0    -2.4    -1.5     0.0     4.96 C     1.2    -7.5    -2.5    92.5    68.5    82.9 -99.000 -99.000 -99.000 -99.000 -99.000    -2.1    -2.6    -3.5    -4.3    -1.5
94060 20150121  2.422 -105.10   48.31     1.3    -9.4    -4.0    -4.5     0.0     5.17 C     1.5    -9.3    -4.9    94.9    64.9    85.3 -99.000 -99.000 -99.000 -99.000 -99.000    -3.0    -2.9    -3.2    -3.8    -1.5
94060 20150122  2.422 -105.10   48.31     6.2    -8.0    -0.9    -0.6     0.0     6.05 C     3.2    -9.4    -3.0    91.4    50.1    73.4 -99.000 -99.000 -99.000 -99.000 -99.000    -3.6    -3.5    -3.6    -3.5    -1.4
94060 20150123  2.422 -105.10   48.31     5.9    -6.7    -0.4     0.9     0.0     7.54 C     3.5    -7.7    -2.0    95.0    58.3    76.2 -99.000 -99.000 -99.000 -99.000 -99.000    -2.7    -2.8    -3.2    -3.4    -1.3
94060 20150124  2.422 -105.10   48.31     6.4    -0.5     2.9     3.2     2.5     5.16 C     3.1    -3.1     0.4    97.4    70.4    80.1 -99.000 -99.000 -99.000 -99.000 -99.000    -1.4    -1.8    -2.5    -3.1    -1.2
94060 20150125  2.422 -105.10   48.31     7.1    -3.6     1.8     1.6     0.0     5.90 C     6.0    -3.1    -0.1    96.2    62.9    82.1 -99.000 -99.000 -99.000 -99.000 -99.000    -1.4    -1.6    -2.1    -2.8    -1.2
94060 20150126  2.422 -105.10   48.31     7.8    -4.5     1.6     1.6     0.0     6.83 C     6.1    -3.5     0.2    97.5    65.6    86.2 -99.000 -99.000 -99.000 -99.000 -99.000    -1.2    -1.3    -1.8    -2.5    -1.1
94060 20150127  2.422 -105.10   48.31    12.2    -4.8     3.7     1.3     0.0     6.43 C     8.8    -4.0     0.2    96.0    50.0    87.6 -99.000 -99.000 -99.000 -99.000 -99.000    -1.2    -1.3    -1.7    -2.2    -0.9
94060 20150128  2.422 -105.10   48.31     3.9    -2.7     0.6     0.1     0.0     2.11 C     2.2    -2.5    -0.4    96.1    73.3    85.5 -99.000 -99.000 -99.000 -99.000 -99.000    -0.9    -1.0    -1.4    -2.0    -0.8
94060 20150129  2.422 -105.10   48.31     1.6    -9.0    -3.7    -2.9     0.0     7.91 C     4.3    -6.8    -2.2    93.1    56.5    80.7 -99.000 -99.000 -99.000 -99.000 -99.000    -1.6    -1.5    -1.5    -1.8    -0.7
94060 20150130  2.422 -105.10   48.31     6.0   -10.0    -2.0    -2.7     0.0     7.66 C     6.4    -9.0    -3.0    96.1    56.1    82.6 -99.000 -99.000 -99.000 -99.000 -99.000    -3.0    -2.7    -2.1    -1.7    -0.6
94060 20150131  2.422 -105.10   48.31    -4.9   -17.6   -11.2   -11.5     1.6     2.48 C    -3.6   -17.5   -10.5    95.7    66.0    81.3 -99.000 -99.000 -99.000 -99.000 -99.000    -4.2    -3.4    -2.5    -1.8    -0.5
94060 20150201  2.422 -105.10   48.31   -11.8   -25.5   -18.7   -18.0     0.0     9.25 C   -12.0   -29.1   -19.8    87.6    62.4    77.6 -99.000 -99.000 -99.000 -99.000 -99.000    -6.5    -5.3    -3.8    -2.0    -0.4
94060 20150202  2.422 -105.10   48.31    -9.9   -15.5   -12.7   -11.7     1.3     8.25 C    -8.0   -15.1   -11.6    84.9    62.8    75.1 -99.000 -99.000 -99.000 -99.000 -99.000    -6.3    -5.7    -4.6    -2.5    -0.4
94060 20150203  2.422 -105.10   48.31   -11.0   -26.5   -18.7   -15.4     2.5     7.38 C    -8.2   -30.0   -16.5    84.3    67.0    78.0 -99.000 -99.000 -99.000 -99.000 -99.000    -6.1    -5.6    -4.7    -2.8    -0.4
94060 20150204  2.422 -105.10   48.31   -10.6   -32.1   -21.3   -20.1     0.0     9.80 C   -13.2   -36.4   -23.6    85.3    67.8    78.4 -99.000 -99.000 -99.000 -99.000 -99.000    -8.0    -6.9    -5.5    -3.1    -0.4
94060 20150205  2.422 -105.10   48.31    -3.9   -21.3   -12.6   -11.0     0.0     5.99 C    -2.4   -23.5   -12.3    91.2    66.8    79.2 -99.000 -99.000 -99.000 -99.000 -99.000    -7.4    -6.8    -5.9    -3.5    -0.5
94060 20150206  2.422 -105.10   48.31    -0.2   -11.4    -5.8    -5.8     0.0     7.35 C    -1.0   -14.3    -7.3    91.9    73.1    83.9 -99.000 -99.000 -99.000 -99.000 -99.000    -5.8    -5.6    -5.3    -3.7    -0.5
94060 20150207  2.422 -105.10   48.31     9.6    -5.6     2.0     0.6     2.1     5.92 C     2.1    -8.5    -1.7    93.0    53.2    81.8 -99.000 -99.000 -99.000 -99.000 -99.000    -3.6    -4.1    -4.4    -3.6    -0.7
94060 20150208  2.422 -105.10   48.31     5.6    -7.2    -0.8    -2.3     0.9     7.31 C     4.2    -4.1    -1.0    98.4    77.7    92.1 -99.000 -99.000 -99.000 -99.000 -99.000    -1.5    -2.1    -2.9    -3.3    -0.7
94060 20150209  2.422 -105.10   48.31    -0.2    -9.2    -4.7    -4.6     1.5     1.68 C    -0.2    -6.4    -3.2    99.0    91.4    95.4 -99.000 -99.000 -99.000 -99.000 -99.000    -2.5    -2.5    -2.6    -2.8    -0.8
94060 20150210  2.422 -105.10   48.31    -0.1   -10.4    -5.3    -7.2     0.0     1.84 C    -0.6    -9.0    -6.0    98.5    73.6    82.5 -99.000 -99.000 -99.000 -99.000 -99.000    -3.6    -3.1    -2.7    -2.6    -0.8
94060 20150211  2.422 -105.10   48.31    -9.6   -17.6   -13.6   -12.8     0.0     4.67 C    -5.9   -14.8   -10.3    80.3    65.9    72.8 -99.000 -99.000 -99.000 -99.000 -99.000    -6.5    -5.5    -4.2    -2.6    -0.7
94060 20150212  2.422 -105.10   48.31     4.1   -16.5    -6.2    -5.3     0.0     9.69 C     3.2   -13.9    -5.2    92.2    66.9    77.9 -99.000 -99.000 -99.000 -99.000 -99.000    -6.1    -6.1    -5.3    -3.1    -0.7
94060 20150213  2.422 -105.10   48.31     6.0    -7.0    -0.5    -0.6     0.0     7.01 C     4.5    -6.3    -1.1    96.3    66.1    84.3 -99.000 -99.000 -99.000 -99.000 -99.000    -3.0    -3.4    -3.8    -3.3    -0.7
94060 20150214  2.422 -105.10   48.31    -7.0   -13.7   -10.3   -10.2     1.1     2.81 C    -4.1   -11.9    -8.7    86.3    65.7    75.2 -99.000 -99.000 -99.000 -99.000 -99.000    -5.1    -4.3    -3.6    -3.0    -0.7
94060 20150215  2.422 -105.10   48.31     3.2   -15.6    -6.2    -5.7     0.0     4.29 C     0.8   -17.3    -6.9    93.9    65.5    80.4 -99.000 -99.000 -99.000 -99.000 -99.000    -5.4    -5.1    -4.5    -3.1    -0.8
94060 20150216  2.422 -105.10   48.31    -1.4   -18.1    -9.7    -6.7     0.7     3.96 C    -0.9   -18.2    -7.1    94.7    67.8    81.6 -99.000 -99.000 -99.000 -99.000 -99.000    -4.4    -4.2    -4.0    -3.2    -0.8
94060 20150217  2.422 -105.10   48.31    -9.8   -21.0   -15.4   -15.4     0.0    11.65 C    -7.5   -20.8   -15.2    83.0    47.0    66.8 -99.000 -99.000 -99.000 -99.000 -99.000    -7.8    -6.7    -5.2    -3.3    -0.8
94060 20150218  2.422 -105.10   48.31    -6.6   -23.2   -14.9   -13.3     0.0     7.85 C    -3.9   -22.5   -12.2    83.9    43.5    66.1 -99.000 -99.000 -99.000 -99.000 -99.000    -9.2    -8.3    -6.8    -3.8    -0.8
94060 20150219  2.422 -105.10   48.31     4.6    -7.3    -1.3    -1.2     0.0     8.42 C     4.1    -8.3    -2.2    85.1    58.3    73.6 -99.000 -99.000 -99.000 -99.000 -99.000    -5.0    -5.5    -5.7    -4.2    -0.9
94060 20150220  2.422 -105.10   48.31     2.7    -9.0    -3.2    -0.7     1.4     3.71 C     2.4    -7.0    -1.3    97.2    70.6    83.3 -99.000 -99.000 -99.000 -99.000 -99.000    -2.2    -2.7    -3.6    -3.9    -1.0
94060 20150221  2.422 -105.10   48.31    -8.9   -21.9   -15.4   -13.8     0.0    12.20 C    -5.1   -20.1   -11.2    81.4    49.3    65.4 -99.000 -99.000 -99.000 -99.000 -99.000    -7.0    -5.5    -4.1    -3.5    -1.1
94060 20150222  2.422 -105.10   48.31   -10.3   -25.2   -17.7   -17.9     0.0    13.38 C    -1.9   -22.6   -14.7    79.4    44.4    67.0 -99.000 -99.000 -99.000 -99.000 -99.000   -12.1   -10.6    -8.0    -4.0    -1.1
94060 20150223  2.422 -105.10   48.31     4.2   -17.4    -6.6    -5.1     0.0     6.67 C     1.9   -17.5    -7.3    88.9    31.1    67.2 -99.000 -99.000 -99.000 -99.000 -99.000    -8.7    -8.8    -8.2    -5.0    -1.2
94060 20150224  2.422 -105.10   48.31     2.3    -6.5    -2.1    -1.5     0.0     4.82 C     2.5    -5.4    -2.0    91.5    67.5    85.1 -99.000 -99.000 -99.000 -99.000 -99.000    -3.5    -4.2    -5.1    -4.9    -1.3
94060 20150225  2.422 -105.10   48.31    -6.5   -19.7   -13.1   -12.6     0.0     9.93 C    -2.6   -18.5   -10.0    88.5    50.1    70.8 -99.000 -99.000 -99.000 -99.000 -99.000    -6.9    -5.8    -4.8    -4.4    -1.4
94060 20150226  2.422 -105.10   48.31    -9.9   -21.6   -15.7   -16.7     0.0    14.22 C     1.3   -21.0   -13.1    81.8    43.5    65.2 -99.000 -99.000 -99.000 -99.000 -99.000   -11.1   -10.0    -8.0    -4.7    -1.5
94060 20150227  2.422 -105.10   48.31    -3.8   -22.1   -13.0   -12.5     0.0    13.06 C     2.6   -21.4   -10.9    81.8    42.7    66.0 -99.000 -99.000 -99.000 -99.000 -99.000   -10.3    -9.9    -8.7    -5.5    -1.6
94060 20150228  2.422 -105.10   48.31    -5.8   -16.9   -11.4   -11.3     0.0    10.27 C     3.3   -16.6    -9.9    84.3    38.9    65.9 -99.000 -99.000 -99.000 -99.000 -99.000    -9.1    -8.7    -7.9    -5.8    -1.7
94060 20150301  2.422 -105.10   48.31    -2.7   -13.3    -8.0    -7.8     0.0    10.43 C     4.5   -14.5    -7.6    89.1    39.9    69.5 -99.000 -99.000 -99.000 -99.000 -99.000    -7.3    -7.3    -7.2    -5.8    -1.9
94060 20150302  2.422 -105.10   48.31     4.2   -14.1    -5.0    -6.9     0.0    11.35 C     7.5   -15.3    -6.7    83.8    36.2    66.6 -99.000 -99.000 -99.000 -99.000 -99.000    -7.2    -7.2    -6.9    -5.7    -2.0
94060 20150303  2.422 -105.10   48.31   -10.0   -20.3   -15.2   -14.0     0.0    10.61 C    -2.9   -20.9   -12.9    77.1    39.2    59.9 -99.000 -99.000 -99.000 -99.000 -99.000    -9.9    -8.9    -7.4    -5.6    -2.1
94060 20150304  2.422 -105.10   48.31    -9.9   -24.1   -17.0   -17.2     0.0    15.52 C     2.3   -24.0   -13.8    78.3    37.2    62.0 -99.000 -99.000 -99.000 -99.000 -99.000   -11.4   -10.7    -9.2    -6.0    -2.2
94060 20150305  2.422 -105.10   48.31     7.8   -19.5    -5.9    -4.9     0.0    15.04 C    12.7   -18.9    -4.7    84.9    26.5    57.8 -99.000 -99.000 -99.000 -99.000 -99.000    -7.9    -8.6    -8.6    -6.5    -2.3
94060 20150306  2.422 -105.10   48.31    11.7    -6.7     2.5     1.6     0.0    11.52 C    13.1    -8.3     0.0    91.4    35.7    68.4 -99.000 -99.000 -99.000 -99.000 -99.000    -3.4    -4.3    -5.1    -5.3    -2.4
94060 20150307  2.422 -105.10   48.31     8.9    -6.5     1.2     0.2     0.0     9.55 C     7.0    -6.1    -0.6    95.5    38.9    78.2 -99.000 -99.000 -99.000 -99.000 -99.000    -1.5    -2.3    -3.0    -3.7    -2.4
94060 20150308  2.422 -105.10   48.31    12.1    -9.5     1.3     0.1     0.0    15.37 C    12.2    -8.4    -0.3    93.7    33.1    72.9 -99.000 -99.000 -99.000 -99.000 -99.000    -1.6    -2.2    -2.8    -3.9    -2.4
94060 20150309  2.422 -105.10   48.31    15.6    -5.3     5.2     6.0     0.0    15.64 C    16.4    -5.0     3.7    94.3    28.6    57.8 -99.000 -99.000 -99.000 -99.000 -99.000    -0.3    -1.4    -2.4    -3.6    -2.4
94060 20150310  2.422 -105.10   48.31    13.0    -2.9     5.0     5.2     0.0    15.90 C    22.2    -3.8     4.8    95.8    22.9    60.9 -99.000 -99.000 -99.000 -99.000 -99.000     1.4    -0.1    -1.6    -3.2    -2.3
94060 20150311  2.422 -105.10   48.31    18.5    -3.6     7.5     6.0     0.0    12.17 C    25.0    -3.9     5.6    88.6    24.9    64.6 -99.000 -99.000 -99.000 -99.000 -99.000     1.9     0.9    -0.7    -2.7    -2.2
94060 20150312  2.422 -105.10   48.31    18.8    -0.3     9.2     8.5     0.0    16.09 C    23.8    -2.1     7.5    90.3    24.8    60.8   0.261   0.136   0.177 -99.000 -99.000     3.8     2.6     0.6    -2.1    -2.0
94060 20150313  2.422 -105.10   48.31    18.0    -3.3     7.3     6.6     0.0    16.11 C    26.1    -4.0     6.6    96.3    25.8    64.8   0.260   0.136   0.167 -99.000 -99.000     3.9     3.0     1.4    -1.4    -1.8
94060 20150314  2.422 -105.10   48.31    21.2    -2.3     9.5    10.2     0.0     9.78 C    23.7    -3.6     8.0    88.9    19.3    50.1   0.259   0.138   0.164 -99.000 -99.000     3.7     2.9     1.6    -0.8    -1.6
94060 20150315  2.422 -105.10   48.31    15.9     4.0     9.9    11.3     0.4     8.77 C    28.0     3.8    10.9    78.1    23.6    47.5   0.261   0.144   0.163   0.208 -99.000     6.5     5.4     3.3    -0.2    -1.3
94060 20150316  2.422 -105.10   48.31     5.8    -6.6    -0.4     0.5     3.1    14.42 C    13.3    -6.4     2.0    93.8    35.1    72.7   0.256   0.141   0.166   0.211 -99.000     3.8     3.6     3.0     0.4    -1.1
94060 20150317  2.422 -105.10   48.31     7.4    -9.9    -1.2    -0.4     0.0    14.31 C    19.2    -8.4     2.0    92.3    31.5    64.2 -99.000   0.137   0.165   0.211 -99.000     1.4     1.6     1.6     0.5    -0.8
94060 20150318  2.422 -105.10   48.31     1.4    -0.6     0.4    -0.1     5.4     4.72 C     4.4    -1.1     0.3    97.7    75.8    92.9   0.266   0.138   0.165   0.209 -99.000     1.0     1.2     1.2     0.4    -0.5
94060 20150319  2.422 -105.10   48.31    13.8    -0.8     6.5     4.8     0.0    17.08 C    18.3    -1.1     5.5    97.0    28.7    71.9   0.300   0.142   0.167   0.208 -99.000     3.4     2.6     1.6     0.3    -0.2
94060 20150320  2.422 -105.10   48.31     8.8    -3.0     2.9     3.3     0.0     9.35 C    24.1    -3.1     4.7    96.6    57.9    79.5   0.291   0.148   0.170   0.217   0.144     3.8     3.5     2.7     0.6    -0.1
94060 20150321  2.422 -105.10   48.31     6.7    -1.0     2.9     1.8     0.0     8.13 C    15.5    -1.4     3.0    92.3    63.4    78.4   0.283   0.152   0.170   0.234   0.147     2.6     2.7     2.5     1.1     0.1
94060 20150322  2.422 -105.10   48.31    14.8    -5.3     4.7     4.0     0.0    18.68 C    23.8    -6.2     5.4    91.1    27.4    60.4   0.282   0.157   0.169   0.235   0.145     3.6     3.2     2.5     1.3     0.3
94060 20150323  2.422 -105.10   48.31     7.8    -8.0    -0.1    -0.4     0.0    14.62 C    18.4    -7.5     2.3    94.5    44.4    74.4   0.277   0.159   0.169   0.234   0.145     2.5     2.5     2.5     1.5     0.4
94060 20150324  2.422 -105.10   48.31     0.2    -1.6    -0.7    -0.8    20.1    10.71 C     0.3    -2.2    -1.1    98.0    79.0    88.4   0.306   0.179   0.168   0.236   0.157     1.0     1.5     1.9     1.5     0.6
94060 20150325  2.422 -105.10   48.31     2.0    -2.1     0.0    -0.7     0.0    14.46 C    12.6    -2.8     0.2    86.6    65.2    78.0   0.330   0.227   0.165   0.235   0.164     0.5     0.8     1.1     1.3     0.8
94060 20150326  2.422 -105.10   48.31     5.4    -1.1     2.2     1.8     0.6    11.14 C    14.7    -1.0     4.1    98.4    72.1    86.6 -99.000   0.228   0.187   0.235   0.170     1.8     1.6     1.3     1.1     0.9
94060 20150327  2.422 -105.10   48.31    19.9    -1.8     9.1     8.3     0.0    14.95 C    29.0    -1.8     9.0    96.8    29.9    68.4   0.333   0.267   0.219   0.235   0.170     5.2     4.2     2.9     1.3     1.0
94060 20150328  2.422 -105.10   48.31    26.3     0.1    13.2    10.1     2.6    13.52 C    33.4    -0.9    10.0    94.4    19.7    68.0   0.324   0.266   0.220   0.238   0.170     6.6     5.9     4.7     2.1     1.0
94060 20150329  2.422 -105.10   48.31    16.7    -0.4     8.2     8.5     0.0    17.59 C    26.1    -1.0     8.8    94.9    26.8    61.7   0.327   0.266   0.221   0.240   0.171     7.0     6.4     5.4     2.9     1.2
94060 20150330  2.422 -105.10   48.31    19.7     0.9    10.3    11.8     0.0    20.33 C    31.9     0.1    11.9    80.8    22.0    46.8   0.318   0.266   0.221   0.242   0.170     8.2     7.4     6.2     3.5     1.4
94060 20150331  2.422 -105.10   48.31    23.4    -1.5    10.9    12.3     0.0    17.61 C    36.4    -1.5    13.0    91.0    17.7    46.8   0.309   0.294   0.221   0.243   0.172     8.8     8.1     6.8     4.2     1.6
94060 20150401  2.422 -105.10   48.31    12.8     2.7     7.7     8.4     0.0    16.89 C    22.3     0.1     9.0    81.1    27.1    49.9   0.302   0.344   0.222   0.246   0.173     8.6     8.4     7.6     4.8     1.9
94060 20150402  2.422 -105.10   48.31     3.8    -8.2    -2.2    -1.0     0.0    11.72 C    11.0    -8.5     0.7    90.5    36.6    62.8   0.289   0.333   0.216   0.247   0.173     4.5     5.1     5.7     4.9     2.2
94060 20150403  2.422 -105.10   48.31    10.2    -8.0     1.1     2.5     0.0    16.56 C    26.2    -8.2     5.3    88.9    27.1    62.1   0.286   0.327   0.213   0.245   0.174     4.3     4.1     4.2     4.3     2.5
94060 20150404  2.422 -105.10   48.31    12.2    -6.4     2.9     3.6     0.0    18.58 C    36.3    -7.0     8.0    92.2    32.2    64.7   0.284   0.329   0.213   0.245   0.174     6.0     5.5     4.9     4.1     2.7
94060 20150405  2.422 -105.10   48.31     0.6    -2.7    -1.1    -1.0     0.0     5.70 C     6.6    -1.9     1.3    89.7    71.9    81.0   0.278   0.324   0.212   0.245   0.174     4.1     4.6     4.9     4.3     2.8
94060 20150406  2.422 -105.10   48.31    -0.7    -3.4    -2.1    -2.1     3.4     5.09 C     2.2    -3.5    -1.2    93.1    80.0    87.1   0.271   0.319   0.209   0.244   0.173     1.9     2.5     3.3     3.9     2.9
94060 20150407  2.422 -105.10   48.31     9.3    -3.9     2.7     1.9     0.2    21.43 C    22.3    -4.2     4.1    88.8    44.8    71.3   0.275   0.332   0.209   0.242   0.174     4.0     3.6     3.3     3.3     3.0
94060 20150408  2.422 -105.10   48.31    13.2    -6.5     3.3     3.3     0.0    20.06 C    27.2    -5.5     6.0    93.6    19.4    63.7   0.280   0.331   0.212   0.242   0.176     4.8     4.4     4.1     3.4     3.0
94060 20150409  2.422 -105.10   48.31    16.6    -3.8     6.4     6.6     0.0    22.73 C    28.4    -4.5     8.2    96.9    16.5    56.1   0.280   0.329   0.214   0.242   0.175     6.2     5.6     4.9     3.7     3.0
94060 20150410  2.422 -105.10   48.31    19.8    -6.9     6.5     7.3     0.0    23.06 C    36.1    -6.6    10.8    93.2    16.2    53.0   0.277   0.329   0.215   0.244   0.176     7.4     6.7     5.7     4.1     3.0
94060 20150411  2.422 -105.10   48.31    23.3    -0.5    11.4    12.4     0.0    16.56 C    35.5    -2.2    13.0    85.6    15.8    43.2   0.273   0.325   0.216   0.246   0.175     8.7     8.0     6.9     4.7     3.1
94060 20150412  2.422 -105.10   48.31    13.9     2.0     7.9     7.9     0.0    15.73 C    25.6    -0.7     9.0    67.6    17.3    38.2   0.264   0.324   0.217   0.248   0.175     8.7     8.4     7.7     5.3     3.2
94060 20150413  2.422 -105.10   48.31    15.4    -3.2     6.1     6.6     0.0    24.26 C    32.2    -5.8     9.9    72.8    14.2    39.6   0.256   0.316   0.214   0.249   0.175     8.3     7.7     7.1     5.6     3.4
94060 20150414  2.422 -105.10   48.31    25.4     0.2    12.8    15.1     0.0    16.37 C    33.2    -1.8    14.6    66.9    13.5    32.4   0.248   0.311   0.215   0.250   0.177     9.3     8.6     7.7     5.8     3.6
94060 20150415  2.422 -105.10   48.31    15.7     6.5    11.1    11.2     0.0    18.48 C    28.1     4.6    12.5    59.4    26.5    41.5   0.240   0.308   0.216   0.250   0.177    10.5     9.9     8.9     6.3     3.8
94060 20150416  2.422 -105.10   48.31    17.7    -2.5     7.6     8.4     0.0    25.27 C    38.9    -3.4    13.6    67.8    13.2    34.1   0.232   0.303   0.215   0.253   0.177    11.0    10.2     9.1     6.7     4.0
94060 20150417  2.422 -105.10   48.31    20.9    -3.9     8.5    10.6     0.0    24.55 C    42.2    -4.1    15.1    77.9    17.3    39.5   0.224   0.295   0.214   0.254   0.178    11.6    10.7     9.7     7.2     4.3
94060 20150418  2.422 -105.10   48.31    18.2    -2.2     8.0     8.9     0.0    16.52 C    33.1    -2.8     9.9    76.8    26.6    47.2   0.213   0.289   0.214   0.255   0.178    10.8    10.5    10.0     7.7     4.5
94060 20150419  2.422 -105.10   48.31    12.0    -5.7     3.1     5.0     0.0    20.55 C    25.8    -6.1     7.3    89.0    16.5    51.3   0.206   0.274   0.210   0.257   0.179     9.3     9.2     9.1     7.8     4.7
94060 20150420  2.422 -105.10   48.31    13.4    -6.2     3.6     4.6     0.0    19.21 C    28.7    -6.7     7.6    87.4    20.1    47.8   0.199   0.266   0.205   0.255   0.180     8.3     8.1     8.1     7.5     5.0
94060 20150421  2.422 -105.10   48.31    11.3    -4.8     3.2     4.3     0.0    25.22 C    36.5    -5.4    10.3    84.5    17.1    44.8   0.197   0.260   0.205   0.256   0.181     9.7     9.1     8.5     7.4     5.2
94060 20150422  2.422 -105.10   48.31    15.1    -8.4     3.4     5.5     0.0    25.79 C    34.9    -8.4    10.1    78.2    14.9    38.0   0.191   0.252   0.204   0.255   0.180     9.4     9.1     8.6     7.5     5.3
94060 20150423  2.422 -105.10   48.31    16.2    -0.6     7.8     6.7     0.9    14.71 C    30.0    -2.1     8.2    89.9    31.9    51.5   0.185   0.243   0.203   0.255   0.181     8.6     8.7     8.6     7.5     5.4
94060 20150424  2.422 -105.10   48.31    22.0    -3.0     9.5     9.8     0.0    19.43 C    44.7    -2.8    13.8    94.9    24.4    58.0   0.184   0.240   0.201   0.255   0.180    10.3     9.6     8.7     7.5     5.5
94060 20150425  2.422 -105.10   48.31    19.0     0.8     9.9     9.3     1.6    12.72 C    33.3    -0.3    11.4    94.7    43.3    71.3   0.181   0.236   0.201   0.258   0.181    11.0    10.7     9.9     7.9     5.7
94060 20150426  2.422 -105.10   48.31     9.5     2.6     6.1     5.9     1.6    11.87 C    28.3     2.9     9.2    91.6    56.6    74.8   0.176   0.229   0.198   0.258   0.181     9.6     9.5     9.3     8.1     5.7
94060 20150427  2.422 -105.10   48.31    15.7     1.7     8.7     8.4     0.9    17.77 C    35.9     0.7    12.1    95.4    36.6    69.2   0.178   0.228   0.197   0.257   0.183    11.1    10.4     9.6     8.1     5.9
94060 20150428  2.422 -105.10   48.31    20.5    -1.1     9.7    10.3     0.0    25.88 C    38.8    -1.4    14.2    97.1    19.1    55.2   0.177   0.224   0.197   0.257   0.183    11.5    10.9    10.0     8.4     6.0
94060 20150429  2.422 -105.10   48.31    26.5    -0.6    13.0    14.7     0.0    25.87 C    41.9    -1.4    17.8    89.7    15.0    48.6   0.178   0.221   0.197   0.259   0.183    13.2    12.3    10.9     8.7     6.1
94060 20150430  2.422 -105.10   48.31    20.3     4.5    12.4    13.9     1.1    22.86 C    36.3     3.2    16.1    89.4    19.0    46.5   0.177   0.220   0.198   0.265   0.183    14.0    13.2    12.1     9.3     6.3
94060 20150501  2.422 -105.10   48.31    21.9     2.7    12.3    13.4     0.0    20.07 C    39.6     1.8    16.1    74.1    21.1    41.7   0.174   0.212   0.194   0.271   0.183    13.5    12.8    11.9     9.7     6.5
94060 20150502  2.422 -105.10   48.31    23.5     3.1    13.3    13.7     0.0    25.22 C    47.2     2.4    19.2    78.5    21.0    45.2   0.176   0.211   0.193   0.268   0.184    15.5    14.3    12.8    10.0     6.7
94060 20150503  2.422 -105.10   48.31    17.7    -1.3     8.2     9.3     0.0    27.61 C    42.3    -1.5    15.7    94.6    18.8    47.1   0.171   0.207   0.192   0.265   0.184    15.2    14.4    13.3    10.6     7.0
94060 20150504  2.422 -105.10   48.31    22.8    -4.2     9.3    11.9     0.0    24.67 C    40.5    -3.2    16.1    87.6    20.5    46.0   0.166   0.202   0.189   0.263   0.184    14.5    14.0    13.1    10.8     7.2
94060 20150505  2.422 -105.10   48.31    27.6     3.2    15.4    17.0     0.0    25.39 C    47.7     0.2    21.2    75.6    21.4    46.3   0.166   0.202   0.188   0.260   0.185    16.3    15.2    13.8    11.1     7.5
94060 20150506  2.422 -105.10   48.31    14.1     6.7    10.4    11.8     0.5     5.58 C    16.4     6.2    11.9    96.7    51.2    72.3   0.159   0.199   0.187   0.258   0.185    14.2    14.5    14.1    11.6     7.7
94060 20150507  2.422 -105.10   48.31    13.0     1.2     7.1     7.3     0.0    25.44 C    32.7     0.4    12.3    84.4    32.0    53.8   0.155   0.194   0.181   0.256   0.186    13.3    13.0    12.7    11.5     7.9
94060 20150508  2.422 -105.10   48.31    11.3    -0.8     5.2     6.0     0.0    25.32 C    39.7    -2.5    14.6    76.6    30.3    50.5   0.155   0.193   0.180   0.252   0.186    14.4    13.7    12.8    11.3     8.2
94060 20150509  2.422 -105.10   48.31    13.5    -5.6     3.9     4.9     0.0    27.81 C    41.8    -4.5    13.9    88.1    22.7    52.4   0.151   0.192   0.179   0.251   0.187    14.1    13.7    13.0    11.3     8.4
94060 20150510  2.422 -105.10   48.31    15.2    -6.7     4.3     6.1     0.0    24.28 C    42.0    -5.4    13.6    90.9    16.0    45.3   0.148   0.189   0.177   0.249   0.187    13.9    13.5    12.9    11.4     8.5
94060 20150511  2.422 -105.10   48.31    19.1    -3.4     7.8     9.7     0.0    24.72 C    46.3    -3.5    17.0    77.2    16.6    37.1   0.148   0.190   0.176   0.246   0.186    15.0    14.2    13.3    11.5     8.6
94060 20150512  2.422 -105.10   48.31    18.4     5.2    11.8    11.6     0.0    16.61 C    35.6     3.5    16.0    69.4    25.4    45.4   0.145   0.190   0.176   0.245   0.187    15.0    14.7    13.9    11.7     8.7
94060 20150513  2.422 -105.10   48.31    16.3     3.3     9.8     9.3     0.0    21.27 C    40.8     1.1    15.8    87.5    43.2    67.8   0.143   0.188   0.173   0.244   0.188    15.1    14.6    13.8    11.9     8.8
94060 20150514  2.422 -105.10   48.31    14.6     0.7     7.6     8.6     0.0    16.14 C    36.0     0.0    14.1    88.0    43.5    68.6   0.140   0.187   0.174   0.242   0.188    14.7    14.5    13.9    12.1     9.1
94060 20150515  2.422 -105.10   48.31    17.6    -2.8     7.4    10.2     0.0    17.81 C    34.4    -2.1    14.5    95.7    28.7    59.8   0.136   0.185   0.171   0.242   0.188    14.0    13.8    13.4    12.1     9.1
94060 20150516  2.422 -105.10   48.31    11.5     8.7    10.1     9.7    17.1     6.50 C    13.1     8.6     9.8    94.0    71.8    88.8   0.198   0.182   0.170   0.241   0.188    12.7    13.1    13.2    12.0     9.3
94060 20150517  2.422 -105.10   48.31     9.2    -0.8     4.2     4.3     0.3     2.78 C     8.8    -0.9     5.0    91.5    54.9    80.2   0.258   0.179   0.166   0.240   0.190     8.8     9.9    11.2    11.7     9.4
94060 20150518  2.422 -105.10   48.31    12.7    -4.7     4.0     4.6     0.0    30.10 C    32.4    -3.1    10.9    92.5    26.1    54.8   0.260   0.183   0.164   0.238   0.190    10.2     9.9     9.8    10.7     9.4
94060 20150519  2.422 -105.10   48.31    16.8    -5.7     5.5     6.9     0.0    30.53 C    38.0    -3.7    13.8    92.2    18.4    52.9   0.253   0.193   0.167   0.238   0.189    12.3    11.8    11.2    10.5     9.4
94060 20150520  2.422 -105.10   48.31    20.1    -3.3     8.4    10.0     0.0    30.32 C    43.4    -1.8    17.4    94.0    17.1    49.4   0.246   0.200   0.170   0.239   0.190    14.5    13.6    12.4    10.8     9.3
94060 20150521  2.422 -105.10   48.31    23.2    -0.8    11.2    12.6     0.0    30.04 C    44.8     0.5    19.3    93.9    19.2    49.7   0.235   0.209   0.172   0.241   0.190    16.2    15.2    13.8    11.3     9.3
94060 20150522  2.422 -105.10   48.31    24.8     0.3    12.5    14.8     0.0    29.84 C    42.0     1.5    19.7    93.3    14.9    45.4   0.220   0.212   0.175   0.242   0.190    16.8    16.0    14.7    12.0     9.4
94060 20150523  2.422 -105.10   48.31    23.6     6.6    15.1    16.1     0.0    25.76 C    43.9     6.0    20.4    81.2    23.3    45.3   0.207   0.213   0.176   0.244   0.190    17.6    16.9    15.5    12.6     9.4
94060 20150524  2.422 -105.10   48.31    25.2     4.0    14.6    15.7     0.0    27.53 C    47.9     4.6    22.4    93.0    21.3    53.2   0.196   0.213   0.177   0.244   0.189    18.9    17.8    16.2    13.1     9.7
94060 20150525  2.422 -105.10   48.31    24.8     4.5    14.7    15.5     0.0    26.71 C    52.1     4.5    22.8    92.0    30.2    59.6   0.187   0.212   0.179   0.246   0.190    19.6    18.6    17.0    13.7     9.9
94060 20150526  2.422 -105.10   48.31    26.8     4.5    15.6    16.5     0.0    26.84 C    52.2     5.2    24.3    96.4    25.2    60.1   0.180   0.210   0.180   0.247   0.191    20.6    19.5    17.8    14.3    10.1
94060 20150527  2.422 -105.10   48.31    22.0     6.7    14.4    14.8     0.0     9.68 C    33.2     7.4    17.4    93.6    47.8    71.8   0.169   0.205   0.179   0.248   0.191    18.2    18.2    17.7    14.9    10.4
94060 20150528  2.422 -105.10   48.31    24.6     2.9    13.7    13.7     0.0    20.26 C    47.6     2.4    19.7    97.6    36.2    71.8   0.165   0.201   0.177   0.248   0.192    18.7    18.1    17.2    14.8    10.7
94060 20150529  2.422 -105.10   48.31    15.8    -1.6     7.1     8.0     0.0    31.20 C    46.2    -1.9    18.7    96.4    27.7    56.3   0.160   0.197   0.176   0.246   0.193    18.2    17.7    16.9    14.9    10.9
94060 20150530  2.422 -105.10   48.31    19.4     4.2    11.8    12.5     1.1    24.93 C    42.7     2.8    18.1    78.7    26.5    49.0   0.155   0.193   0.176   0.245   0.192    17.7    17.4    16.9    14.9    11.2
94060 20150531  2.422 -105.10   48.31    23.9     9.2    16.6    15.5     0.4    23.69 C    46.0     9.1    20.5    83.3    41.5    62.5   0.154   0.192   0.176   0.246   0.194    18.2    17.8    17.0    14.9    11.3
94060 20150601  2.422 -105.10   48.31    31.3     8.7    20.0    21.2     0.0    25.06 C    56.1     7.8    27.3    95.8    25.8    54.9   0.157   0.195   0.177   0.244   0.194    21.2    19.8    18.0    15.1    11.5
94060 20150602  2.422 -105.10   48.31    18.0    10.1    14.1    13.9    18.3     5.96 C    20.0    10.5    15.1    96.6    48.3    79.8   0.186   0.191   0.177   0.246   0.194    17.8    18.3    18.2    15.8    11.6
94060 20150603  2.422 -105.10   48.31    21.2     7.8    14.5    14.7     0.0    24.95 C    37.4     8.0    18.8    97.2    41.6    66.8   0.255   0.191   0.174   0.245   0.195    17.7    17.5    16.9    15.5    11.8
94060 20150604  2.422 -105.10   48.31    18.9     9.6    14.3    14.5     0.0    22.93 C    36.8     9.2    18.9    84.4    43.2    64.7   0.247   0.193   0.175   0.245   0.195    17.6    17.5    17.1    15.4    12.0
94060 20150605  2.422 -105.10   48.31    25.6    13.1    19.4    18.9     9.0    17.19 C    41.6    13.3    22.4    90.7    44.7    69.0   0.240   0.197   0.176   0.245   0.196    19.4    18.8    17.6    15.5    12.1
94060 20150606  2.422 -105.10   48.31    28.1    11.0    19.5    20.0     0.0    26.02 C    41.2    11.9    23.2    97.2    28.2    65.0   0.276   0.203   0.179   0.246   0.196    21.1    20.2    18.7    15.8    12.2
94060 20150607  2.422 -105.10   48.31    29.2     9.8    19.5    20.3     0.0    29.19 C    45.0    10.5    24.6    91.5    21.3    53.2   0.258   0.207   0.180   0.249   0.196    21.5    20.7    19.3    16.3    12.4
94060 20150608  2.422 -105.10   48.31    31.5    11.7    21.6    22.7     0.0    29.08 C    53.0    11.9    29.4    91.8    25.9    54.2   0.239   0.214   0.183   0.249   0.197    23.7    22.4    20.4    16.8    12.6
94060 20150609  2.422 -105.10   48.31    27.6    15.1    21.3    21.9     0.0    30.56 C    53.1    14.7    29.5    66.3    25.6    45.7   0.215   0.218   0.186   0.251   0.198    25.0    23.8    21.8    17.6    12.8
94060 20150610  2.422 -105.10   48.31    21.0     8.6    14.8    15.6     2.2    10.37 C    35.5     8.8    17.6    90.6    50.3    68.2   0.192   0.211   0.184   0.254   0.198    20.7    21.2    21.1    18.2    13.0
94060 20150611  2.422 -105.10   48.31    25.5     6.0    15.8    17.0     0.0    24.21 C    43.0     6.8    21.9    96.8    44.0    69.2   0.184   0.208   0.180   0.252   0.199    20.0    19.7    19.3    17.8    13.3
94060 20150612  2.422 -105.10   48.31    30.8    10.6    20.7    21.1     0.0    29.93 C    52.0     9.9    27.6    95.2    26.7    58.6   0.181   0.208   0.182   0.252   0.199    23.0    21.7    20.2    17.6    13.5
94060 20150613  2.422 -105.10   48.31    23.4     8.6    16.0    17.0     0.0    31.74 C    49.9     9.8    25.0    88.8    22.0    50.2   0.174   0.206   0.183   0.251   0.198    23.2    22.4    21.2    18.1    13.7
94060 20150614  2.422 -105.10   48.31    23.7     6.5    15.1    15.7     0.0    28.59 C    50.3     7.4    23.8    90.6    26.0    52.2   0.167   0.201   0.182   0.252   0.200    22.8    22.0    21.1    18.4    13.9
94060 20150615  2.422 -105.10   48.31    19.0     3.5    11.2    12.4     0.0    22.83 C    54.7     4.6    20.3    93.4    35.3    60.1   0.159   0.196   0.180   0.251   0.201    21.0    20.9    20.5    18.5    14.0
94060 20150616  2.422 -105.10   48.31    22.4     6.5    14.5    15.0     0.0    26.87 C    50.7     6.7    23.4    96.1    35.1    62.2   0.156   0.194   0.179   0.249   0.201    21.8    21.2    20.3    18.3    14.2
94060 20150617  2.422 -105.10   48.31    28.8     4.9    16.9    16.1     4.0    25.14 C    55.0     5.3    23.5    99.0    19.4    69.7   0.154   0.195   0.180   0.248   0.201    22.5    21.8    20.8    18.4    14.4
94060 20150618  2.422 -105.10   48.31    16.9     8.6    12.7    13.4     0.0    13.04 C    27.7     8.5    16.2    94.3    66.3    79.1   0.145   0.189   0.177   0.250   0.201    18.8    19.4    19.8    18.5    14.5
94060 20150619  2.422 -105.10   48.31    27.0    11.6    19.3    17.1    10.6    15.85 C    54.0    12.5    21.7    97.7    41.7    82.3   0.147   0.235   0.192   0.248   0.203    19.9    19.5    19.2    18.1    14.6
94060 20150620  2.422 -105.10   48.31    27.0     9.7    18.3    18.3     0.0    28.54 C    44.7    10.2    22.9    98.3    21.4    60.4   0.160   0.287   0.214   0.247   0.202    20.8    20.1    19.4    17.9    14.7
94060 20150621  2.422 -105.10   48.31    28.0     7.2    17.6    18.2     5.2    19.52 C    42.6     7.6    20.4    95.1    30.7    63.3   0.167   0.277   0.211   0.249   0.202    20.1    20.0    19.6    18.0    14.8
94060 20150622  2.422 -105.10   48.31    24.4     8.6    16.5    16.7     0.0    29.54 C    45.7     8.6    22.4    91.4    31.0    59.1   0.176   0.273   0.209   0.247   0.203    20.7    20.1    19.4    18.0    14.9
94060 20150623  2.422 -105.10   48.31    29.0     7.1    18.0    18.6     0.0    22.95 C    50.3     7.9    23.4    96.1    20.0    60.2   0.180   0.263   0.206   0.249   0.202    21.2    20.6    19.9    18.1    14.9
94060 20150624  2.422 -105.10   48.31    28.7    12.1    20.4    20.1     0.3    29.10 C    55.0    12.3    28.0    93.0    24.7    62.8   0.185   0.258   0.206   0.249   0.202    23.8    22.5    21.0    18.3    15.0
94060 20150625  2.422 -105.10   48.31    28.9    10.9    19.9    19.8     0.0    23.17 C    56.5    11.5    25.9    95.8    25.0    61.6   0.180   0.241   0.203   0.251   0.203    23.8    23.0    21.9    18.9    15.0
94060 20150626  2.422 -105.10   48.31    32.4     9.3    20.8    22.5     0.0    30.84 C    57.8     9.5    31.1    96.8    21.3    53.4   0.176   0.226   0.198   0.252   0.203    25.5    24.1    22.4    19.3    15.1
94060 20150627  2.422 -105.10   48.31    32.5    12.4    22.5    23.9     0.0    30.84 C    59.1    12.8    32.4    91.3    19.9    48.1   0.172   0.214   0.196   0.253   0.203    27.2    25.7    23.9    19.9    15.3
94060 20150628  2.422 -105.10   48.31    33.9    10.7    22.3    23.9     0.0    30.26 C    61.3    12.1    33.4    93.8    21.8    51.2   0.166   0.205   0.193   0.255   0.204    28.0    26.6    24.7    20.6    15.5
94060 20150629  2.422 -105.10   48.31    35.5    14.2    24.9    25.1     0.0    28.19 C    62.2    15.2    34.3    92.1    21.9    49.7   0.162   0.201   0.191   0.255   0.205    29.2    27.7    25.7    21.3    15.8
94060 20150630  2.422 -105.10   48.31    29.6    17.3    23.4    22.0     0.0    21.31 C    49.1    17.2    28.5    90.2    39.4    60.8   0.153   0.196   0.189   0.256   0.204    27.7    27.1    25.9    21.9    16.1
94060 20150701  2.422 -105.10   48.31    26.4    13.3    19.9    18.9     7.2    13.79 C    49.4    14.3    24.4    95.1    45.0    78.6   0.145   0.192   0.185   0.256   0.204    25.6    25.5    25.0    22.1    16.4
94060 20150702  2.422 -105.10   48.31    27.7    11.2    19.4    20.4     0.0    26.71 C    48.1    12.4    26.3    96.9    41.2    71.3   0.144   0.190   0.182   0.255   0.206    24.5    23.9    23.5    21.8    16.7
94060 20150703  2.422 -105.10   48.31    30.7    13.0    21.9    22.1     0.0    24.34 C    49.3    13.9    28.4    96.8    34.3    66.0   0.152   0.192   0.183   0.256   0.206    25.5    24.8    23.8    21.6    16.9
94060 20150704  2.422 -105.10   48.31    34.8    13.7    24.2    24.0     0.0    26.88 C    59.2    13.8    31.2    96.7    29.1    60.9   0.158   0.194   0.185   0.254   0.207    27.0    25.9    24.6    21.7    17.1
94060 20150705  2.422 -105.10   48.31    23.4    14.1    18.8    18.9     7.2    19.97 C    41.2    14.5    22.7    92.3    36.6    61.2   0.155   0.190   0.184   0.254   0.208    23.7    24.0    24.1    22.0    17.2
94060 20150706  2.422 -105.10   48.31    22.5    10.3    16.4    16.8     0.0    21.29 C    48.6    11.4    22.9    95.4    35.9    62.7   0.156   0.187   0.181   0.255   0.207    22.3    22.3    22.3    21.5    17.4
94060 20150707  2.422 -105.10   48.31    26.3     9.5    17.9    19.1     0.0    22.56 C    52.9    10.4    25.3    94.1    31.0    59.8   0.160   0.188   0.180   0.252   0.207    23.3    22.7    22.2    21.1    17.5
94060 20150708  2.422 -105.10   48.31    26.6    10.3    18.5    18.6     0.0    28.70 C    53.5     9.8    27.5    91.6    30.1    57.6   0.163   0.191   0.181   0.253   0.208    24.6    23.8    22.8    21.0    17.5
94060 20150709  2.422 -105.10   48.31    33.2     9.0    21.1    23.0     0.0    28.84 C    52.6     9.4    29.3    91.5    19.6    49.2   0.162   0.193   0.183   0.252   0.207    25.8    24.8    23.6    21.2    17.5
94060 20150710  2.422 -105.10   48.31    33.8    12.8    23.3    25.0     0.0    28.34 C    59.9    12.8    32.4    91.8    15.7    51.9   0.161   0.193   0.184   0.253   0.207    27.4    26.3    24.7    21.6    17.5
94060 20150711  2.422 -105.10   48.31    31.6    16.8    24.2    23.2    17.7    20.65 C    44.1    12.8    26.0    91.0    33.3    67.8   0.240   0.317   0.319   0.253   0.207    25.0    24.8    24.3    22.0    17.7
94060 20150712  2.422 -105.10   48.31    27.7    14.6    21.2    20.7     0.8    14.59 C    42.2    14.9    22.1    94.7    40.3    69.3   0.225   0.304   0.297   0.255   0.208    22.6    23.1    23.3    22.1    17.8
94060 20150713  2.422 -105.10   48.31    29.0    15.9    22.4    22.4     0.0    22.33 C    47.9    16.4    27.4    92.3    44.3    68.0   0.223   0.297   0.288   0.253   0.208    24.3    23.6    22.9    21.6    18.0
94060 20150714  2.422 -105.10   48.31    30.4    13.6    22.0    22.4     0.0    22.04 C    51.8    14.0    27.8    95.7    30.7    64.2   0.216   0.288   0.280   0.254   0.209    24.9    24.3    23.6    21.7    18.1
94060 20150715  2.422 -105.10   48.31    31.6    14.2    22.9    20.1    17.0    17.01 C    57.8    15.1    25.8    95.9    29.6    76.9   0.235   0.306   0.290   0.254   0.208    24.5    24.3    23.9    21.9    18.1
94060 20150716  2.422 -105.10   48.31    31.3    13.9    22.6    22.4     0.0    27.48 C    42.5    15.2    25.6    97.8    24.2    61.6   0.278   0.331   0.315   0.255   0.209    24.2    23.9    23.3    21.8    18.2
94060 20150717  2.422 -105.10   48.31    25.2     9.9    17.6    17.6     0.2    23.18 C    42.8    10.9    22.2    87.7    27.5    55.8   0.258   0.324   0.302   0.255   0.209    22.4    22.6    22.7    21.8    18.2
94060 20150718  2.422 -105.10   48.31    26.0    11.6    18.8    18.4     0.0    25.70 C    45.0    11.2    23.1    84.1    30.9    56.2   0.246   0.317   0.290   0.254   0.209    22.1    21.9    21.9    21.3    18.3
94060 20150719  2.422 -105.10   48.31    30.5    14.2    22.3    22.4     0.0    27.17 C    50.3    12.8    26.7    72.2    25.9    44.5   0.234   0.309   0.280   0.253   0.210    23.5    22.8    22.2    21.1    18.3
94060 20150720  2.422 -105.10   48.31    27.9     8.2    18.1    19.7     0.0    29.26 C    54.0     8.8    27.8    94.0    24.9    51.6   0.221   0.300   0.270   0.254   0.208    24.5    23.7    22.9    21.2    18.3
94060 20150721  2.422 -105.10   48.31    33.8    14.8    24.3    25.0     0.0    28.22 C    56.1    13.8    31.8    78.9    24.1    46.0   0.211   0.288   0.258   0.255   0.209    26.6    25.5    24.2    21.6    18.3
94060 20150722  2.422 -105.10   48.31    35.5    17.5    26.5    26.3     1.0    27.35 C    56.6    17.5    32.2    91.7    14.6    45.2   0.199   0.269   0.247   0.257   0.210    27.7    26.7    25.4    22.2    18.3
94060 20150723  2.422 -105.10   48.31    25.5    10.4    18.0    19.4     0.5     9.17 C    36.9    10.6    21.4    91.8    43.4    60.8   0.184   0.243   0.235   0.260   0.209    24.1    24.5    24.7    22.7    18.5
94060 20150724  2.422 -105.10   48.31    32.9     7.3    20.1    21.3     0.0    28.81 C    54.1     8.0    27.6    96.3    13.8    51.1   0.179   0.229   0.222   0.258   0.210    24.7    23.9    23.3    22.2    18.6
94060 20150725  2.422 -105.10   48.31    35.8     9.0    22.4    22.9     0.0    28.08 C    57.1    10.5    29.7    88.5    11.4    45.3   0.174   0.218   0.214   0.258   0.210    26.4    25.4    24.4    22.2    18.7
94060 20150726  2.422 -105.10   48.31    32.8    12.4    22.6    24.6     0.0    26.47 C    58.7    13.4    32.7    77.6    21.1    43.0   0.167   0.209   0.205   0.260   0.211    27.7    26.6    25.3    22.6    18.8
94060 20150727  2.422 -105.10   48.31    31.7    16.0    23.9    23.3    19.1    20.61 C    57.3    16.7    29.3    91.9    33.4    63.8   0.175   0.229   0.199   0.259   0.210    27.3    26.8    25.9    23.1    18.9
94060 20150728  2.422 -105.10   48.31    17.8    12.0    14.9    14.6     3.5     8.71 C    17.9    12.7    14.7    93.2    56.6    83.0   0.260   0.316   0.221   0.259   0.211    19.3    21.1    22.8    23.0    19.0
94060 20150729  2.422 -105.10   48.31    27.8    10.7    19.2    19.9     0.0    26.96 C    38.1    10.5    21.8    94.4    26.0    54.6   0.267   0.308   0.224   0.257   0.210    20.2    20.2    20.5    21.6    19.1
94060 20150730  2.422 -105.10   48.31    29.4     9.2    19.3    20.0     0.0    27.84 C    47.3    10.5    25.2    96.0    21.2    57.9   0.257   0.303   0.223   0.254   0.211    22.8    22.1    21.6    21.1    19.1
94060 20150731  2.422 -105.10   48.31    32.9     9.1    21.0    22.0     0.0    27.78 C    51.8    10.6    27.6    95.7    18.3    51.6   0.244   0.296   0.220   0.255   0.211    24.3    23.4    22.6    21.2    19.0
94060 20150801  2.422 -105.10   48.31 -9999.0 -9999.0 -9999.0 -9999.0 -9999.0 -9999.00 U -9999.0 -9999.0 -9999.0 -9999.0 -9999.0 -9999.0 -99.000 -99.000 -99.000 -99.000 -99.000 -9999.0 -9999.0 -9999.0 -9999.0 -9999.0
94060 20150802  2.422 -105.10   48.31    27.3    11.6    19.5    19.6     0.0    25.63 C    50.4    11.9    26.3    93.1    24.9    56.8   0.210   0.271   0.213   0.258   0.211    25.3    24.7    24.0    22.0    19.0
94060 20150803  2.422 -105.10   48.31    29.7     8.5    19.1    20.2     0.0    25.33 C    52.5     9.5    27.2    94.0    22.9    51.4   0.197   0.252   0.209   0.258   0.210    25.2    24.6    24.0    22.1    19.0
94060 20150804  2.422 -105.10   48.31    33.6    13.9    23.7    23.6     1.8    21.52 C    50.0    12.7    27.5    92.0    22.4    51.0   0.185   0.231   0.204   0.258   0.211    25.5    24.9    24.2    22.3    19.1
94060 20150805  2.422 -105.10   48.31    31.4    14.4    22.9    23.4     0.7    22.41 C    51.0    14.9    28.6    97.7    27.5    63.1   0.179   0.219   0.201   0.258   0.210    26.0    25.4    24.6    22.5    19.1
94060 20150806  2.422 -105.10   48.31    28.2    11.6    19.9    20.2     7.2    17.81 C    40.6    12.0    23.0    94.5    22.4    68.7   0.172   0.211   0.197   0.261   0.211    24.3    24.5    24.3    22.7    19.2
94060 20150807  2.422 -105.10   48.31    27.2    10.2    18.7    18.9     0.0    25.61 C    43.7    10.5    22.5    93.0    27.0    54.3   0.172   0.207   0.195   0.259   0.209    22.5    22.5    22.8    22.3    19.3
94060 20150808  2.422 -105.10   48.31    27.4     7.6    17.5    18.6     0.0    24.79 C    50.9     8.1    25.1    97.1    29.3    60.4   0.174   0.203   0.193   0.258   0.211    23.4    22.8    22.5    21.9    19.3
94060 20150809  2.422 -105.10   48.31    28.8    11.9    20.4    20.9     0.0    22.09 C    52.4    12.4    27.1    90.7    25.1    55.4   0.175   0.205   0.193   0.258   0.211    24.8    24.1    23.4    21.9    19.3
94060 20150810  2.422 -105.10   48.31    32.7     8.6    20.7    22.1     0.0    24.81 C    54.7     9.3    28.0    94.7    16.7    48.4   0.172   0.201   0.191   0.258   0.212    25.2    24.5    23.8    22.1    19.3
94060 20150811  2.422 -105.10   48.31    36.7    11.9    24.3    26.5     0.0    24.24 C    56.5    10.8    30.6    83.0    18.8    43.4   0.169   0.199   0.190   0.259   0.211    26.5    25.5    24.5    22.3    19.3
94060 20150812  2.422 -105.10   48.31    38.0    13.9    25.9    26.7     0.0    17.83 C    55.7    14.0    30.7    94.2    12.4    46.6   0.165   0.196   0.188   0.258   0.212    27.2    26.4    25.3    22.7    19.4
94060 20150813  2.422 -105.10   48.31    37.8    17.1    27.5    28.0     0.0    23.43 C    58.0    17.0    33.1    73.1    12.7    35.6   0.162   0.196   0.187   0.258   0.212    28.7    27.6    26.0    23.2    19.5
94060 20150814  2.422 -105.10   48.31    40.5    16.6    28.6    29.7     0.0    18.88 C    54.0    15.4    31.5    67.7    10.0    32.6   0.154   0.194   0.185   0.257   0.210    28.1    27.3    26.3    23.6    19.7
94060 20150815  2.422 -105.10   48.31    32.1    12.5    22.3    24.9     0.0    21.42 C    47.2    12.0    28.6    74.1    20.6    45.3   0.149   0.191   0.184   0.256   0.211    28.4    27.7    26.7    23.9    19.8
94060 20150816  2.422 -105.10   48.31    21.3     7.8    14.6    14.9     0.0    13.79 C    38.9     8.1    19.6    88.7    35.4    59.8   0.137   0.182   0.179   0.257   0.211    23.5    24.2    24.8    23.9    20.0
94060 20150817  2.422 -105.10   48.31    22.3     6.6    14.4    15.9     0.0    16.86 C    47.0     7.1    21.7    92.8    26.4    54.1   0.134   0.181   0.177   0.254   0.212    23.2    23.3    23.5    23.2    20.1
94060 20150818  2.422 -105.10   48.31    23.8     5.7    14.8    15.6     9.9    17.12 C    39.4     3.7    17.9    89.9    24.0    56.2   0.146   0.248   0.192   0.252   0.212    20.5    21.1    22.1    22.7    20.1
94060 20150819  2.422 -105.10   48.31    24.3     7.1    15.7    16.0     0.0    23.72 C    45.5     7.1    21.5    91.4    27.2    56.3   0.167   0.280   0.203   0.251   0.212    20.8    20.8    21.1    21.9    20.1
94060 20150820  2.422 -105.10   48.31    32.5     6.5    19.5    20.2     0.0    21.86 C    48.4     7.1    23.8    90.5    14.6    47.9   0.166   0.270   0.199   0.249   0.212    21.9    21.5    21.4    21.5    20.1
94060 20150821  2.422 -105.10   48.31    29.7    11.8    20.7    21.0     0.0    16.17 C    46.7    10.9    23.6    83.1    23.1    51.4   0.162   0.256   0.197   0.250   0.212    22.3    22.1    21.9    21.4    19.9
94060 20150822  2.422 -105.10   48.31    18.8     3.2    11.0    11.6     2.6     3.62 C    18.2     2.2    11.2    93.4    48.2    79.2   0.150   0.237   0.191   0.250   0.212    17.5    19.2    20.7    21.3    19.8
94060 20150823  2.422 -105.10   48.31    22.7     0.0    11.3    12.3     0.0    24.04 C    41.1     0.1    16.0    95.6    19.0    55.2   0.148   0.223   0.185   0.246   0.211    17.0    17.1    18.0    20.2    19.7
94060 20150824  2.422 -105.10   48.31    27.7     0.9    14.3    16.2     0.0    21.55 C    43.8     1.3    19.7    95.1    15.0    48.4   0.149   0.212   0.184   0.244   0.211    18.6    18.4    18.6    19.6    19.6
94060 20150825  2.422 -105.10   48.31    33.0    11.5    22.2    20.7     0.0    19.70 C    49.5     7.9    23.6    77.0    16.0    44.7   0.153   0.205   0.184   0.244   0.210    20.9    20.2    19.7    19.5    19.3
94060 20150826  2.422 -105.10   48.31    31.7     9.4    20.6    20.8     0.0    17.57 C    53.1     9.2    23.9    86.9    21.4    52.5   0.151   0.196   0.182   0.243   0.209    21.9    21.3    20.7    19.7    19.1
94060 20150827  2.422 -105.10   48.31    31.7     9.7    20.7    21.4     0.0    17.05 C    48.9     9.6    24.9    93.6    26.8    59.4   0.151   0.192   0.180   0.245   0.210    22.8    22.2    21.4    20.2    19.0
94060 20150828  2.422 -105.10   48.31    32.9    10.1    21.5    20.6     0.0    13.85 C    44.7    10.0    22.0    92.8    15.5    51.4   0.146   0.187   0.178   0.245   0.210    22.2    22.0    21.7    20.5    18.9
94060 20150829  2.422 -105.10   48.31    32.5     9.6    21.1    22.4     0.0     8.82 C    40.7     9.6    22.7    76.3    17.8    41.3   0.141   0.182   0.175   0.245   0.209    21.3    21.3    21.1    20.5    18.9
94060 20150830  2.422 -105.10   48.31    30.6    14.9    22.7    22.5     2.9    13.12 C    44.3    14.4    24.1    86.2    20.7    48.0   0.142   0.181   0.174   0.245   0.209    22.4    22.1    21.5    20.5    18.9
94060 20150831  2.422 -105.10   48.31    24.5     9.0    16.7    17.5     3.0    21.24 C    38.6     7.9    18.6    90.2    20.3    52.2   0.136   0.188   0.173   0.244   0.208    20.3    20.6    21.0    20.5    18.9
94060 20150901  2.422 -105.10   48.31    31.9     4.8    18.3    18.4     0.0    21.15 C    46.1     5.4    21.2    94.2    10.6    51.6   0.137   0.181   0.171   0.244   0.208    19.9    19.7    19.9    20.2    18.9
94060 20150902  2.422 -105.10   48.31    37.1     6.1    21.6    23.4     0.0    19.53 C    54.1     6.7    25.4    90.5     8.8    39.9   0.142   0.181   0.172   0.244   0.207    21.5    20.9    20.5    20.0    18.9
94060 20150903  2.422 -105.10   48.31    29.2    16.5    22.8    22.5     0.0    15.70 C    43.0    14.4    24.0    52.5    22.3    31.9   0.146   0.182   0.174   0.243   0.208    22.3    21.9    21.5    20.2    18.8
94060 20150904  2.422 -105.10   48.31    23.3    13.1    18.2    17.6     0.0    14.11 C    40.8    11.8    21.5    68.8    46.1    57.0   0.144   0.179   0.172   0.244   0.207    21.5    21.3    21.2    20.4    18.8
94060 20150905  2.422 -105.10   48.31    16.5    11.2    13.9    14.0    13.2     3.21 C    19.4    12.0    15.2    97.0    64.6    89.2   0.141   0.208   0.171   0.244   0.208    18.7    19.5    20.3    20.3    18.8
94060 20150906  2.422 -105.10   48.31    20.7     6.5    13.6    13.7     0.0    19.18 C    30.4     6.2    14.6    93.0    31.3    59.3   0.195   0.320   0.169   0.242   0.208    16.5    17.3    18.3    19.6    18.8
94060 20150907  2.422 -105.10   48.31    20.3     3.1    11.7    11.4     0.0    18.20 C    34.0     3.0    13.9    95.4    27.2    61.9   0.190   0.301   0.169   0.240   0.207    15.5    16.1    17.0    18.8    18.7
94060 20150908  2.422 -105.10   48.31    22.4     1.9    12.2    13.3     0.0    19.81 C    36.3     2.6    16.2    95.0    21.8    52.8   0.187   0.292   0.170   0.237   0.207    15.8    16.0    16.6    18.2    18.6
94060 20150909  2.422 -105.10   48.31    23.5     5.2    14.3    15.1     0.0    15.02 C    42.1     4.5    18.0    90.3    28.5    54.0   0.186   0.284   0.172   0.236   0.206    17.2    17.0    17.2    17.8    18.4
94060 20150910  2.422 -105.10   48.31    18.7     5.1    11.9    11.9     0.0    11.58 C    34.5     4.2    15.0    83.0    33.9    58.1   0.179   0.275   0.174   0.236   0.207    16.4    16.8    17.3    17.8    18.2
94060 20150911  2.422 -105.10   48.31    25.8     3.0    14.4    14.5     0.0    17.78 C    45.1     3.2    18.2    90.2    24.9    56.6   0.175   0.264   0.175   0.236   0.206    17.1    16.9    17.0    17.6    18.0
94060 20150912  2.422 -105.10   48.31    31.4     3.2    17.3    16.6     0.0    19.58 C    45.6     3.3    19.8    93.8    16.2    54.4   0.171   0.257   0.176   0.235   0.205    18.2    17.8    17.6    17.6    17.8
94060 20150913  2.422 -105.10   48.31    26.7     6.8    16.7    17.0     0.0    18.78 C    37.9     6.5    19.3    85.4    25.5    54.8   0.166   0.241   0.178   0.237   0.204    18.7    18.4    18.2    17.8    17.7
94060 20150914  2.422 -105.10   48.31    26.2     9.3    17.8    16.9     0.0    17.17 C    39.0     7.2    19.7    92.6    35.5    65.5   0.160   0.227   0.178   0.237   0.205    18.7    18.5    18.4    17.9    17.6
94060 20150915  2.422 -105.10   48.31    24.3     5.7    15.0    15.1     0.0    13.08 C    40.8     4.1    17.5    95.1    45.0    70.9   0.157   0.216   0.178   0.238   0.204    18.6    18.6    18.6    18.1    17.5
94060 20150916  2.422 -105.10   48.31    19.2     1.3    10.2    10.0     7.2     7.26 C    34.1     2.4    12.2    98.7    34.4    82.3   0.148   0.203   0.174   0.237   0.204    15.6    16.4    17.3    18.0    17.5
94060 20150917  2.422 -105.10   48.31    18.1     2.4    10.2    10.3     0.2    16.51 C    28.5     3.0    12.5    96.1    32.0    69.8   0.146   0.198   0.172   0.236   0.204    14.7    15.3    16.2    17.4    17.5
94060 20150918  2.422 -105.10   48.31    22.5    -0.6    10.9    10.9     0.0    16.29 C    34.9     0.0    12.3    96.7    22.8    61.2   0.146   0.195   0.170   0.234   0.204    13.4    14.0    15.0    16.9    17.4
94060 20150919  2.422 -105.10   48.31    23.6     2.6    13.1    13.0     0.0    18.14 C    35.4     2.6    15.0    90.5    23.2    54.9   0.150   0.196   0.169   0.234   0.204    14.5    14.6    15.0    16.3    17.2
94060 20150920  2.422 -105.10   48.31    27.7     5.1    16.4    16.4     0.0    17.38 C    37.7     3.9    17.3    85.0    23.2    50.6   0.153   0.196   0.170   0.233   0.204    15.7    15.5    15.6    16.2    17.0
94060 20150921  2.422 -105.10   48.31    20.9     3.1    12.0    13.0     0.0    17.39 C    33.3     3.6    15.0    86.9    36.4    57.8   0.154   0.195   0.171   0.234   0.202    15.9    15.9    16.1    16.3    16.9
94060 20150922  2.422 -105.10   48.31    17.1     3.3    10.2    10.1     0.0     6.84 C    27.0     3.8    10.7    84.1    33.9    58.3   0.148   0.190   0.169   0.233   0.202    13.1    14.0    15.1    16.2    16.7
94060 20150923  2.422 -105.10   48.31    17.8     4.5    11.1    11.5     0.0     6.54 C    28.9     3.6    11.8    97.0    44.0    66.2   0.147   0.186   0.167   0.232   0.202    13.1    13.6    14.3    15.7    16.6
94060 20150924  2.422 -105.10   48.31    23.5     3.5    13.5    13.1     0.0    13.39 C    37.8     3.3    15.7   100.0    48.4    82.6   0.149   0.186   0.167   0.230   0.202    14.4    14.2    14.4    15.4    16.5
94060 20150925  2.422 -105.10   48.31    35.2    11.4    23.3    21.9     0.0    16.07 C    42.8     8.3    21.1    93.5    11.8    52.2   0.153   0.189   0.169   0.231   0.201    17.1    16.4    15.8    15.5    16.3
94060 20150926  2.422 -105.10   48.31    33.9    10.2    22.1    21.8     0.4    15.01 C    49.3     8.2    23.4    89.1    15.8    46.0   0.154   0.189   0.171   0.232   0.201    18.9    18.1    17.2    15.9    16.2
94060 20150927  2.422 -105.10   48.31    23.1     8.8    15.9    14.8     0.0    14.64 C    37.7     6.2    17.0    82.0    20.7    51.5   0.149   0.186   0.171   0.233   0.200    17.7    17.8    17.7    16.6    16.1
94060 20150928  2.422 -105.10   48.31    18.7    -2.1     8.3     9.1     0.0    16.43 C    36.4    -2.2    12.6    90.5    20.7    49.1   0.142   0.179   0.167   0.234   0.201    15.0    15.5    16.2    16.5    16.1
94060 20150929  2.422 -105.10   48.31    24.4    -1.6    11.4    12.3     0.0    15.75 C    36.1    -1.6    14.0    85.6    24.0    55.3   0.140   0.175   0.164   0.233   0.199    14.5    14.7    15.3    16.1    16.1
94060 20150930  2.422 -105.10   48.31    25.9     0.4    13.1    13.5     0.0    14.89 C    41.4     0.5    16.2    95.7    16.1    52.4   0.140   0.174   0.164   0.232   0.200    15.4    15.3    15.5    15.9    16.1
94060 20151001  2.422 -105.10   48.31    23.3     3.7    13.5    13.9     0.0    14.37 C    39.3     3.1    16.5    80.9    29.4    59.6   0.138   0.175   0.164   0.230   0.199    16.0    15.8    15.8    15.8    16.0
94060 20151002  2.422 -105.10   48.31    16.0     8.7    12.3    12.2    10.2     3.04 C    21.3     9.1    12.7    92.9    53.8    71.0   0.133   0.173   0.163   0.231   0.201    14.5    15.2    15.8    15.9    16.0
94060 20151003  2.422 -105.10   48.31     9.7     7.5     8.6     8.6     8.6     0.79 C    10.1     8.1     9.0    95.7    82.1    92.2   0.202   0.247   0.159   0.229   0.201    11.3    12.4    13.9    15.6    16.0
94060 20151004  2.422 -105.10   48.31    10.0     3.2     6.6     7.9     0.8     3.18 C    13.0     3.4     9.0    97.4    74.9    89.1   0.262   0.295   0.160   0.228   0.199    10.8    11.6    12.7    14.8    15.9
94060 20151005  2.422 -105.10   48.31    13.3    -1.0     6.1     4.8     0.0     8.25 C    19.1    -0.1     6.4    96.9    55.6    84.6   0.259   0.284   0.172   0.226   0.199     9.1    10.0    11.4    14.1    15.7
94060 20151006  2.422 -105.10   48.31    15.0    -0.3     7.3     6.4     0.0    13.66 C    22.7    -0.1     8.1    99.0    46.3    78.2   0.256   0.285   0.177   0.224   0.199     9.3     9.8    10.8    13.4    15.5
94060 20151007  2.422 -105.10   48.31    23.6     5.2    14.4    11.9     0.0     9.87 C    24.4     3.2    10.8    95.7    26.4    72.2   0.253   0.286   0.178   0.224   0.197    10.3    10.6    11.1    13.0    15.2
94060 20151008  2.422 -105.10   48.31    21.3     2.5    11.9    10.9     0.0    12.06 C    29.2     2.3    11.2    96.2    33.0    69.5   0.249   0.286   0.178   0.224   0.197    11.2    11.3    11.7    12.9    15.0
94060 20151009  2.422 -105.10   48.31    25.8     3.2    14.5    14.3     0.0    11.74 C    30.2     3.8    13.7    94.3    29.8    63.4   0.245   0.284   0.178   0.224   0.197    12.0    11.9    12.0    12.9    14.7
94060 20151010  2.422 -105.10   48.31    29.9     7.3    18.6    17.9     0.0    12.23 C    32.9     7.0    16.0    88.6    17.8    50.2   0.242   0.284   0.178   0.224   0.197    13.8    13.5    13.2    13.1    14.5
94060 20151011  2.422 -105.10   48.31    20.0     5.5    12.7    12.3     0.0     4.72 C    23.2     5.5    11.4    93.9    29.2    61.8   0.232   0.279   0.177   0.225   0.195    12.0    12.5    13.0    13.4    14.4
94060 20151012  2.422 -105.10   48.31    18.8     5.4    12.1    10.8     0.0    13.33 C    27.4     3.9    11.3    82.6    22.5    55.5   0.226   0.273   0.174   0.225   0.196    11.5    11.7    12.2    13.2    14.3
94060 20151013  2.422 -105.10   48.31    19.2    -0.6     9.3     9.8     0.0    12.08 C    29.2    -0.2    10.4    92.4    23.2    55.1   0.219   0.268   0.173   0.224   0.196    11.3    11.5    12.0    13.0    14.2
94060 20151014  2.422 -105.10   48.31    18.9    -1.6     8.7     6.7     0.0    11.39 C    27.5    -2.3     7.2    92.2    22.6    60.8   0.208   0.261   0.169   0.224   0.195     9.5    10.1    11.2    12.8    14.2
94060 20151015  2.422 -105.10   48.31    13.1    -5.5     3.8     3.9     0.0    13.06 C    21.2    -4.9     4.7    90.7    27.6    62.0   0.200   0.252   0.167   0.222   0.195     8.2     8.9    10.1    12.3    14.0
94060 20151016  2.422 -105.10   48.31    15.0    -6.0     4.5     4.1     0.0    11.76 C    23.7    -5.6     5.1    92.2    21.7    58.7   0.193   0.245   0.164   0.220   0.195     7.1     7.8     9.1    11.7    13.9
94060 20151017  2.422 -105.10   48.31    17.2    -0.9     8.2     7.8     0.0    12.30 C    22.9    -4.5     6.4    77.9    26.2    51.0   0.189   0.242   0.163   0.220   0.195     7.4     7.8     8.8    11.2    13.7
94060 20151018  2.422 -105.10   48.31    26.5    -1.4    12.5    12.0     0.0    11.45 C    31.2    -2.4    11.6    88.2    18.8    52.0   0.188   0.241   0.163   0.219   0.194     9.0     8.9     9.2    10.8    13.5
94060 20151019  2.422 -105.10   48.31    17.7     0.8     9.2    10.3     0.2     8.74 C    29.1    -0.2    11.1    94.7    35.8    63.8   0.186   0.240   0.165   0.219   0.193    10.2    10.2    10.3    11.0    13.3
94060 20151020  2.422 -105.10   48.31    12.1     0.2     6.1     8.4     1.2     3.42 C    17.7    -1.2     8.0    97.0    69.8    82.3   0.184   0.238   0.166   0.220   0.191    10.1    10.5    10.8    11.2    13.1
94060 20151021  2.422 -105.10   48.31    17.7    -4.7     6.5     5.8     0.0    11.63 C    21.6    -4.4     5.1    98.2    35.3    73.7   0.176   0.228   0.162   0.219   0.193     7.5     8.2     9.4    11.1    13.0
94060 20151022  2.422 -105.10   48.31    21.3    -1.6     9.9     9.9     0.0    11.02 C    26.7    -3.1     9.5    87.9    34.1    60.2   0.175   0.225   0.161   0.218   0.192     8.1     8.3     8.9    10.7    12.8
94060 20151023  2.422 -105.10   48.31    15.2    -2.9     6.2     6.9     0.0     9.51 C    21.8    -3.6     7.0    92.2    28.3    63.5   0.173   0.222   0.162   0.218   0.192     8.8     9.2     9.7    10.6    12.7
94060 20151024  2.422 -105.10   48.31    15.0    -6.5     4.3     2.9     0.0    10.30 C    23.4    -5.8     3.7    94.3    25.1    67.2   0.167   0.213   0.159   0.219   0.190     6.5     7.3     8.6    10.5    12.6
94060 20151025  2.422 -105.10   48.31    13.2    -4.3     4.4     3.8     0.0    10.03 C    26.8    -4.8     5.0    93.3    39.6    71.8   0.165   0.207   0.157   0.217   0.190     6.5     7.1     8.0    10.0    12.4
94060 20151026  2.422 -105.10   48.31    10.4    -3.9     3.2     4.4     7.1     3.80 C    12.4    -3.1     4.6    95.3    49.2    84.7   0.161   0.203   0.156   0.216   0.190     5.9     6.6     7.6     9.7    12.3
94060 20151027  2.422 -105.10   48.31     8.0     0.8     4.4     4.1     0.5     1.81 C     9.5     0.1     4.2    98.0    59.4    81.4   0.176   0.201   0.157   0.216   0.190     6.0     6.8     7.7     9.4    12.1
94060 20151028  2.422 -105.10   48.31     3.2    -2.4     0.4     0.7     0.0     4.51 C     9.6    -2.9     0.8    74.7    54.6    64.8   0.181   0.197   0.154   0.214   0.188     3.3     4.5     6.2     9.1    11.9
94060 20151029  2.422 -105.10   48.31     7.3    -8.2    -0.4     0.3     0.0     8.97 C    12.1    -6.3     1.1    95.2    45.6    71.6   0.182   0.196   0.152   0.212   0.189     3.1     3.9     5.3     8.4    11.7
94060 20151030  2.422 -105.10   48.31    15.8     0.4     8.1     7.9     0.4     8.98 C    18.8    -2.9     6.5    92.5    29.0    64.0   0.187   0.198   0.153   0.211   0.188     4.8     4.9     5.5     7.9    11.5
94060 20151031  2.422 -105.10   48.31    13.5     3.8     8.7     8.2     0.0     8.91 C    16.3     1.4     6.8    85.0    30.0    59.2   0.190   0.200   0.154   0.211   0.188     6.1     6.3     6.6     7.9    11.2
94060 20151101  2.422 -105.10   48.31    17.7     1.2     9.4    10.2     0.2     8.66 C    20.0    -0.4     8.2    86.9    31.1    59.8   0.191   0.203   0.156   0.212   0.187     7.2     7.2     7.4     8.1    11.1
94060 20151102  2.422 -105.10   48.31     9.9     1.0     5.4     5.4     0.0     8.48 C    17.4     0.0     5.2    92.4    54.1    71.3   0.187   0.200   0.155   0.213   0.186     6.0     6.5     7.2     8.4    10.8
94060 20151103  2.422 -105.10   48.31     4.5     2.3     3.4     3.2     5.5     0.79 C     5.4     2.4     3.5    96.9    88.8    93.1   0.189   0.198   0.154   0.212   0.185     4.9     5.6     6.6     8.3    10.7
94060 20151104  2.422 -105.10   48.31     4.9     1.4     3.2     3.0     0.0     2.43 C     9.0     2.1     4.0    97.7    75.0    90.4   0.204   0.198   0.153   0.211   0.185     5.1     5.6     6.3     8.0    10.6
94060 20151105  2.422 -105.10   48.31     5.7    -2.1     1.8     1.8     0.0     2.08 C     9.7    -2.0     2.1    96.3    66.8    87.3   0.208   0.197   0.153   0.210   0.185     4.3     5.1     6.0     7.8    10.5
94060 20151106  2.422 -105.10   48.31     5.0    -3.2     0.9     0.8     1.5     7.23 C     7.4    -3.2     0.4    95.0    55.6    78.9   0.213   0.193   0.152   0.210   0.185     2.7     3.6     4.9     7.5    10.3
94060 20151107  2.422 -105.10   48.31    13.6    -5.1     4.2     4.0     0.0     7.11 C    13.0    -4.3     1.6    94.5    38.2    65.7   0.217   0.193   0.149   0.208   0.184     2.3     3.0     4.2     6.9    10.2
94060 20151108  2.422 -105.10   48.31    14.0    -4.4     4.8     3.7     0.0     6.97 C    14.8    -4.3     1.6    92.7    33.2    67.9   0.221   0.193   0.149   0.207   0.183     2.7     3.3     4.2     6.5    10.0
94060 20151109  2.422 -105.10   48.31    10.7    -5.8     2.5     0.9     0.0     4.36 C    12.3    -5.0     0.6    95.3    50.4    83.8   0.219   0.194   0.148   0.206   0.183     2.0     2.8     3.9     6.3     9.8
94060 20151110  2.422 -105.10   48.31     2.0    -0.4     0.8     0.8     0.2     0.99 C     3.5     0.0     1.3    95.5    83.9    92.9   0.222   0.195   0.149   0.206   0.183     2.6     3.1     3.9     6.0     9.6
94060 20151111  2.422 -105.10   48.31     8.0    -2.2     2.9     2.5     0.0     6.61 C    10.8    -1.7     2.1    96.0    43.2    73.6   0.223   0.196   0.148   0.205   0.182     2.8     3.2     3.9     5.9     9.4
94060 20151112  2.422 -105.10   48.31     6.9    -7.3    -0.2     0.5     0.0     7.75 C     9.6    -7.0    -0.7    89.0    30.4    63.7   0.220   0.195   0.148   0.206   0.182     1.6     2.4     3.6     5.8     9.2
94060 20151113  2.422 -105.10   48.31    14.3    -7.0     3.6     4.1     0.0     6.44 C    12.7    -7.0     2.1    88.0    33.8    59.2 -99.000   0.195   0.147   0.204   0.181     1.0     1.7     2.8     5.4     9.0
94060 20151114  2.422 -105.10   48.31    16.5    -3.9     6.3     5.6     0.0     6.51 C    19.8    -4.4     3.7    94.2    33.6    68.4   0.224   0.199   0.148   0.202   0.181     3.3     3.3     3.6     5.2     8.9
94060 20151115  2.422 -105.10   48.31    17.5    -6.5     5.5     4.3     0.0     7.71 C    18.3    -5.9     2.3    94.6    31.5    67.5   0.222   0.198   0.149   0.204   0.179     2.5     2.9     3.7     5.3     8.7
94060 20151116  2.422 -105.10   48.31     6.8    -5.8     0.5    -0.5     0.0     2.81 C     7.1    -6.0    -1.2    94.5    68.9    82.0   0.219   0.196   0.148   0.203   0.180     1.3     2.1     3.3     5.2     8.5
94060 20151117  2.422 -105.10   48.31     7.0   -11.4    -2.2    -1.2     0.0     7.35 C     8.9   -10.5    -2.0    92.8    27.7    67.3 -99.000   0.198   0.147   0.203   0.178     0.3     1.2     2.4     4.9     8.4
94060 20151118  2.422 -105.10   48.31    10.2    -5.4     2.4     1.1     0.0     5.02 C     6.1    -7.3    -0.5    74.8    26.9    49.9 -99.000   0.196   0.145   0.203   0.179     0.6     1.2     2.2     4.5     8.2
94060 20151119  2.422 -105.10   48.31     1.5   -14.1    -6.3    -5.9     0.0     7.45 C     4.8   -13.3    -6.6    85.4    27.2    52.3 -99.000 -99.000   0.145   0.201   0.177    -0.9     0.2     1.7     4.3     8.1
94060 20151120  2.422 -105.10   48.31    -2.8   -15.2    -9.0    -8.3     0.2     3.14 C    -0.3   -17.2    -8.4    92.3    51.6    76.1 -99.000 -99.000 -99.000   0.200   0.179    -2.7    -1.4     0.5     3.8     7.9
94060 20151121  2.422 -105.10   48.31     2.7   -17.9    -7.6    -6.4     0.0     4.04 C     4.0   -17.8    -7.0    89.5    49.1    72.8 -99.000 -99.000 -99.000   0.199   0.178    -3.4    -2.4    -0.6     3.2     7.6
94060 20151122  2.422 -105.10   48.31    11.5    -7.5     2.0     2.8     0.0     6.96 C    13.4    -9.3    -0.1    85.9    25.1    51.7 -99.000 -99.000 -99.000   0.197   0.178    -1.7    -1.4    -0.5     2.6     7.4
94060 20151123  2.422 -105.10   48.31     4.6    -9.9    -2.7    -2.3     0.0     4.96 C    11.1   -11.0    -3.6    91.3    41.1    68.5 -99.000 -99.000 -99.000   0.196   0.177    -1.7    -1.1    -0.1     2.5     7.2
94060 20151124  2.422 -105.10   48.31     2.3    -6.0    -1.9    -1.5     0.6     3.28 C     7.9    -8.0    -2.2    93.2    59.0    73.3 -99.000 -99.000 -99.000   0.196   0.174    -1.6    -1.1    -0.1     2.3     6.9
94060 20151125  2.422 -105.10   48.31    -1.6   -22.0   -11.8   -10.5     0.0     5.24 C    -2.0   -23.8   -11.6    92.2    63.0    77.8 -99.000 -99.000 -99.000   0.195   0.175    -1.8    -1.1    -0.1     2.3     6.6
94060 20151126  2.422 -105.10   48.31    -7.7   -23.7   -15.7   -17.3     0.0     6.75 C    -7.7   -24.6   -18.9    88.0    60.5    78.2 -99.000 -99.000 -99.000   0.195   0.175    -4.4    -3.2    -1.3     2.0     6.4
94060 20151127  2.422 -105.10   48.31    -1.6   -23.4   -12.5   -13.1     0.0     6.74 C    -4.3   -24.9   -15.8    86.5    47.4    75.2 -99.000 -99.000 -99.000   0.192   0.174    -5.9    -4.8    -2.8     1.3     6.2
94060 20151128  2.422 -105.10   48.31    -1.0   -19.3   -10.1   -11.8     0.0     6.51 C    -2.6   -20.6   -13.9    89.6    52.5    79.0 -99.000 -99.000 -99.000   0.200   0.174    -6.0    -5.1    -3.5     0.6     6.0
94060 20151129  2.422 -105.10   48.31    -4.1   -19.7   -11.9   -13.3     0.0     6.30 C    -2.1   -20.3   -15.0    92.2    66.8    81.9 -99.000 -99.000 -99.000   0.237   0.173    -6.6    -5.7    -4.0     0.0     5.7
94060 20151130  2.422 -105.10   48.31    -3.2   -19.0   -11.1   -13.2     0.0     6.00 C    -2.7   -19.9   -13.9    94.0    68.0    85.2 -99.000 -99.000 -99.000 -99.000   0.172    -7.0    -6.1    -4.6    -0.5     5.4
94060 20151201  2.422 -105.10   48.31     1.7   -19.5    -8.9   -11.5     0.0     6.36 C    -1.1   -20.2   -13.3    95.6    57.4    83.6 -99.000 -99.000 -99.000 -99.000   0.171    -7.1    -6.4    -4.9    -1.0     5.1
94060 20151202  2.422 -105.10   48.31     5.5   -16.2    -5.3    -4.4     0.0     5.91 C     3.5   -17.8    -7.6    91.2    51.2    74.9 -99.000 -99.000 -99.000 -99.000   0.171    -6.2    -5.8    -4.9    -1.3     4.8
94060 20151203  2.422 -105.10   48.31     7.2   -13.8    -3.3    -3.0     0.0     5.80 C     6.3   -14.1    -5.9    97.6    51.2    80.4 -99.000 -99.000 -99.000 -99.000   0.170    -5.0    -4.7    -4.0    -1.4     4.4
94060 20151204  2.422 -105.10   48.31     6.7    -9.5    -1.4    -0.7     0.0     4.12 C     7.6   -11.8    -4.4    94.5    54.5    76.6 -99.000 -99.000 -99.000 -99.000   0.169    -4.5    -4.2    -3.6    -1.3     4.1
94060 20151205  2.422 -105.10   48.31     9.6    -9.6     0.0    -1.8     0.0     5.88 C     8.9   -11.3    -4.6    95.3    34.8    75.4 -99.000 -99.000 -99.000 -99.000   0.168    -3.9    -3.6    -3.1    -1.2     4.0
94060 20151206  2.422 -105.10   48.31    10.2   -10.1     0.1     0.2     0.0     3.70 C     8.4   -11.9    -3.0    93.4    27.3    61.3 -99.000 -99.000 -99.000 -99.000   0.168    -4.1    -3.8    -3.1    -1.0     3.8
94060 20151207  2.422 -105.10   48.31     9.7    -4.7     2.5     2.7     0.0     3.44 C     9.5    -6.7    -1.2    85.3    36.5    60.9 -99.000 -99.000 -99.000 -99.000   0.168    -2.3    -2.3    -2.2    -0.9     3.6
94060 20151208  2.422 -105.10   48.31    11.5    -2.8     4.3     3.6     0.0     4.98 C    15.8    -2.9     1.4    81.4    43.2    68.1 -99.000 -99.000 -99.000 -99.000   0.168    -1.7    -1.7    -1.6    -0.6     3.5
94060 20151209  2.422 -105.10   48.31    13.4     0.9     7.1     7.7     0.0     2.10 C    13.7    -3.1     4.3    85.1    32.9    58.0 -99.000 -99.000 -99.000 -99.000   0.167    -0.7    -0.8    -0.9    -0.2     3.4
94060 20151210  2.422 -105.10   48.31     8.1    -2.2     3.0     0.3     0.0     3.49 C     5.4    -2.0     0.1    88.9    38.5    73.0 -99.000 -99.000 -99.000   0.236   0.167    -0.4    -0.4    -0.3     0.2     3.4
94060 20151211  2.422 -105.10   48.31    -1.2    -3.4    -2.3    -2.3     0.8     1.88 C    -0.1    -3.4    -2.0    92.8    87.6    90.6 -99.000 -99.000 -99.000   0.234   0.166    -0.5    -0.3    -0.1     0.5     3.4
94060 20151212  2.422 -105.10   48.31    -1.4    -5.1    -3.2    -3.0     0.0     1.29 C     0.8    -4.0    -2.0    98.5    91.2    96.2 -99.000 -99.000 -99.000   0.192   0.166    -0.6    -0.3    -0.1     0.7     3.4
94060 20151213  2.422 -105.10   48.31     5.6    -8.4    -1.4    -2.6     0.0     4.08 C     5.8    -8.2    -3.3    98.6    57.0    87.9 -99.000 -99.000 -99.000   0.192   0.166    -0.9    -0.5    -0.1     0.8     3.4
94060 20151214  2.422 -105.10   48.31    -0.5    -7.4    -3.9    -3.0     4.4     1.44 C     1.2    -6.4    -2.6    97.0    81.2    91.3 -99.000 -99.000 -99.000   0.191   0.167    -1.4    -1.0    -0.4     0.8     3.5
94060 20151215  2.422 -105.10   48.31    -1.9    -4.8    -3.4    -3.7     0.3     2.13 C    -2.1    -5.7    -4.2    92.6    75.4    85.5 -99.000 -99.000 -99.000   0.192   0.167    -1.2    -0.8    -0.4     0.8     3.5
94060 20151216  2.422 -105.10   48.31    -3.5   -16.2    -9.8    -6.8     0.0     2.56 C    -4.2   -19.3    -8.4    87.2    65.8    79.7 -99.000 -99.000 -99.000   0.191   0.167    -1.4    -0.9    -0.4     0.8     3.5
94060 20151217  2.422 -105.10   48.31    -4.8   -16.6   -10.7   -10.0     0.0     3.39 C    -5.8   -20.9   -11.9    90.7    63.3    74.0 -99.000 -99.000 -99.000   0.201   0.166    -2.5    -1.8    -1.0     0.7     3.4
94060 20151218  2.422 -105.10   48.31   -12.1   -17.9   -15.0   -14.5     0.0     3.18 C    -9.9   -20.3   -14.1    83.8    73.0    78.0 -99.000 -99.000 -99.000   0.237   0.167    -3.8    -3.0    -1.8     0.4     3.5
94060 20151219  2.422 -105.10   48.31    -2.1   -12.6    -7.3    -7.4     0.0     2.70 C    -1.9   -14.2    -7.7    93.8    70.6    82.0 -99.000 -99.000 -99.000   0.235   0.166    -3.8    -3.3    -2.4     0.0     3.4
94060 20151220  2.422 -105.10   48.31    -0.8   -13.5    -7.2    -6.2     0.0     3.39 C    -1.4   -16.4    -6.8    98.1    86.0    93.2 -99.000 -99.000 -99.000 -99.000   0.166    -3.6    -3.2    -2.4    -0.3     3.3
94060 20151221  2.422 -105.10   48.31     1.3   -14.4    -6.5    -7.7     0.0     5.07 C    -2.7   -16.5   -10.8    96.7    61.8    87.0 -99.000 -99.000 -99.000 -99.000   0.166    -3.8    -3.2    -2.4    -0.4     3.2
94060 20151222  2.422 -105.10   48.31    -3.2    -7.6    -5.4    -4.7     3.0     3.17 C    -2.9    -9.1    -5.8    92.9    70.5    81.2 -99.000 -99.000 -99.000 -99.000   0.166    -3.7    -3.3    -2.7    -0.6     3.0
94060 20151223  2.422 -105.10   48.31    -6.1   -11.5    -8.8    -9.0     2.3     3.69 C    -6.7   -16.3    -9.3    90.0    79.3    85.5 -99.000 -99.000 -99.000 -99.000   0.165    -3.3    -2.9    -2.4    -0.7     2.9
94060 20151224  2.422 -105.10   48.31    -5.5   -14.1    -9.8    -7.9     0.0     1.92 C    -5.0   -17.3    -8.3    93.7    83.8    89.5 -99.000 -99.000 -99.000 -99.000   0.165    -3.1    -2.8    -2.3    -0.7     2.9
94060 20151225  2.422 -105.10   48.31    -8.8   -21.6   -15.2   -14.1     0.0     3.33 C    -9.8   -25.3   -14.5    84.0    68.1    76.2 -99.000 -99.000 -99.000 -99.000   0.165    -3.4    -2.9    -2.3    -0.7     2.8
94060 20151226  2.422 -105.10   48.31   -15.5   -28.4   -21.9   -22.2     0.0     5.51 C   -16.6   -31.0   -24.3    83.5    67.9    77.8 -99.000 -99.000 -99.000 -99.000   0.165    -4.4    -3.7    -2.8    -0.8     2.6
94060 20151227  2.422 -105.10   48.31   -10.0   -29.2   -19.6   -17.9     0.0     5.07 C   -12.1   -30.5   -19.8    87.6    76.4    80.9 -99.000 -99.000 -99.000 -99.000   0.164    -5.5    -4.7    -3.6    -1.1     2.5
94060 20151228  2.422 -105.10   48.31   -11.2   -21.5   -16.3   -16.9     0.0     5.69 C   -12.0   -22.8   -19.3    89.9    73.5    83.2 -99.000 -99.000 -99.000 -99.000   0.164    -5.6    -5.0    -4.0    -1.4     2.5
94060 20151229  2.422 -105.10   48.31   -11.2   -18.6   -14.9   -13.0     0.5     2.97 C   -10.2   -21.7   -13.6    87.2    71.9    82.0 -99.000 -99.000 -99.000 -99.000   0.163    -5.7    -5.2    -4.3    -1.8     2.3
94060 20151230  2.422 -105.10   48.31   -10.0   -17.5   -13.8   -12.8     0.0     3.77 C   -10.0   -25.6   -14.0    90.6    73.6    82.5 -99.000 -99.000 -99.000 -99.000   0.163    -5.1    -4.8    -4.1    -1.9     2.2
94060 20151231  2.422 -105.10   48.31    -4.2   -17.6   -10.9   -11.3     0.0     4.45 C    -7.5   -25.4   -14.3    89.1    60.2    78.8 -99.000 -99.000 -99.000 -99.000   0.162    -5.2    -4.7    -4.0    -2.0     2.1
