03761 20150101  2.422  -75.79   39.86     4.4    -5.1    -0.3    -0.1     0.0     9.15 C     7.6    -9.3    -3.2    50.5    29.4    40.8   0.318   0.284   0.305   0.347   0.263     1.3     2.0     2.9     4.6     6.0
03761 20150102  2.422  -75.79   39.86     4.6    -4.6     0.0     0.8     0.0     6.29 C     7.8    -6.9    -2.6    81.7    39.7    52.1   0.314   0.281   0.302   0.346   0.262     1.0     1.7     2.5     4.1     5.8
03761 20150103  2.422  -75.79   39.86     3.8    -5.9    -1.1     0.3    17.3     0.75 C     3.5    -7.2    -0.6    97.3    61.1    84.3   0.342   0.291   0.303   0.344   0.261     0.9     1.5     2.3     3.9     5.5
03761 20150104  2.422  -75.79   39.86    12.7     3.0     7.9     7.5     9.9     0.50 C    10.1     2.2     5.9   100.0    50.2    91.8   0.383   0.337   0.343   0.371   0.270     2.0     1.8     2.2     3.6     5.2
03761 20150105  2.422  -75.79   39.86     8.0    -6.4     0.8     0.2     0.0     9.19 C     7.5    -6.9    -0.4    56.9    25.6    43.2   0.360   0.318   0.328   0.365   0.277     2.8     2.9     3.1     3.6     5.0
03761 20150106  2.422  -75.79   39.86    -5.6   -13.6    -9.6    -8.0     4.7     2.03 C    -3.3   -21.3    -9.4    94.1    39.9    75.4   0.342   0.305   0.320   0.361   0.274     1.2     1.8     2.5     3.8     5.0
03761 20150107  2.422  -75.79   39.86    -6.8   -14.9   -10.8    -9.5     0.0     8.07 C    -5.6   -21.4   -12.7    89.0    32.7    55.4   0.338   0.300   0.315   0.357   0.272     0.9     1.4     2.2     3.5     4.9
03761 20150108  2.422  -75.79   39.86    -8.8   -14.3   -11.6   -12.0     0.0     9.67 C    -7.8   -20.6   -14.8    59.5    34.6    46.4   0.319   0.295   0.312   0.354   0.271     0.6     1.2     1.9     3.2     4.7
03761 20150109  2.422  -75.79   39.86    -0.1    -9.0    -4.6    -4.2     0.7     7.91 C    -1.5   -16.9    -7.9    56.3    34.9    46.2   0.296   0.289   0.307   0.352   0.269     0.5     1.0     1.7     3.1     4.6
03761 20150110  2.422  -75.79   39.86    -6.6   -16.0   -11.3   -10.4     0.0    10.55 C    -5.9   -19.8   -13.7    76.9    35.1    46.3 -99.000   0.284   0.304   0.350   0.268     0.3     0.9     1.6     2.9     4.4
03761 20150111  2.422  -75.79   39.86     2.2   -16.3    -7.1    -5.6     0.0    10.29 C     2.6   -19.3    -6.8    81.9    37.0    59.0 -99.000   0.274   0.301   0.348   0.267     0.2     0.7     1.4     2.7     4.3
03761 20150112  2.422  -75.79   39.86     2.5    -0.6     1.0     0.8    19.9     0.45 C     1.9    -0.5     0.5    97.9    58.7    90.7 -99.000   0.304   0.321   0.355   0.266     0.2     0.6     1.3     2.5     4.1
03761 20150113  2.422  -75.79   39.86     2.1    -7.3    -2.6    -3.2     0.0    10.06 C     2.6    -8.0    -2.9    84.1    34.1    50.5 -99.000   0.321   0.333   0.366   0.269     0.2     0.6     1.2     2.4     4.0
03761 20150114  2.422  -75.79   39.86    -2.7    -8.4    -5.5    -5.1     0.0     3.57 C     2.4    -7.9    -3.1    70.6    46.6    63.7 -99.000   0.308   0.327   0.362   0.271     0.2     0.6     1.2     2.3     3.8
03761 20150115  2.422  -75.79   39.86     0.8    -4.0    -1.6    -1.9     0.0     8.86 C     7.2    -6.9    -2.2    78.1    44.0    63.9 -99.000   0.297   0.321   0.358   0.270     0.2     0.6     1.2     2.3     3.7
03761 20150116  2.422  -75.79   39.86     4.1    -4.9    -0.4    -0.1     0.0     9.27 C     7.3    -7.5    -1.8    80.1    38.8    55.5 -99.000   0.295   0.317   0.355   0.269     0.2     0.5     1.2     2.3     3.7
03761 20150117  2.422  -75.79   39.86    -0.5    -9.6    -5.1    -5.0     0.0    10.35 C     6.2   -10.9    -4.7    75.1    30.6    51.0 -99.000   0.290   0.313   0.353   0.268     0.1     0.5     1.1     2.2     3.6
03761 20150118  2.422  -75.79   39.86     6.0    -5.0     0.5     0.9    28.7     0.13 C     4.5    -7.1    -0.5    97.3    75.6    91.0 -99.000 -99.000   0.326   0.362   0.276     0.0     0.4     1.0     2.0     3.5
03761 20150119  2.422  -75.79   39.86     5.5    -1.4     2.0     2.6     0.0     6.95 C     9.2    -4.8     0.4    96.3    46.4    66.0 -99.000   0.308   0.328   0.363   0.281     0.0     0.4     0.9     1.9     3.3
03761 20150120  2.422  -75.79   39.86     5.3    -2.4     1.5     1.3     0.0     4.83 C     7.5    -5.4    -0.7    95.4    53.3    73.1 -99.000   0.303   0.326   0.359   0.278     0.1     0.4     0.9     1.9     3.3
03761 20150121  2.422  -75.79   39.86    -0.8    -4.1    -2.5    -2.4     1.8     2.39 C     1.7    -6.3    -2.5    96.5    51.6    80.5 -99.000   0.305   0.325   0.357   0.276     0.1     0.4     0.9     1.8     3.2
03761 20150122  2.422  -75.79   39.86     2.8    -2.4     0.2     0.3     0.0     3.83 C     4.6    -3.4    -0.3    94.5    64.2    81.0 -99.000   0.312   0.324   0.356   0.276     0.2     0.4     0.9     1.8     3.2
03761 20150123  2.422  -75.79   39.86     3.2    -5.0    -0.9    -0.1     5.3     8.08 C     7.8    -7.0    -0.7    96.1    58.3    74.3 -99.000   0.317   0.325   0.355   0.275     0.2     0.5     0.9     1.8     3.1
03761 20150124  2.422  -75.79   39.86     2.8    -0.1     1.3     1.0    12.6     2.50 C     1.0    -2.9    -0.3    96.8    56.1    84.9 -99.000   0.330   0.334   0.369   0.284     0.2     0.4     0.9     1.8     3.0
03761 20150125  2.422  -75.79   39.86     5.8    -0.5     2.6     2.7     0.5     6.44 C     8.3    -5.3     0.8    92.7    61.8    72.5 -99.000   0.332   0.337   0.369   0.283     0.2     0.4     0.9     1.8     3.0
03761 20150126  2.422  -75.79   39.86    -0.5    -4.7    -2.6    -3.2     4.2     2.52 C    -0.3    -7.2    -3.1    87.3    76.0    81.6 -99.000   0.328   0.334   0.366   0.282     0.2     0.5     0.9     1.7     2.9
03761 20150127  2.422  -75.79   39.86    -1.5    -7.6    -4.5    -3.3     0.0    10.50 C    -1.6   -10.7    -4.9    81.6    35.0    58.7 -99.000   0.322   0.329   0.362   0.280     0.2     0.5     0.9     1.7     2.9
03761 20150128  2.422  -75.79   39.86    -1.3    -8.6    -4.9    -5.5     0.0    12.86 C    -2.0   -13.7    -9.0    56.7    28.5    40.5 -99.000   0.318   0.326   0.358   0.278     0.2     0.5     0.9     1.6     2.9
03761 20150129  2.422  -75.79   39.86    -0.6   -11.4    -6.0    -4.2     0.3     5.84 C     0.6   -15.0    -5.8    82.7    31.8    56.8 -99.000   0.310   0.321   0.356   0.277     0.1     0.4     0.9     1.6     2.8
03761 20150130  2.422  -75.79   39.86     2.5    -8.4    -3.0    -1.3     0.0     8.11 C     3.3    -8.8    -2.2    82.8    46.7    62.0 -99.000   0.307   0.318   0.354   0.275     0.1     0.4     0.9     1.7     2.8
03761 20150131  2.422  -75.79   39.86    -4.4   -11.3    -7.8    -7.8     0.0    12.98 C     0.6   -11.2    -7.4    60.3    42.8    48.1 -99.000 -99.000   0.315   0.351   0.274    -0.1     0.3     0.8     1.6     2.8
03761 20150201  2.422  -75.79   39.86     3.2    -9.7    -3.3    -1.7     2.3     6.40 C    10.7   -10.8    -1.3    94.5    48.6    64.2 -99.000 -99.000   0.311   0.350   0.273    -0.2     0.1     0.6     1.6     2.7
03761 20150202  2.422  -75.79   39.86     3.6    -6.5    -1.5    -0.3    21.0     1.66 C     2.3    -7.3    -1.1    97.5    48.7    79.7 -99.000 -99.000   0.318   0.354   0.276    -0.2     0.1     0.6     1.5     2.7
03761 20150203  2.422  -75.79   39.86    -2.5    -8.8    -5.7    -6.2     0.0    11.21 C     3.7    -9.8    -5.7    63.0    38.4    51.3 -99.000 -99.000   0.321   0.353   0.277    -0.2     0.1     0.5     1.4     2.6
03761 20150204  2.422  -75.79   39.86     6.3    -8.1    -0.9     0.0     0.0     9.99 C    12.2    -9.9    -0.9    78.2    45.5    60.5 -99.000 -99.000   0.316   0.352   0.276    -0.3     0.0     0.5     1.3     2.5
03761 20150205  2.422  -75.79   39.86     4.1    -9.7    -2.8    -2.7     0.0    10.27 C     4.5   -10.8    -3.2    84.1    29.6    47.8 -99.000 -99.000   0.314   0.348   0.274    -0.2     0.0     0.5     1.3     2.5
03761 20150206  2.422  -75.79   39.86     0.7   -12.7    -6.0    -6.2     0.0     9.27 C     5.0   -14.1    -6.5    72.7    22.3    45.6 -99.000 -99.000 -99.000   0.347   0.273    -0.4    -0.1     0.4     1.3     2.5
03761 20150207  2.422  -75.79   39.86     6.0    -9.1    -1.6    -0.6     0.0     8.99 C    11.5   -10.3    -0.7    82.3    27.5    52.2 -99.000 -99.000 -99.000   0.344   0.271    -0.5    -0.2     0.3     1.2     2.4
03761 20150208  2.422  -75.79   39.86     7.3    -1.3     3.0     2.5     0.0     4.52 C     9.8    -3.3     1.8    94.8    43.9    67.0 -99.000 -99.000 -99.000   0.341   0.269    -0.4    -0.1     0.3     1.1     2.4
03761 20150209  2.422  -75.79   39.86     1.8    -3.1    -0.6    -1.2     0.5     0.62 C     1.2    -2.4    -0.8    96.2    87.9    92.0 -99.000 -99.000 -99.000   0.340   0.268    -0.3    -0.1     0.3     1.1     2.3
03761 20150210  2.422  -75.79   39.86     3.5    -4.0    -0.3    -1.3     0.0    10.42 C     6.9    -4.2    -1.1    91.4    59.3    76.4 -99.000 -99.000 -99.000   0.337   0.266    -0.3    -0.1     0.3     1.1     2.3
03761 20150211  2.422  -75.79   39.86     2.7    -5.2    -1.3    -1.8     0.0    13.97 C     9.1    -6.6    -1.5    78.0    35.5    59.3 -99.000 -99.000 -99.000   0.335   0.265    -0.3    -0.1     0.3     1.0     2.3
03761 20150212  2.422  -75.79   39.86     3.2    -9.8    -3.3    -1.6     0.0     9.43 C     8.7    -9.7    -1.3    86.3    33.0    61.1 -99.000 -99.000 -99.000   0.335   0.263    -0.3    -0.1     0.4     1.2     2.2
03761 20150213  2.422  -75.79   39.86    -6.4   -13.4    -9.9   -10.3     0.0    15.49 C     2.2   -13.3    -8.5    79.2    33.9    46.5 -99.000 -99.000 -99.000   0.333   0.263    -0.4    -0.1     0.3     1.1     2.2
03761 20150214  2.422  -75.79   39.86    -1.6   -11.7    -6.6    -5.9     2.3     2.68 C     0.0   -12.8    -5.5    93.7    52.0    74.2 -99.000 -99.000 -99.000   0.332   0.262    -0.6    -0.2     0.2     1.1     2.2
03761 20150215  2.422  -75.79   39.86   -10.5   -15.4   -12.9   -13.2     0.0    15.55 C    -8.5   -16.8   -13.4    58.4    37.5    43.5 -99.000 -99.000 -99.000   0.329   0.260    -1.1    -0.4     0.2     1.0     2.2
03761 20150216  2.422  -75.79   39.86   -10.9   -18.4   -14.7   -14.1     0.8     8.91 C    -5.8   -20.0   -12.4    82.0    38.2    48.9 -99.000 -99.000 -99.000   0.326   0.259    -2.0    -0.9    -0.1     0.9     2.1
03761 20150217  2.422  -75.79   39.86    -6.5   -15.3   -10.9   -10.3     4.1    13.38 C    -5.9   -21.6   -12.5    85.2    54.2    72.8 -99.000 -99.000 -99.000   0.323   0.259    -1.3    -0.9    -0.2     0.8     2.0
03761 20150218  2.422  -75.79   39.86    -1.8   -16.8    -9.3    -8.5     0.2    15.24 C     0.5   -22.9   -11.5    86.7    35.6    58.7 -99.000 -99.000 -99.000   0.320   0.257    -1.0    -0.8    -0.2     0.7     1.9
03761 20150219  2.422  -75.79   39.86    -7.8   -15.6   -11.7   -11.3     0.0    13.41 C    -5.6   -17.8   -13.0    53.9    28.8    42.0 -99.000 -99.000 -99.000   0.318   0.257    -1.6    -1.0    -0.2     0.7     1.9
03761 20150220  2.422  -75.79   39.86    -9.8   -18.4   -14.1   -14.9     0.0    16.89 C    -7.1   -22.1   -16.5    71.9    32.5    41.9 -99.000 -99.000 -99.000   0.316   0.255    -3.1    -1.9    -0.5     0.6     1.8
03761 20150221  2.422  -75.79   39.86     0.4   -19.1    -9.3    -9.0    16.4     3.80 C    -0.1   -21.9    -9.7    94.2    49.8    76.0 -99.000 -99.000 -99.000 -99.000   0.255    -2.9    -2.2    -0.9     0.4     1.8
03761 20150222  2.422  -75.79   39.86     5.0    -1.6     1.7     1.4     3.0    13.46 C     1.0    -4.5    -0.5    97.5    56.9    83.0 -99.000 -99.000 -99.000 -99.000   0.254    -1.2    -1.3    -0.7     0.3     1.7
03761 20150223  2.422  -75.79   39.86     1.0   -13.6    -6.3    -4.9     0.0    12.54 C    -1.7   -18.3    -7.1    61.7    25.9    42.9 -99.000 -99.000 -99.000 -99.000   0.253    -0.8    -0.8    -0.5     0.3     1.6
03761 20150224  2.422  -75.79   39.86    -5.6   -18.4   -12.0   -11.0     0.0    17.57 C    -1.6   -20.9   -12.0    81.0    32.6    54.2 -99.000 -99.000 -99.000 -99.000   0.252    -1.9    -1.3    -0.6     0.3     1.5
03761 20150225  2.422  -75.79   39.86     1.8   -13.5    -5.9    -4.4     0.0    15.91 C     0.5   -16.1    -7.2    87.3    39.8    59.9 -99.000 -99.000 -99.000 -99.000   0.252    -2.1    -1.6    -0.8     0.2     1.5
03761 20150226  2.422  -75.79   39.86    -1.1    -4.8    -2.9    -3.2     0.0    11.99 C     0.2    -7.9    -3.8    78.3    40.0    59.8 -99.000 -99.000 -99.000 -99.000   0.251    -1.3    -1.2    -0.7     0.2     1.4
03761 20150227  2.422  -75.79   39.86    -3.8    -8.9    -6.3    -5.6     0.4    17.16 C    -1.0   -12.9    -6.4    84.3    39.8    59.1 -99.000 -99.000 -99.000 -99.000   0.250    -1.0    -1.0    -0.6     0.1     1.4
03761 20150228  2.422  -75.79   39.86    -3.8   -11.4    -7.6    -7.6     0.0    17.78 C     1.7   -14.6    -8.1    67.6    25.4    40.9 -99.000 -99.000 -99.000 -99.000   0.250    -1.6    -1.3    -0.7     0.2     1.4
03761 20150301  2.422  -75.79   39.86    -1.0   -11.1    -6.0    -4.6    14.4     3.10 C    -0.1   -12.4    -3.5    95.5    46.4    78.6 -99.000 -99.000 -99.000 -99.000   0.249    -1.6    -1.5    -0.8     0.1     1.3
03761 20150302  2.422  -75.79   39.86     1.6    -3.1    -0.8    -0.1     0.0    17.27 C     1.5    -7.3    -1.6    95.2    40.8    65.8 -99.000 -99.000 -99.000 -99.000   0.248    -0.8    -0.9    -0.6     0.2     1.3
03761 20150303  2.422  -75.79   39.86     0.6    -6.7    -3.1    -2.8    12.8     5.60 C     2.5    -9.9    -2.6    93.5    47.4    67.8 -99.000 -99.000 -99.000 -99.000   0.247    -0.9    -0.8    -0.5     0.2     1.3
03761 20150304  2.422  -75.79   39.86     5.6     0.2     2.9     2.5    14.3     3.51 C     4.7    -0.1     1.4    98.0    88.1    94.4 -99.000 -99.000 -99.000 -99.000   0.246    -0.7    -0.7    -0.5     0.1     1.3
03761 20150305  2.422  -75.79   39.86     2.9    -8.1    -2.6    -3.3    25.3     2.36 C     1.3   -15.3    -4.1    94.0    50.3    82.8 -99.000 -99.000 -99.000 -99.000   0.246    -0.6    -0.7    -0.4     0.1     1.3
03761 20150306  2.422  -75.79   39.86 -9999.0 -9999.0 -9999.0 -9999.0     0.0    20.52 C    -5.3   -26.0   -16.6    86.4    39.6    59.4 -99.000 -99.000 -99.000 -99.000   0.245    -0.6    -0.6    -0.4     0.1     1.3
03761 20150307  2.422  -75.79   39.86     3.2   -18.5    -7.7    -5.3     0.0    17.87 C     1.3   -26.2   -10.0    87.2    36.0    63.4 -99.000 -99.000 -99.000 -99.000   0.245    -0.6    -0.6    -0.4     0.2     1.3
03761 20150308  2.422  -75.79   39.86     7.8    -4.9     1.5     2.4     0.0    19.14 C     1.1   -11.3    -4.0    86.9    34.2    59.0 -99.000 -99.000 -99.000 -99.000   0.244    -0.6    -0.6    -0.4     0.2     1.3
03761 20150309  2.422  -75.79   39.86    10.9    -2.8     4.1     4.3     0.0    15.68 C     9.7    -5.7     0.9    85.4    39.4    63.2 -99.000 -99.000 -99.000 -99.000   0.244    -0.5    -0.5    -0.4     0.2     1.3
03761 20150310  2.422  -75.79   39.86    11.9    -2.2     4.8     4.9    16.5     7.45 C    13.4    -4.2     3.5   100.0    53.5    86.6 -99.000 -99.000 -99.000 -99.000   0.249    -0.5    -0.5    -0.3     0.2     1.2
03761 20150311  2.422  -75.79   39.86    13.5     5.1     9.3     9.0     0.2    13.09 C    16.5     0.7     6.4   100.0    46.7    74.1 -99.000 -99.000 -99.000 -99.000   0.268    -0.4    -0.5    -0.3     0.1     1.1
03761 20150312  2.422  -75.79   39.86     8.3    -1.5     3.4     5.1     0.0    20.71 C    14.2    -5.5     2.7    68.7    20.1    36.6 -99.000 -99.000 -99.000 -99.000   0.268    -0.4    -0.5    -0.3     0.1     1.2
03761 20150313  2.422  -75.79   39.86     6.8    -4.6     1.1     2.3     5.0    14.26 C    13.3    -6.7     1.9    96.1    24.4    45.9 -99.000 -99.000 -99.000 -99.000   0.262    -0.4    -0.5    -0.3     0.2     1.2
03761 20150314  2.422  -75.79   39.86     9.2     1.6     5.4     5.8    28.9     1.87 C     9.9     1.1     5.1    97.5    73.0    95.5 -99.000 -99.000 -99.000 -99.000   0.280    -0.3    -0.4    -0.3     0.0     0.9
03761 20150315  2.422  -75.79   39.86     6.7     1.6     4.1     4.9     0.0     4.84 C     8.8    -2.6     2.8    72.6    58.6    61.8 -99.000 -99.000 -99.000 -99.000   0.279    -0.2    -0.4    -0.3     0.1     1.0
03761 20150316  2.422  -75.79   39.86    11.9     0.1     6.0     5.8     0.0    13.08 C    17.2    -4.2     5.0    80.5    45.8    60.6 -99.000 -99.000 -99.000 -99.000   0.278     0.0    -0.4    -0.3     0.1     1.1
03761 20150317  2.422  -75.79   39.86    17.5     0.7     9.1     9.4     0.0    16.16 C    21.5    -2.9     7.1    74.3    30.6    49.9 -99.000 -99.000 -99.000 -99.000   0.277     0.6    -0.2    -0.3     0.2     1.1
03761 20150318  2.422  -75.79   39.86     5.4    -3.5     0.9     1.3     0.0    22.40 C    11.4    -7.2     0.5    70.2    21.6    34.4 -99.000 -99.000 -99.000 -99.000   0.277     0.0    -0.4    -0.3     0.2     1.2
03761 20150319  2.422  -75.79   39.86     5.3    -5.6    -0.2    -0.1     0.0    20.73 C    15.6    -7.8     0.5    82.0    22.5    48.2 -99.000 -99.000 -99.000 -99.000   0.275     0.1    -0.3    -0.2     0.3     1.2
03761 20150320  2.422  -75.79   39.86     1.1    -2.2    -0.6    -0.2    10.2     2.40 C     0.1    -3.0    -0.6    93.6    52.5    84.2 -99.000 -99.000 -99.000 -99.000   0.273    -0.3    -0.4    -0.2     0.3     1.2
03761 20150321  2.422  -75.79   39.86    10.9    -2.1     4.4     3.9     0.0    18.71 C    12.4    -6.3     1.8    96.3    56.5    77.6 -99.000 -99.000 -99.000 -99.000   0.274     0.0    -0.3    -0.1     0.3     1.2
03761 20150322  2.422  -75.79   39.86     7.2    -2.3     2.5     3.6     0.0    20.56 C    14.4    -6.6     2.4    61.0    21.7    39.7 -99.000 -99.000 -99.000   0.369   0.280     1.0     0.2     0.2     0.4     1.2
03761 20150323  2.422  -75.79   39.86     4.3    -5.4    -0.5    -0.4     0.0    22.75 C    13.9    -9.1     1.0    61.2    30.2    40.8 -99.000 -99.000   0.341   0.351   0.277     0.9     0.3     0.4     0.5     1.3
03761 20150324  2.422  -75.79   39.86     3.6    -5.5    -1.0    -0.5     0.0     6.35 C    11.8    -7.8    -0.9    83.3    32.5    42.6 -99.000   0.313   0.336   0.350   0.274     0.6     0.3     0.5     0.5     1.3
03761 20150325  2.422  -75.79   39.86     5.0    -6.7    -0.9     0.8     0.5     5.69 C    11.1    -8.3     0.5    90.3    37.3    76.5 -99.000 -99.000   0.329   0.348   0.273     0.2     0.1     0.3     0.6     1.4
03761 20150326  2.422  -75.79   39.86    20.0     1.5    10.7    10.0     9.4     7.53 C    22.2    -0.8     9.3    95.9    67.8    86.3   0.336   0.324   0.339   0.350   0.271     2.7     1.3     0.8     0.7     1.4
03761 20150327  2.422  -75.79   39.86     7.5     2.4     4.9     4.9    13.1     8.37 C    14.4    -1.2     4.4    93.9    43.6    64.9   0.351   0.348   0.358   0.369   0.289     4.2     3.1     2.3     1.3     1.5
03761 20150328  2.422  -75.79   39.86     3.7    -3.8     0.0    -0.1     0.0    15.20 C     9.4    -5.3     0.6    76.1    34.7    53.8   0.331   0.327   0.342   0.358   0.281     2.7     2.3     2.1     1.7     1.8
03761 20150329  2.422  -75.79   39.86     5.3    -5.1     0.1    -0.3     0.0    24.64 C    16.4    -7.0     1.1    49.2    22.8    36.2   0.319   0.316   0.333   0.354   0.279     1.9     1.7     1.6     1.7     2.0
03761 20150330  2.422  -75.79   39.86    12.6     0.4     6.5     6.6     0.0    13.21 C    19.4    -3.6     5.1    74.6    29.7    46.5   0.317   0.314   0.331   0.352   0.276     2.7     2.1     1.9     1.8     2.1
03761 20150331  2.422  -75.79   39.86    14.4    -2.1     6.1     5.3     1.1     7.90 C    20.3    -5.9     4.0    85.0    31.1    62.1   0.316   0.311   0.327   0.349   0.274     3.1     2.6     2.3     2.0     2.2
03761 20150401  2.422  -75.79   39.86    11.5    -1.0     5.3     4.8     0.0    24.14 C    20.2    -5.5     4.9    77.6    25.7    53.3   0.314   0.309   0.326   0.347   0.273     3.9     3.2     2.8     2.3     2.3
03761 20150402  2.422  -75.79   39.86    17.8    -1.9     7.9     9.8     0.0    21.97 C    25.7    -5.2     9.4    81.5    30.8    50.1   0.304   0.304   0.322   0.346   0.272     4.9     3.9     3.4     2.6     2.5
03761 20150403  2.422  -75.79   39.86    17.0    13.3    15.1    14.9     4.6     4.03 C    19.0     9.8    13.3   100.0    40.7    78.4   0.308   0.305   0.320   0.344   0.270     7.1     5.8     4.8     3.4     2.8
03761 20150404  2.422  -75.79   39.86    17.8     4.7    11.2     9.9     2.0    22.61 C    18.4    -3.3     9.1   100.0    22.3    48.1   0.318   0.314   0.328   0.343   0.269     7.7     6.9     5.9     4.2     3.3
03761 20150405  2.422  -75.79   39.86    16.9     2.1     9.5    10.2     0.0    22.15 C    23.3    -4.2     7.7    53.0    21.3    33.7   0.305   0.306   0.324   0.344   0.268     6.3     5.8     5.5     4.6     3.7
03761 20150406  2.422  -75.79   39.86    21.7     0.5    11.1    12.7     0.0    24.13 C    29.6    -2.8    11.9    85.3    21.1    50.5   0.294   0.298   0.319   0.342   0.267     7.5     6.5     5.8     4.8     4.0
03761 20150407  2.422  -75.79   39.86    20.5     7.1    13.8    14.7     0.2    10.25 C    28.6     7.0    14.7    89.1    58.3    71.3   0.284   0.291   0.314   0.341   0.265     9.5     8.3     7.2     5.4     4.3
03761 20150408  2.422  -75.79   39.86     7.1     3.1     5.1     5.1     0.7     2.39 C     7.3     3.5     5.6    94.7    84.3    89.6   0.279   0.289   0.310   0.339   0.264     8.0     7.8     7.4     6.1     4.8
03761 20150409  2.422  -75.79   39.86     5.3     3.0     4.1     4.0     0.7     2.69 C     7.5     3.4     4.8    96.1    85.9    92.2   0.283   0.292   0.310   0.337   0.264     6.4     6.4     6.4     6.1     5.1
03761 20150410  2.422  -75.79   39.86    12.9     3.8     8.3     8.2     0.9     5.59 C    16.6     3.9     8.8    97.0    69.3    92.9   0.291   0.295   0.311   0.335   0.263     6.8     6.3     6.2     5.8     5.2
03761 20150411  2.422  -75.79   39.86    14.2     5.2     9.7    11.2     0.0    25.79 C    21.8    -0.9     9.4    78.1    26.3    44.3   0.281   0.292   0.311   0.333   0.261     8.0     7.3     6.8     6.0     5.3
03761 20150412  2.422  -75.79   39.86    18.2    -1.5     8.3     9.2     0.0    26.16 C    28.2    -4.4     9.6    85.7    19.5    48.8   0.267   0.282   0.305   0.332   0.261     8.4     7.6     7.1     6.2     5.5
03761 20150413  2.422  -75.79   39.86    23.0     2.0    12.5    13.9     0.0    22.48 C    29.4    -0.4    13.8    87.8    41.8    60.6   0.254   0.273   0.299   0.330   0.259     9.7     8.6     7.8     6.5     5.7
03761 20150414  2.422  -75.79   39.86    16.2     8.5    12.3    13.4     3.3     3.38 C    16.6     5.3    12.0    93.7    29.7    71.5   0.252   0.269   0.295   0.329   0.259    10.2     9.4     8.7     7.2     6.0
03761 20150415  2.422  -75.79   39.86    19.2     4.7    12.0    12.6     0.0    20.44 C    25.7     1.0    10.5    95.2    13.4    39.4   0.253   0.269   0.294   0.327   0.258     9.8     9.1     8.6     7.5     6.3
03761 20150416  2.422  -75.79   39.86    20.3     9.3    14.8    14.5     0.0    24.84 C    28.7     3.6    14.3    72.4    21.3    36.3   0.238   0.261   0.290   0.325   0.257    10.6     9.6     8.9     7.8     6.6
03761 20150417  2.422  -75.79   39.86    21.9    11.5    16.7    16.0     3.4    11.43 C    29.5     8.7    15.9    95.5    57.2    81.4   0.239   0.257   0.286   0.323   0.256    12.0    10.8     9.9     8.2     6.9
03761 20150418  2.422  -75.79   39.86    24.4     9.6    17.0    18.0     0.0    25.41 C    30.3     6.0    16.8    94.9    22.5    53.2   0.231   0.252   0.283   0.322   0.255    13.0    11.7    10.6     8.7     7.3
03761 20150419  2.422  -75.79   39.86    17.5     8.6    13.0    13.4     0.5    19.32 C    25.8     6.0    13.2    81.3    21.8    43.5   0.215   0.242   0.278   0.320   0.254    12.7    11.8    11.0     9.4     7.7
03761 20150420  2.422  -75.79   39.86    23.8     9.1    16.4    16.0    43.2    10.59 C    29.3     8.8    16.1    95.0    54.5    84.0   0.323   0.324   0.333   0.347   0.254    12.5    11.6    11.0     9.6     8.0
03761 20150421  2.422  -75.79   39.86    16.2     5.2    10.7    13.0     6.0    22.70 C    22.8     1.6    12.8    95.8    29.7    58.1   0.335   0.337   0.349   0.368   0.263    13.5    12.5    11.8    10.1     8.4
03761 20150422  2.422  -75.79   39.86    19.4     3.3    11.3    10.1     3.2    16.87 C    26.5     0.4     9.8    89.7    33.9    63.3   0.315   0.316   0.333   0.356   0.268    11.8    11.4    11.2    10.3     8.8
03761 20150423  2.422  -75.79   39.86     9.1     1.8     5.5     5.7     0.0    14.30 C    15.9    -0.6     6.0    68.8    40.2    52.1   0.310   0.311   0.330   0.352   0.267    10.4    10.2    10.4    10.1     8.9
03761 20150424  2.422  -75.79   39.86    11.4     1.8     6.6     6.1     0.0    27.77 C    19.8    -1.9     7.2    59.7    22.4    40.9   0.291   0.301   0.324   0.349   0.265     9.7     9.4     9.6     9.7     8.9
03761 20150425  2.422  -75.79   39.86    11.6    -2.3     4.6     5.8     0.0    19.59 C    23.4    -4.5     7.2    84.3    30.2    53.1   0.273   0.292   0.318   0.347   0.264     9.3     9.0     9.1     9.2     8.8
03761 20150426  2.422  -75.79   39.86    15.5     2.1     8.8     9.9     0.0    25.65 C    29.2    -0.1    11.2    86.7    28.7    47.2   0.260   0.283   0.312   0.343   0.263    10.7     9.9     9.6     9.1     8.7
03761 20150427  2.422  -75.79   39.86    12.8     2.3     7.6     9.2     0.0    13.19 C    25.6    -0.2     8.9    80.5    38.6    52.9   0.248   0.273   0.306   0.341   0.262    10.5    10.0     9.9     9.3     8.7
03761 20150428  2.422  -75.79   39.86    19.6     8.0    13.8    13.3     0.0    24.72 C    26.8     4.0    13.0    73.4    31.6    51.0   0.236   0.264   0.299   0.338   0.261    11.1    10.2     9.9     9.3     8.7
03761 20150429  2.422  -75.79   39.86    21.8     7.0    14.4    15.8     0.0    28.25 C    30.7     3.0    14.8    73.6    28.2    47.3   0.217   0.251   0.292   0.335   0.260    12.3    11.2    10.6     9.6     8.8
03761 20150430  2.422  -75.79   39.86    21.2     6.1    13.7    13.4     0.0    23.57 C    29.1     3.6    14.1    88.9    42.1    64.0   0.202   0.240   0.285   0.332   0.259    12.9    11.9    11.3    10.2     9.0
03761 20150501  2.422  -75.79   39.86    15.0     7.8    11.4    11.5     0.0    13.49 C    24.2     3.9    12.3    86.6    52.1    64.9   0.195   0.231   0.278   0.330   0.258    12.7    12.0    11.5    11.1     9.2
03761 20150502  2.422  -75.79   39.86    21.9     3.9    12.9    13.4     0.0    22.96 C    31.3     1.8    14.2    95.6    27.2    66.1   0.190   0.223   0.273   0.327   0.258    13.0    12.0    11.5    11.1     9.5
03761 20150503  2.422  -75.79   39.86    24.5     7.4    15.9    16.8     0.0    27.74 C    31.4     4.9    16.9    93.2    23.6    55.4   0.179   0.213   0.267   0.324   0.256    14.2    12.9    12.2    11.4     9.6
03761 20150504  2.422  -75.79   39.86    27.1     7.9    17.5    19.0     0.0    27.42 C    32.6     5.1    17.9    91.1    23.4    53.7   0.166   0.200   0.260   0.322   0.256    14.9    13.6    12.7    11.9     9.9
03761 20150505  2.422  -75.79   39.86    25.9    13.6    19.8    20.9     2.2    18.80 C    33.3     9.5    19.9    89.9    44.1    60.7   0.155   0.188   0.252   0.319   0.254    15.6    14.3    13.4    12.4    10.2
03761 20150506  2.422  -75.79   39.86    22.5    14.0    18.3    17.9     0.0    17.12 C    27.9    12.1    17.9    97.0    38.4    65.9   0.149   0.179   0.246   0.316   0.254    16.1    14.8    13.9    12.9    10.5
03761 20150507  2.422  -75.79   39.86    24.6    12.9    18.8    18.6     0.0    24.13 C    31.9     9.7    19.5    83.7    44.6    62.5   0.144   0.169   0.240   0.313   0.253    16.6    15.2    14.3    13.3    10.8
03761 20150508  2.422  -75.79   39.86 -9999.0 -9999.0 -9999.0 -9999.0 -9999.0 -9999.00 U -9999.0 -9999.0 -9999.0 -9999.0 -9999.0 -9999.0 -99.000 -99.000 -99.000 -99.000 -99.000 -9999.0 -9999.0 -9999.0 -9999.0 -9999.0
03761 20150509  2.422  -75.79   39.86    25.0    12.9    18.9    18.8     0.3    12.45 C    36.4    13.4    20.2    98.8    57.4    86.6   0.131   0.153   0.227   0.307   0.256    13.4    15.5    14.7    14.0    11.6
03761 20150510  2.422  -75.79   39.86    27.7    18.1    22.9    21.5     0.0    18.38 C    41.1    14.7    23.5    96.3    52.0    82.4   0.128   0.149   0.223   0.305   0.250    14.5    16.3    15.2    14.2    11.7
03761 20150511  2.422  -75.79   39.86    26.4    17.4    21.9    21.1     3.1    14.31 C    41.5    14.7    22.9    95.8    66.0    87.3   0.125   0.143   0.217   0.302   0.249    15.0    16.9    15.8    14.7    12.0
03761 20150512  2.422  -75.79   39.86    28.2    15.7    21.9    22.4     0.0    22.75 C    39.7    14.2    23.4    99.4    29.5    60.4   0.123   0.140   0.212   0.300   0.249    15.5    17.4    16.3    15.1    12.3
03761 20150513  2.422  -75.79   39.86    18.4     9.6    14.0    15.0     0.0    21.95 C    34.2     6.7    16.8    63.5    38.5    47.8   0.118   0.133   0.203   0.296   0.251    14.2    16.6    16.0    15.4    12.7
03761 20150514  2.422  -75.79   39.86    19.7     6.7    13.2    13.3     0.0    29.68 C    36.8     3.1    16.8    81.8    27.0    50.9   0.112   0.125   0.195   0.292   0.247    13.3    15.8    15.3    15.2    12.8
03761 20150515  2.422  -75.79   39.86    23.0     6.3    14.6    15.0     0.0    24.31 C    38.9     3.4    18.9    88.7    37.1    63.6   0.106   0.120   0.187   0.288   0.248    13.2    15.5    15.0    14.9    12.9
03761 20150516  2.422  -75.79   39.86    28.1    12.3    20.2    19.6     2.0    20.75 C    42.0     8.9    22.6    94.5    55.6    76.4   0.102   0.115   0.180   0.284   0.245    14.5    16.4    15.5    15.0    12.8
03761 20150517  2.422  -75.79   39.86    26.4    18.0    22.2    22.1     0.0    17.89 C    37.4    16.1    23.8    95.8    59.5    79.3   0.101   0.113   0.176   0.281   0.244    15.8    17.6    16.3    15.4    13.0
03761 20150518  2.422  -75.79   39.86    29.4    15.9    22.6    21.3    10.4    17.23 C    46.5    16.0    24.1    96.0    52.9    84.3   0.105   0.112   0.173   0.278   0.243    16.5    18.3    17.0    15.9    13.2
03761 20150519  2.422  -75.79   39.86    27.0    15.4    21.2    20.1     2.2    16.93 C    38.1    15.7    22.0    96.5    45.4    83.3   0.127   0.112   0.173   0.276   0.242    16.5    18.5    17.3    16.3    13.5
03761 20150520  2.422  -75.79   39.86    20.5     8.5    14.5    14.4     0.0    26.44 C    32.5     7.7    17.1    81.2    40.0    56.2   0.121   0.113   0.173   0.273   0.243    15.7    18.0    17.3    16.5    13.8
03761 20150521  2.422  -75.79   39.86    11.7     8.3    10.0    10.0     0.3     4.47 C    15.8     7.7    11.6    94.7    55.9    76.3   0.114   0.112   0.173   0.271   0.240    12.7    15.8    16.0    16.3    14.0
03761 20150522  2.422  -75.79   39.86    22.3     9.4    15.8    15.9     0.0    28.04 C    35.1     7.2    17.6    84.1    26.2    49.3   0.111   0.113   0.171   0.268   0.241    16.2    15.5    15.2    15.6    14.0
03761 20150523  2.422  -75.79   39.86    19.7     5.6    12.6    12.9     0.0    31.44 C    35.8     0.2    16.2    87.9    21.7    43.1   0.104   0.111   0.168   0.264   0.239    16.5    15.8    15.4    15.5    13.8
03761 20150524  2.422  -75.79   39.86    25.6     5.1    15.4    16.8     0.0    30.01 C    40.6     2.6    20.3    93.5    33.5    64.5   0.097   0.108   0.164   0.260   0.238    16.7    15.9    15.3    15.4    13.7
03761 20150525  2.422  -75.79   39.86    27.7    13.5    20.6    21.3     0.0    28.68 C    43.0    10.2    24.5    94.7    42.4    65.8   0.093   0.105   0.159   0.255   0.237    18.8    17.4    16.3    15.6    13.8
03761 20150526  2.422  -75.79   39.86    28.8    14.6    21.7    22.4     0.0    28.04 C    45.5    10.7    26.0    91.9    48.7    68.8   0.088   0.100   0.155   0.250   0.237    20.1    18.5    17.2    16.2    13.9
03761 20150527  2.422  -75.79   39.86    29.1    19.4    24.2    22.7    10.8    16.26 C    46.0    17.2    25.4    95.8    54.5    82.5   0.094   0.100   0.153   0.247   0.235    20.8    19.3    18.0    16.8    14.2
03761 20150528  2.422  -75.79   39.86    29.9    19.4    24.6    23.7     0.0    22.02 C    43.8    16.0    26.2    95.9    46.4    74.3   0.110   0.102   0.153   0.245   0.234    21.8    20.1    18.6    17.3    14.5
03761 20150529  2.422  -75.79   39.86    28.4    17.0    22.7    22.3     0.0    26.78 C    41.5    14.2    25.2    90.5    46.3    63.2   0.102   0.104   0.154   0.243   0.233    21.7    20.3    19.0    17.8    14.8
03761 20150530  2.422  -75.79   39.86    29.8    17.6    23.7    23.4     0.0    25.51 C    44.2    15.3    26.6    95.0    43.1    70.9   0.094   0.104   0.154   0.241   0.232    22.2    20.9    19.5    18.1    15.2
03761 20150531  2.422  -75.79   39.86    31.0    18.8    24.9    24.4     1.1    25.19 C    45.7    16.8    28.2    91.0    41.6    69.4   0.087   0.100   0.152   0.238   0.231    22.9    21.5    20.1    18.5    15.5
03761 20150601  2.422  -75.79   39.86    25.9    13.6    19.8    19.3    33.7    12.05 C    37.3    14.6    21.6    95.0    70.8    89.8   0.150   0.122   0.151   0.236   0.230    22.2    21.5    20.4    18.9    15.9
03761 20150602  2.422  -75.79   39.86    13.6    10.6    12.1    12.1     4.5     4.76 C    16.8    12.3    14.2    95.1    89.7    92.6   0.250   0.200   0.151   0.236   0.230    19.1    19.2    19.1    18.8    16.2
03761 20150603  2.422  -75.79   39.86    18.1    11.5    14.8    14.7     0.0    14.96 C    25.2    12.5    17.4    93.4    62.8    76.7   0.244   0.207   0.153   0.234   0.229    18.5    18.1    18.0    18.1    16.2
03761 20150604  2.422  -75.79   39.86    18.5    12.1    15.3    15.1     9.1    13.04 C    24.7    12.9    17.2    92.1    56.8    71.3   0.228   0.207   0.165   0.234   0.229    18.8    18.4    18.0    17.8    16.1
03761 20150605  2.422  -75.79   39.86    22.7    11.7    17.2    16.2     0.0    13.89 C    31.7    12.7    18.7    95.3    69.5    86.2   0.259   0.228   0.175   0.234   0.228    18.6    18.2    17.8    17.6    16.0
03761 20150606  2.422  -75.79   39.86    25.3    16.2    20.7    20.6     0.0    21.74 C    35.9    14.8    22.1    96.0    42.4    73.2   0.233   0.224   0.187   0.234   0.227    20.1    19.4    18.5    17.7    16.0
03761 20150607  2.422  -75.79   39.86    23.6    13.1    18.3    18.7     0.0    28.00 C    36.7    11.9    22.1    95.3    49.1    70.8   0.208   0.210   0.190   0.234   0.227    20.9    20.2    19.2    18.1    16.1
03761 20150608  2.422  -75.79   39.86    27.5    14.7    21.1    20.7    19.4    25.53 C    37.2    13.5    23.8    95.1    60.7    73.4   0.203   0.201   0.190   0.235   0.226    21.6    20.7    19.7    18.4    16.3
03761 20150609  2.422  -75.79   39.86    27.1    16.2    21.7    22.4     0.0    24.17 C    36.5    14.9    24.0    94.9    42.7    70.1   0.266   0.250   0.195   0.235   0.225    22.6    21.7    20.6    19.0    16.5
03761 20150610  2.422  -75.79   39.86    26.7    13.8    20.3    21.2     0.0    28.50 C    36.6    12.8    23.2    93.3    46.8    68.0   0.224   0.230   0.203   0.236   0.224    22.3    21.6    20.7    19.4    16.9
03761 20150611  2.422  -75.79   39.86    30.7    18.2    24.5    25.0     0.0    25.37 C    38.1    16.6    26.2    95.0    49.7    71.9   0.199   0.213   0.203   0.236   0.224    23.1    22.2    21.2    19.7    17.1
03761 20150612  2.422  -75.79   39.86    31.4    20.7    26.1    26.3     0.0    26.09 C    41.6    19.3    28.4    95.7    52.0    75.6   0.182   0.201   0.202   0.235   0.223    24.4    23.3    22.0    20.3    17.4
03761 20150613  2.422  -75.79   39.86    27.4    21.0    24.2    24.8     0.0    20.96 C    39.6    20.0    26.4    90.0    59.7    71.0   0.171   0.191   0.200   0.236   0.223    24.1    23.4    22.4    20.8    17.8
03761 20150614  2.422  -75.79   39.86    29.8    20.1    25.0    24.2    16.0    24.68 C    42.7    19.6    28.0    95.2    53.5    77.6   0.176   0.187   0.197   0.236   0.223    24.5    23.6    22.6    21.1    18.1
03761 20150615  2.422  -75.79   39.86    29.3    21.5    25.4    25.1     2.0    19.40 C    38.3    21.7    26.9    95.9    57.1    80.0   0.230   0.212   0.197   0.236   0.222    24.9    24.0    23.0    21.5    18.4
03761 20150616  2.422  -75.79   39.86    30.1    19.0    24.6    25.5     0.6    21.64 C    38.9    18.0    26.8    95.5    49.5    74.5   0.213   0.208   0.199   0.236   0.222    25.1    24.3    23.3    21.8    18.7
03761 20150617  2.422  -75.79   39.86    27.8    15.6    21.7    21.7     0.0    25.41 C    40.3    14.6    24.7    94.9    44.5    71.7   0.193   0.198   0.199   0.237   0.221    24.4    23.8    23.1    22.0    19.0
03761 20150618  2.422  -75.79   39.86    21.1    18.0    19.5    19.4    31.7     6.05 C    26.0    18.7    21.1    94.8    88.1    92.5   0.292   0.286   0.260   0.237   0.221    22.7    22.6    22.4    22.0    19.2
03761 20150619  2.422  -75.79   39.86    28.1    19.1    23.6    23.4    17.6    23.30 C    36.0    18.9    25.2    94.9    53.6    76.7   0.300   0.309   0.321   0.237   0.221    23.4    22.7    22.1    21.6    19.3
03761 20150620  2.422  -75.79   39.86    27.8    19.4    23.6    23.2    20.9    16.04 C    34.7    20.2    24.9    94.0    68.0    79.9   0.281   0.292   0.316   0.242   0.221    24.0    23.3    22.7    21.8    19.3
03761 20150621  2.422  -75.79   39.86    29.5    21.3    25.4    24.9     7.2    22.74 C    36.1    21.3    26.1    95.1    51.8    76.1   0.308   0.316   0.337   0.281   0.222    24.6    23.8    23.1    22.2    19.5
03761 20150622  2.422  -75.79   39.86    29.2    18.6    23.9    24.5     0.0    29.05 C    37.3    17.6    26.1    94.7    44.4    69.3   0.289   0.302   0.329   0.300   0.223    25.1    24.3    23.4    22.5    19.7
03761 20150623  2.422  -75.79   39.86    31.3    19.5    25.4    24.0    19.8    18.63 C    37.8    19.0    25.3    94.8    58.3    83.7   0.288   0.303   0.330   0.309   0.223    25.1    24.4    23.8    22.8    20.0
03761 20150624  2.422  -75.79   39.86    25.8    15.2    20.5    21.0     0.0    31.19 C    34.3    14.9    23.2    92.4    43.4    69.3   0.292   0.306   0.333   0.334   0.225    24.6    24.1    23.6    23.0    20.2
03761 20150625  2.422  -75.79   39.86    26.3    14.2    20.2    19.9     1.5    19.06 C    36.0    13.8    21.8    94.5    40.8    74.6   0.272   0.288   0.320   0.336   0.226    23.8    23.5    23.2    22.8    20.4
03761 20150626  2.422  -75.79   39.86    25.6    16.8    21.2    20.8     0.0    21.35 C    32.3    16.7    23.1    94.4    52.3    77.7   0.267   0.281   0.313   0.335   0.227    23.9    23.3    22.9    22.6    20.4
03761 20150627  2.422  -75.79   39.86    19.1    15.5    17.3    17.6    41.1     4.30 C    21.0    15.5    18.0    94.2    69.1    88.1   0.305   0.305   0.328   0.347   0.240    22.1    22.4    22.5    22.6    20.5
03761 20150628  2.422  -75.79   39.86    23.3    16.4    19.9    19.9     2.8    19.46 C    28.5    14.3    20.8    94.5    55.3    73.1   0.332   0.318   0.340   0.366   0.269    21.6    21.4    21.4    21.9    20.5
03761 20150629  2.422  -75.79   39.86    24.9    13.1    19.0    19.3     0.0    26.42 C    31.1    11.6    20.2    94.1    46.6    69.2   0.310   0.299   0.327   0.358   0.267    22.0    21.7    21.5    21.6    20.2
03761 20150630  2.422  -75.79   39.86    27.5    15.0    21.3    21.5     0.8    17.38 C    34.7    14.2    22.2    95.1    63.1    82.7   0.296   0.290   0.318   0.353   0.264    22.5    22.0    21.7    21.6    20.1
03761 20150701  2.422  -75.79   39.86    26.8    16.9    21.9    22.2    13.6    28.29 C    32.2    15.8    23.3    93.2    50.0    74.2   0.337   0.320   0.334   0.351   0.263    23.5    22.8    22.2    21.7    20.0
03761 20150702  2.422  -75.79   39.86    22.5    14.7    18.6    18.8     0.5     8.33 C    28.1    14.1    19.3    95.8    65.2    86.7   0.317   0.305   0.326   0.352   0.261    22.5    22.3    22.1    21.9    20.2
03761 20150703  2.422  -75.79   39.86    25.6    15.1    20.3    20.8     0.0    24.68 C    32.0    13.9    22.1    96.1    53.7    75.2   0.307   0.298   0.320   0.349   0.261    22.6    22.1    21.7    21.7    20.2
03761 20150704  2.422  -75.79   39.86    22.8    18.4    20.6    20.1     2.3    11.42 C    29.8    18.8    21.4    94.3    74.2    86.6   0.302   0.291   0.314   0.347   0.260    23.0    22.6    22.1    21.8    20.2
03761 20150705  2.422  -75.79   39.86    26.2    17.1    21.6    21.8     0.0    25.15 C    32.3    16.0    23.5    95.8    60.9    81.4   0.298   0.286   0.313   0.343   0.259    23.4    22.8    22.2    21.8    20.2
03761 20150706  2.422  -75.79   39.86    28.2    19.6    23.9    23.6     2.5    17.95 C    34.0    19.3    24.9    94.3    66.5    85.2   0.284   0.277   0.308   0.340   0.258    24.1    23.4    22.7    22.1    20.2
03761 20150707  2.422  -75.79   39.86    29.3    21.3    25.3    24.9     0.0    21.57 C    34.9    20.1    25.5    95.4    64.5    81.0   0.282   0.272   0.302   0.337   0.257    24.9    24.1    23.3    22.4    20.4
03761 20150708  2.422  -75.79   39.86    28.3    21.7    25.0    24.8     6.0    17.43 C    33.7    20.7    25.2    95.5    63.6    81.2   0.281   0.266   0.298   0.334   0.256    24.9    24.3    23.6    22.8    20.6
03761 20150709  2.422  -75.79   39.86    27.7    21.1    24.4    24.0    14.1    17.81 C    33.0    20.5    24.9    95.8    69.4    83.8   0.308   0.279   0.299   0.331   0.255    24.9    24.3    23.7    23.0    20.8
03761 20150710  2.422  -75.79   39.86    26.5    18.8    22.6    22.5     0.0    28.63 C    31.3    17.9    23.2    91.8    49.4    69.6   0.325   0.301   0.317   0.329   0.254    24.9    24.3    23.7    23.1    20.9
03761 20150711  2.422  -75.79   39.86    27.6    16.8    22.2    22.4     0.0    29.32 C    32.2    15.8    23.3    92.8    38.0    67.0   0.292   0.288   0.309   0.326   0.253    24.6    24.2    23.7    23.2    21.1
03761 20150712  2.422  -75.79   39.86    28.3    15.2    21.8    22.4     0.0    25.54 C    32.7    14.0    23.0    95.7    41.1    72.2   0.270   0.272   0.299   0.324   0.252    24.0    23.7    23.4    23.2    21.2
03761 20150713  2.422  -75.79   39.86    28.0    17.3    22.7    22.7     0.0    25.45 C    34.0    16.5    23.3    95.2    46.6    72.6   0.253   0.258   0.291   0.323   0.251    24.2    23.8    23.4    23.1    21.2
03761 20150714  2.422  -75.79   39.86    28.1    20.1    24.1    23.8     3.7    19.56 C    33.5    19.2    24.5    94.9    63.7    83.0   0.245   0.250   0.284   0.320   0.251    24.5    24.0    23.4    23.1    21.2
03761 20150715  2.422  -75.79   39.86    25.9    17.0    21.5    21.4    16.2    12.44 C    30.4    15.4    21.7    94.1    70.0    82.8   0.322   0.285   0.294   0.318   0.250    23.9    23.7    23.4    23.2    21.3
03761 20150716  2.422  -75.79   39.86    24.7    14.7    19.7    19.3     0.0    30.88 C    30.6    12.9    20.5    94.1    45.8    69.4   0.297   0.281   0.298   0.316   0.249    23.5    23.2    23.0    23.0    21.3
03761 20150717  2.422  -75.79   39.86    25.6    14.2    19.9    20.7     0.0    20.65 C    31.3    12.9    21.3    95.9    59.3    77.9   0.273   0.268   0.292   0.315   0.247    23.0    22.8    22.6    22.8    21.2
03761 20150718  2.422  -75.79   39.86    29.0    20.9    25.0    24.4     0.0    18.92 C    34.2    20.2    25.0    90.5    59.0    80.3   0.258   0.260   0.287   0.313   0.247    24.0    23.4    22.8    22.7    21.1
03761 20150719  2.422  -75.79   39.86    32.0    21.2    26.6    27.0     0.0    26.46 C    35.7    20.2    27.3    95.8    57.3    78.4   0.241   0.249   0.281   0.311   0.246    25.1    24.3    23.5    22.9    21.2
03761 20150720  2.422  -75.79   39.86    31.0    22.6    26.8    26.8     0.0    25.10 C    34.6    21.1    26.6    92.5    54.6    74.1   0.219   0.236   0.273   0.310   0.246    25.8    25.0    24.2    23.4    21.3
03761 20150721  2.422  -75.79   39.86    28.9    18.8    23.9    24.5     0.0    15.89 C    31.5    17.3    24.0    94.8    59.9    77.8   0.204   0.225   0.266   0.307   0.244    25.1    24.7    24.2    23.6    21.5
03761 20150722  2.422  -75.79   39.86    26.6    16.4    21.5    21.4     0.0    26.22 C    30.2    13.5    20.6    93.1    42.7    65.2   0.192   0.215   0.260   0.305   0.243    23.9    23.8    23.6    23.5    21.6
03761 20150723  2.422  -75.79   39.86    25.8    14.6    20.2    20.1     0.0    26.91 C    30.5    12.4    19.9    92.6    40.3    64.8   0.177   0.203   0.251   0.303   0.243    23.1    23.0    23.0    23.1    21.6
03761 20150724  2.422  -75.79   39.86    27.1    13.1    20.1    20.1     0.0    29.79 C    31.4    11.4    20.3    94.9    36.3    67.4   0.163   0.191   0.243   0.300   0.242    22.7    22.5    22.4    22.8    21.5
03761 20150725  2.422  -75.79   39.86    28.7    13.6    21.1    22.0     0.0    28.56 C    34.0    12.0    22.2    94.5    38.7    67.2   0.150   0.178   0.234   0.298   0.241    22.8    22.5    22.3    22.6    21.3
03761 20150726  2.422  -75.79   39.86    29.1    17.7    23.4    23.8     0.0    24.87 C    33.6    15.2    23.5    90.4    54.0    70.3   0.141   0.167   0.225   0.295   0.240    23.4    22.9    22.5    22.5    21.2
03761 20150727  2.422  -75.79   39.86    26.6    19.2    22.9    22.7    27.8    14.13 C    29.7    17.9    23.1    95.6    72.4    85.9   0.284   0.269   0.232   0.292   0.239    23.1    22.9    22.6    22.6    21.2
03761 20150728  2.422  -75.79   39.86    30.3    18.8    24.6    24.4     0.0    25.62 C    34.5    18.0    25.3    96.0    52.8    81.5   0.253   0.249   0.243   0.290   0.238    24.0    23.4    22.8    22.5    21.2
03761 20150729  2.422  -75.79   39.86    30.6    19.7    25.1    25.2     0.0    25.33 C    34.8    18.3    25.6    96.0    62.1    81.0   0.226   0.232   0.241   0.287   0.237    24.6    24.0    23.3    22.7    21.2
03761 20150730  2.422  -75.79   39.86    29.0    20.9    25.0    24.3    13.4    12.89 C    32.9    19.2    24.2    95.7    72.4    88.6   0.252   0.238   0.240   0.286   0.237    24.6    24.2    23.6    23.0    21.3
03761 20150731  2.422  -75.79   39.86    28.9    16.2    22.5    23.0     0.0    28.61 C    31.7    14.5    22.4    96.1    38.9    70.4   0.270   0.253   0.246   0.284   0.236    23.9    23.6    23.3    23.0    21.4
03761 20150801  2.422  -75.79   39.86    28.7    17.3    23.0    23.2     0.0    26.76 C    32.2    15.2    22.2    91.8    38.6    66.6   0.237   0.237   0.244   0.282   0.235    23.6    23.3    23.0    22.9    21.4
03761 20150802  2.422  -75.79   39.86    28.4    14.7    21.6    22.1     0.0    27.25 C    32.5    13.1    21.9    94.5    37.9    68.7   0.212   0.222   0.240   0.280   0.234    23.0    22.9    22.7    22.8    21.4
03761 20150803  2.422  -75.79   39.86    29.5    16.8    23.1    23.6     0.0    25.20 C    38.4    14.6    23.7    93.2    40.0    70.9   0.192   0.209   0.236   0.278   0.233    23.1    22.8    22.5    22.6    21.4
03761 20150804  2.422  -75.79   39.86    29.4    18.2    23.8    23.8     2.6    26.67 C    39.2    16.3    25.8    94.6    40.6    72.2   0.183   0.200   0.232   0.277   0.233    23.7    23.2    22.8    22.6    21.3
03761 20150805  2.422  -75.79   39.86    28.1    15.8    22.0    22.0     0.0    25.59 C    38.6    14.9    23.9    93.9    40.3    67.7   0.175   0.193   0.229   0.276   0.232    23.2    22.9    22.7    22.7    21.3
03761 20150806  2.422  -75.79   39.86    25.9    13.8    19.8    20.1     0.4    19.63 C    38.7    12.5    22.9    95.0    47.8    76.2   0.163   0.184   0.225   0.274   0.231    22.4    22.2    22.2    22.5    21.3
03761 20150807  2.422  -75.79   39.86    27.2    16.0    21.6    21.5     0.0    24.32 C    39.6    14.7    24.1    95.5    42.0    72.2   0.155   0.178   0.220   0.272   0.231    22.7    22.4    22.2    22.3    21.2
03761 20150808  2.422  -75.79   39.86    27.1    14.8    21.0    20.9     0.0    24.11 C    41.4    13.5    23.6    95.0    42.9    70.2   0.146   0.170   0.217   0.270   0.230    22.2    22.0    22.0    22.2    21.1
03761 20150809  2.422  -75.79   39.86    26.8    15.4    21.1    21.7     0.0    20.82 C    40.4    14.1    24.6    95.6    56.4    73.6   0.138   0.162   0.214   0.269   0.230    22.4    22.1    22.0    22.2    21.1
03761 20150810  2.422  -75.79   39.86    22.9    17.6    20.3    19.9     2.0     5.73 C    28.2    16.4    20.7    92.7    74.3    87.1   0.133   0.158   0.211   0.267   0.229    22.1    22.0    21.9    22.2    21.1
03761 20150811  2.422  -75.79   39.86    27.2    18.2    22.7    22.3    11.1    11.53 C    36.9    16.6    23.0    95.5    62.4    87.5   0.191   0.160   0.209   0.266   0.228    22.3    22.0    21.8    21.9    21.0
03761 20150812  2.422  -75.79   39.86    26.2    16.1    21.2    21.1     0.0    25.31 C    36.3    14.4    22.8    95.4    43.5    71.5   0.186   0.168   0.209   0.265   0.228    22.6    22.2    21.9    21.9    20.9
03761 20150813  2.422  -75.79   39.86    26.8    13.7    20.2    20.1     0.0    25.14 C    38.1    11.1    21.9    94.8    35.0    68.8   0.171   0.167   0.208   0.265   0.227    22.6    22.2    21.9    22.0    20.9
03761 20150814  2.422  -75.79   39.86    28.9    12.0    20.5    20.9     0.0    24.57 C    39.3    10.5    22.7    95.5    41.2    70.9   0.157   0.165   0.207   0.263   0.226    22.3    21.9    21.7    21.9    20.9
03761 20150815  2.422  -75.79   39.86    30.2    15.6    22.9    22.8     0.0    25.62 C    40.4    13.8    24.5    94.7    42.5    68.9   0.146   0.162   0.204   0.261   0.226    23.0    22.5    22.0    21.9    20.8
03761 20150816  2.422  -75.79   39.86    31.2    16.0    23.6    23.9     0.0    25.17 C    41.0    14.6    25.5    93.9    45.8    69.4 -99.000 -99.000 -99.000 -99.000 -99.000 -9999.0 -9999.0 -9999.0 -9999.0 -9999.0
03761 20150817  2.422  -75.79   39.86    31.6    17.8    24.7    24.8     0.0    24.51 C    41.0    16.3    26.6    93.5    46.6    73.3 -99.000 -99.000 -99.000 -99.000 -99.000 -9999.0 -9999.0 -9999.0 -9999.0 -9999.0
03761 20150818  2.422  -75.79   39.86    30.6    19.7    25.1    24.6     0.0    22.38 C    42.4    18.3    26.8    95.5    39.8    78.7 -99.000 -99.000 -99.000 -99.000 -99.000 -9999.0 -9999.0 -9999.0 -9999.0 -9999.0
03761 20150819  2.422  -75.79   39.86    28.7    22.3    25.5    24.6     3.4    16.15 C    40.4    20.4    26.1    94.6    60.1    82.9 -99.000 -99.000 -99.000 -99.000 -99.000 -9999.0 -9999.0 -9999.0 -9999.0 -9999.0
03761 20150820  2.422  -75.79   39.86    28.0    22.8    25.4    24.2    17.0     9.72 C    36.4    21.7    24.9    93.9    63.5    87.5 -99.000 -99.000 -99.000 -99.000 -99.000 -9999.0 -9999.0 -9999.0 -9999.0 -9999.0
03761 20150821  2.422  -75.79   39.86    27.7    16.6    22.1    22.4     0.0    23.91 C    37.3    14.3    23.8    95.1    44.4    73.1 -99.000 -99.000 -99.000 -99.000 -99.000 -9999.0 -9999.0 -9999.0 -9999.0 -9999.0
03761 20150822  2.422  -75.79   39.86    25.9    13.8    19.8    19.7     0.0    26.76 C    35.8    11.6    21.0    91.5    33.7    62.0 -99.000 -99.000 -99.000 -99.000 -99.000 -9999.0 -9999.0 -9999.0 -9999.0 -9999.0
03761 20150823  2.422  -75.79   39.86    26.3    12.2    19.2    19.2     0.0    24.37 C    36.9    10.4    21.0    94.4    39.8    70.8 -99.000 -99.000 -99.000 -99.000 -99.000 -9999.0 -9999.0 -9999.0 -9999.0 -9999.0
03761 20150824  2.422  -75.79   39.86    29.1    14.0    21.6    22.1     0.0    22.13 C    39.4    12.9    24.2    94.5    55.8    76.9 -99.000 -99.000 -99.000 -99.000 -99.000 -9999.0 -9999.0 -9999.0 -9999.0 -9999.0
03761 20150825  2.422  -75.79   39.86    27.0    14.5    20.7    21.9     0.0    25.28 C    37.1    11.9    23.5    93.7    36.6    67.7 -99.000 -99.000 -99.000 -99.000 -99.000 -9999.0 -9999.0 -9999.0 -9999.0 -9999.0
03761 20150826  2.422  -75.79   39.86    24.3    13.2    18.8    18.8     0.0    23.84 C    35.4    10.8    20.4    91.3    41.4    66.5 -99.000 -99.000 -99.000 -99.000 -99.000 -9999.0 -9999.0 -9999.0 -9999.0 -9999.0
03761 20150827  2.422  -75.79   39.86    24.1    12.0    18.1    17.8     0.0    20.04 C    36.5     9.9    19.0    93.7    46.8    72.9 -99.000 -99.000 -99.000 -99.000 -99.000 -9999.0 -9999.0 -9999.0 -9999.0 -9999.0
03761 20150828  2.422  -75.79   39.86    25.8    11.3    18.6    18.3     0.0    22.18 C    38.2     9.3    19.8    94.9    39.8    73.0 -99.000 -99.000 -99.000 -99.000 -99.000 -9999.0 -9999.0 -9999.0 -9999.0 -9999.0
03761 20150829  2.422  -75.79   39.86    27.8    12.0    19.9    20.3     0.0    21.84 C    38.0    10.3    21.7    95.1    47.3    75.2 -99.000 -99.000 -99.000 -99.000 -99.000 -9999.0 -9999.0 -9999.0 -9999.0 -9999.0
03761 20150830  2.422  -75.79   39.86    29.2    15.2    22.2    22.7     0.0    21.39 C    38.9    13.5    24.4    94.8    52.6    76.4 -99.000 -99.000 -99.000 -99.000 -99.000 -9999.0 -9999.0 -9999.0 -9999.0 -9999.0
03761 20150831  2.422  -75.79   39.86    29.8    20.6    25.2    24.8     0.0    16.78 C    41.4    17.7    25.7    91.4    52.7    73.5 -99.000 -99.000 -99.000 -99.000 -99.000 -9999.0 -9999.0 -9999.0 -9999.0 -9999.0
03761 20150901  2.422  -75.79   39.86    31.3    17.9    24.6    24.1     0.0    21.88 C    40.3    15.9    25.2    95.2    36.8    71.6 -99.000 -99.000 -99.000 -99.000 -99.000 -9999.0 -9999.0 -9999.0 -9999.0 -9999.0
03761 20150902  2.422  -75.79   39.86    30.7    16.9    23.8    23.1     0.0    19.71 C    39.9    15.4    24.2    94.6    35.0    72.1 -99.000 -99.000 -99.000 -99.000 -99.000 -9999.0 -9999.0 -9999.0 -9999.0 -9999.0
03761 20150903  2.422  -75.79   39.86    32.1    18.2    25.1    24.8     0.0    20.33 C    41.3    16.3    26.2    93.6    40.6    70.5 -99.000 -99.000 -99.000 -99.000 -99.000 -9999.0 -9999.0 -9999.0 -9999.0 -9999.0
03761 20150904  2.422  -75.79   39.86    30.5    19.3    24.9    23.8     2.4    16.30 C    40.2    17.4    24.9    92.8    51.0    77.5 -99.000 -99.000 -99.000 -99.000 -99.000 -9999.0 -9999.0 -9999.0 -9999.0 -9999.0
03761 20150905  2.422  -75.79   39.86    27.8    15.0    21.4    22.2     0.0    18.75 C    39.3    12.5    23.5    90.0    45.7    70.3 -99.000 -99.000 -99.000 -99.000 -99.000 -9999.0 -9999.0 -9999.0 -9999.0 -9999.0
03761 20150906  2.422  -75.79   39.86    28.1    12.2    20.1    19.5     0.0    22.65 C    39.5    10.0    21.1    95.5    28.5    67.6 -99.000 -99.000 -99.000 -99.000 -99.000 -9999.0 -9999.0 -9999.0 -9999.0 -9999.0
03761 20150907  2.422  -75.79   39.86    30.2    13.5    21.8    22.0     0.0    22.44 C    40.9    11.5    24.1    95.9    42.3    73.3 -99.000 -99.000 -99.000 -99.000 -99.000 -9999.0 -9999.0 -9999.0 -9999.0 -9999.0
03761 20150908  2.422  -75.79   39.86    31.6    16.9    24.3    23.9     0.0    22.22 C    42.4    15.6    25.6    95.3    41.4    74.1 -99.000 -99.000 -99.000 -99.000 -99.000 -9999.0 -9999.0 -9999.0 -9999.0 -9999.0
03761 20150909  2.422  -75.79   39.86    32.3    19.9    26.1    25.7     0.0    18.30 C    44.4    17.9    27.9    95.5    42.4    76.3 -99.000 -99.000 -99.000 -99.000 -99.000 -9999.0 -9999.0 -9999.0 -9999.0 -9999.0
03761 20150910  2.422  -75.79   39.86    24.5    19.0    21.7    21.5    28.0     2.68 C    26.5    18.8    21.7    94.7    72.3    91.0 -99.000 -99.000 -99.000 -99.000 -99.000 -9999.0 -9999.0 -9999.0 -9999.0 -9999.0
03761 20150911  2.422  -75.79   39.86    26.0    15.5    20.8    20.4     0.2    17.18 C    34.6    14.0    21.3    95.1    46.9    77.7 -99.000 -99.000 -99.000 -99.000 -99.000 -9999.0 -9999.0 -9999.0 -9999.0 -9999.0
03761 20150912  2.422  -75.79   39.86    22.8    14.0    18.4    18.7    22.2     4.27 C    24.2    12.9    18.7    95.8    72.9    91.5 -99.000 -99.000 -99.000 -99.000 -99.000 -9999.0 -9999.0 -9999.0 -9999.0 -9999.0
03761 20150913  2.422  -75.79   39.86    19.8    12.7    16.3    16.3     0.0    10.83 C    24.0     8.9    15.6    95.1    45.6    72.7 -99.000 -99.000 -99.000 -99.000 -99.000 -9999.0 -9999.0 -9999.0 -9999.0 -9999.0
03761 20150914  2.422  -75.79   39.86    22.6     9.7    16.2    15.6     0.0    22.90 C    29.3     7.2    15.7    93.8    34.3    64.3 -99.000 -99.000 -99.000 -99.000 -99.000 -9999.0 -9999.0 -9999.0 -9999.0 -9999.0
03761 20150915  2.422  -75.79   39.86    25.8     9.8    17.8    17.4     0.0    22.21 C    33.6     7.9    17.9    94.2    35.4    69.8 -99.000 -99.000 -99.000 -99.000 -99.000 -9999.0 -9999.0 -9999.0 -9999.0 -9999.0
03761 20150916  2.422  -75.79   39.86    27.8    11.0    19.4    19.0     0.0    21.68 C    34.8     9.3    19.4    94.8    34.4    70.8 -99.000 -99.000 -99.000 -99.000 -99.000 -9999.0 -9999.0 -9999.0 -9999.0 -9999.0
03761 20150917  2.422  -75.79   39.86    27.7    11.3    19.5    18.9     0.0    21.24 C    34.8     9.6    19.4    95.5    37.8    72.5 -99.000 -99.000 -99.000 -99.000 -99.000 -9999.0 -9999.0 -9999.0 -9999.0 -9999.0
03761 20150918  2.422  -75.79   39.86    27.5    11.3    19.4    19.5     0.0    21.11 C    34.5     9.8    20.0    95.3    38.9    72.6 -99.000 -99.000 -99.000 -99.000 -99.000 -9999.0 -9999.0 -9999.0 -9999.0 -9999.0
03761 20150919  2.422  -75.79   39.86    26.8    13.7    20.3    20.6     0.0    15.80 C    34.8    12.2    21.3    95.9    53.8    82.2 -99.000 -99.000 -99.000 -99.000 -99.000 -9999.0 -9999.0 -9999.0 -9999.0 -9999.0
03761 20150920  2.422  -75.79   39.86    24.0    14.8    19.4    19.4     0.0    16.56 C    31.4    11.3    19.2    95.3    36.3    64.5 -99.000 -99.000 -99.000 -99.000 -99.000 -9999.0 -9999.0 -9999.0 -9999.0 -9999.0
03761 20150921  2.422  -75.79   39.86    20.0    12.8    16.4    15.9     0.0    10.41 C    29.3    11.0    16.1    89.7    51.6    65.5 -99.000 -99.000 -99.000 -99.000 -99.000 -9999.0 -9999.0 -9999.0 -9999.0 -9999.0
03761 20150922  2.422  -75.79   39.86    20.6    13.2    16.9    16.5     0.0    12.21 C    28.7    11.3    17.0    91.5    59.1    73.1 -99.000 -99.000 -99.000 -99.000 -99.000 -9999.0 -9999.0 -9999.0 -9999.0 -9999.0
03761 20150923  2.422  -75.79   39.86    24.1    10.9    17.5    16.6     0.0    21.04 C    30.7     8.6    17.1    93.3    34.8    70.8 -99.000 -99.000 -99.000 -99.000 -99.000 -9999.0 -9999.0 -9999.0 -9999.0 -9999.0
03761 20150924  2.422  -75.79   39.86    25.2     8.3    16.7    17.1     0.0    18.89 C    32.1     6.4    16.7    95.3    36.6    66.8 -99.000 -99.000 -99.000 -99.000 -99.000 -9999.0 -9999.0 -9999.0 -9999.0 -9999.0
03761 20150925  2.422  -75.79   39.86    23.3    13.2    18.2    18.0     0.0    15.98 C    30.2    10.8    17.7    89.9    39.3    64.6 -99.000 -99.000 -99.000 -99.000 -99.000 -9999.0 -9999.0 -9999.0 -9999.0 -9999.0
03761 20150926  2.422  -75.79   39.86    20.7    12.4    16.6    16.2     0.0    11.48 C    25.4    10.0    15.9    86.6    53.2    69.4 -99.000 -99.000 -99.000 -99.000 -99.000 -9999.0 -9999.0 -9999.0 -9999.0 -9999.0
03761 20150927  2.422  -75.79   39.86    20.4    12.7    16.6    16.4     0.0    10.38 C    29.2    11.2    16.9    90.0    63.6    76.8 -99.000 -99.000 -99.000 -99.000 -99.000 -9999.0 -9999.0 -9999.0 -9999.0 -9999.0
03761 20150928  2.422  -75.79   39.86    26.0    15.9    20.9    20.4     0.0    11.21 C    33.1    13.7    21.1    95.1    59.2    82.7 -99.000 -99.000 -99.000 -99.000 -99.000 -9999.0 -9999.0 -9999.0 -9999.0 -9999.0
03761 20150929  2.422  -75.79   39.86    27.6    18.0    22.8    22.5    36.1     7.71 C    32.9    18.2    23.1    95.6    62.2    87.0 -99.000 -99.000 -99.000 -99.000 -99.000 -9999.0 -9999.0 -9999.0 -9999.0 -9999.0
03761 20150930  2.422  -75.79   39.86    24.5    15.1    19.8    20.6     1.9     5.38 C    28.3    14.6    20.6    94.1    73.2    84.9 -99.000 -99.000 -99.000 -99.000 -99.000 -9999.0 -9999.0 -9999.0 -9999.0 -9999.0
03761 20151001  2.422  -75.79   39.86    15.1    12.1    13.6    12.9    11.1     2.39 C    14.6    11.8    13.2    91.2    78.9    87.5 -99.000 -99.000 -99.000 -99.000 -99.000 -9999.0 -9999.0 -9999.0 -9999.0 -9999.0
03761 20151002  2.422  -75.79   39.86    12.3     7.7    10.0     9.3    33.1     2.15 C    11.9     7.6     9.4    91.7    79.0    88.1 -99.000 -99.000 -99.000 -99.000 -99.000 -9999.0 -9999.0 -9999.0 -9999.0 -9999.0
03761 20151003  2.422  -75.79   39.86    11.4     7.6     9.5     9.6     3.1     3.48 C    12.6     7.5     9.8    91.9    84.4    89.0 -99.000 -99.000 -99.000 -99.000 -99.000 -9999.0 -9999.0 -9999.0 -9999.0 -9999.0
03761 20151004  2.422  -75.79   39.86    14.1    10.0    12.0    11.7     0.0     6.92 C    15.8     8.8    11.6    86.4    63.3    76.6 -99.000 -99.000 -99.000 -99.000 -99.000 -9999.0 -9999.0 -9999.0 -9999.0 -9999.0
03761 20151005  2.422  -75.79   39.86    17.8     7.0    12.4    11.4     0.0    16.83 C    23.9     5.1    11.6    95.7    50.0    75.6 -99.000 -99.000 -99.000 -99.000 -99.000 -9999.0 -9999.0 -9999.0 -9999.0 -9999.0
03761 20151006  2.422  -75.79   39.86    22.0     5.9    13.9    13.8     0.0    17.32 C    27.0     4.1    13.9    96.4    39.3    78.1 -99.000 -99.000 -99.000 -99.000 -99.000 -9999.0 -9999.0 -9999.0 -9999.0 -9999.0
03761 20151007  2.422  -75.79   39.86    22.3    11.0    16.6    15.6     0.0    14.17 C    26.6     9.2    15.6    95.4    48.0    79.3 -99.000 -99.000 -99.000 -99.000 -99.000 -9999.0 -9999.0 -9999.0 -9999.0 -9999.0
03761 20151008  2.422  -75.79   39.86    22.3     9.3    15.8    15.3     0.0    14.93 C    30.4     7.7    15.2    95.9    49.0    79.3 -99.000 -99.000 -99.000 -99.000 -99.000 -9999.0 -9999.0 -9999.0 -9999.0 -9999.0
03761 20151009  2.422  -75.79   39.86    24.1    11.6    17.8    17.3     9.2    11.13 C    29.3    11.2    17.4    96.0    65.8    86.1 -99.000 -99.000 -99.000 -99.000 -99.000 -9999.0 -9999.0 -9999.0 -9999.0 -9999.0
03761 20151010  2.422  -75.79   39.86    16.3     5.1    10.7    11.4     0.0    17.63 C    22.0     3.2    11.3    95.6    42.9    68.8 -99.000 -99.000 -99.000 -99.000 -99.000 -9999.0 -9999.0 -9999.0 -9999.0 -9999.0
03761 20151011  2.422  -75.79   39.86    19.6     2.7    11.2    10.7     0.0    17.41 C    24.4     1.2    10.6    96.7    43.4    77.3 -99.000 -99.000 -99.000 -99.000 -99.000 -9999.0 -9999.0 -9999.0 -9999.0 -9999.0
03761 20151012  2.422  -75.79   39.86    22.5     5.3    13.9    14.0     0.0    17.44 C    27.6     3.8    13.6    96.1    33.2    75.1 -99.000 -99.000 -99.000 -99.000 -99.000 -9999.0 -9999.0 -9999.0 -9999.0 -9999.0
03761 20151013  2.422  -75.79   39.86    22.5     9.3    15.9    16.0     0.0    10.57 C    27.7     7.8    15.3    96.1    52.2    76.4 -99.000 -99.000 -99.000 -99.000 -99.000 -9999.0 -9999.0 -9999.0 -9999.0 -9999.0
03761 20151014  2.422  -75.79   39.86    17.5     8.6    13.0    13.3     0.0    10.66 C    23.5     5.8    11.9    90.6    49.6    69.2 -99.000 -99.000 -99.000 -99.000 -99.000 -9999.0 -9999.0 -9999.0 -9999.0 -9999.0
03761 20151015  2.422  -75.79   39.86    16.4     6.0    11.2    11.3     0.0    16.33 C    21.3     3.8    10.2    91.6    39.2    67.1 -99.000 -99.000 -99.000 -99.000 -99.000 -9999.0 -9999.0 -9999.0 -9999.0 -9999.0
03761 20151016  2.422  -75.79   39.86    15.8     5.7    10.8    11.1     0.0    16.93 C    20.4     2.6     9.7    93.5    37.9    62.5 -99.000 -99.000 -99.000 -99.000 -99.000 -9999.0 -9999.0 -9999.0 -9999.0 -9999.0
03761 20151017  2.422  -75.79   39.86    11.2     3.0     7.1     7.2     0.0    10.48 C    17.5     0.5     6.4    91.4    38.2    63.4 -99.000 -99.000 -99.000 -99.000 -99.000 -9999.0 -9999.0 -9999.0 -9999.0 -9999.0
03761 20151018  2.422  -75.79   39.86     9.0    -0.8     4.1     3.8     0.0    12.36 C    16.7    -2.8     3.5    93.0    43.0    73.2   0.247   0.239   0.279   0.301   0.208    11.4    12.3    13.1    14.6    16.0
03761 20151019  2.422  -75.79   39.86    11.1    -2.8     4.2     3.9     0.0    14.33 C    16.7    -4.8     3.6    95.1    39.0    72.7   0.241   0.235   0.275   0.299   0.208    10.2    11.0    12.1    13.9    15.6
03761 20151020  2.422  -75.79   39.86    20.7     2.9    11.8    11.8     0.0    14.17 C    24.6     0.1    10.3    91.0    27.2    59.1   0.239   0.232   0.273   0.298   0.207    10.9    11.3    11.9    13.3    15.1
03761 20151021  2.422  -75.79   39.86    23.0     5.1    14.0    13.0     0.0    14.07 C    26.9     3.4    11.5    96.5    31.8    70.7   0.233   0.228   0.270   0.297   0.208    11.9    12.1    12.4    13.3    14.8
03761 20151022  2.422  -75.79   39.86    23.8     4.6    14.2    14.7     0.0    13.97 C    28.4     2.8    13.6    96.6    35.8    68.2   0.227   0.225   0.267   0.296   0.207    12.3    12.5    12.7    13.4    14.6
03761 20151023  2.422  -75.79   39.86    16.5     4.2    10.4    11.4     0.0    15.89 C    21.5     0.5     9.5    90.6    30.5    60.2   0.220   0.221   0.264   0.295   0.208    12.7    13.0    13.2    13.6    14.6
03761 20151024  2.422  -75.79   39.86    14.6     1.3     7.9     9.3     0.0    10.10 C    20.8    -1.1     9.0    85.5    46.6    66.0   0.213   0.216   0.261   0.293   0.208    11.4    11.9    12.5    13.5    14.5
03761 20151025  2.422  -75.79   39.86    19.7     5.3    12.5    13.5     0.2     9.26 C    23.5     2.0    12.7    92.7    52.5    72.2   0.210   0.213   0.260   0.292   0.208    12.9    12.9    12.9    13.4    14.4
03761 20151026  2.422  -75.79   39.86    14.1     0.9     7.5     7.0     0.0    12.09 C    19.3    -1.5     5.9    92.2    34.7    69.7   0.206   0.211   0.257   0.291   0.208    11.5    12.2    12.7    13.5    14.3
03761 20151027  2.422  -75.79   39.86    14.0    -0.1     7.0     8.1     0.0     7.32 C    15.9    -1.9     7.4    94.9    60.1    76.5   0.202   0.209   0.254   0.289   0.208    10.4    11.0    11.8    13.1    14.2
03761 20151028  2.422  -75.79   39.86    20.1    11.5    15.8    16.3    39.8     1.03 C    19.4    10.5    15.8    94.9    77.7    90.9   0.282   0.264   0.284   0.289   0.208    12.6    12.5    12.4    12.9    14.0
03761 20151029  2.422  -75.79   39.86    20.1     9.9    15.0    16.3    20.5    11.24 C    23.2     4.7    14.5    95.8    31.8    63.9   0.350   0.318   0.336   0.353   0.233    14.3    14.3    13.9    13.5    14.0
03761 20151030  2.422  -75.79   39.86    12.4     1.7     7.0     8.7     0.0    12.17 C    18.1    -0.4     6.9    93.0    47.6    60.4   0.324   0.296   0.322   0.348   0.233    12.2    12.9    13.3    13.7    14.2
03761 20151031  2.422  -75.79   39.86    12.9    -0.9     6.0     6.8     0.0    12.17 C    18.8    -2.5     6.5    95.4    45.9    71.0   0.314   0.288   0.317   0.344   0.231    10.6    11.4    12.1    13.3    14.1
03761 20151101  2.422  -75.79   39.86    17.7     7.9    12.8    12.8     0.0     5.89 C    21.2     7.4    11.5    91.9    66.8    81.4   0.310   0.283   0.313   0.341   0.230    11.6    11.9    12.1    12.9    13.9
03761 20151102  2.422  -75.79   39.86    16.5     5.2    10.9    11.3     0.0     4.99 C    18.0     3.1     9.5    94.9    52.9    81.6   0.307   0.280   0.310   0.338   0.229    11.8    12.1    12.4    12.9    13.8
03761 20151103  2.422  -75.79   39.86    21.3     3.2    12.2    11.4     0.0    13.45 C    24.2     1.1     9.7    95.6    32.7    71.6   0.301   0.276   0.307   0.336   0.229    11.1    11.6    12.0    12.8    13.7
03761 20151104  2.422  -75.79   39.86    24.0     4.8    14.4    13.5     0.0    13.20 C    25.9     2.6    11.2    93.7    28.9    65.5   0.293   0.271   0.304   0.334   0.229    11.3    11.6    11.9    12.6    13.6
03761 20151105  2.422  -75.79   39.86    19.8    10.8    15.3    15.9     0.2     3.23 C    20.8     9.0    15.9    95.6    81.9    90.4   0.289   0.267   0.301   0.332   0.228    12.4    12.4    12.4    12.7    13.5
03761 20151106  2.422  -75.79   39.86    23.0    17.3    20.1    19.4     0.0     4.10 C    23.6    14.7    18.3    95.8    66.1    85.0   0.289   0.267   0.300   0.330   0.228    14.1    13.9    13.4    13.1    13.5
03761 20151107  2.422  -75.79   39.86    19.9    10.1    15.0    14.1     0.0     1.67 C    16.3     6.9    11.6    86.3    48.4    60.0   0.288   0.265   0.298   0.328   0.228    13.6    13.9    13.8    13.6    13.7
03761 20151108  2.422  -75.79   39.86    12.9    -0.1     6.4     7.3     0.0    13.02 C    17.2    -2.1     5.7    89.0    35.8    59.0   0.280   0.260   0.295   0.326   0.228    11.5    12.3    12.8    13.5    13.8
03761 20151109  2.422  -75.79   39.86    13.6    -2.1     5.7     7.5     0.0     8.88 C    18.7    -4.2     7.0    94.1    34.3    63.0   0.274   0.256   0.292   0.325   0.228     9.8    10.6    11.5    12.8    13.7
03761 20151110  2.422  -75.79   39.86    14.9     9.3    12.1    12.6    15.2     2.07 C    15.9     9.0    12.4    94.0    54.7    90.3   0.340   0.276   0.295   0.323   0.229    11.4    11.6    11.7    12.4    13.5
03761 20151111  2.422  -75.79   39.86    15.0     7.5    11.2    12.4     0.0     4.21 C    15.9     5.0    11.5    92.6    68.6    80.2   0.351   0.307   0.321   0.322   0.228    12.1    12.3    12.3    12.6    13.3
03761 20151112  2.422  -75.79   39.86    14.4     5.6    10.0    10.5     3.4     2.71 C    15.9     3.9     9.1    95.7    52.5    87.7   0.349   0.303   0.322   0.322   0.228    11.4    11.8    12.1    12.6    13.3
03761 20151113  2.422  -75.79   39.86    13.0     6.5     9.7    10.8     0.0    12.14 C    15.9     2.6     8.2    66.1    28.3    41.6   0.339   0.300   0.323   0.326   0.227    10.9    11.4    11.8    12.5    13.2
03761 20151114  2.422  -75.79   39.86     8.7     0.9     4.8     6.0     0.0    10.29 C    13.1    -2.8     4.0    68.1    37.1    47.8   0.325   0.290   0.318   0.328   0.227     9.4    10.2    10.9    12.1    13.1
03761 20151115  2.422  -75.79   39.86    16.3    -1.9     7.2     8.0     0.0    11.83 C    17.5    -4.1     4.9    85.9    28.4    52.7   0.316   0.284   0.313   0.328   0.227     8.4     9.1    10.0    11.5    12.9
03761 20151116  2.422  -75.79   39.86    18.0     3.3    10.7    10.7     0.0    11.67 C    20.1    -0.8     6.7    81.9    29.8    50.3   0.308   0.278   0.309   0.327   0.228     8.8     9.2     9.8    11.0    12.5
03761 20151117  2.422  -75.79   39.86    12.1     3.2     7.6     8.2     0.0    10.56 C    14.9     0.3     6.0    81.2    48.8    61.7   0.300   0.273   0.306   0.326   0.228     8.8     9.2     9.7    10.9    12.3
03761 20151118  2.422  -75.79   39.86    15.5     2.6     9.0    10.6     0.0     3.46 C    17.5    -0.3     9.4    87.9    69.2    79.0   0.298   0.270   0.302   0.326   0.228     9.0     9.3     9.7    10.7    12.0
03761 20151119  2.422  -75.79   39.86    16.7    13.1    14.9    15.3    27.0     1.52 C    17.3    10.7    14.5    95.8    78.6    89.5   0.334   0.295   0.318   0.336   0.228    11.0    10.9    10.6    10.8    11.9
03761 20151120  2.422  -75.79   39.86    15.3    -1.4     6.9     7.6     0.0    11.49 C    13.6    -4.0     5.1    92.3    24.0    51.1   0.348   0.311   0.334   0.357   0.244    10.7    11.1    11.3    11.3    11.9
03761 20151121  2.422  -75.79   39.86    10.3    -1.7     4.3     5.9     0.0    10.98 C    13.8    -4.2     4.3    83.7    36.6    56.6   0.334   0.299   0.325   0.350   0.244     8.3     9.0     9.8    11.0    12.0
03761 20151122  2.422  -75.79   39.86     9.6     1.6     5.6     6.3     0.0     5.38 C     9.0    -1.1     4.8    89.9    39.5    56.9   0.327   0.293   0.320   0.345   0.243     8.4     9.0     9.5    10.6    11.8
03761 20151123  2.422  -75.79   39.86     3.7    -4.7    -0.5     0.0     0.0    11.19 C     7.9    -7.4    -1.2    78.2    30.9    51.0   0.320   0.287   0.316   0.343   0.243     6.7     7.7     8.7    10.2    11.6
03761 20151124  2.422  -75.79   39.86     8.5    -4.2     2.2     2.1     0.0     9.55 C    16.0    -5.8     1.4    86.9    42.1    63.0   0.316   0.283   0.313   0.340   0.242     5.9     6.6     7.7     9.5    11.3
03761 20151125  2.422  -75.79   39.86    10.8    -4.5     3.2     3.2     0.0    10.29 C    14.1    -6.3     0.9    91.7    40.6    69.7   0.312   0.279   0.310   0.338   0.242     5.6     6.3     7.3     9.0    10.9
03761 20151126  2.422  -75.79   39.86    16.1    -2.2     6.9     6.4     0.0    10.19 C    19.5    -4.0     4.4    94.3    49.7    78.4   0.309   0.277   0.307   0.335   0.242     6.0     6.4     7.1     8.6    10.5
03761 20151127  2.422  -75.79   39.86    17.7     0.6     9.2     9.0     0.0     8.40 C    20.3    -0.7     6.5    97.1    41.0    77.4   0.305   0.274   0.305   0.333   0.241     6.8     7.0     7.4     8.5    10.3
03761 20151128  2.422  -75.79   39.86    18.5     7.1    12.8    12.0     0.2     2.83 C    19.9     4.2    10.3    93.0    53.9    81.6   0.302   0.272   0.303   0.332   0.240     7.9     8.0     8.0     8.6    10.1
03761 20151129  2.422  -75.79   39.86     8.6     1.8     5.2     5.6     3.0     3.02 C     9.1    -0.6     4.8    90.3    54.7    75.5   0.317   0.275   0.302   0.330   0.240     8.4     8.6     8.7     9.0    10.1
03761 20151130  2.422  -75.79   39.86     6.6    -0.2     3.2     3.5     0.8     3.80 C     7.3    -1.7     3.0    93.3    57.7    70.5   0.318   0.278   0.304   0.328   0.240     6.9     7.4     8.0     9.0    10.2
03761 20151201  2.422  -75.79   39.86    12.1     5.9     9.0    10.2    22.8     0.68 C    12.6     5.7    10.1    96.0    93.3    94.9   0.370   0.320   0.332   0.341   0.240     7.9     8.0     8.1     8.8    10.1
03761 20151202  2.422  -75.79   39.86    13.5     9.0    11.3    10.7     5.9     0.87 C    12.8     7.8    10.6    96.4    72.3    93.2   0.372   0.329   0.344   0.360   0.255     9.1     9.1     8.9     9.0    10.0
03761 20151203  2.422  -75.79   39.86    10.2     4.1     7.1     6.3     0.0     9.40 C     9.9     0.7     4.7    80.3    52.0    62.1   0.356   0.319   0.336   0.357   0.259     8.4     8.9     9.1     9.3    10.1
03761 20151204  2.422  -75.79   39.86     8.6    -1.6     3.5     4.6     0.0     9.73 C    11.5    -4.2     2.9    91.1    50.9    65.4   0.344   0.308   0.328   0.351   0.259     7.1     7.7     8.3     9.1    10.1
03761 20151205  2.422  -75.79   39.86     9.0    -3.1     2.9     1.8     0.0     9.74 C    12.9    -5.4     0.3    94.0    54.5    80.0   0.337   0.302   0.323   0.347   0.258     5.8     6.5     7.4     8.7    10.0
03761 20151206  2.422  -75.79   39.86    10.5    -4.3     3.1     2.4     0.0     9.48 C    14.3    -6.4     0.8    94.8    50.3    79.5   0.337   0.298   0.320   0.344   0.256     5.1     5.7     6.6     8.2     9.8
03761 20151207  2.422  -75.79   39.86    11.3    -3.0     4.2     4.3     0.0     8.92 C    13.9    -4.6     2.3    97.2    34.8    69.1   0.335   0.296   0.317   0.342   0.255     5.0     5.5     6.2     7.7     9.5
03761 20151208  2.422  -75.79   39.86     7.6    -1.5     3.1     2.6     0.0     8.82 C    12.2    -4.7     0.9    91.2    53.1    73.1   0.331   0.293   0.315   0.340   0.254     5.1     5.5     6.2     7.5     9.2
03761 20151209  2.422  -75.79   39.86    12.5    -2.6     4.9     5.7     0.0     6.23 C    15.5    -4.7     4.5    95.8    63.8    83.4   0.328   0.290   0.313   0.337   0.253     5.1     5.4     6.0     7.3     8.9
03761 20151210  2.422  -75.79   39.86    13.1     2.9     8.0     7.7     0.8     7.25 C    16.1     0.4     6.1    96.8    52.8    84.3   0.328   0.289   0.311   0.336   0.253     6.4     6.5     6.6     7.3     8.8
03761 20151211  2.422  -75.79   39.86    16.0     0.6     8.3     8.0     0.0     5.74 C    18.6    -0.2     6.1    96.9    60.2    85.2   0.327   0.288   0.309   0.334   0.252     6.3     6.5     6.8     7.5     8.8
03761 20151212  2.422  -75.79   39.86    20.5     6.1    13.3    12.8     0.0     5.91 C    21.9     3.9    10.8    95.9    47.9    77.1   0.326   0.286   0.308   0.333   0.251     7.4     7.4     7.3     7.6     8.8
03761 20151213  2.422  -75.79   39.86    20.8     9.1    15.0    14.5     0.0     5.89 C    23.4     6.2    12.0    95.9    61.5    81.4   0.325   0.284   0.307   0.331   0.251     8.7     8.6     8.3     8.1     8.8
03761 20151214  2.422  -75.79   39.86    18.8     8.7    13.7    14.8     5.5     2.19 C    19.4     7.2    13.7    96.6    73.3    91.4   0.337   0.285   0.305   0.330   0.250     9.3     9.2     8.8     8.6     9.0
03761 20151215  2.422  -75.79   39.86    18.5     8.0    13.2    12.4     0.9     5.92 C    17.2     4.7    10.2    90.2    47.7    62.0   0.360   0.302   0.314   0.330   0.249    10.1    10.1     9.7     9.1     9.2
03761 20151216  2.422  -75.79   39.86     9.4     8.0     8.7     8.6     0.0     2.10 C    10.8     5.8     7.9    79.1    61.6    67.7   0.344   0.297   0.314   0.329   0.249     8.9     9.1     9.3     9.3     9.5
03761 20151217  2.422  -75.79   39.86    11.4     6.5     8.9     9.5    21.1     0.40 C    11.7     1.8     8.9    96.2    79.1    91.9   0.372   0.323   0.334   0.344   0.252     8.8     9.0     9.0     9.3     9.6
03761 20151218  2.422  -75.79   39.86    10.4     0.9     5.6     5.2     0.0     3.95 C     9.4    -1.2     4.6    90.0    46.6    61.7   0.368   0.322   0.337   0.357   0.264     8.3     8.7     9.0     9.3     9.7
03761 20151219  2.422  -75.79   39.86     3.5    -3.0     0.3     0.5     0.0     7.30 C     7.3    -6.6    -1.1    69.5    35.3    49.6   0.357   0.311   0.329   0.351   0.264     5.8     6.7     7.7     8.9     9.7
03761 20151220  2.422  -75.79   39.86     4.4    -3.7     0.4     0.0     0.0     9.21 C     9.7    -7.3    -2.0    70.4    38.5    54.2   0.351   0.305   0.324   0.347   0.263     4.4     5.3     6.3     8.1     9.5
03761 20151221  2.422  -75.79   39.86    12.0    -0.7     5.7     6.2     0.0     4.36 C    11.3    -4.7     4.0    92.0    46.8    69.3   0.340   0.302   0.321   0.344   0.261     4.4     4.9     5.7     7.4     9.1
03761 20151222  2.422  -75.79   39.86    14.1     9.7    11.9    12.2     1.4     0.70 C    13.6     7.5    11.1    95.4    79.2    91.3   0.339   0.301   0.319   0.342   0.260     6.8     6.6     6.6     7.3     8.7
03761 20151223  2.422  -75.79   39.86    19.0    12.1    15.6    14.5    41.7     0.53 C    18.2    11.5    14.1    96.2    95.3    95.8   0.366   0.325   0.337   0.353   0.268     8.9     8.6     8.0     7.8     8.7
03761 20151224  2.422  -75.79   39.86    20.0    15.6    17.8    18.2     1.2     1.90 C    21.1    13.5    17.0    96.0    85.5    91.2   0.369   0.330   0.343   0.363   0.291    11.3    10.9     9.9     8.8     8.8
03761 20151225  2.422  -75.79   39.86    18.5    15.4    16.9    16.7     9.5     2.88 C    21.1    14.1    16.5    96.1    85.2    93.8   0.370   0.328   0.341   0.360   0.285    11.8    11.5    10.8     9.7     9.2
03761 20151226  2.422  -75.79   39.86    16.1     8.4    12.2    11.4     0.4     1.71 C    15.6     8.6    10.6    95.5    47.7    69.6   0.367   0.325   0.341   0.363   0.289    11.4    11.5    11.1    10.3     9.7
03761 20151227  2.422  -75.79   39.86    16.8     7.4    12.1    12.0     1.7     1.81 C    16.4     6.1    11.8    96.3    66.7    91.7   0.359   0.317   0.333   0.355   0.285    10.7    10.7    10.6    10.4    10.0
03761 20151228  2.422  -75.79   39.86     7.3     2.5     4.9     4.4     1.9     3.22 C     8.1     0.2     4.1    91.9    51.6    65.5   0.357   0.315   0.331   0.353   0.281     9.4     9.9    10.2    10.4    10.2
03761 20151229  2.422  -75.79   39.86     9.6     4.0     6.8     7.2    17.3     2.10 C    12.9     3.9     7.6    95.7    90.6    93.3   0.384   0.340   0.351   0.368   0.289     8.3     8.7     9.1     9.8    10.2
03761 20151230  2.422  -75.79   39.86     9.0     6.1     7.6     7.7     3.6     1.46 C     9.9     6.6     8.1    96.6    89.1    93.8   0.363   0.322   0.337   0.359   0.288     8.9     9.0     9.2     9.6    10.1
03761 20151231  2.422  -75.79   39.86     9.2     3.4     6.3     7.0     0.0     6.99 C    13.1     2.4     6.4    95.4    62.9    75.5   0.367   0.325   0.339   0.357   0.285     8.7     9.0     9.2     9.5    10.0
