23904 20150101  2.422  -91.78   35.82     4.4     0.3     2.4     2.4     1.1     2.02 C     6.2     1.1     3.1    91.2    55.4    70.6   0.303   0.294   0.284   0.273   0.236     4.6     4.7     5.3     6.8     9.2
23904 20150102  2.422  -91.78   35.82     4.1     2.1     3.1     3.2    13.2     1.37 C     6.0     2.7     3.9    92.6    88.9    91.1   0.337   0.320   0.296   0.273   0.235     5.1     5.2     5.7     6.9     9.0
23904 20150103  2.422  -91.78   35.82    11.8     3.8     7.8     8.5    65.1     1.89 C    11.9     4.0     7.7    94.5    68.7    88.7   0.354   0.345   0.326   0.308   0.280     6.4     6.3     6.2     6.7     8.7
23904 20150104  2.422  -91.78   35.82     7.2    -6.1     0.6    -0.1     0.4     6.48 C     4.9    -4.8     0.2    87.5    55.6    68.9   0.330   0.319   0.304   0.285   0.253     4.9     5.2     6.0     7.2     8.7
23904 20150105  2.422  -91.78   35.82     0.2    -9.8    -4.8    -4.8     0.0    12.12 C     4.4    -6.1    -2.6    81.6    36.3    57.7   0.316   0.308   0.296   0.280   0.248     1.9     2.4     3.6     6.3     8.6
23904 20150106  2.422  -91.78   35.82     8.6    -5.0     1.8     0.9     0.0    11.26 C    10.6    -3.6     0.4    83.6    37.7    60.5   0.309   0.302   0.291   0.276   0.245     2.2     2.5     3.2     5.5     8.2
23904 20150107  2.422  -91.78   35.82    -0.2   -13.2    -6.7    -5.1     0.0     5.97 C     0.9    -9.7    -3.8    83.1    24.5    46.5   0.305   0.299   0.288   0.275   0.243     1.4     1.8     2.8     5.2     7.9
23904 20150108  2.422  -91.78   35.82    -0.7   -16.5    -8.6    -8.9     0.0    12.63 C     3.9   -11.2    -5.3    79.5    26.5    57.5   0.285   0.288   0.283   0.273   0.241     0.4     0.8     1.8     4.6     7.6
23904 20150109  2.422  -91.78   35.82     0.6   -10.8    -5.1    -4.7     0.0    11.55 C     5.3    -9.1    -3.4    81.1    24.7    51.5 -99.000   0.278   0.278   0.270   0.239     0.2     0.6     1.5     4.1     7.2
23904 20150110  2.422  -91.78   35.82     2.4   -15.0    -6.3    -5.3     0.0    11.19 C     6.9   -10.8    -3.0    81.6    26.0    52.4 -99.000   0.269   0.272   0.268   0.238     0.0     0.4     1.3     3.8     6.9
23904 20150111  2.422  -91.78   35.82     1.3    -1.3     0.0     0.2     8.9     1.38 C     1.4    -0.7     0.1    94.2    41.4    85.2 -99.000   0.294   0.273   0.267   0.237     0.1     0.4     1.2     3.5     6.6
23904 20150112  2.422  -91.78   35.82     3.8    -1.5     1.2     1.8     0.9     1.72 C     2.8    -1.9     0.7    94.7    68.6    83.2   0.350   0.334   0.295   0.267   0.235     0.5     0.7     1.4     3.4     6.3
23904 20150113  2.422  -91.78   35.82     1.4    -8.1    -3.4    -3.7     0.0    11.44 C     4.7    -5.1    -1.9    87.5    43.4    65.8   0.330   0.314   0.298   0.272   0.234     0.7     0.9     1.6     3.4     6.2
23904 20150114  2.422  -91.78   35.82     4.2    -9.1    -2.4    -3.2     0.0    11.76 C     7.1    -5.8    -1.2    88.4    37.0    72.0   0.317   0.304   0.292   0.273   0.235     0.6     0.8     1.5     3.3     6.0
23904 20150115  2.422  -91.78   35.82     8.1    -6.3     0.9     0.2     0.0     7.24 C     9.9    -4.1     0.6    87.8    40.4    68.4   0.323   0.307   0.290   0.273   0.238     1.4     1.5     2.0     3.4     5.9
23904 20150116  2.422  -91.78   35.82    14.7    -6.9     3.9     1.7     0.0    13.01 C    14.7    -4.6     1.4    88.8    30.4    68.6   0.316   0.305   0.290   0.272   0.239     1.9     2.0     2.4     3.5     5.9
23904 20150117  2.422  -91.78   35.82    16.4    -3.8     6.3     7.1     0.0    11.14 C    17.4    -3.4     3.9    88.2    32.7    60.5   0.312   0.303   0.289   0.272   0.238     3.1     3.0     3.2     3.9     6.0
23904 20150118  2.422  -91.78   35.82    17.1    -4.3     6.4     8.3     0.0    12.85 C    16.9    -3.6     4.8    81.1    21.4    44.2   0.305   0.299   0.286   0.271   0.237     4.0     4.0     4.1     4.4     6.1
23904 20150119  2.422  -91.78   35.82    20.7    -0.5    10.1    10.2     0.0    11.54 C    20.7    -1.0     6.8    83.4    17.8    46.8   0.298   0.293   0.283   0.271   0.237     5.5     5.3     5.2     5.0     6.3
23904 20150120  2.422  -91.78   35.82    14.9    -1.1     6.9     7.1     0.0     7.05 C    15.2    -1.1     5.1    90.0    31.6    60.7   0.292   0.288   0.279   0.271   0.236     5.4     5.4     5.5     5.6     6.6
23904 20150121  2.422  -91.78   35.82    15.2    -2.9     6.2     6.3     0.0    11.68 C    17.7    -3.2     5.1    93.9    30.7    63.4   0.288   0.284   0.276   0.269   0.235     5.2     5.2     5.4     5.8     6.8
23904 20150122  2.422  -91.78   35.82     7.7    -0.1     3.8     4.4     0.0     3.04 C     9.0     0.4     3.8    82.3    41.8    62.8   0.285   0.280   0.273   0.268   0.235     5.3     5.4     5.7     6.0     7.1
23904 20150123  2.422  -91.78   35.82     8.6    -4.8     1.9     2.3     0.0     8.47 C    11.9    -4.3     2.7    85.5    42.1    67.3   0.283   0.278   0.271   0.267   0.234     4.8     4.9     5.3     6.0     7.2
23904 20150124  2.422  -91.78   35.82    15.7    -8.1     3.8     3.9     0.0    13.91 C    16.2    -5.6     2.9    89.7    29.0    61.0   0.277   0.275   0.269   0.265   0.234     4.0     4.1     4.6     5.8     7.2
23904 20150125  2.422  -91.78   35.82    13.4     0.5     7.0     7.8     0.0     5.65 C    15.2    -0.5     6.2    80.0    47.9    63.4   0.275   0.273   0.267   0.265   0.233     5.4     5.4     5.5     5.9     7.2
23904 20150126  2.422  -91.78   35.82    14.1    -4.5     4.8     5.6     0.0    13.54 C    17.5    -3.1     5.1    86.3    34.8    62.4   0.274   0.271   0.265   0.265   0.232     5.6     5.6     5.8     6.1     7.2
23904 20150127  2.422  -91.78   35.82    16.4    -1.7     7.3     5.9     0.0    13.98 C    19.8    -1.9     5.4    88.5    30.5    67.7   0.271   0.268   0.263   0.263   0.231     5.8     5.8     6.0     6.3     7.3
23904 20150128  2.422  -91.78   35.82    15.0    -4.1     5.5     7.0     0.0    13.55 C    16.5    -2.6     5.9    91.0    38.5    66.2   0.268   0.265   0.261   0.264   0.230     5.8     5.8     6.1     6.5     7.5
23904 20150129  2.422  -91.78   35.82    14.5    -1.2     6.7     9.5     0.0     8.15 C    17.5    -2.1     7.2    78.4    46.5    57.9   0.262   0.262   0.259   0.263   0.230     7.3     7.2     7.2     6.9     7.6
23904 20150130  2.422  -91.78   35.82     9.2    -6.6     1.3     2.1     0.0    13.67 C    16.9    -4.8     2.9    87.1    28.2    63.3   0.257   0.258   0.257   0.264   0.229     5.4     5.5     6.1     6.9     7.8
23904 20150131  2.422  -91.78   35.82     8.4     0.3     4.3     4.0     0.0     4.68 C    12.2     1.4     4.3    85.2    40.8    63.3   0.257   0.255   0.255   0.263   0.229     5.4     5.6     5.9     6.7     7.8
23904 20150201  2.422  -91.78   35.82    11.9    -2.3     4.8     5.9     8.6     2.43 C    11.8    -1.4     5.5    90.9    57.1    75.3   0.313   0.295   0.259   0.262   0.227     6.1     6.1     6.3     6.7     7.8
23904 20150202  2.422  -91.78   35.82     2.1    -8.0    -2.9    -3.2     0.0    13.22 C    10.7    -5.1    -0.1    85.4    43.7    64.0   0.312   0.298   0.270   0.262   0.228     3.7     4.0     4.9     6.5     7.8
23904 20150203  2.422  -91.78   35.82    11.7    -9.0     1.3     1.6     0.0    15.08 C    15.6    -5.7     2.1    86.4    31.0    61.5   0.299   0.289   0.270   0.261   0.226     3.4     3.6     4.2     5.8     7.5
23904 20150204  2.422  -91.78   35.82    11.3    -3.1     4.1     5.0     0.3     5.50 C    16.6    -2.2     4.1    84.9    42.8    62.4   0.295   0.284   0.268   0.261   0.226     4.5     4.6     4.9     5.7     7.4
23904 20150205  2.422  -91.78   35.82     2.1    -8.9    -3.4    -3.6     0.0    15.52 C    11.3    -6.5    -0.9    81.0    27.5    58.0   0.289   0.281   0.267   0.261   0.225     3.5     3.8     4.5     5.8     7.3
23904 20150206  2.422  -91.78   35.82    12.0    -9.2     1.4     2.1     0.0    13.84 C    14.6    -5.8     2.3    84.4    41.7    61.2   0.282   0.276   0.265   0.261   0.225     3.2     3.3     3.9     5.4     7.2
23904 20150207  2.422  -91.78   35.82    18.5     3.0    10.8    11.3     0.0    15.64 C    19.6    -0.5     8.2    80.5    36.3    58.6   0.279   0.274   0.263   0.261   0.225     5.7     5.4     5.3     5.5     7.1
23904 20150208  2.422  -91.78   35.82    20.2     7.3    13.8    14.1     0.0    11.49 C    23.5     4.8    11.1    81.8    51.5    67.7   0.273   0.269   0.262   0.261   0.224     8.4     8.0     7.5     6.4     7.2
23904 20150209  2.422  -91.78   35.82    12.0     2.4     7.2     6.9     0.0     6.59 C    12.5     2.5     6.1    74.8    55.3    65.9   0.267   0.265   0.259   0.261   0.223     7.5     7.6     7.7     7.4     7.6
23904 20150210  2.422  -91.78   35.82     7.5    -4.3     1.6     2.2     0.0    16.00 C    16.1    -2.9     4.2    88.8    50.7    66.3   0.262   0.261   0.256   0.260   0.223     6.4     6.5     6.8     7.3     7.8
23904 20150211  2.422  -91.78   35.82    16.1    -5.5     5.3     4.4     0.0    15.32 C    19.3    -3.7     4.9    90.8    36.2    66.4   0.258   0.257   0.254   0.259   0.223     6.0     6.1     6.4     7.1     7.9
23904 20150212  2.422  -91.78   35.82     3.4    -6.7    -1.6    -0.3     0.0    16.39 C    11.0    -4.9     0.8    70.2    22.6    46.1   0.253   0.253   0.251   0.258   0.223     4.8     5.0     5.7     6.9     7.9
23904 20150213  2.422  -91.78   35.82     6.6    -5.7     0.4    -0.7     0.0    10.91 C    14.4    -4.7     1.1    77.7    30.0    51.1   0.249   0.250   0.249   0.258   0.223     3.9     4.2     4.8     6.3     7.8
23904 20150214  2.422  -91.78   35.82    22.0    -6.2     7.9     6.3     0.0    16.09 C    23.6    -4.9     5.5    82.0    22.8    51.4   0.246   0.247   0.248   0.257   0.221     5.0     5.0     5.1     6.0     7.6
23904 20150215  2.422  -91.78   35.82    -1.0    -7.5    -4.3    -4.3     3.7    13.62 C     8.9    -6.3    -1.1    81.0    27.5    42.0   0.240   0.243   0.245   0.256   0.221     3.5     3.9     4.8     6.1     7.5
23904 20150216  2.422  -91.78   35.82    -3.7    -6.9    -5.3    -5.7    12.1     5.65 C    -3.2    -8.3    -5.1    84.8    61.1    74.4   0.239   0.241   0.244   0.255   0.221     1.7     2.2     3.2     5.5     7.4
23904 20150217  2.422  -91.78   35.82     4.2   -11.5    -3.6    -3.0     0.0    15.73 C     0.6    -9.9    -4.0    85.4    44.5    67.6   0.250   0.246   0.246   0.255   0.220     0.8     1.3     2.2     4.7     7.0
23904 20150218  2.422  -91.78   35.82     1.6    -8.2    -3.3    -3.5     0.0    18.18 C    -0.1    -9.4    -5.0    65.9    30.4    44.1   0.286   0.274   0.260   0.255   0.220     0.8     1.1     1.9     4.1     6.7
23904 20150219  2.422  -91.78   35.82    -3.2   -12.9    -8.1    -7.5     0.0    10.21 C     1.1   -11.5    -5.6    75.0    30.5    50.6   0.306   0.273   0.263   0.255   0.219     0.4     0.7     1.5     3.7     6.3
23904 20150220  2.422  -91.78   35.82     0.0    -6.7    -3.3    -3.2    12.7     3.99 C     0.0    -6.3    -2.3    91.9    52.9    73.4   0.314   0.292   0.263   0.254   0.219     0.3     0.5     1.3     3.4     6.0
23904 20150221  2.422  -91.78   35.82     4.5     0.0     2.3     1.7    30.7     4.04 C     2.7    -0.6     0.4    95.0    81.0    88.8 -99.000   0.341   0.328   0.290   0.245     0.3     0.5     1.1     3.0     5.7
23904 20150222  2.422  -91.78   35.82     2.8    -2.4     0.2     1.0     0.0     3.39 C     2.9    -2.3     0.2    91.1    43.9    71.3   0.334   0.334   0.314   0.289   0.252     0.7     0.8     1.3     2.8     5.3
23904 20150223  2.422  -91.78   35.82    -2.3    -6.0    -4.2    -4.7     0.0     7.30 C     6.3    -4.1    -2.1    55.3    32.2    45.8   0.318   0.318   0.301   0.284   0.247     0.5     0.7     1.2     2.9     5.2
23904 20150224  2.422  -91.78   35.82     6.9    -7.1    -0.1    -1.4     0.0    14.05 C    13.2    -5.2     0.7    85.7    38.6    55.4   0.314   0.312   0.294   0.280   0.245     0.9     1.0     1.4     2.8     5.0
23904 20150225  2.422  -91.78   35.82     4.8    -7.4    -1.3    -2.0     0.0     7.55 C    11.4    -5.1    -0.8    88.5    45.9    75.0   0.314   0.310   0.294   0.279   0.243     1.0     1.1     1.6     2.9     4.9
23904 20150226  2.422  -91.78   35.82     0.6    -7.0    -3.2    -2.8     0.0    10.71 C     5.6    -6.3    -1.4    89.2    48.8    68.3   0.313   0.306   0.292   0.279   0.241     1.0     1.1     1.6     2.9     4.9
23904 20150227  2.422  -91.78   35.82    -2.5   -10.4    -6.5    -6.3     0.4    13.18 C     9.1    -8.2    -3.1    77.5    29.5    55.4   0.291   0.299   0.288   0.277   0.239     0.5     0.7     1.3     2.9     4.9
23904 20150228  2.422  -91.78   35.82    -1.0    -6.4    -3.7    -3.7     1.3     5.49 C     1.5    -5.5    -2.5    81.6    65.6    74.4   0.290   0.296   0.283   0.276   0.239     0.4     0.6     1.1     2.7     4.8
23904 20150301  2.422  -91.78   35.82     3.9    -1.7     1.1     1.2     2.3     3.94 C     5.4    -0.6     1.6    90.3    79.9    86.2   0.323   0.312   0.286   0.275   0.238     1.2     1.2     1.5     2.6     4.7
23904 20150302  2.422  -91.78   35.82     4.0     0.0     2.0     1.6     0.0     6.41 C     8.2     0.0     2.4    82.2    41.4    61.9   0.326   0.320   0.296   0.277   0.237     2.3     2.3     2.4     3.0     4.7
23904 20150303  2.422  -91.78   35.82    14.3     0.5     7.4     7.0    11.6     4.24 C    15.1     0.8     6.5    95.4    74.2    85.0   0.327   0.320   0.300   0.278   0.237     3.9     3.7     3.4     3.4     4.8
23904 20150304  2.422  -91.78   35.82    10.0    -6.5     1.8     1.6    42.8     1.59 C     8.7    -6.7     1.8    94.3    82.4    87.4   0.360   0.352   0.329   0.307   0.259     4.8     4.8     4.9     4.4     5.1
23904 20150305  2.422  -91.78   35.82     0.6   -13.4    -6.4    -4.8     0.8    21.03 C    -1.9   -19.0    -8.3    83.6    32.1    56.6   0.343   0.335   0.313   0.292   0.254     2.4     2.6     3.2     4.3     5.3
23904 20150306  2.422  -91.78   35.82     5.9   -17.3    -5.7    -4.9     0.0    21.23 C     0.6   -20.8    -8.8    88.2    38.0    64.2   0.342   0.334   0.313   0.291   0.250     1.7     1.9     2.5     3.9     5.2
23904 20150307  2.422  -91.78   35.82    15.3    -7.8     3.7     4.0     0.0    20.79 C    15.2    -8.7     0.3    84.5    34.7    61.3   0.346   0.340   0.321   0.299   0.258     2.5     2.4     2.6     3.5     5.1
23904 20150308  2.422  -91.78   35.82    12.3    -3.2     4.5     5.0     0.2     5.34 C    11.9    -2.7     4.3    92.0    41.7    79.4   0.335   0.329   0.311   0.291   0.255     3.5     3.4     3.4     3.7     5.1
23904 20150309  2.422  -91.78   35.82     9.1     5.9     7.5     7.4    15.4     4.20 C    11.1     5.3     7.3    94.5    84.4    90.7   0.339   0.330   0.310   0.289   0.250     5.6     5.3     5.0     4.4     5.2
23904 20150310  2.422  -91.78   35.82    12.6     7.6    10.1    10.0     7.5     4.78 C    14.2     7.1     9.7    94.0    79.3    88.4   0.350   0.342   0.322   0.302   0.291     7.3     7.0     6.5     5.3     5.5
23904 20150311  2.422  -91.78   35.82    21.4     4.5    13.0    11.8     0.0    19.43 C    26.5     4.2    12.5    95.8    40.1    75.3   0.330   0.323   0.306   0.290   0.341     9.7     9.2     8.3     6.2     6.0
23904 20150312  2.422  -91.78   35.82    14.9     3.2     9.1    10.5    15.4     4.46 C    15.4     3.5    10.2    94.1    65.6    86.1   0.332   0.324   0.306   0.292   0.344     9.3     9.1     8.8     7.3     6.6
23904 20150313  2.422  -91.78   35.82    17.4    12.3    14.8    14.7    46.5     2.06 C    17.0    11.6    14.1    95.1    92.1    93.8   0.376   0.362   0.355   0.390   0.451    11.3    10.9    10.2     8.0     7.2
23904 20150314  2.422  -91.78   35.82    15.3     7.5    11.4    13.4    16.5     4.42 C    16.5     7.4    13.2    95.5    78.7    90.0   0.388   0.372   0.372   0.410   0.461    12.1    11.9    11.2     9.0     8.0
23904 20150315  2.422  -91.78   35.82    20.7     2.5    11.6    11.6     0.0    22.18 C    26.0     3.1    12.8    96.3    31.3    73.0   0.388   0.375   0.377   0.411   0.462    12.0    11.7    11.1     9.4     8.4
23904 20150316  2.422  -91.78   35.82    23.7     4.4    14.1    14.9     0.0    21.26 C    27.5     5.1    14.8    93.5    47.3    73.0   0.388   0.374   0.379   0.412   0.461    13.0    12.6    11.9     9.9     8.8
23904 20150317  2.422  -91.78   35.82    22.3     6.6    14.4    14.5     0.0    14.63 C    25.9     7.3    14.1    94.0    44.3    66.3   0.386   0.374   0.380   0.414   0.461    13.2    12.9    12.5    10.5     9.2
23904 20150318  2.422  -91.78   35.82    10.8     4.0     7.4     6.1    19.6     2.31 C    10.0     5.4     7.2    89.4    45.8    70.9   0.393   0.378   0.383   0.415   0.460    10.4    10.6    11.1    10.6     9.6
23904 20150319  2.422  -91.78   35.82     9.9     4.0     7.0     6.7     0.0     6.19 C    14.5     5.6     8.7    93.0    76.1    86.7   0.397   0.381   0.384   0.416   0.460     9.5     9.5     9.7     9.9     9.6
23904 20150320  2.422  -91.78   35.82    16.2     6.9    11.5    10.4     0.0    13.46 C    23.2     7.7    11.6    92.0    52.7    79.8   0.394   0.379   0.384   0.416   0.460    10.9    10.7    10.4     9.7     9.5
23904 20150321  2.422  -91.78   35.82    17.2     2.9    10.0    10.5     0.0    10.04 C    20.3     4.3    11.3    96.1    48.9    80.5   0.391   0.378   0.384   0.416   0.461    11.2    11.1    10.9    10.1     9.6
23904 20150322  2.422  -91.78   35.82    15.1     4.9    10.0    10.9     3.0     5.47 C    16.5     5.5    11.2    93.3    66.3    85.0   0.391   0.379   0.383   0.417   0.461    11.5    11.4    11.2    10.3     9.8
23904 20150323  2.422  -91.78   35.82    22.9     1.9    12.4    12.3     0.0    22.45 C    26.9     2.7    13.2    94.5    36.5    70.8   0.386   0.375   0.381   0.418   0.460    12.2    11.9    11.5    10.5    10.0
23904 20150324  2.422  -91.78   35.82    22.6     5.4    14.0    15.7     0.0    21.03 C    24.5     6.3    15.3    90.7    49.0    71.0   0.374   0.363   0.364   0.418   0.459    13.4    13.1    12.6    11.0    10.2
23904 20150325  2.422  -91.78   35.82    25.1     5.7    15.4    17.2     6.6    20.38 C    28.2     6.0    17.0    94.2    42.0    72.3   0.361   0.353   0.344   0.418   0.459    14.8    14.5    13.7    11.7    10.5
23904 20150326  2.422  -91.78   35.82    14.6     0.4     7.5     9.2    12.6    11.25 C    16.5     1.5    10.2    93.8    45.8    79.3   0.388   0.374   0.380   0.419   0.461    13.5    13.6    13.6    12.3    10.9
23904 20150327  2.422  -91.78   35.82    10.2    -0.1     5.0     5.1     1.6    12.77 C    17.2     1.3     6.8    91.4    41.6    73.0   0.374   0.362   0.357   0.419   0.460    10.7    11.0    11.5    11.9    11.1
23904 20150328  2.422  -91.78   35.82     4.2    -1.4     1.4     2.8     0.6     3.06 C     6.0    -0.2     4.1    91.0    56.2    76.5   0.358   0.352   0.342   0.413   0.460     8.8     9.2    10.0    11.1    11.0
23904 20150329  2.422  -91.78   35.82    19.5    -3.1     8.2     8.7     0.0    19.84 C    23.2    -1.3     9.7    92.9    48.9    73.7   0.345   0.342   0.331   0.397   0.460     9.5     9.4     9.6    10.2    10.7
23904 20150330  2.422  -91.78   35.82    20.5     2.9    11.7    12.3     0.0    24.77 C    25.5     3.4    12.9    91.0    35.0    65.7   0.326   0.327   0.317   0.375   0.461    12.3    12.0    11.5    10.5    10.6
23904 20150331  2.422  -91.78   35.82    27.2     7.2    17.2    16.9     2.1    20.71 C    30.0     7.8    17.2    92.0    30.3    75.2   0.314   0.316   0.308   0.367   0.461    14.3    13.8    13.0    11.3    10.7
23904 20150401  2.422  -91.78   35.82    22.9    12.7    17.8    17.8     3.6     7.33 C    23.8    11.8    17.1    89.3    71.7    81.6   0.324   0.318   0.305   0.359   0.447    15.2    14.9    14.2    12.2    11.0
23904 20150402  2.422  -91.78   35.82    22.7    15.8    19.3    20.1     0.0     6.67 C    23.6    14.4    18.5    87.6    70.7    80.0   0.337   0.326   0.306   0.338   0.402    15.9    15.6    14.9    12.9    11.5
23904 20150403  2.422  -91.78   35.82    23.1     8.5    15.8    16.8     0.0     9.47 C    24.0     6.7    15.4    82.4    51.7    67.1   0.314   0.312   0.300   0.313   0.359    15.8    15.7    15.3    13.5    11.9
23904 20150404  2.422  -91.78   35.82    15.6     0.0     7.8     8.0     0.0    25.90 C    22.0     0.7     9.5    87.7    26.8    54.9   0.290   0.295   0.289   0.298   0.350    13.5    13.5    13.7    13.3    12.2
23904 20150405  2.422  -91.78   35.82    12.1    -0.2     6.0     7.6     1.0     5.98 C    14.4     0.8     8.0    91.7    54.2    77.7   0.281   0.286   0.282   0.290   0.348    11.6    11.9    12.4    12.8    12.2
23904 20150406  2.422  -91.78   35.82    20.7    10.9    15.8    15.4     0.2     6.74 C    21.2    10.8    14.8    94.1    74.9    85.9   0.287   0.286   0.279   0.286   0.347    13.0    12.8    12.7    12.3    12.1
23904 20150407  2.422  -91.78   35.82    25.2    16.0    20.6    20.8     3.3     5.94 C    23.3    14.4    18.6    89.1    61.9    78.5   0.310   0.297   0.279   0.283   0.343    15.2    14.8    14.2    12.8    12.1
23904 20150408  2.422  -91.78   35.82    27.2    16.9    22.0    22.7     0.0    19.44 C    27.3    14.8    20.6    89.0    51.6    69.3   0.294   0.291   0.277   0.280   0.273    16.6    16.3    15.5    13.5    12.3
23904 20150409  2.422  -91.78   35.82    27.7    14.6    21.2    22.2    35.9    12.83 C    26.5    12.8    20.3    90.8    53.9    69.2   0.286   0.292   0.285   0.285   0.253    17.8    17.5    16.7    14.4    12.8
23904 20150410  2.422  -91.78   35.82    20.9     6.2    13.5    12.7     0.0    22.86 C    23.1     6.2    13.0    88.5    31.4    60.9   0.322   0.323   0.310   0.301   0.288    16.3    16.4    16.3    15.0    13.3
23904 20150411  2.422  -91.78   35.82    21.4     4.4    12.9    12.8     0.0    24.64 C    23.8     4.7    13.0    92.1    40.4    70.4   0.292   0.299   0.294   0.292   0.342    15.4    15.4    15.3    14.7    13.4
23904 20150412  2.422  -91.78   35.82    25.4     4.7    15.0    16.5     0.0    21.76 C    27.9     4.2    16.2    94.4    43.1    72.8   0.266   0.279   0.281   0.286   0.342    15.6    15.4    15.2    14.5    13.5
23904 20150413  2.422  -91.78   35.82    20.8    13.0    16.9    16.9    51.5     3.32 C    21.3    12.6    16.8    91.4    77.8    87.7   0.324   0.321   0.304   0.298   0.344    16.3    16.2    16.0    14.8    13.6
23904 20150414  2.422  -91.78   35.82    18.1    11.8    14.9    14.6     0.3    12.41 C    20.9    10.7    14.4    86.8    57.0    73.3   0.344   0.340   0.322   0.347   0.438    15.6    15.6    15.5    14.9    13.8
23904 20150415  2.422  -91.78   35.82    18.4    13.6    16.0    15.7     1.0     6.19 C    20.0    12.9    15.6    94.3    79.5    86.5   0.334   0.328   0.315   0.358   0.448    15.8    15.7    15.5    14.7    13.8
23904 20150416  2.422  -91.78   35.82 -9999.0 -9999.0 -9999.0 -9999.0 -9999.0 -9999.00 U -9999.0 -9999.0 -9999.0 -9999.0 -9999.0 -9999.0 -99.000 -99.000 -99.000 -99.000 -99.000 -9999.0 -9999.0 -9999.0 -9999.0 -9999.0
23904 20150417  2.422  -91.78   35.82    22.4    10.9    16.6    16.6     0.5    14.67 C    36.3    12.1    19.1    95.1    77.4    89.4   0.325   0.321   0.313   0.359   0.450    18.3    18.1    17.5    15.5    14.0
23904 20150418  2.422  -91.78   35.82    23.0    12.6    17.8    17.4     0.7    11.17 C    32.9    13.7    19.5    95.6    66.0    87.4   0.324   0.321   0.313   0.360   0.450    18.5    18.4    17.9    16.0    14.3
23904 20150419  2.422  -91.78   35.82    26.3    12.1    19.2    18.2     4.3    18.05 C    35.5    12.8    20.6    95.5    39.4    78.4   0.324   0.321   0.312   0.358   0.450    19.2    19.1    18.5    16.4    14.6
23904 20150420  2.422  -91.78   35.82    18.3     3.9    11.1    13.0     0.0    26.35 C    30.9     6.6    16.1    89.6    31.4    59.3   0.329   0.324   0.310   0.354   0.452    17.5    17.7    17.7    16.6    14.9
23904 20150421  2.422  -91.78   35.82    21.1     2.6    11.9    12.8     0.0    19.60 C    31.5     5.3    14.9    92.5    35.1    63.2   0.305   0.310   0.302   0.337   0.413    15.7    15.9    16.2    16.0    14.9
23904 20150422  2.422  -91.78   35.82    18.1     5.6    11.8    12.2     4.2    11.93 C    26.3     7.9    14.0    94.8    54.7    76.4   0.312   0.309   0.297   0.321   0.373    15.5    15.7    15.8    15.6    14.8
23904 20150423  2.422  -91.78   35.82    16.1     3.8     9.9    10.1     0.0    12.30 C    25.6     5.8    12.9    94.4    40.9    72.1   0.318   0.314   0.298   0.311   0.362    14.5    14.7    15.0    15.2    14.7
23904 20150424  2.422  -91.78   35.82    15.2     5.8    10.5    11.6     7.1     4.24 C    15.8     7.9    12.8    92.9    66.5    86.6   0.327   0.325   0.302   0.303   0.356    14.1    14.3    14.6    14.8    14.5
23904 20150425  2.422  -91.78   35.82    26.9    14.8    20.8    20.3     0.0    25.17 C    35.2    14.4    21.5    92.7    39.4    68.9   0.333   0.335   0.314   0.301   0.356    17.6    17.3    16.4    14.8    14.4
23904 20150426  2.422  -91.78   35.82    17.0     7.8    12.4    13.5     0.0     9.22 C    30.1     9.5    15.3    93.0    70.1    80.1   0.307   0.313   0.301   0.295   0.353    16.8    16.9    16.9    15.7    14.7
23904 20150427  2.422  -91.78   35.82    17.9     7.2    12.5    12.1     0.0    20.12 C    28.0     8.8    14.6    93.1    38.3    63.1   0.294   0.301   0.293   0.291   0.352    15.6    15.7    15.9    15.5    14.8
23904 20150428  2.422  -91.78   35.82    16.8     6.1    11.5    11.5     0.0    10.61 C    20.7     7.6    13.0    92.1    45.6    68.6   0.282   0.288   0.284   0.287   0.293    14.9    15.0    15.3    15.3    14.7
23904 20150429  2.422  -91.78   35.82    23.6     4.7    14.1    13.6     0.0    22.33 C    34.6     5.4    16.6    93.9    29.5    67.4   0.270   0.278   0.277   0.284   0.251    15.7    15.7    15.5    14.9    14.7
23904 20150430  2.422  -91.78   35.82    25.0     4.8    14.9    15.0     0.0    26.67 C    37.1     6.4    18.5    93.9    29.0    63.6   0.251   0.265   0.269   0.281   0.246    16.9    16.9    16.5    15.3    14.6
23904 20150501  2.422  -91.78   35.82    21.8     3.4    12.6    12.6     0.0    28.40 C    36.9     5.7    18.4    91.9    29.4    63.6   0.234   0.251   0.260   0.278   0.243    17.3    17.3    17.0    15.7    14.8
23904 20150502  2.422  -91.78   35.82    24.5     3.6    14.0    14.3     0.0    27.62 C    38.9     6.2    19.9    93.8    30.8    68.3   0.219   0.239   0.252   0.275   0.241    17.9    17.9    17.5    16.0    15.0
23904 20150503  2.422  -91.78   35.82    27.2     6.8    17.0    17.3     0.0    24.71 C    39.4     9.0    21.1    92.3    43.6    71.0   0.200   0.226   0.244   0.273   0.240    18.9    18.8    18.3    16.5    15.2
23904 20150504  2.422  -91.78   35.82    27.2    10.2    18.7    19.0     0.0    25.31 C    40.7    11.9    22.6    93.8    44.4    73.2   0.185   0.213   0.235   0.269   0.238    19.9    19.8    19.2    17.1    15.5
23904 20150505  2.422  -91.78   35.82    27.5    11.0    19.2    19.1     0.3    22.78 C    40.1    12.9    22.3    93.4    41.8    72.9   0.171   0.201   0.225   0.266   0.237    20.3    20.2    19.7    17.6    15.9
23904 20150506  2.422  -91.78   35.82    26.7    12.4    19.5    20.2     0.0    21.86 C    39.8    13.5    22.8    89.6    46.7    68.3   0.160   0.190   0.215   0.263   0.235    20.5    20.4    19.9    18.0    16.2
23904 20150507  2.422  -91.78   35.82    27.8    14.8    21.3    21.5     0.0    19.82 C    40.2    15.3    23.6    88.3    53.9    72.4   0.151   0.181   0.206   0.259   0.233    21.0    20.9    20.3    18.3    16.5
23904 20150508  2.422  -91.78   35.82    25.6    17.6    21.6    21.4     4.9    11.20 C    34.3    18.0    22.2    94.1    70.8    83.3   0.155   0.178   0.201   0.257   0.232    21.1    21.0    20.5    18.7    16.7
23904 20150509  2.422  -91.78   35.82    23.4    18.2    20.8    20.1    22.8     8.82 C    29.1    18.5    21.2    93.9    78.6    88.6   0.246   0.252   0.219   0.257   0.231    20.9    20.9    20.6    18.9    17.0
23904 20150510  2.422  -91.78   35.82    25.7    16.8    21.2    20.2    20.1    12.69 C    30.6    17.4    21.4    93.9    72.8    87.2   0.339   0.345   0.320   0.266   0.230    20.9    20.9    20.5    18.9    17.2
23904 20150511  2.422  -91.78   35.82    24.6    11.8    18.2    18.5    48.9    14.92 C    30.4    13.9    20.2    93.9    64.7    83.9   0.344   0.344   0.323   0.311   0.272    20.4    20.4    20.2    19.2    17.7
23904 20150512  2.422  -91.78   35.82    20.7     8.2    14.5    14.1     0.0    20.92 C    28.5    10.4    17.5    94.9    41.6    75.0   0.308   0.313   0.297   0.293   0.258    19.4    19.6    19.7    19.0    17.6
23904 20150513  2.422  -91.78   35.82    21.3     5.7    13.5    15.1     0.0    21.06 C    29.7     8.2    17.9    95.4    49.4    76.3   0.285   0.293   0.283   0.287   0.253    18.7    18.9    18.9    18.6    17.5
23904 20150514  2.422  -91.78   35.82    23.5    15.6    19.5    19.0     3.7    14.72 C    28.2    16.3    20.3    93.4    59.9    81.5   0.291   0.288   0.276   0.284   0.250    19.8    19.8    19.5    18.5    17.5
23904 20150515  2.422  -91.78   35.82    25.2    15.6    20.4    20.3     5.2     9.01 C    32.6    16.5    21.0    94.9    77.6    89.0   0.317   0.309   0.280   0.282   0.247    20.3    20.3    19.9    18.7    17.5
23904 20150516  2.422  -91.78   35.82    26.9    20.2    23.6    22.4     9.4    11.37 C    32.7    20.1    23.0    94.5    71.0    87.4   0.345   0.342   0.316   0.291   0.246    21.4    21.3    20.7    19.0    17.6
23904 20150517  2.422  -91.78   35.82    27.3    18.2    22.8    22.3    30.8    12.92 C    29.7    18.6    22.9    93.9    66.1    84.4   0.346   0.341   0.321   0.308   0.267    21.7    21.6    21.2    19.6    17.9
23904 20150518  2.422  -91.78   35.82    27.5    17.9    22.7    22.6     5.4    16.06 C    31.4    19.1    23.9    94.2    57.8    85.1   0.341   0.337   0.316   0.300   0.338    22.7    22.5    21.9    20.0    18.2
23904 20150519  2.422  -91.78   35.82    25.3    16.7    21.0    19.9     0.0    22.98 C    33.6    17.5    22.8    94.1    62.3    76.8   0.319   0.318   0.303   0.303   0.349    22.8    22.7    22.2    20.3    18.3
23904 20150520  2.422  -91.78   35.82    24.9    14.1    19.5    17.6    35.1    14.34 C    30.0    15.1    19.7    92.8    72.6    83.6   0.345   0.342   0.329   0.367   0.419    20.9    21.1    21.1    20.3    18.6
23904 20150521  2.422  -91.78   35.82    18.1     8.0    13.0    13.0     0.0    20.84 C    26.7    10.3    16.7    93.8    53.7    74.7   0.335   0.341   0.333   0.394   0.448    19.7    19.8    20.1    19.8    18.4
23904 20150522  2.422  -91.78   35.82    20.3     5.7    13.0    13.7     0.0    23.56 C    30.4     8.1    17.2    95.4    47.0    77.3   0.322   0.331   0.328   0.391   0.449    18.8    18.9    19.1    19.1    18.3
23904 20150523  2.422  -91.78   35.82    25.2    13.3    19.3    18.9     0.0    18.10 C    31.1    14.7    20.4    91.9    54.0    75.8   0.316   0.328   0.326   0.389   0.450    19.8    19.7    19.5    18.9    18.1
23904 20150524  2.422  -91.78   35.82    27.1    17.5    22.3    21.7    28.2    10.68 C    30.7    17.4    21.7    90.1    66.8    82.3   0.348   0.346   0.354   0.393   0.453    20.7    20.6    20.3    19.1    18.1
23904 20150525  2.422  -91.78   35.82    27.3    17.7    22.5    22.7    13.3    20.06 C    32.6    18.2    23.6    92.7    64.8    80.1   0.375   0.371   0.394   0.402   0.456    21.8    21.6    21.0    19.5    18.2
23904 20150526  2.422  -91.78   35.82    25.7    17.0    21.4    20.7     0.4    20.57 C    29.9    17.1    21.8    92.8    59.9    78.1   0.382   0.375   0.392   0.404   0.459    21.8    21.7    21.3    19.9    18.4
23904 20150527  2.422  -91.78   35.82    27.6    16.9    22.2    22.6     1.8    18.81 C    32.5    17.7    23.5    94.2    62.0    82.7   0.373   0.370   0.390   0.404   0.460    22.1    22.0    21.5    20.1    18.6
23904 20150528  2.422  -91.78   35.82    26.8    17.2    22.0    21.3     6.6    16.63 C    33.6    18.2    23.2    94.9    69.4    87.7   0.377   0.370   0.385   0.404   0.460    22.4    22.4    21.9    20.3    18.7
23904 20150529  2.422  -91.78   35.82    29.7    16.7    23.2    23.2    18.4    24.06 C    34.7    17.5    24.5    95.0    59.8    80.6   0.380   0.371   0.382   0.404   0.461    22.7    22.5    22.0    20.5    19.0
23904 20150530  2.422  -91.78   35.82    27.8    19.0    23.4    22.4     7.3    19.18 C    30.2    19.3    23.1    93.5    57.7    81.7   0.408   0.384   0.394   0.405   0.462    22.8    22.8    22.4    20.9    19.2
23904 20150531  2.422  -91.78   35.82    20.7    17.0    18.8    18.8     8.9     4.94 C    22.5    18.2    19.8    92.9    83.5    88.1   0.409   0.382   0.395   0.406   0.463    21.7    21.8    21.8    20.9    19.3
23904 20150601  2.422  -91.78   35.82    21.4    15.0    18.2    17.5     0.0    12.23 C    24.5    16.2    19.0    92.9    68.8    84.2   0.404   0.384   0.395   0.405   0.463    20.8    20.9    21.0    20.5    19.3
23904 20150602  2.422  -91.78   35.82    24.0    15.2    19.6    18.7     0.0    21.03 C    29.3    16.1    20.7    92.4    60.1    80.5   0.387   0.375   0.389   0.405   0.463    20.8    20.8    20.8    20.2    19.2
23904 20150603  2.422  -91.78   35.82    23.8    15.5    19.7    19.1     0.0    14.95 C    26.9    16.5    20.7    94.7    67.7    83.0   0.380   0.366   0.364   0.404   0.463    20.8    20.9    20.8    20.1    19.2
23904 20150604  2.422  -91.78   35.82    29.5    14.9    22.2    22.1     0.0    27.25 C    34.2    16.1    23.7    99.0    56.4    79.7   0.361   0.356   0.351   0.400   0.463    21.8    21.7    21.3    20.1    19.2
23904 20150605  2.422  -91.78   35.82    31.3    16.2    23.7    23.3    18.7    24.98 C    35.0    17.3    24.6    94.5    50.1    78.5   0.350   0.350   0.346   0.388   0.462    22.7    22.6    22.2    20.5    19.2
23904 20150606  2.422  -91.78   35.82    29.8    18.4    24.1    23.5     0.0    24.83 C    34.6    18.9    25.2    95.1    59.9    83.6   0.371   0.368   0.372   0.402   0.462    23.5    23.4    22.9    21.1    19.5
23904 20150607  2.422  -91.78   35.82    32.3    17.5    24.9    25.3     0.0    26.92 C    38.5    18.0    27.1    95.2    51.8    77.9   0.352   0.350   0.342   0.384   0.462    24.2    24.1    23.5    21.4    19.8
23904 20150608  2.422  -91.78   35.82    32.3    18.4    25.3    25.7     0.0    20.27 C    40.0    19.3    26.9    93.9    52.3    75.4   0.337   0.337   0.325   0.365   0.461    24.6    24.6    24.0    22.0    20.0
23904 20150609  2.422  -91.78   35.82    32.8    16.3    24.6    24.6     0.0    28.83 C    40.2    17.0    27.3    95.1    39.7    72.6   0.330   0.330   0.314   0.352   0.452    24.7    24.7    24.1    22.2    20.2
23904 20150610  2.422  -91.78   35.82    32.9    17.2    25.0    25.4     0.0    26.78 C    41.7    18.1    28.1    94.1    40.2    71.4   0.324   0.323   0.307   0.332   0.399    25.4    25.3    24.7    22.5    20.4
23904 20150611  2.422  -91.78   35.82    33.0    18.0    25.5    25.9     0.0    26.64 C    41.2    19.0    28.7    93.8    48.4    73.7   0.317   0.316   0.302   0.316   0.373    26.0    25.8    25.1    22.9    20.7
23904 20150612  2.422  -91.78   35.82    32.0    22.1    27.0    27.2     0.0    27.07 C    41.8    22.2    29.8    90.9    50.8    71.9   0.309   0.310   0.297   0.306   0.365    26.9    26.7    25.9    23.4    21.0
23904 20150613  2.422  -91.78   35.82    30.0    23.1    26.5    25.6     0.6    18.27 C    38.7    23.0    27.7    86.6    60.4    76.0   0.306   0.306   0.293   0.298   0.361    26.6    26.5    26.0    23.8    21.3
23904 20150614  2.422  -91.78   35.82    31.0    22.2    26.6    25.4     6.6    18.55 C    40.9    22.9    27.7    92.5    58.2    81.2   0.316   0.315   0.292   0.293   0.359    26.7    26.6    26.0    24.0    21.6
23904 20150615  2.422  -91.78   35.82    30.9    21.7    26.3    25.9     0.0    22.50 C    40.9    22.5    28.5    93.3    56.0    77.0   0.332   0.330   0.305   0.292   0.358    26.9    26.7    26.1    24.1    21.8
23904 20150616  2.422  -91.78   35.82    32.1    21.5    26.8    25.7     1.1    19.27 C    41.1    22.6    28.5    93.9    54.6    80.1   0.319   0.319   0.300   0.291   0.357    27.3    27.1    26.5    24.3    22.1
23904 20150617  2.422  -91.78   35.82    31.2    20.6    25.9    25.9     0.0    21.64 C    40.3    21.9    28.7    95.6    58.0    80.1   0.316   0.315   0.298   0.290   0.309    27.3    27.2    26.7    24.6    22.3
23904 20150618  2.422  -91.78   35.82    27.0    21.8    24.4    23.8    50.9    10.19 C    31.0    22.2    24.4    93.5    74.2    85.9   0.358   0.355   0.331   0.316   0.329    25.7    25.9    25.9    24.8    22.7
23904 20150619  2.422  -91.78   35.82    26.0    21.3    23.7    23.5     7.8     7.16 C    27.2    21.4    23.8    94.6    78.8    87.6   0.354   0.348   0.324   0.311   0.359    24.9    25.0    25.0    24.4    22.7
23904 20150620  2.422  -91.78   35.82    33.3    17.8    25.6    26.2     0.0    25.56 C    42.4    19.0    28.8    95.5    56.8    76.6   0.335   0.332   0.311   0.305   0.359    26.2    26.0    25.4    24.0    22.5
23904 20150621  2.422  -91.78   35.82    31.8    22.2    27.0    27.2     0.0    23.70 C    41.2    22.5    29.7    90.9    56.6    73.5   0.324   0.322   0.304   0.300   0.358    27.4    27.2    26.6    24.5    22.6
23904 20150622  2.422  -91.78   35.82    32.5    22.1    27.3    27.6     0.0    26.76 C    41.2    22.8    30.3    85.5    54.3    71.4   0.314   0.315   0.298   0.296   0.357    27.9    27.8    27.1    24.9    22.7
23904 20150623  2.422  -91.78   35.82    35.1    22.2    28.7    28.9     0.0    26.83 C    42.3    23.2    31.5    93.6    48.8    72.8   0.308   0.308   0.292   0.293   0.356    28.5    28.4    27.6    25.3    22.9
23904 20150624  2.422  -91.78   35.82    35.5    22.3    28.9    28.4     0.0    25.31 C    43.7    23.4    31.8    95.4    42.0    76.0   0.302   0.303   0.287   0.290   0.328    29.3    29.2    28.4    25.8    23.2
23904 20150625  2.422  -91.78   35.82    34.5    22.3    28.4    28.4     0.0    23.76 C    44.3    23.2    31.8    92.5    48.8    74.4   0.296   0.299   0.283   0.287   0.264    29.4    29.4    28.7    26.1    23.6
23904 20150626  2.422  -91.78   35.82    32.3    21.2    26.8    24.9     3.6    13.12 C    41.3    22.4    27.5    94.2    59.3    83.6   0.296   0.297   0.280   0.285   0.253    28.1    28.3    28.1    26.4    23.9
23904 20150627  2.422  -91.78   35.82    29.0    17.8    23.4    23.1     0.0    24.69 C    38.4    19.5    26.4    93.9    49.4    75.8   0.303   0.304   0.283   0.284   0.250    26.8    26.9    26.9    25.9    23.9
23904 20150628  2.422  -91.78   35.82    29.9    16.0    22.9    23.6     0.0    25.77 C    40.4    17.5    26.9    94.2    43.5    68.8   0.295   0.296   0.281   0.282   0.247    26.3    26.4    26.4    25.5    23.8
23904 20150629  2.422  -91.78   35.82    32.7    18.9    25.8    26.0     0.0    27.31 C    42.2    20.0    29.0    91.7    40.1    67.8   0.289   0.289   0.276   0.280   0.246    26.9    27.0    26.6    25.3    23.8
23904 20150630  2.422  -91.78   35.82    31.8    17.5    24.6    24.7     0.0    21.78 C    39.6    19.0    27.7    94.7    46.1    76.3   0.286   0.283   0.272   0.279   0.244    26.8    26.9    26.6    25.4    23.8
23904 20150701  2.422  -91.78   35.82    29.9    20.4    25.1    26.0     0.0    11.64 C    37.6    21.6    26.9    92.4    65.1    77.0   0.283   0.279   0.269   0.277   0.243    26.6    26.6    26.4    25.3    23.8
23904 20150702  2.422  -91.78   35.82    31.0    21.3    26.1    25.4    36.4    14.68 C    38.4    20.8    27.0    93.5    62.6    80.8   0.330   0.327   0.307   0.299   0.265    26.3    26.4    26.2    25.2    23.8
23904 20150703  2.422  -91.78   35.82    26.6    19.2    22.9    22.3    19.7    12.27 C    35.0    20.5    24.3    94.8    75.4    89.2   0.344   0.343   0.324   0.311   0.274    25.6    25.8    25.9    25.2    23.9
23904 20150704  2.422  -91.78   35.82    27.4    19.0    23.2    22.4     0.0    12.82 C    33.1    20.2    24.6    95.5    71.8    88.3   0.329   0.329   0.310   0.303   0.267    25.1    25.2    25.2    24.9    23.9
23904 20150705  2.422  -91.78   35.82    28.5    19.5    24.0    24.1     0.0    21.10 C    36.9    20.5    27.0    94.8    71.2    85.0   0.318   0.318   0.302   0.297   0.261    26.5    26.4    25.9    24.8    23.7
23904 20150706  2.422  -91.78   35.82    30.3    20.1    25.2    25.5     0.0    22.25 C    38.9    21.0    28.2    93.5    64.5    79.4   0.309   0.310   0.295   0.294   0.258    27.0    27.0    26.6    25.1    23.7
23904 20150707  2.422  -91.78   35.82    30.0    21.9    25.9    25.2    21.2    12.33 C    39.2    22.5    26.4    91.7    66.7    81.8   0.321   0.321   0.301   0.299   0.256    26.6    26.7    26.6    25.4    23.9
23904 20150708  2.422  -91.78   35.82    30.1    20.6    25.4    24.6     7.0    18.88 C    37.8    21.5    26.4    93.9    64.1    82.9   0.342   0.339   0.318   0.307   0.270    26.2    26.2    26.1    25.2    23.9
23904 20150709  2.422  -91.78   35.82    31.6    21.2    26.4    26.0     0.0    24.35 C    39.7    22.8    28.7    92.9    55.9    77.7   0.331   0.329   0.309   0.303   0.267    27.2    27.2    26.7    25.2    23.9
23904 20150710  2.422  -91.78   35.82    32.8    21.6    27.2    27.3     0.0    24.74 C    41.6    23.0    30.1    92.1    53.3    76.1   0.315   0.314   0.298   0.297   0.262    28.4    28.3    27.5    25.7    24.1
23904 20150711  2.422  -91.78   35.82    33.1    21.0    27.0    27.4     0.0    25.86 C    41.1    22.2    30.5    93.3    53.9    76.6   0.305   0.305   0.291   0.293   0.257    29.0    28.9    28.2    26.1    24.3
23904 20150712  2.422  -91.78   35.82    33.0    21.2    27.1    27.2     0.0    27.60 C    42.2    22.4    30.7    94.5    52.6    76.7   0.298   0.298   0.284   0.290   0.255    29.4    29.3    28.7    26.5    24.5
23904 20150713  2.422  -91.78   35.82    33.9    21.1    27.5    27.8     0.0    27.51 C    42.8    22.3    31.2    94.4    55.3    76.6   0.290   0.290   0.277   0.286   0.253    29.6    29.5    28.9    26.9    24.7
23904 20150714  2.422  -91.78   35.82    35.6    23.7    29.6    28.1     9.1    20.26 C    43.0    24.3    30.1    94.0    53.2    78.7   0.303   0.303   0.281   0.284   0.250    29.5    29.5    29.0    27.1    24.9
23904 20150715  2.422  -91.78   35.82    34.3    21.6    27.9    26.7    33.9    20.10 C    42.7    22.5    29.1    95.1    59.2    82.5   0.320   0.325   0.302   0.296   0.261    29.0    29.0    28.8    27.3    25.2
23904 20150716  2.422  -91.78   35.82    33.3    21.0    27.1    27.0     0.0    27.86 C    41.0    22.0    29.9    94.2    54.3    78.1   0.316   0.323   0.303   0.303   0.267    29.2    29.1    28.6    27.2    25.3
23904 20150717  2.422  -91.78   35.82    33.7    20.5    27.1    27.6     0.0    27.62 C    40.9    21.7    30.1    95.1    50.5    75.8   0.299   0.308   0.290   0.296   0.260    29.6    29.5    29.0    27.3    25.5
23904 20150718  2.422  -91.78   35.82    34.0    21.6    27.8    28.2     0.0    25.82 C    41.6    22.8    30.4    93.9    51.3    74.8   0.289   0.297   0.281   0.291   0.256    29.8    29.7    29.2    27.4    25.5
23904 20150719  2.422  -91.78   35.82    34.8    21.4    28.1    28.4     0.0    27.40 C    42.7    22.5    30.6    94.6    48.6    76.2   0.285   0.288   0.273   0.287   0.254    30.3    30.1    29.5    27.6    25.6
23904 20150720  2.422  -91.78   35.82    35.1    22.7    28.9    28.8     3.4    22.80 C    40.8    23.1    30.0    92.7    52.7    72.9   0.285   0.283   0.267   0.283   0.251    30.2    30.1    29.6    27.8    25.7
23904 20150721  2.422  -91.78   35.82    31.4    22.5    27.0    25.3    29.8    15.75 C    39.3    23.4    27.1    93.2    64.7    84.7   0.309   0.308   0.285   0.294   0.254    28.7    28.8    28.8    27.8    25.8
23904 20150722  2.422  -91.78   35.82    28.5    22.1    25.3    24.6    25.8    11.69 C    35.5    22.4    26.3    93.6    74.9    86.7   0.336   0.338   0.315   0.312   0.275    27.5    27.5    27.5    27.2    25.9
23904 20150723  2.422  -91.78   35.82    31.5    22.6    27.0    26.3    24.6    17.96 C    40.2    23.2    28.3    93.5    64.6    84.8   0.332   0.333   0.311   0.308   0.292    28.4    28.4    28.0    27.0    25.8
23904 20150724  2.422  -91.78   35.82    34.7    23.4    29.0    28.4     0.2    25.08 C    42.6    24.0    31.7    95.7    57.5    80.9   0.318   0.322   0.301   0.303   0.355    30.1    29.9    29.1    27.2    25.5
23904 20150725  2.422  -91.78   35.82    35.0    23.4    29.2    28.3     0.0    24.65 C    43.9    24.2    31.9    94.8    51.2    78.9   0.303   0.312   0.292   0.307   0.362    30.8    30.7    29.9    27.6    25.5
23904 20150726  2.422  -91.78   35.82    33.5    23.2    28.3    28.2     0.0    22.53 C    44.9    24.1    31.5    95.7    61.5    81.8   0.296   0.304   0.285   0.310   0.367    30.9    30.8    30.1    28.0    25.6
23904 20150727  2.422  -91.78   35.82    34.1    22.5    28.3    28.1     0.0    22.80 C    45.7    23.4    31.6    95.0    54.8    80.0   0.292   0.299   0.280   0.310   0.367    30.7    30.7    30.0    28.1    25.8
23904 20150728  2.422  -91.78   35.82    35.2    21.9    28.5    28.6     0.0    25.15 C    45.7    22.8    32.3    94.2    51.7    77.4   0.287   0.294   0.276   0.307   0.363    30.7    30.6    30.0    28.1    25.9
23904 20150729  2.422  -91.78   35.82    35.7    22.5    29.1    29.1     0.0    26.08 C    45.2    23.5    32.5    94.7    49.4    74.1   0.284   0.289   0.273   0.301   0.359    30.8    30.7    30.2    28.2    26.0
23904 20150730  2.422  -91.78   35.82    30.9    19.7    25.3    25.6     0.0    26.15 C    42.2    21.1    29.8    92.6    42.2    70.3   0.280   0.283   0.269   0.294   0.357    30.0    30.1    29.8    28.3    26.1
23904 20150731  2.422  -91.78   35.82    32.5    18.0    25.2    24.7     0.0    27.17 C    43.9    19.1    29.1    93.8    40.7    73.2   0.275   0.276   0.264   0.289   0.355    28.8    28.9    28.8    27.9    26.1
23904 20150801  2.422  -91.78   35.82    33.6    18.0    25.8    25.5     0.0    27.26 C    45.2    18.9    29.8    94.7    41.9    74.0   0.272   0.272   0.259   0.285   0.353    28.7    28.8    28.6    27.6    26.1
23904 20150802  2.422  -91.78   35.82    34.6    18.3    26.4    25.8     0.0    25.83 C    46.2    19.7    30.2    94.8    38.5    74.4   0.268   0.267   0.257   0.282   0.353    29.0    29.0    28.7    27.5    26.0
23904 20150803  2.422  -91.78   35.82    35.2    18.8    27.0    26.6     0.0    25.28 C    46.6    20.2    30.8    94.3    40.2    73.8   0.264   0.263   0.253   0.280   0.317    29.2    29.3    28.8    27.5    26.0
23904 20150804  2.422  -91.78   35.82    33.6    19.1    26.3    26.7     0.0    20.19 C    45.4    20.5    30.2    95.0    47.7    76.4   0.260   0.259   0.250   0.278   0.257    29.1    29.1    28.8    27.6    26.1
23904 20150805  2.422  -91.78   35.82    29.3    21.2    25.3    23.7    30.4    12.74 C    40.5    22.1    26.0    93.6    73.1    86.7   0.288   0.290   0.271   0.283   0.250    27.8    28.0    28.2    27.5    26.1
23904 20150806  2.422  -91.78   35.82    31.7    21.0    26.3    25.0     0.8    20.44 C    41.2    21.8    28.2    94.5    56.2    82.3   0.318   0.321   0.298   0.302   0.259    27.7    27.7    27.5    27.0    26.0
23904 20150807  2.422  -91.78   35.82    31.9    22.1    27.0    26.2     0.9    20.45 C    43.1    22.9    29.6    93.8    69.8    84.4   0.304   0.306   0.287   0.295   0.259    28.9    28.8    28.3    27.0    25.9
23904 20150808  2.422  -91.78   35.82    31.2    21.6    26.4    26.0     0.0    19.66 C    41.0    22.7    29.1    95.4    63.1    83.0   0.293   0.298   0.281   0.291   0.256    29.1    29.1    28.8    27.3    25.9
23904 20150809  2.422  -91.78   35.82    34.1    21.0    27.5    27.3     0.0    23.52 C    44.5    22.1    31.2    95.2    58.1    82.6   0.286   0.291   0.274   0.288   0.254    29.7    29.6    29.0    27.4    26.0
23904 20150810  2.422  -91.78   35.82    32.6    21.4    27.0    26.4     9.8    16.78 C    41.5    22.3    28.7    94.0    53.7    79.8   0.310   0.315   0.293   0.291   0.252    28.9    29.0    28.9    27.7    26.1
23904 20150811  2.422  -91.78   35.82    31.9    19.5    25.7    25.7     0.0    23.37 C    43.7    20.9    28.9    94.3    52.8    76.9   0.298   0.304   0.287   0.291   0.252    28.7    28.7    28.5    27.5    26.1
23904 20150812  2.422  -91.78   35.82    30.0    17.6    23.8    23.1     0.0    22.97 C    42.3    18.9    27.0    93.2    44.3    74.5   0.287   0.293   0.277   0.288   0.253    27.4    27.5    27.6    27.2    26.1
23904 20150813  2.422  -91.78   35.82    29.1    16.4    22.7    22.2     0.0    23.78 C    41.8    18.2    26.6    94.4    42.4    76.0   0.280   0.286   0.270   0.284   0.251    27.1    27.2    27.2    26.8    25.9
23904 20150814  2.422  -91.78   35.82    29.9    15.8    22.8    22.3     0.0    23.56 C    43.0    17.5    26.6    94.4    51.5    78.2   0.276   0.280   0.264   0.282   0.249    26.8    26.9    26.9    26.5    25.7
23904 20150815  2.422  -91.78   35.82    30.5    16.0    23.3    23.4     0.0    22.69 C    42.7    17.9    27.5    94.9    54.7    78.8   0.273   0.275   0.259   0.279   0.248    27.0    27.0    26.9    26.3    25.6
23904 20150816  2.422  -91.78   35.82    30.5    17.3    23.9    23.9     0.0    24.47 C    43.8    19.1    28.4    95.3    56.9    80.6   0.270   0.270   0.256   0.276   0.246    27.8    27.7    27.4    26.4    25.5
23904 20150817  2.422  -91.78   35.82    30.7    17.7    24.2    24.1     0.0    24.04 C    44.0    19.3    28.9    95.1    53.1    80.9   0.266   0.264   0.253   0.275   0.245    28.1    28.1    27.7    26.6    25.5
23904 20150818  2.422  -91.78   35.82    32.0    18.6    25.3    25.3     0.0    18.59 C    45.1    20.1    28.6    95.3    56.1    79.8   0.261   0.261   0.248   0.273   0.244    27.9    27.9    27.7    26.7    25.6
23904 20150819  2.422  -91.78   35.82    24.9    15.7    20.3    20.9     2.6     4.61 C    25.7    17.2    22.4    92.0    68.2    86.1   0.263   0.263   0.246   0.271   0.242    25.5    25.9    26.4    26.5    25.6
23904 20150820  2.422  -91.78   35.82    26.3    11.8    19.0    19.1     0.0    24.52 C    39.4    13.8    23.7    95.4    43.7    75.8   0.264   0.266   0.247   0.269   0.241    24.5    24.7    24.9    25.4    25.3
23904 20150821  2.422  -91.78   35.82    26.8    13.2    20.0    20.3     0.0    16.90 C    37.3    15.0    23.6    94.6    59.6    80.0   0.260   0.261   0.244   0.268   0.240    24.3    24.5    24.7    25.0    25.0
23904 20150822  2.422  -91.78   35.82    29.9    18.1    24.0    23.0    22.4    13.37 C    37.6    19.5    24.8    94.5    60.5    85.5   0.296   0.297   0.277   0.285   0.241    25.0    25.0    25.0    24.8    24.8
23904 20150823  2.422  -91.78   35.82    30.1    18.8    24.5    23.8     0.0    14.85 C    37.9    20.1    25.3    95.6    51.7    78.3   0.300   0.303   0.282   0.286   0.241    25.2    25.3    25.3    24.9    24.6
23904 20150824  2.422  -91.78   35.82    29.3    11.4    20.3    20.7     0.0    24.01 C    37.8    14.1    24.1    94.2    25.6    69.1   0.285   0.291   0.273   0.282   0.243    24.7    24.9    24.9    24.8    24.5
23904 20150825  2.422  -91.78   35.82    30.1    10.0    20.0    19.6     0.0    24.28 C    40.5    12.3    23.6    95.0    34.1    71.4   0.275   0.280   0.264   0.279   0.245    23.7    23.9    24.1    24.4    24.3
23904 20150826  2.422  -91.78   35.82    30.2    12.6    21.4    20.6     0.0    23.38 C    41.4    14.1    24.4    94.8    37.9    72.4   0.270   0.272   0.258   0.276   0.246    24.2    24.3    24.3    24.2    24.2
23904 20150827  2.422  -91.78   35.82    26.9    11.8    19.4    19.2     0.0    20.98 C    39.1    13.9    23.5    94.0    45.0    75.0   0.267   0.266   0.253   0.274   0.244    24.0    24.1    24.2    24.1    24.0
23904 20150828  2.422  -91.78   35.82    28.7    12.0    20.3    20.2     0.0    22.19 C    39.8    14.0    24.3    95.0    42.5    76.0   0.264   0.261   0.248   0.272   0.243    24.3    24.3    24.2    24.0    23.9
23904 20150829  2.422  -91.78   35.82    26.3    17.3    21.8    21.4     1.4     8.65 C    32.1    18.8    22.9    94.6    64.3    84.6   0.264   0.260   0.245   0.270   0.241    24.0    24.1    24.2    24.1    23.8
23904 20150830  2.422  -91.78   35.82    32.5    17.3    24.9    24.0     0.0    20.95 C    43.0    18.6    27.4    98.7    42.4    79.5   0.265   0.262   0.246   0.269   0.240    25.6    25.5    25.0    24.0    23.7
23904 20150831  2.422  -91.78   35.82    32.5    18.6    25.5    24.2     0.0    20.34 C    44.1    19.7    27.8    95.2    48.8    80.1   0.261   0.258   0.243   0.268   0.239    26.6    26.6    26.0    24.6    23.8
23904 20150901  2.422  -91.78   35.82    31.4    17.8    24.6    24.2     0.0    16.64 C    42.3    19.3    26.9    95.2    52.7    80.5   0.258   0.254   0.240   0.267   0.238    26.4    26.5    26.1    24.9    24.0
23904 20150902  2.422  -91.78   35.82    32.6    18.4    25.5    24.9     0.0    19.32 C    44.3    19.6    28.1    95.5    43.0    76.1   0.253   0.250   0.237   0.265   0.237    26.8    26.9    26.4    25.1    24.1
23904 20150903  2.422  -91.78   35.82    33.2    17.4    25.3    24.9     0.0    21.76 C    44.1    18.9    28.6    95.3    41.8    75.3   0.248   0.245   0.234   0.264   0.236    27.2    27.2    26.7    25.3    24.2
23904 20150904  2.422  -91.78   35.82    33.5    18.0    25.7    25.2     0.0    21.71 C    45.3    19.6    29.0    94.7    42.2    75.2   0.242   0.240   0.231   0.263   0.236    27.6    27.6    27.1    25.6    24.3
23904 20150905  2.422  -91.78   35.82    34.2    18.8    26.5    25.7     0.0    21.51 C    45.8    20.2    29.5    94.2    38.4    74.6   0.235   0.235   0.228   0.262   0.235    27.9    27.8    27.3    25.8    24.5
23904 20150906  2.422  -91.78   35.82    34.7    18.8    26.8    25.5     0.0    20.05 C    46.2    20.2    29.1    94.2    37.3    74.2   0.227   0.230   0.225   0.261   0.235    27.9    27.9    27.5    26.0    24.6
23904 20150907  2.422  -91.78   35.82    34.3    18.7    26.5    25.8     0.0    18.38 C    45.7    19.9    28.9    94.0    42.8    74.5   0.219   0.225   0.221   0.260   0.233    27.7    27.7    27.4    26.1    24.8
23904 20150908  2.422  -91.78   35.82    35.6    20.9    28.2    26.3    11.7    16.53 C    47.2    21.3    29.0    92.1    36.0    73.5   0.215   0.230   0.222   0.259   0.233    27.7    27.8    27.4    26.2    24.9
23904 20150909  2.422  -91.78   35.82    25.6    17.2    21.4    21.9    17.3     7.39 C    30.9    18.7    23.4    94.4    68.2    87.4   0.314   0.315   0.267   0.269   0.232    25.4    25.6    26.0    26.0    25.0
23904 20150910  2.422  -91.78   35.82    31.8    15.9    23.8    23.0     0.0    21.84 C    42.0    17.0    26.3    94.7    44.1    76.9   0.287   0.294   0.257   0.268   0.232    25.4    25.5    25.4    25.2    24.8
23904 20150911  2.422  -91.78   35.82    26.5    16.4    21.5    21.3     1.9    11.25 C    32.8    15.4    22.4    93.7    53.5    72.9   0.279   0.288   0.254   0.267   0.231    24.3    24.5    24.9    25.1    24.5
23904 20150912  2.422  -91.78   35.82    23.3     9.2    16.3    16.4     0.0    22.73 C    31.5    11.6    18.9    92.5    33.3    61.7   0.266   0.276   0.249   0.267   0.231    21.6    22.1    22.8    24.2    24.3
23904 20150913  2.422  -91.78   35.82    24.0     6.4    15.2    14.9     0.0    23.04 C    34.5     8.9    19.2    94.6    32.4    69.4   0.253   0.266   0.243   0.266   0.231    20.9    21.2    21.7    23.1    23.9
23904 20150914  2.422  -91.78   35.82    27.6     9.8    18.7    17.8     0.0    21.50 C    36.2    12.0    21.0    92.7    34.6    68.8   0.245   0.258   0.238   0.265   0.232    21.5    21.7    22.0    22.6    23.4
23904 20150915  2.422  -91.78   35.82    29.2     9.2    19.2    18.7     0.0    21.97 C    37.4    11.4    21.9    93.0    36.1    71.4   0.238   0.251   0.234   0.263   0.232    21.8    22.0    22.1    22.5    23.1
23904 20150916  2.422  -91.78   35.82    31.0    13.6    22.3    21.8     0.0    16.54 C    41.3    15.1    24.0    92.1    52.9    76.3   0.231   0.247   0.232   0.262   0.232    22.9    22.9    22.8    22.6    22.9
23904 20150917  2.422  -91.78   35.82    32.6    17.3    25.0    24.6     0.0    20.89 C    42.3    17.7    26.8    92.2    45.7    68.9   0.227   0.242   0.229   0.262   0.231    24.4    24.4    23.9    23.0    22.9
23904 20150918  2.422  -91.78   35.82    33.5    17.2    25.3    25.0     0.0    18.81 C    42.2    18.1    27.1    92.3    44.1    70.3   0.221   0.236   0.227   0.261   0.231    25.1    25.1    24.7    23.5    23.1
23904 20150919  2.422  -91.78   35.82    28.6    14.8    21.7    22.4     0.0    15.08 C    39.1    16.2    24.5    90.8    36.4    69.0   0.217   0.231   0.226   0.260   0.231    24.5    24.7    24.6    23.9    23.2
23904 20150920  2.422  -91.78   35.82    24.6    11.3    17.9    17.6     0.0    12.08 C    37.1    13.5    20.6    93.8    44.2    75.1   0.213   0.224   0.222   0.258   0.231    22.3    22.5    23.0    23.5    23.3
23904 20150921  2.422  -91.78   35.82    28.0    10.1    19.0    18.4     0.0    21.12 C    39.3    12.5    22.8    95.0    29.0    70.8   0.213   0.220   0.220   0.256   0.230    22.5    22.7    22.7    23.0    23.1
23904 20150922  2.422  -91.78   35.82    30.0     9.8    19.9    18.6     0.0    20.51 C    39.8    12.0    22.3    93.9    33.7    71.4   0.208   0.215   0.217   0.256   0.230    22.5    22.7    22.8    22.8    23.0
23904 20150923  2.422  -91.78   35.82    30.6     8.9    19.8    18.6     0.0    20.72 C    39.7    11.4    22.2    94.5    26.9    69.6   0.205   0.209   0.213   0.254   0.229    22.3    22.5    22.6    22.7    22.8
23904 20150924  2.422  -91.78   35.82    30.7    10.3    20.5    19.4     0.0    19.22 C    43.9    12.5    22.7    93.9    24.4    69.6   0.201   0.205   0.210   0.254   0.228    22.4    22.6    22.6    22.6    22.7
23904 20150925  2.422  -91.78   35.82    31.0    11.8    21.4    20.3     0.0    18.23 C    40.2    13.3    22.9    93.7    27.5    69.9   0.198   0.201   0.208   0.253   0.228    22.5    22.6    22.6    22.6    22.6
23904 20150926  2.422  -91.78   35.82    23.6    11.4    17.5    18.5     0.0     8.60 C    31.8    13.3    20.4    94.2    60.7    80.3   0.197   0.198   0.206   0.251   0.228    21.6    21.8    22.1    22.5    22.6
23904 20150927  2.422  -91.78   35.82    26.4    16.1    21.3    20.1     0.0     9.07 C    36.0    17.5    22.4    93.4    55.9    81.9   0.197   0.198   0.205   0.250   0.226    22.1    22.2    22.2    22.2    22.5
23904 20150928  2.422  -91.78   35.82    26.1    16.0    21.0    20.7     0.0     8.03 C    33.2    17.3    22.4    93.6    65.2    84.4   0.196   0.198   0.204   0.250   0.226    22.3    22.3    22.3    22.2    22.4
23904 20150929  2.422  -91.78   35.82    28.3    16.1    22.2    21.4     0.0     8.70 C    38.0    17.4    22.7    95.0    50.3    80.3   0.196   0.198   0.204   0.248   0.226    22.6    22.7    22.7    22.3    22.3
23904 20150930  2.422  -91.78   35.82    22.5    13.1    17.8    19.2     0.0     5.86 C    29.3    13.2    20.0    93.2    61.8    78.7   0.194   0.196   0.202   0.248   0.225    21.5    21.7    22.1    22.3    22.3
23904 20151001  2.422  -91.78   35.82    24.0     8.0    16.0    16.1     0.0    20.38 C    32.4     9.5    18.0    89.3    29.0    59.8   0.192   0.194   0.200   0.247   0.225    19.9    20.2    20.7    21.7    22.2
23904 20151002  2.422  -91.78   35.82    21.5     8.9    15.2    15.5     0.0    18.70 C    30.1     9.1    17.6    76.0    41.4    59.0   0.189   0.190   0.197   0.246   0.224    19.1    19.3    19.9    21.1    21.9
23904 20151003  2.422  -91.78   35.82    15.1     8.4    11.7    12.8     0.0     5.98 C    19.9     9.8    14.3    87.3    57.7    69.6   0.187   0.187   0.196   0.244   0.223    17.7    18.0    18.9    20.6    21.6
23904 20151004  2.422  -91.78   35.82    18.1    11.5    14.8    14.1     0.0     7.05 C    23.0    12.1    15.9    86.0    62.9    72.4   0.185   0.186   0.194   0.243   0.222    17.3    17.5    18.1    19.8    21.3
23904 20151005  2.422  -91.78   35.82    26.0    11.3    18.6    18.1     0.0    15.65 C    37.8    11.1    20.1    91.7    50.2    73.4   0.185   0.185   0.193   0.243   0.222    19.1    19.1    19.0    19.5    20.9
23904 20151006  2.422  -91.78   35.82    28.2    13.5    20.8    19.3     0.0    14.84 C    40.1    13.6    21.2    93.7    47.1    77.0   0.184   0.184   0.192   0.243   0.220    20.5    20.5    20.3    20.0    20.8
23904 20151007  2.422  -91.78   35.82    27.6    12.6    20.1    18.8     0.0    11.29 C    37.6    13.9    20.9    94.5    46.2    78.1   0.182   0.183   0.192   0.242   0.221    20.8    20.8    20.8    20.5    20.9
23904 20151008  2.422  -91.78   35.82    30.6    11.4    21.0    19.8     0.0    16.15 C    38.9    12.9    22.2    94.4    38.0    74.8   0.180   0.181   0.190   0.240   0.220    21.3    21.3    21.1    20.7    20.9
23904 20151009  2.422  -91.78   35.82    23.8    11.6    17.7    17.5     6.0     5.72 C    28.5    12.3    18.3    93.8    60.6    83.0   0.181   0.197   0.197   0.241   0.220    20.2    20.4    20.8    20.9    21.0
23904 20151010  2.422  -91.78   35.82    22.9     6.4    14.6    13.6     0.0    18.64 C    30.5     8.9    16.5    94.4    39.8    74.4   0.187   0.201   0.198   0.240   0.219    18.7    19.0    19.5    20.4    21.0
23904 20151011  2.422  -91.78   35.82    27.0     5.2    16.1    15.5     0.0    16.64 C    32.5     7.6    17.2    94.7    36.0    71.9   0.185   0.196   0.197   0.240   0.218    18.2    18.3    18.7    19.8    20.7
23904 20151012  2.422  -91.78   35.82    31.0    11.3    21.1    21.4     0.0    14.65 C    36.5    11.2    20.7    88.7    29.5    56.6   0.183   0.191   0.195   0.239   0.219    19.8    19.7    19.7    19.8    20.5
23904 20151013  2.422  -91.78   35.82    27.0     7.6    17.3    17.0     0.0    18.71 C    31.9     8.5    17.1    82.8    15.2    45.1   0.179   0.184   0.191   0.238   0.218    18.5    18.7    19.1    19.9    20.5
23904 20151014  2.422  -91.78   35.82    31.7     4.5    18.1    16.4     0.0    17.79 C    35.5     7.2    17.7    91.6    17.2    60.4   0.175   0.179   0.188   0.238   0.217    18.3    18.4    18.6    19.4    20.3
23904 20151015  2.422  -91.78   35.82    33.5     6.2    19.8    19.4     0.0    17.05 C    37.6     8.3    20.1    91.1    19.0    54.4   0.173   0.176   0.186   0.238   0.216    19.4    19.2    19.2    19.4    20.2
23904 20151016  2.422  -91.78   35.82    21.6     2.9    12.2    13.5     2.6    17.47 C    28.5     5.9    15.6    89.2    19.9    60.4   0.173   0.175   0.184   0.236   0.216    18.5    18.7    19.2    19.6    20.2
23904 20151017  2.422  -91.78   35.82    19.3     2.3    10.8     9.1     0.0    14.87 C    28.5     4.8    12.6    91.6    19.9    61.8   0.172   0.173   0.183   0.236   0.215    15.8    16.1    17.0    18.9    20.0
23904 20151018  2.422  -91.78   35.82    18.7     0.5     9.6     8.3     0.0    13.65 C    28.3     3.6    11.7    92.1    23.4    62.6   0.170   0.171   0.182   0.235   0.215    14.9    15.2    16.1    18.0    19.7
23904 20151019  2.422  -91.78   35.82    23.4     1.2    12.3    10.7     0.0    16.77 C    30.4     3.8    13.1    92.0    22.1    62.1   0.168   0.170   0.180   0.233   0.215    15.2    15.3    15.9    17.5    19.3
23904 20151020  2.422  -91.78   35.82    25.4     2.3    13.9    13.2     0.0    16.34 C    32.0     4.5    14.8    89.7    34.2    67.1   0.166   0.169   0.179   0.232   0.214    15.9    15.9    16.2    17.3    19.0
23904 20151021  2.422  -91.78   35.82    28.5     5.7    17.1    16.2     0.0    14.57 C    36.2     7.5    17.6    92.3    39.6    72.8   0.165   0.167   0.179   0.233   0.214    17.4    17.2    17.2    17.5    18.9
23904 20151022  2.422  -91.78   35.82    27.5     7.6    17.6    18.0     0.0    11.94 C    35.1     9.0    18.0    92.9    38.3    68.8   0.163   0.165   0.178   0.232   0.214    18.1    18.0    18.0    18.0    18.8
23904 20151023  2.422  -91.78   35.82    20.5    16.5    18.5    19.2     5.0     2.16 C    20.5    16.2    18.4    91.6    61.4    82.6   0.164   0.177   0.181   0.232   0.214    18.4    18.4    18.4    18.4    18.9
23904 20151024  2.422  -91.78   35.82    21.4    14.1    17.8    18.2     2.0     2.64 C    22.2    14.1    18.0    92.5    73.0    83.0   0.172   0.181   0.180   0.233   0.214    18.7    18.7    18.8    18.6    19.0
23904 20151025  2.422  -91.78   35.82    14.1    11.7    12.9    13.0     5.5     3.30 C    15.4    12.6    13.9    88.3    59.0    76.3   0.193   0.204   0.194   0.231   0.213    16.1    16.5    17.3    18.4    19.1
23904 20151026  2.422  -91.78   35.82    17.7    12.2    15.0    14.2     9.2     4.47 C    19.7    11.5    14.5    90.7    61.0    76.3   0.211   0.213   0.195   0.231   0.213    15.7    15.9    16.5    17.7    18.9
23904 20151027  2.422  -91.78   35.82    16.6    13.8    15.2    15.6    13.6     3.09 C    18.9    14.2    16.0    94.7    89.7    91.6   0.304   0.292   0.241   0.232   0.212    16.6    16.7    16.9    17.5    18.6
23904 20151028  2.422  -91.78   35.82    21.6     7.3    14.4    15.0     0.0    11.74 C    25.1     8.5    15.3    95.4    52.2    80.5   0.283   0.284   0.229   0.233   0.211    16.8    16.9    17.1    17.6    18.5
23904 20151029  2.422  -91.78   35.82    20.4     4.2    12.3    10.9     0.0    15.24 C    24.5     5.9    12.4    95.4    35.0    71.6   0.267   0.268   0.222   0.234   0.211    15.3    15.5    16.2    17.3    18.4
23904 20151030  2.422  -91.78   35.82    16.2     1.1     8.7     9.9     2.3     8.50 C    17.3     3.3    10.4    93.1    39.3    67.9   0.255   0.257   0.218   0.234   0.211    13.3    13.7    14.7    16.7    18.2
23904 20151031  2.422  -91.78   35.82    17.1    10.7    13.9    13.8     8.1     2.17 C    17.9    11.1    13.9    95.3    81.5    89.8   0.294   0.293   0.239   0.234   0.211    14.4    14.6    15.0    16.2    17.9
23904 20151101  2.422  -91.78   35.82    18.6     9.6    14.1    13.7     0.0     7.78 C    20.7    10.9    14.4    97.9    68.2    86.9   0.284   0.285   0.240   0.236   0.210    15.6    15.6    15.8    16.3    17.7
23904 20151102  2.422  -91.78   35.82    18.5     8.6    13.5    13.5     0.0     6.06 C    22.9     9.6    14.4   100.0    67.2    88.6   0.274   0.276   0.237   0.237   0.210    15.6    15.7    16.0    16.5    17.6
23904 20151103  2.422  -91.78   35.82    18.7    10.7    14.7    13.9     0.0     5.03 C    21.0    11.5    14.8    94.7    73.4    89.9   0.269   0.271   0.235   0.238   0.210    15.6    15.7    16.0    16.6    17.6
23904 20151104  2.422  -91.78   35.82    21.0    13.4    17.2    16.8     0.0     3.38 C    21.0    12.7    16.6    93.9    66.3    86.6   0.264   0.267   0.233   0.240   0.210    16.5    16.5    16.5    16.6    17.6
23904 20151105  2.422  -91.78   35.82    20.9    12.0    16.4    18.2    27.9     1.65 C    20.4    12.2    17.3    94.4    76.3    88.7   0.286   0.286   0.247   0.242   0.210    17.0    17.0    17.0    17.0    17.6
23904 20151106  2.422  -91.78   35.82    19.2    12.4    15.8    16.0     0.6     4.40 C    19.5    11.8    15.7    93.4    57.8    77.0   0.312   0.313   0.285   0.260   0.217    17.3    17.3    17.5    17.3    17.8
23904 20151107  2.422  -91.78   35.82    17.1     5.4    11.3    11.6     0.0     6.51 C    17.8     5.3    11.1    82.7    38.6    62.4   0.290   0.293   0.270   0.260   0.237    14.9    15.3    16.0    17.1    17.8
23904 20151108  2.422  -91.78   35.82    15.5     0.2     7.9     7.2     0.0    14.59 C    19.2     1.2     7.6    91.4    33.5    65.9   0.277   0.282   0.261   0.260   0.237    12.7    13.2    14.2    16.2    17.6
23904 20151109  2.422  -91.78   35.82    17.7    -0.6     8.5     6.5     0.0    14.23 C    20.6     0.3     7.5    93.7    28.0    72.1   0.270   0.273   0.254   0.259   0.235    11.8    12.1    13.1    15.3    17.2
23904 20151110  2.422  -91.78   35.82    21.1     0.0    10.5    10.3     0.0    13.65 C    22.0     1.1     9.8    93.4    35.6    70.7   0.264   0.267   0.249   0.258   0.233    11.9    12.1    12.8    14.7    16.8
23904 20151111  2.422  -91.78   35.82    21.2     9.2    15.2    16.3     3.8     2.03 C    21.0     8.2    14.4    89.8    36.6    80.3   0.269   0.269   0.246   0.257   0.232    13.9    13.9    14.0    14.7    16.5
23904 20151112  2.422  -91.78   35.82    18.0     1.5     9.7    10.1     0.0    14.02 C    18.6     1.5     8.8    85.8    30.1    56.2   0.275   0.275   0.249   0.257   0.231    12.6    12.9    13.7    14.9    16.4
23904 20151113  2.422  -91.78   35.82    17.9    -1.1     8.4     6.7     0.0    13.89 C    20.0    -0.4     6.8    90.9    25.1    66.9   0.265   0.265   0.245   0.256   0.230    11.2    11.5    12.4    14.3    16.2
23904 20151114  2.422  -91.78   35.82    19.6    -1.3     9.1     7.2     0.0    13.20 C    20.5    -0.2     6.9    91.3    27.7    69.0   0.259   0.258   0.241   0.255   0.228    10.6    10.9    11.8    13.8    15.9
23904 20151115  2.422  -91.78   35.82    16.9     0.4     8.6     8.8     4.6     5.98 C    16.9     1.1     8.0    92.1    34.9    68.9   0.255   0.255   0.239   0.254   0.228    10.5    10.8    11.5    13.4    15.6
23904 20151116  2.422  -91.78   35.82    15.8     8.7    12.2    11.1    25.6     1.45 C    15.0     8.7    11.1    93.2    78.3    89.7   0.322   0.319   0.279   0.259   0.227    11.5    11.7    12.1    13.3    15.3
23904 20151117  2.422  -91.78   35.82    21.4    13.2    17.3    18.4    79.1     0.35 C    20.0    12.4    17.4    93.3    81.6    90.0   0.352   0.343   0.319   0.307   0.282    15.6    15.3    14.9    14.0    15.2
23904 20151118  2.422  -91.78   35.82    15.0     5.4    10.2    11.6     0.0    12.13 C    16.6     4.5    10.5    86.3    48.9    68.1   0.319   0.318   0.296   0.292   0.269    13.8    14.1    14.6    14.8    15.3
23904 20151119  2.422  -91.78   35.82    16.8     0.1     8.4     8.2     0.0    12.99 C    18.1     0.6     7.2    87.7    21.5    64.7   0.298   0.300   0.281   0.283   0.254    11.7    12.0    12.9    14.3    15.4
23904 20151120  2.422  -91.78   35.82    14.5    -1.8     6.3     5.3     0.0    12.82 C    15.1    -0.8     5.1    90.9    29.6    69.3   0.286   0.289   0.272   0.279   0.250     9.9    10.4    11.4    13.5    15.2
23904 20151121  2.422  -91.78   35.82    12.7    -4.4     4.1     5.1     0.8     8.65 C    11.3    -4.1     4.5    84.7    47.9    67.4   0.281   0.283   0.267   0.276   0.247     9.3     9.7    10.7    12.8    14.9
23904 20151122  2.422  -91.78   35.82     8.1    -7.4     0.3    -0.7     0.0    13.10 C    13.3    -6.5     0.4    89.1    26.7    66.9   0.277   0.278   0.262   0.274   0.245     7.0     7.5     8.8    11.9    14.5
23904 20151123  2.422  -91.78   35.82    18.0    -4.8     6.6     5.3     0.0    10.25 C    18.7    -3.9     4.2    86.3    25.5    62.8   0.273   0.273   0.258   0.271   0.243     7.6     7.9     8.7    11.1    13.9
23904 20151124  2.422  -91.78   35.82    15.8    -0.5     7.6     6.6     0.0     8.32 C    17.7    -0.4     4.7    90.3    31.0    64.2   0.270   0.269   0.256   0.270   0.241     7.9     8.2     9.0    10.9    13.6
23904 20151125  2.422  -91.78   35.82    15.2     3.0     9.1     9.9     0.0     2.94 C    14.4     0.4     8.1    85.3    58.5    67.9   0.267   0.266   0.253   0.268   0.239     8.6     8.7     9.2    10.8    13.3
23904 20151126  2.422  -91.78   35.82    20.5    14.0    17.2    17.2     0.0     2.81 C    20.6    11.6    14.9    79.5    65.8    72.4   0.266   0.265   0.252   0.268   0.238    11.7    11.4    11.1    11.2    13.2
23904 20151127  2.422  -91.78   35.82    19.2     7.3    13.2    14.8    59.1     0.62 C    16.7     7.9    13.9    93.3    67.9    85.3   0.310   0.301   0.280   0.284   0.248    13.4    13.2    13.0    12.4    13.4
23904 20151128  2.422  -91.78   35.82     7.3     5.4     6.4     6.6    38.3     1.15 C     8.4     6.0     7.3    92.2    88.3    90.3   0.361   0.348   0.320   0.326   0.358    10.3    10.5    11.3    12.5    13.6
23904 20151129  2.422  -91.78   35.82     7.0     5.2     6.1     6.1    11.9     0.84 C     8.4     5.8     6.8    92.6    88.3    90.9   0.351   0.347   0.343   0.402   0.453     9.4     9.6    10.4    11.9    13.6
23904 20151130  2.422  -91.78   35.82    10.8     6.7     8.8     8.6     1.9     2.67 C    11.6     7.0     9.0    93.3    86.6    90.6   0.369   0.362   0.386   0.404   0.456    10.0    10.1    10.5    11.6    13.5
23904 20151201  2.422  -91.78   35.82    10.0    -0.3     4.9     5.5     0.0     7.05 C    13.5    -1.1     5.6    93.2    60.5    80.2   0.372   0.365   0.387   0.405   0.458    10.0    10.2    10.7    11.7    13.5
23904 20151202  2.422  -91.78   35.82     9.7    -2.1     3.8     3.7     0.0    11.68 C    11.9    -2.1     3.3    92.9    45.9    72.8   0.369   0.361   0.376   0.406   0.458     8.2     8.6     9.6    11.4    13.3
23904 20151203  2.422  -91.78   35.82    10.7    -2.7     4.0     2.8     0.0    11.93 C    15.0    -2.6     3.6    92.5    47.4    79.3   0.361   0.358   0.371   0.408   0.459     8.1     8.4     9.2    10.9    13.1
23904 20151204  2.422  -91.78   35.82    10.7    -5.4     2.7     0.9     0.0    12.14 C    13.8    -4.5     1.6    92.7    45.0    80.0   0.355   0.356   0.370   0.408   0.459     7.2     7.6     8.5    10.5    12.8
23904 20151205  2.422  -91.78   35.82    13.2    -5.7     3.7     2.0     0.0    12.07 C    15.8    -5.1     2.2    91.4    46.5    78.2   0.347   0.350   0.338   0.409   0.460     6.7     7.1     7.9    10.0    12.5
23904 20151206  2.422  -91.78   35.82    16.5    -2.9     6.8     5.4     0.0     9.98 C    17.0    -2.5     4.7    92.3    45.3    77.2   0.339   0.343   0.327   0.409   0.460     7.4     7.5     8.1     9.7    12.2
23904 20151207  2.422  -91.78   35.82    15.3    -2.9     6.2     4.9     0.0    12.08 C    17.4    -2.8     4.4    94.3    41.8    78.1   0.328   0.334   0.316   0.395   0.461     7.7     7.8     8.4     9.7    12.1
23904 20151208  2.422  -91.78   35.82    17.9    -1.3     8.3     9.0     0.0    11.23 C    17.2    -1.5     7.1    92.8    47.1    74.6   0.319   0.323   0.306   0.368   0.460     8.1     8.2     8.5     9.8    11.9
23904 20151209  2.422  -91.78   35.82    19.8     1.7    10.7     9.5     0.0    11.16 C    19.0     1.0     7.6    94.5    35.4    72.5   0.311   0.313   0.296   0.353   0.460     9.3     9.3     9.5    10.0    11.9
23904 20151210  2.422  -91.78   35.82    20.6     1.7    11.1    12.2     0.0     9.06 C    20.1     1.4     9.6    90.2    55.9    76.3   0.305   0.305   0.288   0.342   0.446     9.6     9.6     9.7    10.3    11.9
23904 20151211  2.422  -91.78   35.82    20.9     6.5    13.7    15.6     0.0     4.75 C    20.6     5.5    13.1    94.9    60.8    83.0   0.302   0.301   0.283   0.314   0.378    11.4    11.3    11.0    10.8    12.0
23904 20151212  2.422  -91.78   35.82    22.3    19.1    20.7    20.4     0.0     3.43 C    21.6    15.9    18.0    82.4    71.8    78.3   0.300   0.299   0.280   0.298   0.357    14.3    13.9    13.2    11.7    12.3
23904 20151213  2.422  -91.78   35.82    19.8    10.6    15.2    17.4    36.0     0.32 C    18.6     9.5    16.2    91.6    76.2    85.0   0.329   0.319   0.297   0.309   0.373    15.1    14.9    14.5    12.9    12.7
23904 20151214  2.422  -91.78   35.82    13.1     2.4     7.8     9.4     0.0     7.86 C    14.7     2.2     8.6    91.8    52.7    70.2   0.335   0.332   0.309   0.350   0.458    12.3    12.6    13.1    13.3    13.2
23904 20151215  2.422  -91.78   35.82    17.9    -0.6     8.6     8.5     0.0    11.14 C    18.0     0.0     7.7    94.4    57.3    80.9   0.315   0.314   0.292   0.335   0.459    10.7    10.9    11.4    12.6    13.3
23904 20151216  2.422  -91.78   35.82    17.8     3.5    10.7    12.1     0.0     9.10 C    17.9     1.5     9.9    88.7    26.8    56.9   0.306   0.305   0.287   0.326   0.426    11.5    11.6    11.9    12.3    13.2
23904 20151217  2.422  -91.78   35.82     9.4    -4.0     2.7     2.9     0.0    11.42 C    13.2    -3.1     3.1    87.2    42.0    66.3   0.298   0.297   0.281   0.309   0.376     8.8     9.1    10.1    11.9    13.1
23904 20151218  2.422  -91.78   35.82     7.4    -4.2     1.6     1.9     0.0    11.29 C    10.7    -3.6     2.2    85.2    30.0    60.5   0.293   0.291   0.275   0.299   0.366     7.5     7.9     8.9    11.0    12.8
23904 20151219  2.422  -91.78   35.82    13.2    -5.1     4.1     3.8     0.0    11.19 C    14.1    -4.5     3.0    88.0    29.7    65.6   0.289   0.286   0.271   0.289   0.360     6.6     6.9     7.8    10.2    12.4
23904 20151220  2.422  -91.78   35.82    12.0     2.7     7.3     8.8     0.0     2.50 C    10.0    -0.5     6.1    78.8    39.0    55.6   0.285   0.282   0.267   0.284   0.357     6.9     7.2     7.9     9.8    12.0
23904 20151221  2.422  -91.78   35.82    17.9     8.9    13.4    14.1     2.0     2.50 C    17.6     5.2    12.5    96.8    79.3    86.8   0.289   0.283   0.265   0.280   0.355    10.3    10.1     9.8     9.9    11.8
23904 20151222  2.422  -91.78   35.82    16.1    -0.3     7.9     7.8     0.0    10.56 C    16.5     0.3     7.4    99.9    48.5    83.6   0.293   0.285   0.266   0.279   0.353     9.8     9.9    10.2    10.6    11.9
23904 20151223  2.422  -91.78   35.82    20.7     9.8    15.3    16.0    12.9     4.78 C    19.5     5.6    13.6    94.1    56.2    77.4   0.326   0.321   0.296   0.288   0.352    12.2    11.9    11.6    11.1    12.0
23904 20151224  2.422  -91.78   35.82    19.7     1.2    10.4     9.8     0.0    10.64 C    18.6     1.1     8.9    93.3    48.2    77.4   0.324   0.321   0.296   0.291   0.307    10.9    11.0    11.2    11.5    12.2
23904 20151225  2.422  -91.78   35.82    15.3     7.6    11.5    11.6     0.0     8.43 C    15.8     5.5    10.2    78.2    37.6    59.3   0.311   0.309   0.287   0.286   0.255    11.0    11.0    11.2    11.5    12.3
23904 20151226  2.422  -91.78   35.82    22.1     9.9    16.0    15.9    58.9     1.68 C    20.2     9.9    14.6    95.1    75.4    87.6   0.345   0.334   0.310   0.302   0.304    12.2    12.0    11.7    11.5    12.3
23904 20151227  2.422  -91.78   35.82    20.8     5.9    13.4    10.1   121.4     0.49 C    19.2     6.2    10.2    91.2    82.6    88.7   0.372   0.355   0.352   0.371   0.442    12.3    12.6    12.9    12.4    12.7
23904 20151228  2.422  -91.78   35.82    11.1     3.5     7.3     6.8 -9999.0     5.38 C    12.9     3.7     7.1    92.3    67.0    81.5   0.381   0.364   0.365   0.387   0.455     9.7    10.0    10.8    11.9    12.8
23904 20151229  2.422  -91.78   35.82     5.0     2.1     3.5     3.2 -9999.0     5.36 C    11.3     2.8     4.7    76.2    64.4    72.5   0.380   0.367   0.370   0.389   0.456     8.6     8.9     9.6    11.2    12.6
23904 20151230  2.422  -91.78   35.82     7.2    -2.4     2.4     2.8 -9999.0     5.76 C    12.3    -2.6     3.5    90.4    57.2    76.7   0.381   0.368   0.373   0.391   0.457     8.0     8.4     9.1    10.7    12.3
23904 20151231  2.422  -91.78   35.82     4.8    -4.2     0.3     0.5 -9999.0     8.32 C     9.5    -4.0     1.1    92.0    61.7    80.8   0.382   0.368   0.375   0.392   0.459     6.5     6.9     7.9    10.0    12.0
