04130 20150101  2.423 -113.43   48.74    -1.1    -9.8    -5.5    -3.6     0.0     4.97 C    -2.8   -16.7    -9.9    64.3    36.5    45.5 -99.000 -99.000 -99.000 -99.000 -99.000    -0.3     0.0 -9999.0 -9999.0 -9999.0
04130 20150102  2.423 -113.43   48.74     2.0   -17.5    -7.7    -5.4     0.6     2.42 C    -1.8   -16.8    -7.2    79.7    53.4    65.8 -99.000 -99.000 -99.000 -99.000 -99.000    -0.3     0.0 -9999.0 -9999.0 -9999.0
04130 20150103  2.423 -113.43   48.74   -17.4   -24.1   -20.8   -20.2     2.3     2.63 C   -16.7   -28.3   -20.3    76.3    65.4    71.0 -99.000 -99.000 -99.000 -99.000 -99.000    -0.6    -0.1 -9999.0 -9999.0 -9999.0
04130 20150104  2.423 -113.43   48.74    -1.5   -21.5   -11.5   -17.4     1.5     1.85 C    -2.8   -23.8   -16.4    85.0    57.3    71.1 -99.000 -99.000 -99.000 -99.000 -99.000    -0.7    -0.2 -9999.0 -9999.0 -9999.0
04130 20150105  2.423 -113.43   48.74     0.3   -17.7    -8.7   -10.4     5.3     1.87 C    -1.6   -15.7    -9.4    82.1    67.6    77.1 -99.000 -99.000 -99.000 -99.000 -99.000    -0.6    -0.2 -9999.0 -9999.0 -9999.0
04130 20150106  2.423 -113.43   48.74   -13.9   -15.8   -14.9   -14.8     5.9     3.16 C   -12.2   -15.5   -13.8    80.9    68.5    75.4 -99.000 -99.000 -99.000 -99.000 -99.000    -0.6    -0.2 -9999.0 -9999.0 -9999.0
04130 20150107  2.423 -113.43   48.74     9.2   -15.3    -3.1    -2.6     0.0     4.36 C     0.2   -18.7    -6.9    81.2    32.1    61.9 -99.000 -99.000 -99.000 -99.000 -99.000    -0.5    -0.2 -9999.0 -9999.0 -9999.0
04130 20150108  2.423 -113.43   48.74    -0.1   -23.6   -11.9   -11.9     0.4     3.11 C    -0.7   -30.2   -14.2    90.3    61.6    73.0 -99.000 -99.000 -99.000 -99.000 -99.000    -0.5    -0.2 -9999.0 -9999.0 -9999.0
04130 20150109  2.423 -113.43   48.74     4.7   -24.8   -10.0    -6.4     0.0     5.43 C    -0.9   -30.9   -12.9    76.9    30.5    51.3 -99.000 -99.000 -99.000 -99.000 -99.000    -0.8    -0.4 -9999.0 -9999.0 -9999.0
04130 20150110  2.423 -113.43   48.74     3.0    -8.9    -3.0    -1.9     0.0     3.89 C    -0.1   -10.5    -4.6    84.5    33.5    60.5 -99.000 -99.000 -99.000 -99.000 -99.000    -0.5    -0.3 -9999.0 -9999.0 -9999.0
04130 20150111  2.423 -113.43   48.74    -1.6   -11.5    -6.5    -6.1     0.5     4.82 C    -3.2   -17.7    -8.1    87.3    60.7    77.4 -99.000 -99.000 -99.000 -99.000 -99.000    -0.5    -0.3 -9999.0 -9999.0 -9999.0
04130 20150112  2.423 -113.43   48.74    -0.8   -13.3    -7.1    -4.2     0.0     7.08 C    -4.3   -19.5    -9.7    86.6    52.7    62.0 -99.000 -99.000 -99.000 -99.000 -99.000    -0.7    -0.3 -9999.0 -9999.0 -9999.0
04130 20150113  2.423 -113.43   48.74    -1.5    -6.1    -3.8    -3.0     0.0     6.90 C    -4.5   -11.0    -7.6    62.7    50.4    57.5 -99.000 -99.000 -99.000 -99.000 -99.000    -0.7    -0.4 -9999.0 -9999.0 -9999.0
04130 20150114  2.423 -113.43   48.74     5.9    -2.6     1.7     1.9     0.0     5.68 C    -0.9    -7.2    -3.5    61.0    36.3    48.6 -99.000 -99.000 -99.000 -99.000 -99.000    -0.6    -0.4 -9999.0 -9999.0 -9999.0
04130 20150115  2.423 -113.43   48.74     5.9     0.9     3.4     3.8     0.0     5.02 C    -0.7    -5.2    -2.3    55.8    27.7    38.9 -99.000 -99.000 -99.000 -99.000 -99.000    -0.5    -0.3 -9999.0 -9999.0 -9999.0
04130 20150116  2.423 -113.43   48.74     2.7    -0.8     0.9     0.6     2.8     3.69 C     1.1    -5.1    -1.9    86.9    54.9    71.0 -99.000 -99.000 -99.000 -99.000 -99.000    -0.4    -0.3 -9999.0 -9999.0 -9999.0
04130 20150117  2.423 -113.43   48.74     4.7    -1.3     1.7     1.2     0.0     7.03 C    -1.8    -6.3    -3.7    65.4    21.4    48.3 -99.000 -99.000 -99.000 -99.000 -99.000    -0.5    -0.3 -9999.0 -9999.0 -9999.0
04130 20150118  2.423 -113.43   48.74     4.4     0.8     2.6     2.5     5.7     1.98 C     0.1    -2.4    -0.4    89.5    57.6    68.2 -99.000 -99.000 -99.000 -99.000 -99.000    -0.4    -0.3 -9999.0 -9999.0 -9999.0
04130 20150119  2.423 -113.43   48.74     1.7    -1.6     0.0     0.4     0.9     3.51 C    -0.6    -6.3    -3.2    87.2    49.7    59.4 -99.000 -99.000 -99.000 -99.000 -99.000    -0.3    -0.2 -9999.0 -9999.0 -9999.0
04130 20150120  2.423 -113.43   48.74    -0.2   -10.1    -5.1    -2.5     0.0     9.01 C    -1.2   -14.7    -6.4    77.4    44.4    57.5 -99.000 -99.000 -99.000 -99.000 -99.000    -0.4    -0.2 -9999.0 -9999.0 -9999.0
04130 20150121  2.423 -113.43   48.74     1.9   -10.8    -4.4    -2.3     0.0     7.54 C    -2.2   -15.3    -6.9    76.8    30.5    49.1 -99.000 -99.000 -99.000 -99.000 -99.000    -0.8    -0.4 -9999.0 -9999.0 -9999.0
04130 20150122  2.423 -113.43   48.74     4.0     0.6     2.3     1.9     0.0     3.07 C    -0.3    -4.7    -2.4    63.6    29.2    46.1 -99.000 -99.000 -99.000 -99.000 -99.000    -0.6    -0.4 -9999.0 -9999.0 -9999.0
04130 20150123  2.423 -113.43   48.74     5.7     0.2     3.0     3.1     0.0     6.42 C     1.7    -3.4    -0.7    69.6    54.1    61.3 -99.000 -99.000 -99.000 -99.000 -99.000    -0.5    -0.3 -9999.0 -9999.0 -9999.0
04130 20150124  2.423 -113.43   48.74     7.7     4.5     6.1     6.1     0.3     5.81 C     5.7     1.1     2.6    72.5    49.9    61.8 -99.000 -99.000 -99.000 -99.000 -99.000    -0.4    -0.2 -9999.0 -9999.0 -9999.0
04130 20150125  2.423 -113.43   48.74    11.1     7.1     9.1     9.3     0.0     7.57 C     8.6     3.1     5.0    68.4    30.5    48.4 -99.000 -99.000 -99.000 -99.000 -99.000    -0.3    -0.2 -9999.0 -9999.0 -9999.0
04130 20150126  2.423 -113.43   48.74    14.0     8.8    11.4    11.7     0.0     8.63 C    13.1     0.3     6.0    37.2    24.9    29.7 -99.000 -99.000 -99.000 -99.000 -99.000    -0.1    -0.2 -9999.0 -9999.0 -9999.0
04130 20150127  2.423 -113.43   48.74    12.3     5.8     9.0    10.2     0.0     8.28 C    11.8     0.5     5.2    41.2    20.2    27.6 -99.000 -99.000 -99.000 -99.000 -99.000     0.0    -0.2 -9999.0 -9999.0 -9999.0
04130 20150128  2.423 -113.43   48.74     6.3    -2.1     2.1     2.7     0.0     8.27 C     8.4    -5.5     0.2    85.3    40.2    55.4 -99.000 -99.000 -99.000 -99.000 -99.000    -0.2    -0.2 -9999.0 -9999.0 -9999.0
04130 20150129  2.423 -113.43   48.74     6.3    -0.9     2.7     3.3     0.0     5.50 C     6.5    -5.4    -0.1    56.8    18.1    35.7 -99.000 -99.000 -99.000 -99.000 -99.000    -0.2    -0.2 -9999.0 -9999.0 -9999.0
04130 20150130  2.423 -113.43   48.74     7.7    -4.3     1.7     3.6     0.0     8.68 C    11.0    -8.0     0.1    87.2    23.2    32.6 -99.000 -99.000 -99.000 -99.000 -99.000    -0.3    -0.1 -9999.0 -9999.0 -9999.0
04130 20150131  2.423 -113.43   48.74    -4.3   -17.2   -10.8   -10.9     0.9     3.38 C    -3.0   -21.1   -10.6    91.8    68.9    79.1 -99.000 -99.000 -99.000 -99.000 -99.000    -0.4    -0.1 -9999.0 -9999.0 -9999.0
04130 20150201  2.423 -113.43   48.74     0.7   -17.3    -8.3    -6.1     0.0     3.57 C    -0.8   -20.7    -8.3    82.0    40.2    65.1 -99.000 -99.000 -99.000 -99.000 -99.000    -0.6    -0.2 -9999.0 -9999.0 -9999.0
04130 20150202  2.423 -113.43   48.74     2.8   -13.7    -5.5    -3.8     0.2     6.59 C     4.4   -13.4    -3.8    84.1    47.2    68.6 -99.000 -99.000 -99.000 -99.000 -99.000    -0.6    -0.3 -9999.0 -9999.0 -9999.0
04130 20150203  2.423 -113.43   48.74   -12.5   -15.8   -14.1   -14.1     2.5     5.07 C    -4.8   -20.1   -11.7    81.9    69.9    76.7 -99.000 -99.000 -99.000 -99.000 -99.000    -1.0    -0.4 -9999.0 -9999.0 -9999.0
04130 20150204  2.423 -113.43   48.74     2.2   -17.4    -7.6    -3.4     0.0     7.73 C     2.3   -22.3    -6.2    84.2    48.6    63.9 -99.000 -99.000 -99.000 -99.000 -99.000    -0.7    -0.4 -9999.0 -9999.0 -9999.0
04130 20150205  2.423 -113.43   48.74     6.1     0.8     3.4     3.7     9.3     2.68 C     3.4    -0.2     1.5    88.3    60.5    75.3 -99.000 -99.000 -99.000 -99.000 -99.000    -0.4    -0.3 -9999.0 -9999.0 -9999.0
04130 20150206  2.423 -113.43   48.74     8.6     3.9     6.3     5.8     8.8     3.48 C     5.3     2.1     3.1    88.3    44.8    70.7 -99.000 -99.000 -99.000 -99.000 -99.000    -0.3    -0.2 -9999.0 -9999.0 -9999.0
04130 20150207  2.423 -113.43   48.74     8.4     2.3     5.3     5.5     4.7     4.67 C     7.0     0.0     2.7    87.9    53.4    69.2 -99.000 -99.000 -99.000 -99.000 -99.000    -0.1    -0.2 -9999.0 -9999.0 -9999.0
04130 20150208  2.423 -113.43   48.74     6.4    -0.9     2.8     4.8     0.0     3.44 C     6.9    -4.0     1.7    80.3    47.5    61.7 -99.000 -99.000 -99.000 -99.000 -99.000    -0.1    -0.2 -9999.0 -9999.0 -9999.0
04130 20150209  2.423 -113.43   48.74     7.6     0.2     3.9     4.8     0.0     4.40 C    11.8    -2.1     2.8    80.0    48.0    66.1 -99.000 -99.000 -99.000 -99.000 -99.000     0.3     0.2 -9999.0 -9999.0 -9999.0
04130 20150210  2.423 -113.43   48.74     4.1    -9.0    -2.5    -4.4     0.0     5.98 C     8.8    -6.5    -2.2    90.9    66.0    84.1 -99.000 -99.000 -99.000 -99.000 -99.000     0.1     0.2 -9999.0 -9999.0 -9999.0
04130 20150211  2.423 -113.43   48.74     6.3    -7.5    -0.6    -0.9     0.0     7.68 C     9.6    -6.0     0.1    94.7    51.2    75.0 -99.000 -99.000 -99.000 -99.000 -99.000    -0.1     0.1 -9999.0 -9999.0 -9999.0
04130 20150212  2.423 -113.43   48.74     8.0     5.4     6.7     6.8     0.0     7.56 C    12.6     2.4     5.0    58.3    45.8    52.2   0.259   0.269 -99.000 -99.000 -99.000     1.2     1.0 -9999.0 -9999.0 -9999.0
04130 20150213  2.423 -113.43   48.74    12.1     6.2     9.1     8.9     0.0    11.96 C    15.5     0.6     6.6    61.1    43.6    51.3   0.255   0.243 -99.000 -99.000 -99.000     2.5     2.1 -9999.0 -9999.0 -9999.0
04130 20150214  2.423 -113.43   48.74    10.4    -3.9     3.2     4.0     1.8     3.38 C     8.4   -10.4     2.3    93.1    28.5    61.9   0.248   0.239 -99.000 -99.000 -99.000     2.5     2.4 -9999.0 -9999.0 -9999.0
04130 20150215  2.423 -113.43   48.74     3.0    -4.1    -0.6    -0.9     4.4     9.69 C    11.2   -10.5    -1.1    93.1    51.4    81.9   0.253   0.244 -99.000 -99.000 -99.000     1.9     1.9 -9999.0 -9999.0 -9999.0
04130 20150216  2.423 -113.43   48.74     0.1    -7.9    -3.9    -3.7     0.3     6.62 C    -0.7   -15.2    -6.0    89.0    39.6    73.0   0.258   0.248 -99.000 -99.000 -99.000     1.2     1.5 -9999.0 -9999.0 -9999.0
04130 20150217  2.423 -113.43   48.74     2.4   -12.4    -5.0    -3.7     0.0    12.49 C     4.3   -15.9    -5.1    84.0    39.7    59.6 -99.000   0.261 -99.000 -99.000 -99.000     0.3     0.7 -9999.0 -9999.0 -9999.0
04130 20150218  2.423 -113.43   48.74     6.7     1.5     4.1     3.8     0.0     9.85 C    10.5    -1.6     2.2    45.5    27.0    36.9 -99.000   0.270 -99.000 -99.000 -99.000     0.5     0.7 -9999.0 -9999.0 -9999.0
04130 20150219  2.423 -113.43   48.74     4.4     0.8     2.6     2.8     0.0    11.89 C     8.9    -2.4     1.7    57.1    34.8    49.0 -99.000   0.256 -99.000 -99.000 -99.000     0.6     0.8 -9999.0 -9999.0 -9999.0
04130 20150220  2.423 -113.43   48.74     2.2    -6.4    -2.1    -0.9     6.2     3.64 C     1.5    -9.3    -1.6    90.7    54.6    75.0 -99.000   0.274 -99.000 -99.000 -99.000     0.3     0.6 -9999.0 -9999.0 -9999.0
04130 20150221  2.423 -113.43   48.74    -5.8   -19.0   -12.4   -10.0     1.5     8.36 C    -6.8   -30.0   -14.0    83.9    54.5    75.8 -99.000   0.278 -99.000 -99.000 -99.000     0.3     0.6 -9999.0 -9999.0 -9999.0
04130 20150222  2.423 -113.43   48.74    -2.6   -20.1   -11.3   -12.0     0.0    13.63 C    -6.4   -31.2   -20.3    80.0    32.1    60.8 -99.000   0.285 -99.000 -99.000 -99.000     0.1     0.4 -9999.0 -9999.0 -9999.0
04130 20150223  2.423 -113.43   48.74     7.7   -12.0    -2.1     1.4     0.0    13.04 C     1.8   -21.9    -4.9    67.4    29.6    38.3 -99.000 -99.000 -99.000 -99.000 -99.000     0.0     0.2 -9999.0 -9999.0 -9999.0
04130 20150224  2.423 -113.43   48.74     3.9    -1.4     1.3     1.5     2.6     6.23 C     1.8    -4.3    -1.9    91.8    34.6    44.2 -99.000 -99.000 -99.000 -99.000 -99.000    -0.1     0.2 -9999.0 -9999.0 -9999.0
04130 20150225  2.423 -113.43   48.74    -1.2   -14.1    -7.6    -8.1     7.2     3.64 C    -1.7   -19.2    -8.9    91.6    72.2    81.6 -99.000 -99.000 -99.000 -99.000 -99.000    -0.1     0.2 -9999.0 -9999.0 -9999.0
04130 20150226  2.423 -113.43   48.74    -6.9   -16.9   -11.9   -12.3     0.0     8.23 C    -8.2   -28.3   -16.2    81.8    54.5    72.7 -99.000 -99.000 -99.000 -99.000 -99.000    -0.1     0.2 -9999.0 -9999.0 -9999.0
04130 20150227  2.423 -113.43   48.74    -8.7   -11.9   -10.3   -10.5     0.3     9.58 C    -7.9   -16.7   -12.0    82.8    61.1    73.8 -99.000 -99.000 -99.000 -99.000 -99.000    -0.1     0.1 -9999.0 -9999.0 -9999.0
04130 20150228  2.423 -113.43   48.74    -5.2   -20.1   -12.6   -11.8     0.0    13.92 C    -6.1   -29.0   -16.9    81.4    38.2    65.0 -99.000 -99.000 -99.000 -99.000 -99.000    -0.1     0.1 -9999.0 -9999.0 -9999.0
04130 20150301  2.423 -113.43   48.74    -0.8   -19.4   -10.1    -7.6     0.0    12.48 C    -3.7   -27.2   -13.5    79.0    31.2    49.5 -99.000 -99.000 -99.000 -99.000 -99.000    -0.2     0.0 -9999.0 -9999.0 -9999.0
04130 20150302  2.423 -113.43   48.74    -1.5   -14.5    -8.0    -7.0     7.9     5.79 C    -4.8   -20.6    -9.2    87.7    34.2    66.6 -99.000 -99.000 -99.000 -99.000 -99.000    -0.2     0.0 -9999.0 -9999.0 -9999.0
04130 20150303  2.423 -113.43   48.74    -7.5   -24.7   -16.1   -16.8     0.3    14.96 C   -10.3   -35.2   -22.6    79.4    38.4    64.3 -99.000 -99.000 -99.000 -99.000 -99.000    -0.3     0.0 -9999.0 -9999.0 -9999.0
04130 20150304  2.423 -113.43   48.74    -2.1   -24.6   -13.4   -10.3     0.0    15.82 C    -5.2   -33.2   -15.8    76.9    36.5    51.9 -99.000 -99.000 -99.000 -99.000 -99.000    -0.4    -0.1 -9999.0 -9999.0 -9999.0
04130 20150305  2.423 -113.43   48.74     4.0    -2.4     0.8     1.1     0.0    10.18 C     0.3    -7.6    -3.7    39.4    27.0    34.3 -99.000 -99.000 -99.000 -99.000 -99.000    -0.4    -0.1 -9999.0 -9999.0 -9999.0
04130 20150306  2.423 -113.43   48.74     7.6     1.8     4.7     4.9     0.0     4.40 C     2.9    -3.4     0.0    46.1    33.8    38.8 -99.000 -99.000 -99.000 -99.000 -99.000    -0.3    -0.1 -9999.0 -9999.0 -9999.0
04130 20150307  2.423 -113.43   48.74     8.6     2.0     5.3     5.8     0.0    12.65 C    11.8    -4.8     2.6    56.5    32.2    42.8 -99.000 -99.000 -99.000 -99.000 -99.000    -0.2     0.0 -9999.0 -9999.0 -9999.0
04130 20150308  2.423 -113.43   48.74     6.8    -1.2     2.8     4.7     0.0    16.79 C     9.9    -6.0     2.3    60.3    36.3    42.9 -99.000 -99.000 -99.000 -99.000 -99.000     0.0     0.1 -9999.0 -9999.0 -9999.0
04130 20150309  2.423 -113.43   48.74    10.0     5.1     7.6     7.4     0.0    13.98 C    14.5     0.3     5.0    47.3    29.1    38.4 -99.000   0.293 -99.000 -99.000 -99.000     0.4     0.5 -9999.0 -9999.0 -9999.0
04130 20150310  2.423 -113.43   48.74    12.3     5.6     8.9     9.2     0.0    17.19 C    18.5     0.2     7.1    43.2    21.8    31.1   0.242   0.262 -99.000 -99.000 -99.000     1.5     1.3 -9999.0 -9999.0 -9999.0
04130 20150311  2.423 -113.43   48.74    12.6     3.7     8.2     8.8     0.0     7.71 C    14.5    -0.5     6.6    66.5    21.0    41.4   0.230   0.230 -99.000 -99.000 -99.000     3.1     2.7 -9999.0 -9999.0 -9999.0
04130 20150312  2.423 -113.43   48.74     9.9     5.6     7.8     7.5     0.3    12.46 C    16.1     2.9     6.3    74.0    38.7    53.2   0.227   0.227 -99.000 -99.000 -99.000     3.8     3.4 -9999.0 -9999.0 -9999.0
04130 20150313  2.423 -113.43   48.74    13.2     5.2     9.2     9.4     0.0    18.03 C    22.1    -0.7     7.9    51.4    12.0    33.4   0.221   0.223 -99.000 -99.000 -99.000     4.1     3.7 -9999.0 -9999.0 -9999.0
04130 20150314  2.423 -113.43   48.74    13.0     4.3     8.6     9.0     7.2    13.16 C    12.7    -0.4     6.4    86.1    21.3    52.7   0.221   0.222 -99.000 -99.000 -99.000     4.4     4.1 -9999.0 -9999.0 -9999.0
04130 20150315  2.423 -113.43   48.74     6.8    -2.6     2.1     4.0    34.7     4.01 C     9.3    -2.8     4.2    93.2    71.9    85.3   0.279   0.286 -99.000 -99.000 -99.000     4.6     4.4 -9999.0 -9999.0 -9999.0
04130 20150316  2.423 -113.43   48.74    -0.5    -3.5    -2.0    -2.5    15.2     5.92 C    -0.8    -7.9    -3.4    90.9    72.3    82.4   0.271   0.277 -99.000 -99.000 -99.000     2.7     3.0 -9999.0 -9999.0 -9999.0
04130 20150317  2.423 -113.43   48.74    -0.1    -3.3    -1.7    -2.0     3.2     7.76 C     0.0    -4.4    -2.3    90.4    77.4    86.4   0.262   0.265 -99.000 -99.000 -99.000     2.0     2.3 -9999.0 -9999.0 -9999.0
04130 20150318  2.423 -113.43   48.74     4.4    -2.4     1.0     2.2     0.0    16.18 C     0.2    -3.5    -0.7    90.7    63.0    74.6   0.268   0.270 -99.000 -99.000 -99.000     1.6     1.9 -9999.0 -9999.0 -9999.0
04130 20150319  2.423 -113.43   48.74     7.8     3.3     5.6     5.4     0.0    13.41 C     7.3    -1.4     1.9    65.5    43.6    55.0   0.280   0.288 -99.000 -99.000 -99.000     1.6     1.7 -9999.0 -9999.0 -9999.0
04130 20150320  2.423 -113.43   48.74    11.8     5.1     8.5     8.4     0.0    12.12 C    20.9     0.2     6.7    57.4    33.6    43.7   0.265   0.269 -99.000 -99.000 -99.000     3.5     3.1 -9999.0 -9999.0 -9999.0
04130 20150321  2.423 -113.43   48.74    11.4     3.0     7.2     6.9     1.0    13.14 C    15.4    -1.3     4.9    80.4    36.1    47.9   0.253   0.254 -99.000 -99.000 -99.000     3.9     3.8 -9999.0 -9999.0 -9999.0
04130 20150322  2.423 -113.43   48.74    10.1    -0.3     4.9     4.7     0.3    19.21 C    18.4    -4.3     4.4    66.1    20.3    43.2   0.248   0.246 -99.000 -99.000 -99.000     3.6     3.6 -9999.0 -9999.0 -9999.0
04130 20150323  2.423 -113.43   48.74     4.9    -2.3     1.3     0.7     1.2     8.00 C    11.8    -5.8     1.3    90.3    59.8    75.2   0.245   0.242 -99.000 -99.000 -99.000     2.9     3.1 -9999.0 -9999.0 -9999.0
04130 20150324  2.423 -113.43   48.74     2.9    -3.7    -0.4    -0.5     1.7    14.69 C    14.1    -8.6     1.3    90.6    57.1    77.1   0.243   0.240 -99.000 -99.000 -99.000     2.8     2.9 -9999.0 -9999.0 -9999.0
04130 20150325  2.423 -113.43   48.74     4.9    -6.3    -0.7     1.6     0.0     8.43 C     5.6   -12.3     0.0    90.7    54.1    66.4   0.244   0.240 -99.000 -99.000 -99.000     2.5     2.7 -9999.0 -9999.0 -9999.0
04130 20150326  2.423 -113.43   48.74    10.2     3.8     7.0     7.4     0.0     7.04 C    12.4     1.8     6.2    67.5    48.8    59.8   0.241   0.237 -99.000 -99.000 -99.000     3.6     3.3 -9999.0 -9999.0 -9999.0
04130 20150327  2.423 -113.43   48.74    15.2     8.9    12.1    11.7     0.0    11.85 C    21.9     4.4     9.5    56.6    35.0    44.5   0.236   0.232 -99.000 -99.000 -99.000     5.6     5.0 -9999.0 -9999.0 -9999.0
04130 20150328  2.423 -113.43   48.74    13.0     2.0     7.5     5.7     7.2    10.27 C     8.3     1.9     4.3    85.5    40.2    68.0   0.250   0.248 -99.000 -99.000 -99.000     4.9     4.8 -9999.0 -9999.0 -9999.0
04130 20150329  2.423 -113.43   48.74     8.7     4.3     6.5     6.4     0.0    16.27 C    16.3     1.4     6.2    61.4    45.7    52.2   0.249   0.248 -99.000 -99.000 -99.000     4.6     4.5 -9999.0 -9999.0 -9999.0
04130 20150330  2.423 -113.43   48.74    13.6     3.9     8.7     8.8     0.0    18.27 C    22.0    -0.6     7.8    58.4    29.3    45.3   0.242   0.240 -99.000 -99.000 -99.000     5.6     5.3 -9999.0 -9999.0 -9999.0
04130 20150331  2.423 -113.43   48.74    12.2    -0.5     5.9     7.7     2.6    16.83 C    18.6    -0.7     7.1    88.9    23.1    49.5   0.238   0.235 -99.000 -99.000 -99.000     5.8     5.5 -9999.0 -9999.0 -9999.0
04130 20150401  2.423 -113.43   48.74     4.7    -2.9     0.9     0.6     4.1    17.22 C    13.1    -4.7     0.3    88.7    29.4    58.5   0.242   0.238 -99.000 -99.000 -99.000     3.8     4.2 -9999.0 -9999.0 -9999.0
04130 20150402  2.423 -113.43   48.74     3.6    -5.9    -1.2    -1.1     0.8    21.15 C    17.4   -12.7    -0.5    88.4    39.7    68.9   0.246   0.243 -99.000 -99.000 -99.000     4.2     4.2 -9999.0 -9999.0 -9999.0
04130 20150403  2.423 -113.43   48.74     5.5    -3.1     1.2     1.3     0.0    13.73 C    16.6    -8.1     0.5    78.3    30.4    52.4   0.243   0.241 -99.000 -99.000 -99.000     3.3     3.6 -9999.0 -9999.0 -9999.0
04130 20150404  2.423 -113.43   48.74     5.8    -3.7     1.0     0.7     0.0    19.78 C    19.9    -8.0     2.0    86.6    37.9    60.6   0.238   0.235 -99.000 -99.000 -99.000     3.5     3.6 -9999.0 -9999.0 -9999.0
04130 20150405  2.423 -113.43   48.74    -0.4    -5.8    -3.1    -2.9     1.3    10.74 C    15.1    -8.8    -0.3    89.4    63.2    77.9   0.235   0.231 -99.000 -99.000 -99.000     2.6     2.9 -9999.0 -9999.0 -9999.0
04130 20150406  2.423 -113.43   48.74     1.4    -4.1    -1.4    -2.2     5.7    12.24 C    11.9   -10.6    -1.3    92.5    63.0    78.2   0.240   0.236 -99.000 -99.000 -99.000     3.0     3.1 -9999.0 -9999.0 -9999.0
04130 20150407  2.423 -113.43   48.74     7.0    -3.2     1.9     1.5     0.0    23.80 C    17.6    -6.6     1.4    81.7    31.3    57.4   0.248   0.246 -99.000 -99.000 -99.000     4.1     3.9 -9999.0 -9999.0 -9999.0
04130 20150408  2.423 -113.43   48.74     8.5    -6.8     0.9     1.0     0.0    21.13 C    23.7    -8.8     3.2    85.3    34.5    61.7   0.244   0.243 -99.000 -99.000 -99.000     4.0     4.0 -9999.0 -9999.0 -9999.0
04130 20150409  2.423 -113.43   48.74    11.1    -5.9     2.6     2.7     0.0    23.41 C    21.9    -8.6     3.8    86.8    24.2    54.3   0.239   0.236 -99.000 -99.000 -99.000     4.4     4.3 -9999.0 -9999.0 -9999.0
04130 20150410  2.423 -113.43   48.74    11.5    -3.0     4.2     5.7     0.0    15.55 C    20.4    -6.0     5.0    81.1    30.1    49.2   0.234   0.230 -99.000 -99.000 -99.000     4.3     4.2 -9999.0 -9999.0 -9999.0
04130 20150411  2.423 -113.43   48.74     7.7    -0.7     3.5     3.5     4.4     7.02 C     7.9    -1.5     2.5    86.3    35.8    57.0   0.240   0.235 -99.000 -99.000 -99.000     3.8     4.1 -9999.0 -9999.0 -9999.0
04130 20150412  2.423 -113.43   48.74     2.3    -3.0    -0.3    -0.2     3.5    16.23 C     6.4    -4.4    -0.6    89.9    40.5    60.3   0.248   0.246 -99.000 -99.000 -99.000     2.6     2.9 -9999.0 -9999.0 -9999.0
04130 20150413  2.423 -113.43   48.74    12.0     0.2     6.1     6.4     0.0    23.17 C    21.7    -2.7     7.0    55.2    26.3    39.3   0.245   0.244 -99.000 -99.000 -99.000     4.2     3.8 -9999.0 -9999.0 -9999.0
04130 20150414  2.423 -113.43   48.74     8.1    -0.4     3.9     3.9     1.0    20.07 C    18.8    -2.8     5.2    91.7    34.2    60.2   0.239   0.236 -99.000 -99.000 -99.000     5.0     4.8 -9999.0 -9999.0 -9999.0
04130 20150415  2.423 -113.43   48.74     7.8    -2.3     2.8     3.7     0.4    25.54 C    19.4    -6.9     5.0    91.0    35.5    49.0   0.237   0.233 -99.000 -99.000 -99.000     5.5     5.2 -9999.0 -9999.0 -9999.0
04130 20150416  2.423 -113.43   48.74    12.1     0.3     6.2     7.8     0.0    25.16 C    22.4    -3.7     8.4    57.4    26.7    38.4   0.231   0.227 -99.000 -99.000 -99.000     6.0     5.7 -9999.0 -9999.0 -9999.0
04130 20150417  2.423 -113.43   48.74    15.7    -2.7     6.5     8.2     0.0    26.14 C    25.9    -5.6     8.9    78.9    24.4    45.0   0.224   0.221 -99.000 -99.000 -99.000     7.0     6.5 -9999.0 -9999.0 -9999.0
04130 20150418  2.423 -113.43   48.74     8.9    -1.9     3.5     3.1     4.9    14.03 C    19.7    -4.9     4.6    92.5    43.4    66.9   0.232   0.228 -99.000 -99.000 -99.000     6.0     6.1 -9999.0 -9999.0 -9999.0
04130 20150419  2.423 -113.43   48.74    10.3    -4.2     3.1     2.7     0.0    18.29 C    27.9    -6.4     4.5    86.8    31.4    58.8   0.236   0.233 -99.000 -99.000 -99.000     5.7     5.7 -9999.0 -9999.0 -9999.0
04130 20150420  2.423 -113.43   48.74    15.4    -4.5     5.4     5.9     0.0    26.18 C    24.9    -7.2     7.3    82.1    23.1    50.5   0.230   0.226 -99.000 -99.000 -99.000     6.6     6.3 -9999.0 -9999.0 -9999.0
04130 20150421  2.423 -113.43   48.74    17.5    -2.6     7.5     7.9     0.0    26.19 C    29.9    -5.0     9.5    82.3    21.5    50.7   0.222   0.219 -99.000 -99.000 -99.000     8.0     7.4 -9999.0 -9999.0 -9999.0
04130 20150422  2.423 -113.43   48.74    12.5    -0.8     5.9     7.3     0.0    16.90 C    22.9    -3.0     7.6    82.9    35.2    53.4   0.215   0.213 -99.000 -99.000 -99.000     7.5     7.3 -9999.0 -9999.0 -9999.0
04130 20150423  2.423 -113.43   48.74    10.8     4.1     7.4     6.0     0.0    12.61 C    25.8     1.4     6.4    61.4    29.8    43.1   0.209   0.207 -99.000 -99.000 -99.000     6.1     6.3 -9999.0 -9999.0 -9999.0
04130 20150424  2.423 -113.43   48.74     9.9     2.8     6.3     5.4     0.0    19.26 C    24.4     0.4     7.4    73.5    27.9    46.5   0.203   0.203 -99.000 -99.000 -99.000     6.8     6.6 -9999.0 -9999.0 -9999.0
04130 20150425  2.423 -113.43   48.74     8.0    -2.0     3.0     2.6     5.6    18.60 C    25.5    -5.2     6.0    93.3    39.2    62.7   0.197   0.198 -99.000 -99.000 -99.000     6.5     6.5 -9999.0 -9999.0 -9999.0
04130 20150426  2.423 -113.43   48.74     8.5    -2.9     2.8     1.4     0.0    15.64 C    25.1    -2.9     4.7    88.9    45.5    73.7   0.219   0.209 -99.000 -99.000 -99.000     6.5     6.4 -9999.0 -9999.0 -9999.0
04130 20150427  2.423 -113.43   48.74    14.0     2.3     8.1     8.2     0.0    27.83 C    23.7    -1.3     9.4    66.9    31.4    44.1   0.220   0.214 -99.000 -99.000 -99.000     7.6     7.2 -9999.0 -9999.0 -9999.0
04130 20150428  2.423 -113.43   48.74    19.8    -0.6     9.6    10.6     0.0    27.49 C    30.3    -3.2    11.4    77.2    18.6    42.9   0.207   0.206 -99.000 -99.000 -99.000     9.1     8.4 -9999.0 -9999.0 -9999.0
04130 20150429  2.423 -113.43   48.74    13.8     1.2     7.5     9.2     0.0    22.69 C    24.9    -1.2     9.9    76.9    21.7    43.6   0.193   0.198 -99.000 -99.000 -99.000     8.8     8.5 -9999.0 -9999.0 -9999.0
04130 20150430  2.423 -113.43   48.74    12.4     4.8     8.6     8.2     0.0    29.24 C    25.3     2.0    11.0    46.6    26.7    37.1   0.180   0.190 -99.000 -99.000 -99.000     8.9     8.5 -9999.0 -9999.0 -9999.0
04130 20150501  2.423 -113.43   48.74    14.8     7.7    11.3    11.5     0.0    24.90 C    27.1     4.9    12.9    47.0    25.6    34.9   0.165   0.182 -99.000 -99.000 -99.000     9.6     9.2 -9999.0 -9999.0 -9999.0
04130 20150502  2.423 -113.43   48.74    12.8     2.9     7.8     6.1     0.0    26.13 C    29.6     1.3    11.4    80.8    28.5    62.7   0.154   0.175 -99.000 -99.000 -99.000    10.0     9.6 -9999.0 -9999.0 -9999.0
04130 20150503  2.423 -113.43   48.74    14.8    -3.2     5.8     6.3     0.0    28.77 C    31.6    -5.9     9.9    83.3    13.0    48.1   0.145   0.168 -99.000 -99.000 -99.000    10.1     9.7 -9999.0 -9999.0 -9999.0
04130 20150504  2.423 -113.43   48.74    18.5    -3.4     7.5     8.5     0.0    28.33 C    33.6    -6.0    11.1    72.0    14.3    40.2   0.135   0.160 -99.000 -99.000 -99.000    10.4     9.9 -9999.0 -9999.0 -9999.0
04130 20150505  2.423 -113.43   48.74    14.3     1.8     8.1     9.8     0.0    25.61 C    29.0    -0.9    11.6    66.9    20.5    38.2   0.125   0.152 -99.000 -99.000 -99.000    10.6    10.3 -9999.0 -9999.0 -9999.0
04130 20150506  2.423 -113.43   48.74    10.6    -3.0     3.8     4.5     0.0    23.75 C    35.0    -6.3     9.0    83.8    32.8    52.3   0.117   0.145 -99.000 -99.000 -99.000     9.8     9.7 -9999.0 -9999.0 -9999.0
04130 20150507  2.423 -113.43   48.74    12.3     0.3     6.3     5.5     0.0    23.99 C    34.8     0.1    11.3    69.2    31.6    48.3   0.112   0.139 -99.000 -99.000 -99.000    10.7    10.2 -9999.0 -9999.0 -9999.0
04130 20150508  2.423 -113.43   48.74     5.7    -1.0     2.4     1.2    11.9    12.20 C     7.4    -4.0     0.7    92.6    45.6    79.1   0.136   0.141 -99.000 -99.000 -99.000     6.6     7.5 -9999.0 -9999.0 -9999.0
04130 20150509  2.423 -113.43   48.74    12.6    -4.6     4.0     4.2     0.0    29.88 C    28.3    -7.2     7.8    92.6    21.7    56.5   0.202   0.177 -99.000 -99.000 -99.000     8.1     7.9 -9999.0 -9999.0 -9999.0
04130 20150510  2.423 -113.43   48.74    15.6    -4.1     5.7     7.0     0.0    27.10 C    34.0    -5.9    11.0    83.0    18.0    47.8   0.190   0.179 -99.000 -99.000 -99.000     9.6     9.1 -9999.0 -9999.0 -9999.0
04130 20150511  2.423 -113.43   48.74     5.9     2.9     4.4     3.9     9.2     6.67 C    12.3     4.2     6.7    92.6    62.7    84.5   0.212   0.197 -99.000 -99.000 -99.000     8.7     8.8 -9999.0 -9999.0 -9999.0
04130 20150512  2.423 -113.43   48.74     6.5     1.2     3.9     4.1     0.0     5.92 C    10.8     1.0     6.0    92.2    57.7    75.6   0.224   0.217 -99.000 -99.000 -99.000     7.9     8.0 -9999.0 -9999.0 -9999.0
04130 20150513  2.423 -113.43   48.74     5.4     1.9     3.6     3.5     5.6     3.41 C     8.4     2.6     5.0    92.4    60.1    82.7   0.234   0.229 -99.000 -99.000 -99.000     7.0     7.3 -9999.0 -9999.0 -9999.0
04130 20150514  2.423 -113.43   48.74     6.0     2.7     4.3     4.5     1.1     4.53 C    11.2     2.9     6.4    93.1    81.3    89.6   0.239   0.240 -99.000 -99.000 -99.000     7.3     7.3 -9999.0 -9999.0 -9999.0
04130 20150515  2.423 -113.43   48.74     7.8     4.9     6.3     6.1     3.9     4.96 C    11.2     5.4     7.7    93.5    77.8    90.0   0.246   0.249 -99.000 -99.000 -99.000     7.8     7.7 -9999.0 -9999.0 -9999.0
04130 20150516  2.423 -113.43   48.74     7.3     1.1     4.2     5.7    16.2     4.61 C     9.8     1.9     6.8    93.5    76.1    87.8   0.264   0.274 -99.000 -99.000 -99.000     7.8     7.7 -9999.0 -9999.0 -9999.0
04130 20150517  2.423 -113.43   48.74     4.5    -1.0     1.7     1.4     2.7     7.67 C    11.7    -2.2     3.2    92.9    60.3    82.4   0.266   0.277 -99.000 -99.000 -99.000     6.2     6.6 -9999.0 -9999.0 -9999.0
04130 20150518  2.423 -113.43   48.74     9.7    -3.6     3.1     3.3     0.0    27.71 C    28.6    -6.1     7.1    95.1    36.0    69.5   0.249   0.255 -99.000 -99.000 -99.000     7.8     7.4 -9999.0 -9999.0 -9999.0
04130 20150519  2.423 -113.43   48.74    11.9     0.2     6.0     6.2     0.0    13.50 C    25.3    -2.7     8.0    87.7    36.7    62.3   0.242   0.245 -99.000 -99.000 -99.000     8.2     8.0 -9999.0 -9999.0 -9999.0
04130 20150520  2.423 -113.43   48.74 -9999.0 -9999.0 -9999.0 -9999.0     0.0    31.31 C    30.8    -3.9    11.6    83.9    20.9    45.3   0.234   0.237 -99.000 -99.000 -99.000     9.9     9.2 -9999.0 -9999.0 -9999.0
04130 20150521  2.423 -113.43   48.74 -9999.0 -9999.0 -9999.0 -9999.0 -9999.0 -9999.00 U -9999.0 -9999.0 -9999.0 -9999.0 -9999.0 -9999.0 -99.000 -99.000 -99.000 -99.000 -99.000 -9999.0 -9999.0 -9999.0 -9999.0 -9999.0
04130 20150522 -9.000 -113.43   48.74 -9999.0 -9999.0 -9999.0 -9999.0 -9999.0 -9999.00 U -9999.0 -9999.0 -9999.0 -9999.0 -9999.0 -9999.0 -99.000 -99.000 -99.000 -99.000 -99.000 -9999.0 -9999.0 -9999.0 -9999.0 -9999.0
04130 20150523 -9.000 -113.43   48.74 -9999.0 -9999.0 -9999.0 -9999.0 -9999.0 -9999.00 U -9999.0 -9999.0 -9999.0 -9999.0 -9999.0 -9999.0 -99.000 -99.000 -99.000 -99.000 -99.000 -9999.0 -9999.0 -9999.0 -9999.0 -9999.0
04130 20150524 -9.000 -113.43   48.74 -9999.0 -9999.0 -9999.0 -9999.0 -9999.0 -9999.00 U -9999.0 -9999.0 -9999.0 -9999.0 -9999.0 -9999.0 -99.000 -99.000 -99.000 -99.000 -99.000 -9999.0 -9999.0 -9999.0 -9999.0 -9999.0
04130 20150525 -9.000 -113.43   48.74 -9999.0 -9999.0 -9999.0 -9999.0 -9999.0 -9999.00 U -9999.0 -9999.0 -9999.0 -9999.0 -9999.0 -9999.0 -99.000 -99.000 -99.000 -99.000 -99.000 -9999.0 -9999.0 -9999.0 -9999.0 -9999.0
04130 20150526 -9.000 -113.43   48.74 -9999.0 -9999.0 -9999.0 -9999.0 -9999.0 -9999.00 U -9999.0 -9999.0 -9999.0 -9999.0 -9999.0 -9999.0 -99.000 -99.000 -99.000 -99.000 -99.000 -9999.0 -9999.0 -9999.0 -9999.0 -9999.0
04130 20150527 -9.000 -113.43   48.74 -9999.0 -9999.0 -9999.0 -9999.0 -9999.0 -9999.00 U -9999.0 -9999.0 -9999.0 -9999.0 -9999.0 -9999.0 -99.000 -99.000 -99.000 -99.000 -99.000 -9999.0 -9999.0 -9999.0 -9999.0 -9999.0
04130 20150528 -9.000 -113.43   48.74 -9999.0 -9999.0 -9999.0 -9999.0 -9999.0 -9999.00 U -9999.0 -9999.0 -9999.0 -9999.0 -9999.0 -9999.0 -99.000 -99.000 -99.000 -99.000 -99.000 -9999.0 -9999.0 -9999.0 -9999.0 -9999.0
04130 20150529 -9.000 -113.43   48.74 -9999.0 -9999.0 -9999.0 -9999.0 -9999.0 -9999.00 U -9999.0 -9999.0 -9999.0 -9999.0 -9999.0 -9999.0 -99.000 -99.000 -99.000 -99.000 -99.000 -9999.0 -9999.0 -9999.0 -9999.0 -9999.0
04130 20150530 -9.000 -113.43   48.74 -9999.0 -9999.0 -9999.0 -9999.0 -9999.0 -9999.00 U -9999.0 -9999.0 -9999.0 -9999.0 -9999.0 -9999.0 -99.000 -99.000 -99.000 -99.000 -99.000 -9999.0 -9999.0 -9999.0 -9999.0 -9999.0
04130 20150531 -9.000 -113.43   48.74 -9999.0 -9999.0 -9999.0 -9999.0 -9999.0 -9999.00 U -9999.0 -9999.0 -9999.0 -9999.0 -9999.0 -9999.0 -99.000 -99.000 -99.000 -99.000 -99.000 -9999.0 -9999.0 -9999.0 -9999.0 -9999.0
04130 20150601 -9.000 -113.43   48.74 -9999.0 -9999.0 -9999.0 -9999.0 -9999.0 -9999.00 U -9999.0 -9999.0 -9999.0 -9999.0 -9999.0 -9999.0 -99.000 -99.000 -99.000 -99.000 -99.000 -9999.0 -9999.0 -9999.0 -9999.0 -9999.0
04130 20150602 -9.000 -113.43   48.74 -9999.0 -9999.0 -9999.0 -9999.0 -9999.0 -9999.00 U -9999.0 -9999.0 -9999.0 -9999.0 -9999.0 -9999.0 -99.000 -99.000 -99.000 -99.000 -99.000 -9999.0 -9999.0 -9999.0 -9999.0 -9999.0
04130 20150603 -9.000 -113.43   48.74 -9999.0 -9999.0 -9999.0 -9999.0 -9999.0 -9999.00 U -9999.0 -9999.0 -9999.0 -9999.0 -9999.0 -9999.0 -99.000 -99.000 -99.000 -99.000 -99.000 -9999.0 -9999.0 -9999.0 -9999.0 -9999.0
04130 20150604 -9.000 -113.43   48.74 -9999.0 -9999.0 -9999.0 -9999.0 -9999.0 -9999.00 U -9999.0 -9999.0 -9999.0 -9999.0 -9999.0 -9999.0 -99.000 -99.000 -99.000 -99.000 -99.000 -9999.0 -9999.0 -9999.0 -9999.0 -9999.0
04130 20150605 -9.000 -113.43   48.74 -9999.0 -9999.0 -9999.0 -9999.0 -9999.0 -9999.00 U -9999.0 -9999.0 -9999.0 -9999.0 -9999.0 -9999.0 -99.000 -99.000 -99.000 -99.000 -99.000 -9999.0 -9999.0 -9999.0 -9999.0 -9999.0
04130 20150606 -9.000 -113.43   48.74 -9999.0 -9999.0 -9999.0 -9999.0 -9999.0 -9999.00 U -9999.0 -9999.0 -9999.0 -9999.0 -9999.0 -9999.0 -99.000 -99.000 -99.000 -99.000 -99.000 -9999.0 -9999.0 -9999.0 -9999.0 -9999.0
04130 20150607 -9.000 -113.43   48.74 -9999.0 -9999.0 -9999.0 -9999.0 -9999.0 -9999.00 U -9999.0 -9999.0 -9999.0 -9999.0 -9999.0 -9999.0 -99.000 -99.000 -99.000 -99.000 -99.000 -9999.0 -9999.0 -9999.0 -9999.0 -9999.0
04130 20150608 -9.000 -113.43   48.74 -9999.0 -9999.0 -9999.0 -9999.0 -9999.0 -9999.00 U -9999.0 -9999.0 -9999.0 -9999.0 -9999.0 -9999.0 -99.000 -99.000 -99.000 -99.000 -99.000 -9999.0 -9999.0 -9999.0 -9999.0 -9999.0
04130 20150609 -9.000 -113.43   48.74 -9999.0 -9999.0 -9999.0 -9999.0 -9999.0 -9999.00 U -9999.0 -9999.0 -9999.0 -9999.0 -9999.0 -9999.0 -99.000 -99.000 -99.000 -99.000 -99.000 -9999.0 -9999.0 -9999.0 -9999.0 -9999.0
04130 20150610 -9.000 -113.43   48.74 -9999.0 -9999.0 -9999.0 -9999.0 -9999.0 -9999.00 U -9999.0 -9999.0 -9999.0 -9999.0 -9999.0 -9999.0 -99.000 -99.000 -99.000 -99.000 -99.000 -9999.0 -9999.0 -9999.0 -9999.0 -9999.0
04130 20150611 -9.000 -113.43   48.74 -9999.0 -9999.0 -9999.0 -9999.0 -9999.0 -9999.00 U -9999.0 -9999.0 -9999.0 -9999.0 -9999.0 -9999.0 -99.000 -99.000 -99.000 -99.000 -99.000 -9999.0 -9999.0 -9999.0 -9999.0 -9999.0
04130 20150612 -9.000 -113.43   48.74 -9999.0 -9999.0 -9999.0 -9999.0 -9999.0 -9999.00 U -9999.0 -9999.0 -9999.0 -9999.0 -9999.0 -9999.0 -99.000 -99.000 -99.000 -99.000 -99.000 -9999.0 -9999.0 -9999.0 -9999.0 -9999.0
04130 20150613 -9.000 -113.43   48.74 -9999.0 -9999.0 -9999.0 -9999.0 -9999.0 -9999.00 U -9999.0 -9999.0 -9999.0 -9999.0 -9999.0 -9999.0 -99.000 -99.000 -99.000 -99.000 -99.000 -9999.0 -9999.0 -9999.0 -9999.0 -9999.0
04130 20150614 -9.000 -113.43   48.74 -9999.0 -9999.0 -9999.0 -9999.0 -9999.0 -9999.00 U -9999.0 -9999.0 -9999.0 -9999.0 -9999.0 -9999.0 -99.000 -99.000 -99.000 -99.000 -99.000 -9999.0 -9999.0 -9999.0 -9999.0 -9999.0
04130 20150615 -9.000 -113.43   48.74 -9999.0 -9999.0 -9999.0 -9999.0 -9999.0 -9999.00 U -9999.0 -9999.0 -9999.0 -9999.0 -9999.0 -9999.0 -99.000 -99.000 -99.000 -99.000 -99.000 -9999.0 -9999.0 -9999.0 -9999.0 -9999.0
04130 20150616 -9.000 -113.43   48.74 -9999.0 -9999.0 -9999.0 -9999.0 -9999.0 -9999.00 U -9999.0 -9999.0 -9999.0 -9999.0 -9999.0 -9999.0 -99.000 -99.000 -99.000 -99.000 -99.000 -9999.0 -9999.0 -9999.0 -9999.0 -9999.0
04130 20150617 -9.000 -113.43   48.74 -9999.0 -9999.0 -9999.0 -9999.0 -9999.0 -9999.00 U -9999.0 -9999.0 -9999.0 -9999.0 -9999.0 -9999.0 -99.000 -99.000 -99.000 -99.000 -99.000 -9999.0 -9999.0 -9999.0 -9999.0 -9999.0
04130 20150618  2.423 -113.43   48.74 -9999.0 -9999.0 -9999.0 -9999.0 -9999.0 -9999.00 U -9999.0 -9999.0 -9999.0 -9999.0 -9999.0 -9999.0 -99.000 -99.000 -99.000 -99.000 -99.000 -9999.0 -9999.0 -9999.0 -9999.0 -9999.0
04130 20150619  2.423 -113.43   48.74    20.9     5.2    13.0    14.8     0.0    29.47 C    38.2     3.5    17.7    82.1    28.7    46.4   0.078   0.097 -99.000 -99.000 -99.000    17.3    16.8 -9999.0 -9999.0 -9999.0
04130 20150620  2.423 -113.43   48.74    19.4     4.8    12.1    13.4     0.0    29.57 C    37.8     2.7    17.0    87.7    24.0    45.8   0.071   0.093 -99.000 -99.000 -99.000    17.4    16.9 -9999.0 -9999.0 -9999.0
04130 20150621  2.423 -113.43   48.74    18.1     2.7    10.4     9.9     0.0    23.54 C    41.9     1.0    15.9    87.1    44.0    68.2   0.066   0.089 -99.000 -99.000 -99.000    17.0    16.6 -9999.0 -9999.0 -9999.0
04130 20150622  2.423 -113.43   48.74    21.7     1.1    11.4    12.8     0.0    31.35 C    39.3     0.4    18.1    90.6    21.4    52.1   0.060   0.085 -99.000 -99.000 -99.000    17.8    16.9 -9999.0 -9999.0 -9999.0
04130 20150623  2.423 -113.43   48.74    22.9     4.0    13.4    13.1     0.8    27.54 C    42.3     2.5    18.1    90.9    22.3    58.9   0.055   0.082 -99.000 -99.000 -99.000    18.3    17.6 -9999.0 -9999.0 -9999.0
04130 20150624  2.423 -113.43   48.74    23.7     2.4    13.0    14.6     0.0    30.56 C    44.7     1.6    19.9    92.0    22.8    55.1   0.050   0.078 -99.000 -99.000 -99.000    18.7    17.7 -9999.0 -9999.0 -9999.0
04130 20150625  2.423 -113.43   48.74    25.4     9.1    17.3    18.2     0.0    29.83 C    43.0     7.2    22.7    78.2    24.5    45.5   0.047   0.075 -99.000 -99.000 -99.000    20.6    19.2 -9999.0 -9999.0 -9999.0
04130 20150626  2.423 -113.43   48.74    28.8     7.1    17.9    19.4     0.0    32.36 C    45.8     5.3    24.2    79.8    20.5    46.5   0.042   0.073 -99.000 -99.000 -99.000    21.5    19.9 -9999.0 -9999.0 -9999.0
04130 20150627  2.423 -113.43   48.74    30.2     7.8    19.0    20.4     0.0    31.73 C    49.6     6.7    26.0    83.4    23.2    50.5   0.038   0.070 -99.000 -99.000 -99.000    22.5    20.8 -9999.0 -9999.0 -9999.0
04130 20150628  2.423 -113.43   48.74    30.0    11.2    20.6    21.7     0.0    31.44 C    49.2    10.0    27.7    80.5    28.8    52.4   0.034   0.068 -99.000 -99.000 -99.000    23.7    21.8 -9999.0 -9999.0 -9999.0
04130 20150629  2.423 -113.43   48.74    26.8    10.8    18.8    18.6     0.0    14.98 C    42.4    10.0    21.7    87.2    41.6    68.2   0.029   0.065 -99.000 -99.000 -99.000    21.3    20.5 -9999.0 -9999.0 -9999.0
04130 20150630  2.423 -113.43   48.74    27.6     9.5    18.6    20.2     0.7    31.10 C    48.0     7.7    24.6    92.6    20.8    54.4   0.029   0.064 -99.000 -99.000 -99.000    22.0    20.6 -9999.0 -9999.0 -9999.0
04130 20150701  2.423 -113.43   48.74    20.3     9.0    14.7    15.6     0.8    16.17 C    40.3     8.0    19.0    89.3    60.4    75.0   0.027   0.063 -99.000 -99.000 -99.000    19.8    19.4 -9999.0 -9999.0 -9999.0
04130 20150702  2.423 -113.43   48.74    27.3     6.2    16.8    18.3     0.0    27.95 C    50.1     5.7    24.2    90.3    30.7    58.0   0.028   0.063 -99.000 -99.000 -99.000    21.6    20.1 -9999.0 -9999.0 -9999.0
04130 20150703  2.423 -113.43   48.74    30.1     7.3    18.7    19.9     0.0    29.66 C    48.3     6.4    25.0    85.5    15.0    46.2   0.027   0.061 -99.000 -99.000 -99.000    22.8    21.2 -9999.0 -9999.0 -9999.0
04130 20150704  2.423 -113.43   48.74    25.8     9.4    17.6    16.6     0.4    25.56 C    49.3     8.4    23.4    87.0    35.7    62.3   0.024   0.060 -99.000 -99.000 -99.000    22.5    21.3 -9999.0 -9999.0 -9999.0
04130 20150705  2.423 -113.43   48.74    12.0     3.0     7.5     8.4    17.6     5.47 C    20.1     3.5    11.2    92.9    67.1    83.8   0.162   0.082 -99.000 -99.000 -99.000    15.7    16.7 -9999.0 -9999.0 -9999.0
04130 20150706  2.423 -113.43   48.74    22.9     0.3    11.6    12.9     0.0    29.94 C    38.0     1.3    17.4    93.6    23.6    58.0   0.170   0.103 -99.000 -99.000 -99.000    17.2    16.9 -9999.0 -9999.0 -9999.0
04130 20150707  2.423 -113.43   48.74    20.3     6.8    13.6    14.7     0.0    17.91 C    37.9     6.1    18.1    85.7    39.4    61.7   0.143   0.106 -99.000 -99.000 -99.000    17.9    17.6 -9999.0 -9999.0 -9999.0
04130 20150708  2.423 -113.43   48.74    26.3     2.9    14.6    15.8     0.0    31.05 C    40.9     3.2    20.0    88.2    16.5    51.6   0.123   0.101 -99.000 -99.000 -99.000    19.0    18.4 -9999.0 -9999.0 -9999.0
04130 20150709  2.423 -113.43   48.74    28.1     6.1    17.1    18.0     0.0    28.63 C    42.1     5.8    21.5    82.3    18.9    48.9   0.100   0.094 -99.000 -99.000 -99.000    20.2    19.4 -9999.0 -9999.0 -9999.0
04130 20150710  2.423 -113.43   48.74    25.7     6.8    16.3    18.1     0.0    22.47 C    44.0     5.9    21.6    81.4    37.7    57.9   0.082   0.086 -99.000 -99.000 -99.000    20.1    19.5 -9999.0 -9999.0 -9999.0
04130 20150711  2.423 -113.43   48.74    21.5    14.0    17.7    18.5     0.0    18.46 C    37.6    10.5    20.3    68.8    45.2    56.1   0.068   0.082 -99.000 -99.000 -99.000    19.8    19.3 -9999.0 -9999.0 -9999.0
04130 20150712  2.423 -113.43   48.74    21.4    16.5    19.0    18.3     0.0    20.02 C    36.4    11.2    21.0    65.5    38.4    51.2   0.058   0.079 -99.000 -99.000 -99.000    19.8    19.2 -9999.0 -9999.0 -9999.0
04130 20150713  2.423 -113.43   48.74    22.5    15.9    19.2    18.7     0.0    28.94 C    43.4    12.3    23.7    54.9    31.5    41.4   0.050   0.074 -99.000 -99.000 -99.000    21.3    20.2 -9999.0 -9999.0 -9999.0
04130 20150714  2.423 -113.43   48.74    22.1     7.6    14.8    16.6     0.0    22.21 C    39.7     5.8    20.2    75.1    30.8    50.6   0.043   0.071 -99.000 -99.000 -99.000    20.6    19.9 -9999.0 -9999.0 -9999.0
04130 20150715  2.423 -113.43   48.74    23.2     4.5    13.9    16.3     0.0    28.83 C    45.0     3.4    21.7    85.7    25.6    47.5   0.038   0.067 -99.000 -99.000 -99.000    20.5    19.6 -9999.0 -9999.0 -9999.0
04130 20150716  2.423 -113.43   48.74    18.9     3.3    11.1    11.9     5.7    12.54 C    36.1     2.9    14.1    93.0    33.1    63.8   0.034   0.065 -99.000 -99.000 -99.000    17.6    18.1 -9999.0 -9999.0 -9999.0
04130 20150717  2.423 -113.43   48.74    12.3     0.8     6.5     8.1     4.1     6.76 C    15.7     1.4     8.7    93.6    46.8    75.0   0.064   0.062 -99.000 -99.000 -99.000    12.7    14.0 -9999.0 -9999.0 -9999.0
04130 20150718  2.423 -113.43   48.74    21.8     5.1    13.5    15.6     0.0    31.55 C    36.8     4.0    19.2    92.3    32.1    53.6   0.125   0.066 -99.000 -99.000 -99.000    17.3    16.5 -9999.0 -9999.0 -9999.0
04130 20150719  2.423 -113.43   48.74    25.4    15.4    20.4    20.4     0.0    26.00 C    44.1    12.4    23.5    75.1    27.0    39.1   0.097   0.068 -99.000 -99.000 -99.000    19.6    18.6 -9999.0 -9999.0 -9999.0
04130 20150720  2.423 -113.43   48.74    26.4     9.4    17.9    17.4     1.6    20.50 C    43.7     8.3    20.1    90.0    26.7    64.6   0.078   0.070 -99.000 -99.000 -99.000    19.7    19.1 -9999.0 -9999.0 -9999.0
04130 20150721  2.423 -113.43   48.74    26.3     8.9    17.6    19.8     0.0    28.90 C    44.7     7.1    22.1    75.4    12.9    33.6   0.063   0.069 -99.000 -99.000 -99.000    19.9    19.2 -9999.0 -9999.0 -9999.0
04130 20150722  2.423 -113.43   48.74    23.7     5.7    14.7    16.2     1.1    25.60 C    37.0     3.7    17.8    76.3    10.6    37.6   0.051   0.068 -99.000 -99.000 -99.000    18.8    18.5 -9999.0 -9999.0 -9999.0
04130 20150723  2.423 -113.43   48.74    23.0     4.2    13.6    14.6     0.0    17.23 C    38.3     3.3    16.6    75.8    15.9    41.9   0.043   0.066 -99.000 -99.000 -99.000    17.3    17.2 -9999.0 -9999.0 -9999.0
04130 20150724  2.423 -113.43   48.74    23.8     6.2    15.0    17.5     0.0    27.76 C    42.7     3.3    21.1    72.6    21.8    36.9   0.040   0.065 -99.000 -99.000 -99.000    19.1    18.3 -9999.0 -9999.0 -9999.0
04130 20150725  2.423 -113.43   48.74    21.6    10.3    16.0    17.2     0.2    17.22 C    37.9     7.9    18.8    63.0    32.1    44.0   0.035   0.063 -99.000 -99.000 -99.000    18.6    18.2 -9999.0 -9999.0 -9999.0
04130 20150726  2.423 -113.43   48.74    19.9     7.7    13.8    15.2     0.0    19.56 C    39.0     6.0    18.9    71.4    32.3    47.5   0.033   0.063 -99.000 -99.000 -99.000    18.6    18.0 -9999.0 -9999.0 -9999.0
04130 20150727  2.423 -113.43   48.74    14.1     4.3     9.2     9.7     1.4     7.73 C    26.0     2.9    12.0    87.8    46.6    74.8   0.029   0.061 -99.000 -99.000 -99.000    15.6    16.2 -9999.0 -9999.0 -9999.0
04130 20150728  2.423 -113.43   48.74    18.8     9.1    14.0    14.1     0.0    29.38 C    36.4     6.8    17.8    79.5    32.5    50.6   0.030   0.061 -99.000 -99.000 -99.000    17.0    16.6 -9999.0 -9999.0 -9999.0
04130 20150729  2.423 -113.43   48.74    23.4     7.0    15.2    17.0     0.0    28.44 C    43.4     5.3    21.1    70.7    23.4    40.7   0.031   0.061 -99.000 -99.000 -99.000    19.1    18.1 -9999.0 -9999.0 -9999.0
04130 20150730  2.423 -113.43   48.74    27.3     3.8    15.5    16.6     0.0    28.31 C    45.1     2.6    21.3    80.2    16.0    43.4   0.030   0.061 -99.000 -99.000 -99.000    19.8    18.7 -9999.0 -9999.0 -9999.0
04130 20150731  2.423 -113.43   48.74    29.8     5.1    17.5    18.5     0.0    23.65 C    42.7     3.4    21.3    75.0    11.1    37.3   0.027   0.060 -99.000 -99.000 -99.000    19.8    19.0 -9999.0 -9999.0 -9999.0
04130 20150801  2.423 -113.43   48.74    31.2     5.2    18.2    20.2     0.0    24.77 C    47.0     3.3    22.6    70.9     7.0    33.5   0.024   0.059 -99.000 -99.000 -99.000    20.2    19.2 -9999.0 -9999.0 -9999.0
04130 20150802  2.423 -113.43   48.74    29.4     7.4    18.4    19.8     0.0    24.22 C    45.7     5.5    23.7    85.9    10.1    47.2   0.022   0.058 -99.000 -99.000 -99.000    21.3    20.1 -9999.0 -9999.0 -9999.0
04130 20150803  2.423 -113.43   48.74 -9999.0 -9999.0 -9999.0 -9999.0 -9999.0 -9999.00 U -9999.0 -9999.0 -9999.0 -9999.0 -9999.0 -9999.0 -99.000 -99.000 -99.000 -99.000 -99.000 -9999.0 -9999.0 -9999.0 -9999.0 -9999.0
04130 20150804  2.423 -113.43   48.74    25.3    11.2    18.2    20.9     0.0    19.54 C    46.6     8.5    24.5    79.0    23.7    36.7   0.019   0.057 -99.000 -99.000 -99.000    22.5    21.0 -9999.0 -9999.0 -9999.0
04130 20150805  2.423 -113.43   48.74    24.0     5.3    14.7    15.8     0.0    20.86 C    44.0     4.3    20.1    88.9    14.4    50.2   0.016   0.056 -99.000 -99.000 -99.000    20.5    19.8 -9999.0 -9999.0 -9999.0
04130 20150806  2.423 -113.43   48.74    16.7     7.0    11.8    13.0     1.0    20.30 C    34.1     5.4    15.6    81.8    35.1    53.7   0.015   0.054 -99.000 -99.000 -99.000    18.3    18.4 -9999.0 -9999.0 -9999.0
04130 20150807  2.423 -113.43   48.74    22.1     9.5    15.8    16.1     0.0    24.93 C    43.1     6.7    20.5    63.8    26.5    42.0   0.016   0.053 -99.000 -99.000 -99.000    19.7    18.9 -9999.0 -9999.0 -9999.0
04130 20150808  2.423 -113.43   48.74    26.3     3.3    14.8    16.6     0.0    23.11 C    50.4     1.9    21.6    82.5    14.0    42.5   0.015   0.053 -99.000 -99.000 -99.000    20.2    19.3 -9999.0 -9999.0 -9999.0
04130 20150809  2.423 -113.43   48.74    27.3     5.6    16.5    17.4     0.0    22.24 C    48.2     3.0    21.4    74.7    17.0    41.1   0.014   0.053 -99.000 -99.000 -99.000    20.8    19.8 -9999.0 -9999.0 -9999.0
04130 20150810  2.423 -113.43   48.74    29.4     7.0    18.2    18.9     0.0    17.53 C    48.6     6.3    22.6    72.8    15.7    42.5   0.014   0.052 -99.000 -99.000 -99.000    21.1    20.0 -9999.0 -9999.0 -9999.0
04130 20150811  2.423 -113.43   48.74    30.4    11.3    20.9    21.9     0.0    24.65 C    49.6     8.4    25.2    60.7    10.4    32.7   0.014   0.052 -99.000 -99.000 -99.000    22.7    21.2 -9999.0 -9999.0 -9999.0
04130 20150812  2.423 -113.43   48.74    30.5     7.7    19.1    18.9     0.0    15.03 C    47.2     6.8    21.2    71.8    14.4    43.1   0.011   0.051 -99.000 -99.000 -99.000    21.0    20.2 -9999.0 -9999.0 -9999.0
04130 20150813  2.423 -113.43   48.74    31.8     8.1    19.9    20.9     0.0    21.50 C    46.7     6.8    24.4    76.9    15.1    41.4   0.011   0.050 -99.000 -99.000 -99.000    22.2    20.9 -9999.0 -9999.0 -9999.0
04130 20150814  2.423 -113.43   48.74    26.5     8.9    17.7    16.1     4.5    13.60 C    45.5     7.1    19.3    91.9    36.0    63.1   0.010   0.049 -99.000 -99.000 -99.000    20.4    20.0 -9999.0 -9999.0 -9999.0
04130 20150815  2.423 -113.43   48.74    16.5     8.3    12.4    12.7     0.3     8.78 C    28.4     9.9    13.9    89.5    47.4    65.6   0.015   0.047 -99.000 -99.000 -99.000    16.4    17.3 -9999.0 -9999.0 -9999.0
04130 20150816  2.423 -113.43   48.74    17.3     7.9    12.6    11.3     0.8    10.18 C    36.6     8.6    15.5    89.8    44.2    72.0   0.024   0.048 -99.000 -99.000 -99.000    16.1    16.4 -9999.0 -9999.0 -9999.0
04130 20150817  2.423 -113.43   48.74    18.5     3.6    11.0    11.9     0.0    15.86 C    39.0     3.0    15.7    92.4    35.7    65.6   0.027   0.049 -99.000 -99.000 -99.000    16.1    16.3 -9999.0 -9999.0 -9999.0
04130 20150818  2.423 -113.43   48.74    17.9     3.8    10.8    11.7     0.0    12.61 C    36.7     2.7    14.8    88.8    34.1    62.5   0.029   0.049 -99.000 -99.000 -99.000    15.6    15.9 -9999.0 -9999.0 -9999.0
04130 20150819  2.423 -113.43   48.74    24.8     3.0    13.9    17.5     0.0    22.99 C    38.7     1.9    19.5    83.8    20.7    40.0   0.029   0.050 -99.000 -99.000 -99.000    16.9    16.4 -9999.0 -9999.0 -9999.0
04130 20150820  2.423 -113.43   48.74    23.3     8.8    16.0    18.3     0.0    13.61 C    36.2     6.1    18.6    73.6    23.4    39.2   0.028   0.051 -99.000 -99.000 -99.000    17.4    17.0 -9999.0 -9999.0 -9999.0
04130 20150821  2.423 -113.43   48.74    19.5     1.9    10.7     9.9     3.9     9.10 C    30.3     2.6    12.5    96.0    26.5    69.8   0.024   0.051 -99.000 -99.000 -99.000    15.4    16.0 -9999.0 -9999.0 -9999.0
04130 20150822  2.423 -113.43   48.74    17.3     1.2     9.3     8.7     0.2    23.03 C    34.2     0.0    13.8    88.2    22.6    56.6   0.028   0.051 -99.000 -99.000 -99.000    14.7    14.9 -9999.0 -9999.0 -9999.0
04130 20150823  2.423 -113.43   48.74    23.3    -1.7    10.8    12.0     0.0    22.46 C    37.5    -2.4    14.9    80.5    14.2    45.6   0.032   0.051 -99.000 -99.000 -99.000    14.7    14.8 -9999.0 -9999.0 -9999.0
04130 20150824  2.423 -113.43   48.74    26.3     5.2    15.8    15.0     0.0    15.72 C    39.4     3.6    16.6    73.8    13.1    45.4   0.033   0.052 -99.000 -99.000 -99.000    15.8    15.6 -9999.0 -9999.0 -9999.0
04130 20150825  2.423 -113.43   48.74    26.5     5.9    16.2    16.5     0.0    19.51 C    41.2     3.8    19.1    72.3    20.6    47.2   0.032   0.053 -99.000 -99.000 -99.000    17.2    16.6 -9999.0 -9999.0 -9999.0
04130 20150826  2.423 -113.43   48.74    27.3     5.3    16.3    16.4     0.0    18.68 C    43.3     3.8    19.8    82.1    25.4    55.4   0.029   0.053 -99.000 -99.000 -99.000    17.8    17.2 -9999.0 -9999.0 -9999.0
04130 20150827  2.423 -113.43   48.74    26.7     6.1    16.4    17.6     0.0    13.27 C    38.9     4.7    18.2    80.6    18.1    44.7   0.026   0.053 -99.000 -99.000 -99.000    17.2    16.8 -9999.0 -9999.0 -9999.0
04130 20150828  2.423 -113.43   48.74    27.4    11.8    19.6    20.6     0.0    13.76 C    42.5    10.3    21.0    59.8    16.8    30.8   0.024   0.053 -99.000 -99.000 -99.000    18.3    17.6 -9999.0 -9999.0 -9999.0
04130 20150829  2.423 -113.43   48.74    27.7     7.1    17.4    17.7     0.0    13.22 C    42.9     5.3    19.1    71.5    19.5    42.9   0.021   0.052 -99.000 -99.000 -99.000    18.0    17.4 -9999.0 -9999.0 -9999.0
04130 20150830  2.423 -113.43   48.74    18.2     6.3    12.2    12.9     7.3    16.40 C    31.7     6.7    13.6    84.0    33.1    53.4   0.024   0.051 -99.000 -99.000 -99.000    15.9    16.4 -9999.0 -9999.0 -9999.0
04130 20150831  2.423 -113.43   48.74    16.2    10.2    13.2    12.5     0.0    14.33 C    29.1     7.7    13.8    56.9    39.5    49.0   0.087   0.051 -99.000 -99.000 -99.000    13.4    14.0 -9999.0 -9999.0 -9999.0
04130 20150901  2.423 -113.43   48.74    20.7     9.5    15.1    15.4     0.0    18.08 C    32.9     6.1    16.3    54.0    23.0    38.9   0.082   0.053 -99.000 -99.000 -99.000    14.8    14.8 -9999.0 -9999.0 -9999.0
04130 20150902  2.423 -113.43   48.74    17.7    10.6    14.2    14.7     0.7    15.62 C    30.7     7.4    14.6    61.1    20.4    38.4   0.073   0.054 -99.000 -99.000 -99.000    14.2    14.5 -9999.0 -9999.0 -9999.0
04130 20150903  2.423 -113.43   48.74    13.2     2.4     7.8     8.6     0.9     7.09 C    27.3     2.0    10.1    86.9    47.1    69.1   0.065   0.054 -99.000 -99.000 -99.000    12.6    13.2 -9999.0 -9999.0 -9999.0
04130 20150904  2.423 -113.43   48.74     5.9     0.9     3.4     4.5     4.2     3.57 C    10.3     1.0     6.4    91.7    82.0    87.9   0.065   0.052 -99.000 -99.000 -99.000    10.0    11.1 -9999.0 -9999.0 -9999.0
04130 20150905  2.423 -113.43   48.74     4.5     2.0     3.3     3.6    23.9     3.26 C    10.1     3.4     5.8    90.5    83.4    87.9   0.197   0.132 -99.000 -99.000 -99.000     8.8     9.7 -9999.0 -9999.0 -9999.0
04130 20150906  2.423 -113.43   48.74    10.7     1.8     6.2     6.9     3.7     8.63 C    13.6     3.3     6.9    92.3    45.6    68.1   0.215   0.215 -99.000 -99.000 -99.000     9.2     9.7 -9999.0 -9999.0 -9999.0
04130 20150907  2.423 -113.43   48.74    11.8     6.4     9.1     8.6     0.0    15.59 C    21.5     3.5     8.9    65.1    43.0    56.4   0.204   0.206 -99.000 -99.000 -99.000     9.5     9.8 -9999.0 -9999.0 -9999.0
04130 20150908  2.423 -113.43   48.74    12.9     7.6    10.2    10.3     0.0    11.39 C    18.6     4.3    10.1    65.5    49.5    58.4   0.195   0.197 -99.000 -99.000 -99.000     9.8    10.0 -9999.0 -9999.0 -9999.0
04130 20150909  2.423 -113.43   48.74    16.7     4.9    10.8    13.3     0.0    13.74 C    30.3     2.9    13.8    79.2    40.3    52.7   0.188   0.192 -99.000 -99.000 -99.000    11.9    11.7 -9999.0 -9999.0 -9999.0
04130 20150910  2.423 -113.43   48.74    21.3     1.8    11.5    11.3     0.0    19.96 C    37.3     0.7    13.9    88.6    27.8    60.2   0.179   0.185 -99.000 -99.000 -99.000    12.2    12.1 -9999.0 -9999.0 -9999.0
04130 20150911  2.423 -113.43   48.74    23.3     1.8    12.6    14.4     0.0    19.26 C    33.9     1.4    15.5    89.1    27.1    53.7   0.169   0.178 -99.000 -99.000 -99.000    12.9    12.7 -9999.0 -9999.0 -9999.0
04130 20150912  2.423 -113.43   48.74    25.3     9.2    17.2    20.2     0.0    19.34 C    33.9     4.9    18.6    69.6    21.0    34.2   0.160   0.171 -99.000 -99.000 -99.000    14.1    13.8 -9999.0 -9999.0 -9999.0
04130 20150913  2.423 -113.43   48.74    21.7     7.6    14.7    13.4     0.0    14.10 C    32.7     6.9    15.8    85.1    26.2    58.2   0.149   0.163 -99.000 -99.000 -99.000    14.2    14.0 -9999.0 -9999.0 -9999.0
04130 20150914  2.423 -113.43   48.74    11.0     2.7     6.8     6.8     0.3    10.44 C    24.2     2.3    10.4    89.0    64.0    80.1   0.140   0.157 -99.000 -99.000 -99.000    12.3    12.7 -9999.0 -9999.0 -9999.0
04130 20150915  2.423 -113.43   48.74    10.8    -0.2     5.3     6.6     1.5     5.17 C    17.9    -0.9     7.0    92.9    37.6    64.9   0.145   0.155 -99.000 -99.000 -99.000    10.5    11.2 -9999.0 -9999.0 -9999.0
04130 20150916  2.423 -113.43   48.74    11.3    -1.8     4.8     5.5     0.0    10.56 C    23.9    -2.4     7.1    83.9    28.5    55.2   0.142   0.153 -99.000 -99.000 -99.000     9.4     9.9 -9999.0 -9999.0 -9999.0
04130 20150917  2.423 -113.43   48.74    13.1     0.6     6.8     9.1     0.0    18.17 C    25.2    -2.7    10.2    67.7    31.3    44.1   0.137   0.149 -99.000 -99.000 -99.000     9.6    10.0 -9999.0 -9999.0 -9999.0
04130 20150918  2.423 -113.43   48.74    13.3     7.8    10.6    10.4     0.0    17.65 C    27.8     6.0    12.1    67.3    43.9    51.5   0.130   0.146 -99.000 -99.000 -99.000    10.7    10.8 -9999.0 -9999.0 -9999.0
04130 20150919  2.423 -113.43   48.74    14.6     9.7    12.1    12.3     0.0    15.26 C    26.0     7.3    12.9    56.0    44.6    49.6   0.123   0.141 -99.000 -99.000 -99.000    11.1    11.1 -9999.0 -9999.0 -9999.0
04130 20150920  2.423 -113.43   48.74    18.7    12.9    15.8    15.9     0.0    11.61 C    26.5    10.8    15.7    58.5    34.8    45.6   0.118   0.137 -99.000 -99.000 -99.000    12.4    12.1 -9999.0 -9999.0 -9999.0
04130 20150921  2.423 -113.43   48.74    17.2     2.7     9.9     8.1    12.0    10.32 C    23.3     1.6    10.0    93.0    38.7    76.2   0.180   0.169 -99.000 -99.000 -99.000    11.5    11.7 -9999.0 -9999.0 -9999.0
04130 20150922  2.423 -113.43   48.74    19.0     0.5     9.7     8.4     0.0    14.76 C    29.7     0.7    10.5    97.0    27.9    70.8   0.196   0.190 -99.000 -99.000 -99.000    11.0    11.1 -9999.0 -9999.0 -9999.0
04130 20150923  2.423 -113.43   48.74    20.1    -0.7     9.7     9.5     0.0    17.16 C    28.6    -1.7     9.6    91.6    13.9    52.5   0.187   0.183 -99.000 -99.000 -99.000    10.1    10.5 -9999.0 -9999.0 -9999.0
04130 20150924  2.423 -113.43   48.74    23.5     1.1    12.3    11.0     0.0    12.41 C    32.1    -0.6     9.8    70.1    15.6    44.8   0.177   0.176 -99.000 -99.000 -99.000    10.0    10.2 -9999.0 -9999.0 -9999.0
04130 20150925  2.423 -113.43   48.74    25.5     4.7    15.1    15.4     0.0    15.42 C    31.7     2.4    13.7    74.6    13.3    41.0   0.168   0.170 -99.000 -99.000 -99.000    10.9    10.9 -9999.0 -9999.0 -9999.0
04130 20150926  2.423 -113.43   48.74    17.8     6.8    12.3    14.8     1.1     5.47 C    19.7     3.8    11.2    78.8    25.5    40.5   0.160   0.165 -99.000 -99.000 -99.000    10.5    10.8 -9999.0 -9999.0 -9999.0
04130 20150927  2.423 -113.43   48.74    13.9    -0.7     6.6     9.4     0.0    16.29 C    20.4    -1.4     9.2    66.2    21.1    33.5   0.158   0.161 -99.000 -99.000 -99.000     9.1     9.6 -9999.0 -9999.0 -9999.0
04130 20150928  2.423 -113.43   48.74    16.0    -4.0     6.0     6.0     0.0    15.97 C    25.7    -4.4     7.0    81.9    21.7    51.0   0.148   0.155 -99.000 -99.000 -99.000     7.9     8.5 -9999.0 -9999.0 -9999.0
04130 20150929  2.423 -113.43   48.74    18.9     2.3    10.6    13.6     0.0    15.79 C    25.5    -1.3    10.9    63.3    15.9    27.7   0.140   0.150 -99.000 -99.000 -99.000     8.5     8.8 -9999.0 -9999.0 -9999.0
04130 20150930  2.423 -113.43   48.74    21.3     0.6    11.0    11.4     0.0    15.67 C    28.1    -2.0     9.5    65.8    14.8    37.2   0.131   0.145 -99.000 -99.000 -99.000     8.9     9.2 -9999.0 -9999.0 -9999.0
04130 20151001  2.423 -113.43   48.74    19.7     0.6    10.2    10.1     0.0     8.46 C    26.0    -1.8    10.2    68.6    21.2    47.5   0.124   0.140 -99.000 -99.000 -99.000     9.3     9.3 -9999.0 -9999.0 -9999.0
04130 20151002  2.423 -113.43   48.74    19.8     2.4    11.1    11.0     0.2     9.05 C    31.1     0.3    11.3    88.5    24.1    54.1   0.119   0.136 -99.000 -99.000 -99.000    10.2    10.1 -9999.0 -9999.0 -9999.0
04130 20151003  2.423 -113.43   48.74     3.5     0.1     1.8     0.7     2.8     1.94 C     4.4     1.0     2.4    92.1    83.4    89.7   0.139   0.134 -99.000 -99.000 -99.000     7.2     8.2 -9999.0 -9999.0 -9999.0
04130 20151004  2.423 -113.43   48.74     9.6    -2.5     3.5     2.0     0.0     9.27 C    19.0    -3.7     4.5    90.7    56.7    80.8   0.158   0.138 -99.000 -99.000 -99.000     7.1     7.6 -9999.0 -9999.0 -9999.0
04130 20151005  2.423 -113.43   48.74    15.0    -3.8     5.6     4.9     0.0    14.36 C    24.1    -5.3     5.4    91.8    32.2    67.3   0.149   0.138 -99.000 -99.000 -99.000     6.5     7.0 -9999.0 -9999.0 -9999.0
04130 20151006  2.423 -113.43   48.74    19.2    -2.7     8.3    10.0     0.0    13.19 C    24.8    -4.0     9.0    88.6    17.8    48.6   0.142   0.136 -99.000 -99.000 -99.000     7.2     7.4 -9999.0 -9999.0 -9999.0
04130 20151007  2.423 -113.43   48.74    14.7    10.4    12.6    12.7     0.0     4.61 C    15.8     8.2    10.9    69.0    31.0    49.3   0.133   0.134 -99.000 -99.000 -99.000     8.8     8.8 -9999.0 -9999.0 -9999.0
04130 20151008  2.423 -113.43   48.74    14.6     9.8    12.2    12.4     0.0    12.72 C    21.3     6.3    12.1    71.9    50.5    59.3   0.126   0.132 -99.000 -99.000 -99.000     9.5     9.3 -9999.0 -9999.0 -9999.0
04130 20151009  2.423 -113.43   48.74    20.1    13.8    17.0    17.7     0.0     8.63 C    26.5    10.7    15.4    56.2    25.9    35.9   0.119   0.129 -99.000 -99.000 -99.000    10.7    10.4 -9999.0 -9999.0 -9999.0
04130 20151010  2.423 -113.43   48.74    19.0    10.3    14.6    16.8     3.3     6.24 C    22.3     8.8    14.8    76.9    30.8    45.6   0.112   0.125 -99.000 -99.000 -99.000    11.4    11.1 -9999.0 -9999.0 -9999.0
04130 20151011  2.423 -113.43   48.74    10.7     6.3     8.5     8.5     7.4     9.69 C    17.4     4.5     7.7    81.2    37.4    52.5   0.194   0.157 -99.000 -99.000 -99.000     8.9     9.4 -9999.0 -9999.0 -9999.0
04130 20151012  2.423 -113.43   48.74    14.7     7.9    11.3    11.6     0.0     9.88 C    17.7     5.1     9.4    46.3    14.6    30.8   0.179   0.163 -99.000 -99.000 -99.000     7.6     8.1 -9999.0 -9999.0 -9999.0
04130 20151013  2.423 -113.43   48.74    14.3     9.1    11.7    12.1     0.0     7.52 C    20.5     4.5    10.0    48.6    33.7    41.3   0.167   0.158 -99.000 -99.000 -99.000     8.2     8.4 -9999.0 -9999.0 -9999.0
04130 20151014  2.423 -113.43   48.74    13.8     3.7     8.8    10.7     0.0    12.22 C    18.7     0.0     8.3    51.7    27.1    39.1   0.157   0.153 -99.000 -99.000 -99.000     7.7     8.1 -9999.0 -9999.0 -9999.0
04130 20151015  2.423 -113.43   48.74    13.4    -3.5     4.9     4.0     0.0    12.26 C    20.0    -6.0     3.4    76.0    24.6    51.0   0.147   0.148 -99.000 -99.000 -99.000     5.8     6.6 -9999.0 -9999.0 -9999.0
04130 20151016  2.423 -113.43   48.74    19.7    -3.1     8.3     6.3     0.0    10.99 C    24.4    -5.0     5.2    76.3    15.6    49.7   0.141   0.144 -99.000 -99.000 -99.000     5.8     6.3 -9999.0 -9999.0 -9999.0
04130 20151017  2.423 -113.43   48.74    23.5    -1.3    11.1     9.2     0.0    11.80 C    27.1    -3.5     6.9    82.5    13.3    47.9   0.134   0.140 -99.000 -99.000 -99.000     6.2     6.6 -9999.0 -9999.0 -9999.0
04130 20151018  2.423 -113.43   48.74    17.3     3.0    10.1    11.6     0.0     4.73 C    20.9    -0.5     9.2    65.5    25.0    47.5   0.129   0.137 -99.000 -99.000 -99.000     7.4     7.4 -9999.0 -9999.0 -9999.0
04130 20151019  2.423 -113.43   48.74    14.7     3.5     9.1    10.6     0.0     5.78 C    18.3     0.2     8.6    81.6    46.0    61.0   0.124   0.134 -99.000 -99.000 -99.000     7.8     7.9 -9999.0 -9999.0 -9999.0
04130 20151020  2.423 -113.43   48.74    11.1     4.6     7.9     8.5     0.0     7.21 C    17.2     5.1     8.4    82.0    52.1    62.2   0.121   0.132 -99.000 -99.000 -99.000     8.0     8.1 -9999.0 -9999.0 -9999.0
04130 20151021  2.423 -113.43   48.74    14.0     9.3    11.7    11.2     0.0    10.92 C    19.8     5.2     9.5    59.7    30.7    44.1   0.117   0.129 -99.000 -99.000 -99.000     7.5     7.8 -9999.0 -9999.0 -9999.0
04130 20151022  2.423 -113.43   48.74    11.4     5.8     8.6     9.8     0.0     6.02 C    16.3    -0.7     7.9    58.0    30.9    44.0   0.112   0.126 -99.000 -99.000 -99.000     7.4     7.7 -9999.0 -9999.0 -9999.0
04130 20151023  2.423 -113.43   48.74     9.8     1.9     5.9     6.9     0.0     7.95 C    16.1    -4.8     4.5    65.8    35.0    46.4   0.106   0.123 -99.000 -99.000 -99.000     5.7     6.4 -9999.0 -9999.0 -9999.0
04130 20151024  2.423 -113.43   48.74    10.8    -2.6     4.1     4.0     0.0     8.85 C    18.2    -6.8     3.2    72.8    26.5    53.7   0.102   0.120 -99.000 -99.000 -99.000     4.9     5.6 -9999.0 -9999.0 -9999.0
04130 20151025  2.423 -113.43   48.74     9.1    -4.7     2.2     3.3     0.0     8.03 C    17.6    -7.0     3.0    81.8    45.0    62.3   0.099   0.118 -99.000 -99.000 -99.000     4.5     5.2 -9999.0 -9999.0 -9999.0
04130 20151026  2.423 -113.43   48.74    10.0    -3.0     3.5     4.5     0.0     5.34 C    17.2    -6.2     3.8    81.4    54.2    66.8   0.097   0.117 -99.000 -99.000 -99.000     4.9     5.3 -9999.0 -9999.0 -9999.0
04130 20151027  2.423 -113.43   48.74     7.3    -0.5     3.4     3.0     2.7     8.91 C    15.3    -4.0     3.6    92.5    56.2    75.4   0.111   0.117 -99.000 -99.000 -99.000     5.3     5.7 -9999.0 -9999.0 -9999.0
04130 20151028  2.423 -113.43   48.74     7.9     0.7     4.3     5.5     0.0    10.02 C    13.1    -4.1     3.8    71.8    39.5    53.8   0.117   0.117 -99.000 -99.000 -99.000     4.0     4.6 -9999.0 -9999.0 -9999.0
04130 20151029  2.423 -113.43   48.74     7.4     5.5     6.4     6.4     0.0     4.65 C     9.7     2.9     5.2    65.6    50.5    57.6   0.114   0.117 -99.000 -99.000 -99.000     4.8     5.1 -9999.0 -9999.0 -9999.0
04130 20151030  2.423 -113.43   48.74     8.6     4.3     6.5     6.4     4.8     3.86 C     7.0     2.8     4.4    83.5    42.5    63.6   0.132   0.117 -99.000 -99.000 -99.000     4.8     5.2 -9999.0 -9999.0 -9999.0
04130 20151031  2.423 -113.43   48.74     8.3     3.9     6.1     6.6    14.9     3.43 C     7.8    -0.2     5.2    89.9    44.8    70.6   0.187   0.142 -99.000 -99.000 -99.000     5.3     5.4 -9999.0 -9999.0 -9999.0
04130 20151101  2.423 -113.43   48.74     6.3     2.2     4.2     4.6     7.1     2.49 C     7.1     0.6     3.3    88.4    53.7    72.0   0.236   0.239 -99.000 -99.000 -99.000     5.0     5.4 -9999.0 -9999.0 -9999.0
04130 20151102  2.423 -113.43   48.74     4.8    -2.1     1.3     2.5     0.9     3.92 C    10.5    -3.9     2.2    91.3    56.5    74.1   0.233   0.243 -99.000 -99.000 -99.000     4.3     4.6 -9999.0 -9999.0 -9999.0
04130 20151103  2.423 -113.43   48.74     1.9    -6.6    -2.4    -2.6     0.9     2.86 C     6.7    -7.6    -2.2    92.3    69.4    85.1   0.225   0.233 -99.000 -99.000 -99.000     2.5     3.3 -9999.0 -9999.0 -9999.0
04130 20151104  2.423 -113.43   48.74     3.2    -7.4    -2.1    -0.5     0.0     8.96 C     5.7   -10.5    -1.5    88.4    44.3    65.2   0.223   0.229 -99.000 -99.000 -99.000     2.1     2.8 -9999.0 -9999.0 -9999.0
04130 20151105  2.423 -113.43   48.74     1.2    -2.2    -0.5    -0.2     0.0     4.25 C     3.5    -5.4    -0.9    75.5    54.8    63.7   0.218   0.224 -99.000 -99.000 -99.000     1.4     2.1 -9999.0 -9999.0 -9999.0
04130 20151106  2.423 -113.43   48.74     2.5    -3.8    -0.6     0.2     0.0     8.19 C     2.8    -7.6    -1.0    74.6    50.7    59.1   0.213   0.218 -99.000 -99.000 -99.000     0.8     1.6 -9999.0 -9999.0 -9999.0
04130 20151107  2.423 -113.43   48.74     9.0     2.4     5.7     5.5     0.0     5.24 C    10.9     0.2     3.7    70.5    40.1    54.7   0.213   0.217 -99.000 -99.000 -99.000     2.0     2.2 -9999.0 -9999.0 -9999.0
04130 20151108  2.423 -113.43   48.74     8.0     3.9     5.9     6.0     0.0     3.89 C     8.7     0.8     3.7    64.6    43.6    55.0   0.210   0.213 -99.000 -99.000 -99.000     2.6     2.8 -9999.0 -9999.0 -9999.0
04130 20151109  2.423 -113.43   48.74     4.7    -3.5     0.6    -1.7     9.0     1.69 C     2.8    -4.4    -1.6    91.4    66.9    86.3   0.209   0.211 -99.000 -99.000 -99.000     2.2     2.6 -9999.0 -9999.0 -9999.0
04130 20151110  2.423 -113.43   48.74     0.3   -10.5    -5.1    -2.2     0.0     8.11 C    -2.6   -17.8    -5.9    86.6    53.3    68.4   0.210   0.213 -99.000 -99.000 -99.000     2.0     2.4 -9999.0 -9999.0 -9999.0
04130 20151111  2.423 -113.43   48.74     1.6    -1.6     0.0    -0.2     1.0     1.97 C    -0.7    -6.4    -3.0    84.0    46.4    63.4   0.210   0.213 -99.000 -99.000 -99.000     1.6     2.1 -9999.0 -9999.0 -9999.0
04130 20151112  2.423 -113.43   48.74     1.5    -1.9    -0.2    -0.7     0.0     4.77 C    -1.7    -8.0    -4.3    64.4    48.4    55.5   0.210   0.212 -99.000 -99.000 -99.000     1.5     1.9 -9999.0 -9999.0 -9999.0
04130 20151113  2.423 -113.43   48.74     7.3     1.0     4.2     4.7    11.4     2.91 C     5.5    -1.8     2.0    86.0    53.0    69.2   0.232   0.238 -99.000 -99.000 -99.000     2.0     2.1 -9999.0 -9999.0 -9999.0
04130 20151114  2.423 -113.43   48.74     9.0     4.3     6.6     6.3     2.6     3.15 C     6.4     2.1     3.6    85.8    34.8    65.2   0.245   0.260 -99.000 -99.000 -99.000     3.1     3.1 -9999.0 -9999.0 -9999.0
04130 20151115  2.423 -113.43   48.74    11.7     2.1     6.9     8.5     0.0     6.97 C    12.1    -2.8     3.8    57.9    25.5    37.3   0.231   0.241 -99.000 -99.000 -99.000     2.7     2.9 -9999.0 -9999.0 -9999.0
04130 20151116  2.423 -113.43   48.74     5.2    -3.5     0.8    -0.9     1.3     2.08 C     3.1    -6.0    -1.7    84.6    43.4    64.5   0.226   0.234 -99.000 -99.000 -99.000     1.9     2.4 -9999.0 -9999.0 -9999.0
04130 20151117  2.423 -113.43   48.74     4.7    -2.2     1.2     1.8    17.3     2.31 C     3.5    -4.0     0.6    89.9    46.1    68.4   0.234   0.242 -99.000 -99.000 -99.000     1.4     1.8 -9999.0 -9999.0 -9999.0
04130 20151118  2.423 -113.43   48.74     2.2    -6.7    -2.3    -4.3    14.8     3.76 C     0.4   -11.7    -6.5    91.3    45.5    73.1   0.245   0.259 -99.000 -99.000 -99.000     1.7     2.1 -9999.0 -9999.0 -9999.0
04130 20151119  2.423 -113.43   48.74    -1.7    -9.6    -5.7    -4.2     0.0     5.82 C    -5.3   -17.6    -8.8    82.1    50.7    61.6   0.235   0.244 -99.000 -99.000 -99.000     1.7     2.1 -9999.0 -9999.0 -9999.0
04130 20151120  2.423 -113.43   48.74    -3.6   -11.3    -7.5    -6.6     1.8     6.77 C    -7.0   -19.4   -10.0    85.3    47.2    64.8   0.231   0.238 -99.000 -99.000 -99.000     1.6     2.0 -9999.0 -9999.0 -9999.0
04130 20151121  2.423 -113.43   48.74     1.4    -4.2    -1.4    -1.7     0.0     6.50 C    -2.3    -7.8    -5.5    53.3    37.9    45.9   0.227   0.234 -99.000 -99.000 -99.000     1.2     1.6 -9999.0 -9999.0 -9999.0
04130 20151122  2.423 -113.43   48.74     6.7     0.6     3.7     4.3     0.0     5.24 C     3.9    -4.8    -0.3    45.6    22.0    32.9   0.228   0.234 -99.000 -99.000 -99.000     1.1     1.5 -9999.0 -9999.0 -9999.0
04130 20151123  2.423 -113.43   48.74     7.0    -1.3     2.9     4.0     0.0     6.21 C     7.7    -4.1     0.9    61.8    21.5    38.9   0.230   0.237 -99.000 -99.000 -99.000     1.4     1.7 -9999.0 -9999.0 -9999.0
04130 20151124  2.423 -113.43   48.74     5.8   -12.1    -3.2    -7.2     4.7     2.10 C     2.5   -13.3    -7.2    92.7    43.2    77.3   0.226   0.233 -99.000 -99.000 -99.000     0.8     1.3 -9999.0 -9999.0 -9999.0
04130 20151125  2.423 -113.43   48.74    -4.9   -15.5   -10.2   -11.4     0.0     6.35 C    -9.3   -24.4   -16.0    82.5    34.3    68.9   0.235   0.228 -99.000 -99.000 -99.000     0.5     0.9 -9999.0 -9999.0 -9999.0
04130 20151126  2.423 -113.43   48.74    -0.1   -16.5    -8.3    -8.9     0.0     6.30 C    -4.9   -22.2   -14.2    83.2    39.6    65.8 -99.000   0.223 -99.000 -99.000 -99.000     0.2     0.7 -9999.0 -9999.0 -9999.0
04130 20151127  2.423 -113.43   48.74     3.8   -12.9    -4.5    -6.5     0.0     6.09 C    -2.3   -18.5   -13.0    73.3    29.8    59.8 -99.000   0.255 -99.000 -99.000 -99.000     0.2     0.6 -9999.0 -9999.0 -9999.0
04130 20151128  2.423 -113.43   48.74     3.0   -15.0    -6.0    -8.8     0.0     6.12 C    -2.0   -19.9   -14.2    76.1    26.6    62.5 -99.000   0.247 -99.000 -99.000 -99.000     0.0     0.5 -9999.0 -9999.0 -9999.0
04130 20151129  2.423 -113.43   48.74     2.9   -14.8    -5.9    -8.3     0.0     6.03 C    -1.1   -19.1   -13.2    73.8    32.4    62.7 -99.000 -99.000 -99.000 -99.000 -99.000    -0.1     0.3 -9999.0 -9999.0 -9999.0
04130 20151130  2.423 -113.43   48.74     3.9   -13.6    -4.8    -5.0     0.0     5.77 C    -0.1   -17.2   -10.0    76.5    29.2    55.0 -99.000 -99.000 -99.000 -99.000 -99.000    -0.3     0.2 -9999.0 -9999.0 -9999.0
04130 20151201  2.423 -113.43   48.74     2.2    -0.7     0.7     0.6     0.0     5.61 C    -0.7    -5.8    -3.9    59.9    27.3    39.0 -99.000 -99.000 -99.000 -99.000 -99.000    -0.3     0.1 -9999.0 -9999.0 -9999.0
04130 20151202  2.423 -113.43   48.74     2.9    -0.5     1.2     1.4     0.0     3.49 C     0.7    -4.0    -1.4    68.0    52.2    59.8 -99.000 -99.000 -99.000 -99.000 -99.000    -0.2     0.1 -9999.0 -9999.0 -9999.0
04130 20151203  2.423 -113.43   48.74     9.9     0.8     5.4     6.5     0.0     3.40 C     6.6    -2.8     2.0    65.1    39.0    50.7 -99.000 -99.000 -99.000 -99.000 -99.000    -0.2     0.1 -9999.0 -9999.0 -9999.0
04130 20151204  2.423 -113.43   48.74     7.5     0.0     3.8     3.3     2.3     2.38 C     3.3    -1.6     0.6    85.0    49.5    64.2 -99.000 -99.000 -99.000 -99.000 -99.000    -0.2     0.1 -9999.0 -9999.0 -9999.0
04130 20151205  2.423 -113.43   48.74     4.4     0.3     2.4     1.9     0.3     4.57 C     2.0    -2.4    -0.6    80.1    36.3    50.8 -99.000 -99.000 -99.000 -99.000 -99.000    -0.2     0.2 -9999.0 -9999.0 -9999.0
04130 20151206  2.423 -113.43   48.74     5.2     1.9     3.5     4.0     1.4     2.53 C     4.8     0.0     1.6    80.3    36.3    53.4 -99.000 -99.000 -99.000 -99.000 -99.000    -0.2     0.2 -9999.0 -9999.0 -9999.0
04130 20151207  2.423 -113.43   48.74     5.3     1.9     3.6     3.8     0.0     2.69 C     3.9    -0.6     1.3    82.2    50.4    61.0 -99.000 -99.000 -99.000 -99.000 -99.000    -0.1     0.2 -9999.0 -9999.0 -9999.0
04130 20151208  2.423 -113.43   48.74     8.3     1.8     5.0     5.0    10.9     1.90 C     5.2    -0.4     2.7    83.4    54.0    70.4 -99.000 -99.000 -99.000 -99.000 -99.000     0.5     0.6 -9999.0 -9999.0 -9999.0
04130 20151209  2.423 -113.43   48.74     6.4     0.4     3.4     3.9    25.9     0.46 C     4.4    -3.2     1.8    92.4    50.2    71.6   0.269   0.280 -99.000 -99.000 -99.000     1.8     1.8 -9999.0 -9999.0 -9999.0
04130 20151210  2.423 -113.43   48.74     1.9    -1.0     0.5     0.4     1.4     1.69 C     0.2    -4.9    -2.2    92.0    42.6    63.7   0.257   0.250 -99.000 -99.000 -99.000     0.6     0.9 -9999.0 -9999.0 -9999.0
04130 20151211  2.423 -113.43   48.74     1.9    -5.8    -2.0     0.1     0.4     3.72 C    -1.0   -12.9    -4.4    82.0    50.2    61.7   0.243   0.242 -99.000 -99.000 -99.000     0.6     0.8 -9999.0 -9999.0 -9999.0
04130 20151212  2.423 -113.43   48.74     1.2    -6.1    -2.4    -0.6     0.7     2.30 C    -0.5   -11.8    -4.2    82.1    49.3    65.3 -99.000   0.261 -99.000 -99.000 -99.000     0.2     0.6 -9999.0 -9999.0 -9999.0
04130 20151213  2.423 -113.43   48.74     0.7    -5.9    -2.6    -1.3     7.7     1.98 C    -1.0   -13.2    -4.4    91.0    55.2    80.3 -99.000   0.255 -99.000 -99.000 -99.000     0.3     0.6 -9999.0 -9999.0 -9999.0
04130 20151214  2.423 -113.43   48.74    -5.8   -10.6    -8.2    -7.7     0.0     1.07 C    -5.7   -14.1    -7.9    90.8    82.9    87.2   0.257   0.231 -99.000 -99.000 -99.000     0.4     0.6 -9999.0 -9999.0 -9999.0
04130 20151215  2.423 -113.43   48.74    -2.3   -14.1    -8.2    -4.9     0.6     4.80 C    -4.3   -20.2    -7.8    88.2    58.3    71.5   0.255   0.229 -99.000 -99.000 -99.000     0.3     0.6 -9999.0 -9999.0 -9999.0
04130 20151216  2.423 -113.43   48.74    -4.7   -15.7   -10.2    -8.4     4.5     2.31 C    -5.9   -25.1   -11.2    87.4    67.8    81.9   0.254   0.226 -99.000 -99.000 -99.000     0.3     0.6 -9999.0 -9999.0 -9999.0
04130 20151217  2.423 -113.43   48.74    -4.1   -16.5   -10.3    -8.1     0.0     4.44 C    -8.1   -25.8   -12.2    82.0    31.8    58.5 -99.000   0.233 -99.000 -99.000 -99.000     0.2     0.5 -9999.0 -9999.0 -9999.0
04130 20151218  2.423 -113.43   48.74     1.9    -9.6    -3.9    -3.2     4.0     1.65 C     0.0   -10.5    -4.2    89.3    61.9    76.3 -99.000   0.249 -99.000 -99.000 -99.000     0.2     0.4 -9999.0 -9999.0 -9999.0
04130 20151219  2.423 -113.43   48.74    -0.4    -3.1    -1.8    -1.9     1.2     3.22 C    -2.0    -8.4    -5.1    87.7    60.2    76.2 -99.000   0.209 -99.000 -99.000 -99.000     0.3     0.5 -9999.0 -9999.0 -9999.0
04130 20151220  2.423 -113.43   48.74    -0.6    -3.1    -1.9    -2.2     0.5     4.48 C    -3.6    -8.5    -5.9    81.1    41.4    60.6   0.250   0.199 -99.000 -99.000 -99.000     0.3     0.5 -9999.0 -9999.0 -9999.0
04130 20151221  2.423 -113.43   48.74    -1.3    -5.1    -3.2    -2.9     3.4     2.93 C    -3.2    -7.0    -4.9    88.3    56.3    71.7   0.248   0.197 -99.000 -99.000 -99.000     0.3     0.5 -9999.0 -9999.0 -9999.0
04130 20151222  2.423 -113.43   48.74    -3.2    -6.7    -5.0    -5.1     6.7     3.60 C    -5.2   -11.3    -7.3    88.6    58.3    77.4   0.248   0.197 -99.000 -99.000 -99.000     0.3     0.5 -9999.0 -9999.0 -9999.0
04130 20151223  2.423 -113.43   48.74    -3.5    -8.2    -5.9    -5.7     0.0     3.32 C    -6.1   -18.9   -10.7    84.8    50.7    63.8   0.248   0.196 -99.000 -99.000 -99.000     0.3     0.5 -9999.0 -9999.0 -9999.0
04130 20151224  2.423 -113.43   48.74    -4.2   -16.0   -10.1   -11.3     2.4     1.80 C    -7.5   -18.9   -13.0    86.2    65.4    77.5   0.247   0.196 -99.000 -99.000 -99.000     0.3     0.5 -9999.0 -9999.0 -9999.0
04130 20151225  2.423 -113.43   48.74    -5.8   -20.5   -13.2   -13.8     1.1     3.75 C   -11.2   -28.6   -18.6    80.9    57.2    73.5 -99.000 -99.000 -99.000 -99.000 -99.000     0.2     0.4 -9999.0 -9999.0 -9999.0
04130 20151226  2.423 -113.43   48.74    -5.2   -19.5   -12.4    -8.3     0.0     4.95 C    -8.2   -25.4   -12.3    81.3    46.2    59.8 -99.000 -99.000 -99.000 -99.000 -99.000     0.1     0.3 -9999.0 -9999.0 -9999.0
04130 20151227  2.423 -113.43   48.74    -1.6    -5.2    -3.4    -3.4     0.0     4.01 C    -4.1    -9.7    -7.1    58.9    29.2    45.5 -99.000 -99.000 -99.000 -99.000 -99.000     0.0     0.2 -9999.0 -9999.0 -9999.0
04130 20151228  2.423 -113.43   48.74    -1.7   -11.4    -6.6    -6.9     3.5     2.50 C    -5.5   -15.7    -7.7    86.2    58.5    79.0 -99.000 -99.000 -99.000 -99.000 -99.000     0.0     0.2 -9999.0 -9999.0 -9999.0
04130 20151229  2.423 -113.43   48.74    -7.6   -17.0   -12.3   -11.9     0.7     2.37 C    -8.5   -24.3   -15.1    85.4    69.4    81.3 -99.000 -99.000 -99.000 -99.000 -99.000    -0.1     0.2 -9999.0 -9999.0 -9999.0
04130 20151230  2.423 -113.43   48.74    -6.4   -18.5   -12.5   -10.5     0.0     3.99 C    -9.2   -25.4   -16.5    82.2    53.1    65.8 -99.000 -99.000 -99.000 -99.000 -99.000    -0.1     0.2 -9999.0 -9999.0 -9999.0
04130 20151231  2.423 -113.43   48.74    -2.5   -14.9    -8.7    -7.6     0.0     4.23 C    -6.9   -23.4   -14.9    79.3    32.3    50.9 -99.000 -99.000 -99.000 -99.000 -99.000    -0.1     0.2 -9999.0 -9999.0 -9999.0
