04237 20150101  2.423 -123.81   47.51     2.5    -3.9    -0.7    -1.6     0.0     3.28 C     3.1    -6.3    -3.4    98.9    86.8    96.7   0.192   0.137 -99.000 -99.000 -99.000     1.2     1.7 -9999.0 -9999.0 -9999.0
04237 20150102  2.423 -123.81   47.51     2.2    -1.7     0.2     0.1     3.8     0.52 C     2.1    -4.1    -0.6    99.3    98.1    98.7   0.205   0.142 -99.000 -99.000 -99.000     1.4     1.7 -9999.0 -9999.0 -9999.0
04237 20150103  2.423 -123.81   47.51     4.7    -0.7     2.0     2.0     2.5     1.63 C     5.2    -2.9     1.2    99.4    97.9    99.0   0.190   0.154 -99.000 -99.000 -99.000     2.0     2.1 -9999.0 -9999.0 -9999.0
04237 20150104  2.423 -123.81   47.51     9.1     2.3     5.7     4.9   144.0     0.16 C     8.5     1.7     4.4    99.0    94.3    97.9   0.233   0.197 -99.000 -99.000 -99.000     3.6     3.5 -9999.0 -9999.0 -9999.0
04237 20150105  2.423 -123.81   47.51    11.6     9.1    10.3    10.6   103.7     0.50 C    11.8     8.5    10.2    98.3    97.8    98.1   0.238   0.203 -99.000 -99.000 -99.000     7.7     7.1 -9999.0 -9999.0 -9999.0
04237 20150106  2.423 -123.81   47.51    12.9     5.3     9.1     8.6     0.6     3.74 C    13.7     2.7     7.5    98.8    83.4    96.6   0.193   0.163 -99.000 -99.000 -99.000     7.2     7.1 -9999.0 -9999.0 -9999.0
04237 20150107  2.423 -123.81   47.51    10.0     3.6     6.8     6.1     0.0     3.66 C    11.7     1.4     4.0    99.2    97.0    98.7   0.177   0.148 -99.000 -99.000 -99.000     5.4     5.5 -9999.0 -9999.0 -9999.0
04237 20150108  2.423 -123.81   47.51     8.5     1.5     5.0     4.6     0.0     3.53 C    10.9    -0.4     2.6    99.5    87.5    98.5   0.172   0.143 -99.000 -99.000 -99.000     4.4     4.5 -9999.0 -9999.0 -9999.0
04237 20150109  2.423 -123.81   47.51     9.9     2.2     6.0     5.4     0.2     3.27 C    11.4     0.6     4.3    99.3    95.2    98.6   0.170   0.140 -99.000 -99.000 -99.000     4.5     4.5 -9999.0 -9999.0 -9999.0
04237 20150110  2.423 -123.81   47.51     9.2     6.6     7.9     7.6     0.6     1.13 C    10.3     6.0     7.2    98.8    95.8    98.2   0.171   0.140 -99.000 -99.000 -99.000     5.6     5.4 -9999.0 -9999.0 -9999.0
04237 20150111  2.423 -123.81   47.51     9.2     3.9     6.5     7.1     0.0     1.84 C    10.2     2.0     6.5    98.9    91.9    97.9   0.170   0.139 -99.000 -99.000 -99.000     6.0     5.8 -9999.0 -9999.0 -9999.0
04237 20150112  2.423 -123.81   47.51     9.6     2.3     6.0     4.8     0.0     4.07 C    10.7     0.1     3.0    99.2    90.4    98.3   0.168   0.137 -99.000 -99.000 -99.000     4.8     4.9 -9999.0 -9999.0 -9999.0
04237 20150113  2.423 -123.81   47.51     8.8     0.7     4.7     3.3     0.0     4.45 C     9.7    -1.6     1.3    99.5    88.4    98.7   0.165   0.134 -99.000 -99.000 -99.000     3.8     4.0 -9999.0 -9999.0 -9999.0
04237 20150114  2.423 -123.81   47.51     7.0    -1.2     2.9     1.7     0.0     4.03 C     7.6    -3.4     0.0    99.7    95.9    98.9   0.162   0.132 -99.000 -99.000 -99.000     3.0     3.3 -9999.0 -9999.0 -9999.0
04237 20150115  2.423 -123.81   47.51     8.3     1.0     4.6     5.6    20.1     0.27 C     7.4    -1.0     4.4    99.4    97.5    98.5   0.186   0.150 -99.000 -99.000 -99.000     3.5     3.6 -9999.0 -9999.0 -9999.0
04237 20150116  2.423 -123.81   47.51     9.8     3.9     6.8     6.4     0.9     3.08 C    12.1     2.4     5.5    98.9    87.8    97.6   0.191   0.161 -99.000 -99.000 -99.000     4.8     4.7 -9999.0 -9999.0 -9999.0
04237 20150117  2.423 -123.81   47.51    12.2     3.8     8.0     7.3    75.0     0.31 C    11.1     2.4     6.6    98.4    75.4    95.5   0.217   0.184 -99.000 -99.000 -99.000     5.3     5.1 -9999.0 -9999.0 -9999.0
04237 20150118  2.423 -123.81   47.51    11.7     7.1     9.4     8.8    28.8     1.51 C    12.0     5.8     8.6    98.4    92.5    96.8   0.220   0.191 -99.000 -99.000 -99.000     7.1     6.8 -9999.0 -9999.0 -9999.0
04237 20150119  2.423 -123.81   47.51     8.8     2.4     5.6     5.8     5.1     3.95 C    13.6     0.6     5.6    99.1    81.4    96.3   0.197   0.170 -99.000 -99.000 -99.000     6.4     6.4 -9999.0 -9999.0 -9999.0
04237 20150120  2.423 -123.81   47.51     8.7     1.7     5.2     3.7     0.0     4.58 C    10.5    -0.3     2.4    99.2    69.3    96.6   0.176   0.149 -99.000 -99.000 -99.000     4.9     5.0 -9999.0 -9999.0 -9999.0
04237 20150121  2.423 -123.81   47.51     9.6     0.6     5.1     4.6     0.7     3.91 C    11.1    -1.6     3.8    99.4    80.6    97.7   0.170   0.141 -99.000 -99.000 -99.000     4.4     4.4 -9999.0 -9999.0 -9999.0
04237 20150122  2.423 -123.81   47.51     9.5     6.2     7.9     7.6    20.2     1.79 C    10.6     5.8     7.6    98.6    94.6    97.7   0.209   0.176 -99.000 -99.000 -99.000     5.9     5.7 -9999.0 -9999.0 -9999.0
04237 20150123  2.423 -123.81   47.51    11.0     8.1     9.6     9.6    98.0     0.37 C    10.9     7.8     9.3    98.5    98.1    98.3   0.238   0.204 -99.000 -99.000 -99.000     7.5     7.1 -9999.0 -9999.0 -9999.0
04237 20150124  2.423 -123.81   47.51    12.4     9.0    10.7    10.9     8.9     1.64 C    13.2     7.1    10.7    98.4    96.2    97.9   0.208   0.178 -99.000 -99.000 -99.000     8.5     8.2 -9999.0 -9999.0 -9999.0
04237 20150125  2.423 -123.81   47.51    14.8     6.5    10.6     9.0     0.0     5.67 C    16.5     4.6     8.2    98.8    77.5    96.6   0.185   0.157 -99.000 -99.000 -99.000     7.8     7.7 -9999.0 -9999.0 -9999.0
04237 20150126  2.423 -123.81   47.51    14.1     4.7     9.4     8.3     0.0     5.82 C    14.9     2.9     7.4    99.1    75.6    96.5   0.176   0.147 -99.000 -99.000 -99.000     7.2     7.1 -9999.0 -9999.0 -9999.0
04237 20150127  2.423 -123.81   47.51    12.1     6.8     9.5     8.9     0.6     4.77 C    15.9     6.3     9.6    98.4    83.0    94.2   0.171   0.142 -99.000 -99.000 -99.000     8.0     7.7 -9999.0 -9999.0 -9999.0
04237 20150128  2.423 -123.81   47.51    10.0     1.5     5.7     5.2     0.3     6.53 C    12.3     0.0     4.8    99.3    69.9    95.9   0.172   0.140 -99.000 -99.000 -99.000     6.9     7.0 -9999.0 -9999.0 -9999.0
04237 20150129  2.423 -123.81   47.51    13.1     2.6     7.9     5.6     0.0     6.60 C    13.9     0.7     4.5    99.3    65.8    95.4   0.169   0.138 -99.000 -99.000 -99.000     6.2     6.2 -9999.0 -9999.0 -9999.0
04237 20150130  2.423 -123.81   47.51    11.6     0.2     5.9     4.1     0.0     6.71 C    13.2    -1.6     2.9    99.8    69.8    96.2   0.165   0.135 -99.000 -99.000 -99.000     5.2     5.4 -9999.0 -9999.0 -9999.0
04237 20150131  2.423 -123.81   47.51    11.0     1.6     6.3     5.5     0.0     4.61 C    12.4    -0.7     4.5    99.5    80.1    97.0   0.162   0.133 -99.000 -99.000 -99.000     5.2     5.2 -9999.0 -9999.0 -9999.0
04237 20150201  2.423 -123.81   47.51     9.1     5.9     7.5     7.4    14.3     1.40 C    10.5     4.4     7.1    98.6    94.8    97.8   0.190   0.158 -99.000 -99.000 -99.000     6.2     6.0 -9999.0 -9999.0 -9999.0
04237 20150202  2.423 -123.81   47.51    10.0     4.8     7.4     7.2    10.4     1.71 C    10.7     3.0     6.8    98.7    88.2    95.8   0.202   0.171 -99.000 -99.000 -99.000     6.5     6.4 -9999.0 -9999.0 -9999.0
04237 20150203  2.423 -123.81   47.51    10.0     5.5     7.7     7.7     2.0     2.87 C    11.9     4.1     7.6    98.8    88.2    96.6   0.191   0.160 -99.000 -99.000 -99.000     6.9     6.8 -9999.0 -9999.0 -9999.0
04237 20150204  2.423 -123.81   47.51     9.4     5.0     7.2     7.5    17.5     0.92 C     9.7     3.6     6.9    98.9    90.1    97.4   0.199   0.167 -99.000 -99.000 -99.000     6.6     6.5 -9999.0 -9999.0 -9999.0
04237 20150205  2.423 -123.81   47.51    12.8     8.8    10.8    11.4    69.2     0.28 C    12.1     8.3    10.7    98.2    96.3    97.3   0.235   0.198 -99.000 -99.000 -99.000     8.1     7.8 -9999.0 -9999.0 -9999.0
04237 20150206  2.423 -123.81   47.51    12.9    10.5    11.7    11.8    33.0     0.63 C    12.5    10.6    11.4    97.7    93.6    96.6   0.223   0.188 -99.000 -99.000 -99.000     9.5     9.2 -9999.0 -9999.0 -9999.0
04237 20150207  2.423 -123.81   47.51    11.1     8.8    10.0    10.0    74.6     0.63 C    11.1     8.8     9.9    98.0    92.7    96.9   0.237   0.200 -99.000 -99.000 -99.000     9.3     9.1 -9999.0 -9999.0 -9999.0
04237 20150208  2.423 -123.81   47.51    12.4     8.7    10.6    10.2    13.4     3.37 C    13.4     8.4    10.0    98.1    76.8    92.7   0.205   0.173 -99.000 -99.000 -99.000     9.3     9.1 -9999.0 -9999.0 -9999.0
04237 20150209  2.423 -123.81   47.51    12.8     9.5    11.2    10.6    21.0     2.76 C    15.2     9.1    10.8    98.1    89.0    95.6   0.216   0.182 -99.000 -99.000 -99.000     9.6     9.3 -9999.0 -9999.0 -9999.0
04237 20150210  2.423 -123.81   47.51    11.1     6.1     8.6     8.9     1.8     6.05 C    15.1     4.5     9.8    98.4    81.7    94.9   0.196   0.165 -99.000 -99.000 -99.000     9.8     9.6 -9999.0 -9999.0 -9999.0
04237 20150211  2.423 -123.81   47.51    14.4     5.4     9.9     9.3     0.0     4.33 C    16.4     4.0     9.1    98.5    69.9    94.8   0.179   0.149 -99.000 -99.000 -99.000     9.0     8.9 -9999.0 -9999.0 -9999.0
04237 20150212  2.423 -123.81   47.51    11.7     8.7    10.2    10.0     1.4     1.84 C    13.1     8.5    10.2    98.3    82.1    95.6   0.179   0.146 -99.000 -99.000 -99.000     9.5     9.3 -9999.0 -9999.0 -9999.0
04237 20150213  2.423 -123.81   47.51    17.5     9.6    13.6    11.6     0.5     6.83 C    20.9     8.1    11.8    98.5    69.5    93.1   0.182   0.149 -99.000 -99.000 -99.000    10.1     9.7 -9999.0 -9999.0 -9999.0
04237 20150214  2.423 -123.81   47.51    15.3     4.3     9.8     9.4     0.0    10.09 C    19.1     2.5     9.8    98.8    63.5    91.9   0.176   0.145 -99.000 -99.000 -99.000    10.0     9.8 -9999.0 -9999.0 -9999.0
04237 20150215  2.423 -123.81   47.51    13.8     3.1     8.5     6.5     0.0    10.25 C    16.8     1.4     6.1    99.0    44.7    89.9   0.170   0.140 -99.000 -99.000 -99.000     8.3     8.4 -9999.0 -9999.0 -9999.0
04237 20150216  2.423 -123.81   47.51    14.6     0.7     7.6     5.8     0.0     9.81 C    16.4    -1.2     5.2    99.3    39.2    88.8   0.165   0.136 -99.000 -99.000 -99.000     7.5     7.5 -9999.0 -9999.0 -9999.0
04237 20150217  2.423 -123.81   47.51    16.9     1.1     9.0     6.5     0.0    10.46 C    17.8    -1.1     5.6    99.4    31.2    85.6   0.161   0.131 -99.000 -99.000 -99.000     7.1     7.2 -9999.0 -9999.0 -9999.0
04237 20150218  2.423 -123.81   47.51    12.7     3.4     8.0     7.5     0.3     4.09 C    14.6     1.4     7.1    98.3    63.2    92.2   0.158   0.129 -99.000 -99.000 -99.000     7.4     7.3 -9999.0 -9999.0 -9999.0
04237 20150219  2.423 -123.81   47.51    10.3     5.8     8.0     8.1     7.5     3.17 C    13.4     4.9     8.5    98.7    93.0    97.3   0.180   0.147 -99.000 -99.000 -99.000     8.1     7.9 -9999.0 -9999.0 -9999.0
04237 20150220  2.423 -123.81   47.51    11.2     3.6     7.4     7.4     0.0     6.27 C    15.4     2.1     8.1    98.8    79.2    94.3   0.180   0.152 -99.000 -99.000 -99.000     8.5     8.4 -9999.0 -9999.0 -9999.0
04237 20150221  2.423 -123.81   47.51    13.3     1.4     7.3     5.9     0.0    11.34 C    17.2    -0.3     5.9    99.3    51.8    87.9   0.172   0.143 -99.000 -99.000 -99.000     7.7     7.7 -9999.0 -9999.0 -9999.0
04237 20150222  2.423 -123.81   47.51    12.6     0.2     6.4     5.2     0.0     9.30 C    15.9    -1.6     4.6    98.1    41.2    81.1   0.166   0.137 -99.000 -99.000 -99.000     6.9     7.0 -9999.0 -9999.0 -9999.0
04237 20150223  2.423 -123.81   47.51    14.6     0.6     7.6     5.5     0.0    11.45 C    17.9    -1.5     5.0    99.2    40.0    84.3   0.163   0.132 -99.000 -99.000 -99.000     6.6     6.7 -9999.0 -9999.0 -9999.0
04237 20150224  2.423 -123.81   47.51    13.4     0.0     6.7     5.6     0.0    10.26 C    17.9    -1.8     5.4    99.1    46.1    86.1   0.160   0.128 -99.000 -99.000 -99.000     6.6     6.5 -9999.0 -9999.0 -9999.0
04237 20150225  2.423 -123.81   47.51     9.9     4.6     7.3     7.3     1.1     4.40 C    14.5     4.0     8.0    98.1    82.1    95.2   0.160   0.126 -99.000 -99.000 -99.000     7.4     7.2 -9999.0 -9999.0 -9999.0
04237 20150226  2.423 -123.81   47.51    12.2     7.2     9.7     8.8    19.0     8.97 C    19.1     6.9    10.3    98.2    75.5    93.2   0.181   0.136 -99.000 -99.000 -99.000     8.6     8.3 -9999.0 -9999.0 -9999.0
04237 20150227  2.423 -123.81   47.51    11.3     3.5     7.4     7.5     2.3     5.87 C    16.5     1.9     8.3    98.8    75.5    93.9   0.199   0.159 -99.000 -99.000 -99.000     8.7     8.5 -9999.0 -9999.0 -9999.0
04237 20150228  2.423 -123.81   47.51    14.0     1.6     7.8     6.7     0.0    13.16 C    18.6     0.2     6.0    98.9    23.3    71.0   0.182   0.145 -99.000 -99.000 -99.000     7.8     7.8 -9999.0 -9999.0 -9999.0
04237 20150301  2.423 -123.81   47.51    11.2     0.0     5.6     5.3     1.2     8.58 C    14.4    -2.1     5.5    98.6    42.3    83.6   0.176   0.138 -99.000 -99.000 -99.000     7.0     7.0 -9999.0 -9999.0 -9999.0
04237 20150302  2.423 -123.81   47.51    12.6     0.4     6.5     5.0     0.0    13.23 C    18.2    -0.8     5.7    99.3    50.0    86.4   0.177   0.137 -99.000 -99.000 -99.000     7.3     7.3 -9999.0 -9999.0 -9999.0
04237 20150303  2.423 -123.81   47.51    12.7    -0.9     5.9     4.3     0.0    13.37 C    17.4    -2.9     4.0    97.9    34.1    75.7   0.171   0.134 -99.000 -99.000 -99.000     6.5     6.6 -9999.0 -9999.0 -9999.0
04237 20150304  2.423 -123.81   47.51    13.3    -0.9     6.2     4.8     0.0    13.45 C    18.5    -3.2     4.6    98.4    34.4    76.5   0.165   0.129 -99.000 -99.000 -99.000     6.2     6.2 -9999.0 -9999.0 -9999.0
04237 20150305  2.423 -123.81   47.51    14.6     1.1     7.8     6.4     0.0    11.67 C    19.7    -0.7     6.6    98.3    35.5    78.4   0.160   0.126 -99.000 -99.000 -99.000     6.8     6.7 -9999.0 -9999.0 -9999.0
04237 20150306  2.423 -123.81   47.51    18.2     1.9    10.1     8.2     0.0    12.95 C    22.9    -0.1     7.8    98.3    32.9    78.9   0.156   0.122 -99.000 -99.000 -99.000     7.2     7.0 -9999.0 -9999.0 -9999.0
04237 20150307  2.423 -123.81   47.51    18.2     2.5    10.4     8.5     0.0    14.12 C    23.6    -0.4     8.2    98.7    40.9    81.1   0.152   0.120 -99.000 -99.000 -99.000     7.5     7.3 -9999.0 -9999.0 -9999.0
04237 20150308  2.423 -123.81   47.51    19.1     2.9    11.0     9.5     0.0    14.26 C    24.8     0.6     9.3    99.0    41.5    81.8   0.148   0.117 -99.000 -99.000 -99.000     7.9     7.7 -9999.0 -9999.0 -9999.0
04237 20150309  2.423 -123.81   47.51     9.2     2.8     6.0     5.7     0.0     4.13 C    11.9     0.7     6.2    98.9    84.4    94.7   0.145   0.115 -99.000 -99.000 -99.000     7.6     7.6 -9999.0 -9999.0 -9999.0
04237 20150310  2.423 -123.81   47.51    18.2     0.6     9.4     8.7     1.1    10.02 C    21.3    -0.7     9.3    99.2    40.2    82.3   0.143   0.113 -99.000 -99.000 -99.000     7.9     7.6 -9999.0 -9999.0 -9999.0
04237 20150311  2.423 -123.81   47.51    11.3     9.2    10.2    10.3    45.1     1.20 C    12.2     9.0    10.2    98.2    87.3    97.1   0.211   0.167 -99.000 -99.000 -99.000     8.9     8.7 -9999.0 -9999.0 -9999.0
04237 20150312  2.423 -123.81   47.51    14.8     8.9    11.9    11.2     3.7     9.70 C    23.0     7.6    12.5    98.4    71.6    93.1   0.200   0.161 -99.000 -99.000 -99.000    10.2     9.8 -9999.0 -9999.0 -9999.0
04237 20150313  2.423 -123.81   47.51    18.5     7.9    13.2    11.8    10.2     7.97 C    20.1     6.5    11.9    97.8    49.2    87.5   0.188   0.150 -99.000 -99.000 -99.000    10.3    10.0 -9999.0 -9999.0 -9999.0
04237 20150314  2.423 -123.81   47.51    12.8     8.0    10.4     9.9    74.4     5.91 C    18.6     8.1    11.1    98.2    74.8    95.9   0.225   0.180 -99.000 -99.000 -99.000    10.4    10.2 -9999.0 -9999.0 -9999.0
04237 20150315  2.423 -123.81   47.51     8.8     5.1     7.0     7.4    45.5     1.37 C     9.5     5.7     7.9    98.2    92.1    95.8   0.225   0.180 -99.000 -99.000 -99.000     9.4     9.4 -9999.0 -9999.0 -9999.0
04237 20150316  2.423 -123.81   47.51    14.1     3.5     8.8     7.4     0.2    14.51 C    21.1     2.1     9.3    98.9    46.7    89.0   0.194   0.156 -99.000 -99.000 -99.000     9.7     9.4 -9999.0 -9999.0 -9999.0
04237 20150317  2.423 -123.81   47.51    12.4     4.4     8.4     8.0     2.8     6.09 C    18.3     3.3     8.5    98.5    76.7    94.1   0.188   0.149 -99.000 -99.000 -99.000     9.4     9.3 -9999.0 -9999.0 -9999.0
04237 20150318  2.423 -123.81   47.51    15.0     6.0    10.5     9.2     0.0     9.99 C    21.6     4.8    10.5    97.3    53.9    84.6   0.186   0.148 -99.000 -99.000 -99.000    10.1     9.8 -9999.0 -9999.0 -9999.0
04237 20150319  2.423 -123.81   47.51    10.2     7.7     8.9     9.0    27.7     2.79 C    12.3     7.1     9.5    98.2    81.0    94.2   0.203   0.161 -99.000 -99.000 -99.000     9.8     9.7 -9999.0 -9999.0 -9999.0
04237 20150320  2.423 -123.81   47.51    10.9     9.4    10.1     9.8    41.1     0.72 C    10.9     9.4     9.9    98.3    93.4    97.8   0.226   0.180 -99.000 -99.000 -99.000     9.9     9.7 -9999.0 -9999.0 -9999.0
04237 20150321  2.423 -123.81   47.51    11.7     5.4     8.5     8.7    16.1     9.13 C    20.4     4.3    10.5    98.1    69.0    94.2   0.217   0.175 -99.000 -99.000 -99.000    10.4    10.1 -9999.0 -9999.0 -9999.0
04237 20150322  2.423 -123.81   47.51     9.7     4.7     7.2     7.1     8.2     3.11 C    11.9     3.6     7.6    97.8    83.8    93.5   0.203   0.163 -99.000 -99.000 -99.000     9.5     9.5 -9999.0 -9999.0 -9999.0
04237 20150323  2.423 -123.81   47.51     8.2     4.8     6.5     6.3    13.2     4.01 C    12.0     4.3     7.3    98.6    89.5    96.4   0.215   0.175 -99.000 -99.000 -99.000     9.1     9.1 -9999.0 -9999.0 -9999.0
04237 20150324  2.423 -123.81   47.51    10.4     3.8     7.1     7.1     5.1     9.81 C    17.5     3.1     9.1    98.8    71.5    93.7   0.204   0.163 -99.000 -99.000 -99.000     9.6     9.4 -9999.0 -9999.0 -9999.0
04237 20150325  2.423 -123.81   47.51    12.3     6.5     9.4     9.4    75.8     2.64 C    13.6     6.7     9.9    98.2    90.4    96.4   0.242   0.196 -99.000 -99.000 -99.000    10.0     9.7 -9999.0 -9999.0 -9999.0
04237 20150326  2.423 -123.81   47.51    18.7     8.5    13.6    12.6     2.2    17.05 C    27.5     7.6    14.6    98.5    63.3    90.0   0.202   0.164 -99.000 -99.000 -99.000    12.1    11.4 -9999.0 -9999.0 -9999.0
04237 20150327  2.423 -123.81   47.51    15.8     8.1    11.9    10.8    19.2     9.18 C    22.3     6.7    12.1    98.3    72.8    91.9   0.200   0.160 -99.000 -99.000 -99.000    11.7    11.4 -9999.0 -9999.0 -9999.0
04237 20150328  2.423 -123.81   47.51    12.1     7.3     9.7     9.2    11.5     8.34 C    20.2     8.1    11.4    97.9    72.0    94.0   0.216   0.175 -99.000 -99.000 -99.000    11.7    11.4 -9999.0 -9999.0 -9999.0
04237 20150329  2.423 -123.81   47.51    10.8     7.0     8.9     8.8    48.5     2.32 C    12.4     7.3     9.6    98.1    88.3    95.0   0.228   0.188 -99.000 -99.000 -99.000    11.0    10.8 -9999.0 -9999.0 -9999.0
04237 20150330  2.423 -123.81   47.51    14.1     7.2    10.7    10.8     7.8     7.82 C    20.9     8.7    12.8    98.3    71.5    94.0   0.207   0.176 -99.000 -99.000 -99.000    12.1    11.7 -9999.0 -9999.0 -9999.0
04237 20150331  2.423 -123.81   47.51    11.0     4.2     7.6     6.6    14.1     8.62 C    21.3     4.3     8.9    98.5    65.1    93.6   0.218   0.185 -99.000 -99.000 -99.000    11.4    11.3 -9999.0 -9999.0 -9999.0
04237 20150401  2.423 -123.81   47.51     9.7     1.8     5.7     5.6     8.0     9.50 C    18.4     1.3     7.6    98.9    80.6    95.1   0.214   0.182 -99.000 -99.000 -99.000    10.4    10.4 -9999.0 -9999.0 -9999.0
04237 20150402  2.423 -123.81   47.51    13.0     0.7     6.9     5.9     0.8    16.12 C    24.8    -0.4     8.3    99.3    51.0    88.3   0.190   0.162 -99.000 -99.000 -99.000    10.4    10.2 -9999.0 -9999.0 -9999.0
04237 20150403  2.423 -123.81   47.51     8.5     3.3     5.9     5.2     9.8     6.92 C    16.3     2.8     7.0    98.5    81.3    94.5   0.204   0.172 -99.000 -99.000 -99.000     9.9    10.0 -9999.0 -9999.0 -9999.0
04237 20150404  2.423 -123.81   47.51     8.3     2.2     5.2     4.8     3.6     6.72 C    14.3     1.0     6.1    99.0    79.4    94.2   0.205   0.172 -99.000 -99.000 -99.000     9.4     9.4 -9999.0 -9999.0 -9999.0
04237 20150405  2.423 -123.81   47.51    13.9     1.0     7.5     6.5     0.0    15.28 C    23.4    -0.3     7.7    99.2    38.0    81.4   0.191   0.163 -99.000 -99.000 -99.000     9.3     9.2 -9999.0 -9999.0 -9999.0
04237 20150406  2.423 -123.81   47.51    12.5     4.0     8.3     7.0     3.0    14.26 C    22.9     3.4     9.4    98.1    51.4    87.3   0.193   0.161 -99.000 -99.000 -99.000    10.4    10.1 -9999.0 -9999.0 -9999.0
04237 20150407  2.423 -123.81   47.51    14.4     3.2     8.8     7.9     0.0    10.31 C    19.4     2.5     9.0    98.3    47.9    83.6   0.185   0.156 -99.000 -99.000 -99.000    10.3    10.1 -9999.0 -9999.0 -9999.0
04237 20150408  2.423 -123.81   47.51    15.8     3.2     9.5     7.8     4.8    14.51 C    25.9     1.5     9.1    98.7    49.9    88.5   0.191   0.161 -99.000 -99.000 -99.000    10.3    10.1 -9999.0 -9999.0 -9999.0
04237 20150409  2.423 -123.81   47.51    16.4     2.1     9.3     8.2     0.0    13.60 C    22.8     0.8     9.1    99.0    38.8    78.7   0.186   0.157 -99.000 -99.000 -99.000    10.2    10.0 -9999.0 -9999.0 -9999.0
04237 20150410  2.423 -123.81   47.51    10.8     3.5     7.1     6.3    33.6     3.33 C    12.9     2.3     6.7    98.6    66.7    92.8   0.206   0.167 -99.000 -99.000 -99.000     9.2     9.3 -9999.0 -9999.0 -9999.0
04237 20150411  2.423 -123.81   47.51    10.2     2.9     6.5     5.2    12.2    12.07 C    20.8     1.9     7.8    98.8    64.1    93.5   0.218   0.179 -99.000 -99.000 -99.000     9.3     9.2 -9999.0 -9999.0 -9999.0
04237 20150412  2.423 -123.81   47.51    10.5     2.2     6.3     6.0     2.1    13.86 C    21.2     1.9     8.4    98.8    59.9    86.7   0.202   0.168 -99.000 -99.000 -99.000     9.9     9.7 -9999.0 -9999.0 -9999.0
04237 20150413  2.423 -123.81   47.51     6.8     2.6     4.7     5.6    18.8     3.35 C     9.6     2.0     6.7    98.7    81.3    94.7   0.213   0.174 -99.000 -99.000 -99.000     9.3     9.4 -9999.0 -9999.0 -9999.0
04237 20150414  2.423 -123.81   47.51     8.3     1.4     4.8     4.4     7.9    11.28 C    17.5     0.8     6.5    99.1    71.6    95.2   0.213   0.175 -99.000 -99.000 -99.000     9.1     9.0 -9999.0 -9999.0 -9999.0
04237 20150415  2.423 -123.81   47.51    14.2     0.7     7.4     6.5     0.0    20.59 C    26.9    -0.1     9.1    99.0    44.3    80.9   0.193   0.160 -99.000 -99.000 -99.000     9.9     9.6 -9999.0 -9999.0 -9999.0
04237 20150416  2.423 -123.81   47.51    19.4     2.9    11.2     9.9     0.0    18.67 C    29.5     1.6    11.9    98.6    40.7    78.8   0.179   0.148 -99.000 -99.000 -99.000    11.1    10.7 -9999.0 -9999.0 -9999.0
04237 20150417  2.423 -123.81   47.51    20.4     5.5    13.0    11.5     0.0    20.88 C    31.2     3.9    14.1    98.5    40.7    80.3   0.169   0.140 -99.000 -99.000 -99.000    12.2    11.7 -9999.0 -9999.0 -9999.0
04237 20150418  2.423 -123.81   47.51    19.8     3.9    11.9    11.4     0.0    20.96 C    30.9     3.0    13.9    98.7    46.2    79.5   0.159   0.132 -99.000 -99.000 -99.000    12.6    12.1 -9999.0 -9999.0 -9999.0
04237 20150419  2.423 -123.81   47.51    21.9     5.1    13.5    12.4     0.0    20.38 C    32.2     3.4    14.9    98.2    41.8    76.8   0.150   0.127 -99.000 -99.000 -99.000    13.1    12.5 -9999.0 -9999.0 -9999.0
04237 20150420  2.423 -123.81   47.51    22.9     6.0    14.4    13.2     0.0    21.36 C    34.4     4.2    15.8    98.1    35.9    73.9   0.142   0.123 -99.000 -99.000 -99.000    13.6    13.1 -9999.0 -9999.0 -9999.0
04237 20150421  2.423 -123.81   47.51    14.8     5.4    10.1     8.5     0.6     7.90 C    22.0     4.7    10.1    98.1    59.3    84.9   0.135   0.118 -99.000 -99.000 -99.000    12.2    12.1 -9999.0 -9999.0 -9999.0
04237 20150422  2.423 -123.81   47.51    14.3     4.5     9.4     8.1     0.3    15.13 C    25.7     4.0    10.8    97.6    45.3    74.7   0.134   0.116 -99.000 -99.000 -99.000    12.1    11.8 -9999.0 -9999.0 -9999.0
04237 20150423  2.423 -123.81   47.51     9.4     3.7     6.5     6.0    18.2     5.91 C    17.7     3.7     8.2    97.3    82.5    94.0   0.183   0.150 -99.000 -99.000 -99.000    11.1    11.1 -9999.0 -9999.0 -9999.0
04237 20150424  2.423 -123.81   47.51    11.2     3.4     7.3     6.4    12.3    13.75 C    21.1     3.5     9.5    98.2    68.1    92.3   0.204   0.173 -99.000 -99.000 -99.000    11.4    11.1 -9999.0 -9999.0 -9999.0
04237 20150425  2.423 -123.81   47.51    12.9     1.0     7.0     6.4     0.2    16.39 C    25.9     0.3     9.3    99.0    58.2    85.2   0.181   0.150 -99.000 -99.000 -99.000    11.4    11.2 -9999.0 -9999.0 -9999.0
04237 20150426  2.423 -123.81   47.51    11.6     3.8     7.7     8.0     3.1     5.69 C    15.4     3.5     9.2    97.9    58.8    90.3   0.181   0.143 -99.000 -99.000 -99.000    11.0    10.9 -9999.0 -9999.0 -9999.0
04237 20150427  2.423 -123.81   47.51    23.1     9.0    16.1    13.8     7.2    19.47 C    31.7     9.4    16.8    98.0    52.9    88.8   0.203   0.164 -99.000 -99.000 -99.000    13.7    12.9 -9999.0 -9999.0 -9999.0
04237 20150428  2.423 -123.81   47.51    15.4     4.9    10.1    11.1     3.5    14.05 C    27.6     5.0    13.9    97.3    50.5    83.2   0.194   0.156 -99.000 -99.000 -99.000    14.2    13.7 -9999.0 -9999.0 -9999.0
04237 20150429  2.423 -123.81   47.51    14.5     4.2     9.4     8.8     3.7    15.98 C    24.6     3.7    12.1    97.6    57.1    87.0   0.191   0.151 -99.000 -99.000 -99.000    13.6    13.1 -9999.0 -9999.0 -9999.0
04237 20150430  2.423 -123.81   47.51    16.4     4.3    10.4     9.9     0.0    21.80 C    30.0     3.9    14.0    98.3    48.8    79.3   0.186   0.148 -99.000 -99.000 -99.000    14.0    13.6 -9999.0 -9999.0 -9999.0
04237 20150501  2.423 -123.81   47.51    18.0     5.2    11.6    10.9     0.0    22.65 C    31.4     4.7    14.8    97.7    52.5    77.2   0.172   0.138 -99.000 -99.000 -99.000    14.4    13.9 -9999.0 -9999.0 -9999.0
04237 20150502  2.423 -123.81   47.51    18.0     4.5    11.3    10.6     0.0    24.66 C    32.9     4.4    15.4    96.9    43.8    75.7   0.160   0.130 -99.000 -99.000 -99.000    14.7    14.2 -9999.0 -9999.0 -9999.0
04237 20150503  2.423 -123.81   47.51    19.7     4.2    12.0    10.9     0.0    23.85 C    33.9     3.5    15.2    97.7    42.1    74.7   0.149   0.123 -99.000 -99.000 -99.000    14.7    14.2 -9999.0 -9999.0 -9999.0
04237 20150504  2.423 -123.81   47.51    12.7     5.0     8.9     8.6     7.9     8.51 C    23.0     5.1    11.9    97.7    60.1    89.4   0.157   0.124 -99.000 -99.000 -99.000    13.8    13.6 -9999.0 -9999.0 -9999.0
04237 20150505  2.423 -123.81   47.51    11.4     3.8     7.6     7.4    27.6    11.96 C    23.0     3.8    10.5    98.3    69.0    93.8   0.220   0.176 -99.000 -99.000 -99.000    13.1    12.9 -9999.0 -9999.0 -9999.0
04237 20150506  2.423 -123.81   47.51    16.4     2.0     9.2     8.7     0.0    22.93 C    30.7     1.5    12.6    98.7    57.1    85.1   0.192   0.155 -99.000 -99.000 -99.000    13.5    13.1 -9999.0 -9999.0 -9999.0
04237 20150507  2.423 -123.81   47.51    19.3     3.8    11.5    10.8     0.0    25.09 C    33.1     2.6    14.9    98.0    46.2    78.7   0.173   0.141 -99.000 -99.000 -99.000    14.3    13.8 -9999.0 -9999.0 -9999.0
04237 20150508  2.423 -123.81   47.51    23.5     6.2    14.8    13.9     0.0    25.06 C    36.6     4.9    17.4    97.4    31.4    71.1   0.162   0.131 -99.000 -99.000 -99.000    15.2    14.6 -9999.0 -9999.0 -9999.0
04237 20150509  2.423 -123.81   47.51    25.2     7.5    16.4    14.9     0.0    24.04 C    38.3     6.1    18.8    95.5    29.1    69.6   0.151   0.124 -99.000 -99.000 -99.000    16.0    15.4 -9999.0 -9999.0 -9999.0
04237 20150510  2.423 -123.81   47.51    18.5     9.5    14.0    11.9     0.6    14.07 C    32.6    10.6    16.9    96.0    58.7    84.8   0.141   0.117 -99.000 -99.000 -99.000    16.0    15.5 -9999.0 -9999.0 -9999.0
04237 20150511  2.423 -123.81   47.51    13.4     9.3    11.4    10.9     4.0     6.59 C    19.6    10.1    13.6    97.2    79.3    92.6   0.166   0.125 -99.000 -99.000 -99.000    15.1    14.8 -9999.0 -9999.0 -9999.0
04237 20150512  2.423 -123.81   47.51    14.8     9.3    12.1    11.3     3.8     9.44 C    23.7     9.6    14.3    97.2    78.3    92.6   0.173   0.128 -99.000 -99.000 -99.000    15.1    14.7 -9999.0 -9999.0 -9999.0
04237 20150513  2.423 -123.81   47.51    11.4     8.8    10.1    10.1     3.5     5.26 C    16.1     9.4    12.3    97.9    91.6    96.2   0.195   0.144 -99.000 -99.000 -99.000    14.4    14.2 -9999.0 -9999.0 -9999.0
04237 20150514  2.423 -123.81   47.51    15.8     8.9    12.3    11.6     1.0    13.34 C    28.9     9.7    14.9    97.9    69.7    90.3   0.191   0.148 -99.000 -99.000 -99.000    15.0    14.5 -9999.0 -9999.0 -9999.0
04237 20150515  2.423 -123.81   47.51    15.1     9.3    12.2    11.6     0.0     9.70 C    22.3     9.4    15.0    98.2    73.8    89.0   0.179   0.140 -99.000 -99.000 -99.000    15.2    14.9 -9999.0 -9999.0 -9999.0
04237 20150516  2.423 -123.81   47.51    14.5     9.9    12.2    11.7     0.0     9.21 C    23.3    11.1    15.0    96.4    72.7    86.4   0.171   0.133 -99.000 -99.000 -99.000    15.2    14.9 -9999.0 -9999.0 -9999.0
04237 20150517  2.423 -123.81   47.51    17.0     9.5    13.3    12.7     0.0    13.31 C    31.8     9.2    16.6    96.6    65.4    84.6   0.164   0.129 -99.000 -99.000 -99.000    15.7    15.3 -9999.0 -9999.0 -9999.0
04237 20150518  2.423 -123.81   47.51    22.6     8.0    15.3    14.2     0.0    25.48 C    39.5     7.0    19.6    97.9    54.4    81.6   0.154   0.122 -99.000 -99.000 -99.000    16.8    16.1 -9999.0 -9999.0 -9999.0
04237 20150519  2.423 -123.81   47.51    17.1    10.9    14.0    12.8     0.0    11.90 C    28.5    12.8    17.0    97.3    71.8    88.3   0.146   0.117 -99.000 -99.000 -99.000    16.7    16.3 -9999.0 -9999.0 -9999.0
04237 20150520  2.423 -123.81   47.51    23.0    10.9    16.9    14.2     0.0    18.80 C    36.6    11.9    19.5    96.8    54.9    84.1   0.138   0.113 -99.000 -99.000 -99.000    17.4    16.7 -9999.0 -9999.0 -9999.0
04237 20150521  2.423 -123.81   47.51    21.7    10.4    16.0    13.6     0.0    18.57 C    37.4    12.7    19.6    97.8    59.6    86.0   0.128   0.107 -99.000 -99.000 -99.000    17.8    17.2 -9999.0 -9999.0 -9999.0
04237 20150522  2.423 -123.81   47.51    14.8    10.1    12.5    11.7     0.0     7.05 C    23.3    12.2    15.3    96.9    78.3    90.9   0.119   0.102 -99.000 -99.000 -99.000    16.7    16.5 -9999.0 -9999.0 -9999.0
04237 20150523  2.423 -123.81   47.51    16.1    10.6    13.3    12.5     0.0    11.98 C    28.0    11.8    16.8    96.9    75.1    87.6   0.114   0.098 -99.000 -99.000 -99.000    16.7    16.3 -9999.0 -9999.0 -9999.0
04237 20150524  2.423 -123.81   47.51    17.6     9.6    13.6    12.5     0.8    18.11 C    31.0    11.4    18.0    97.2    65.4    84.2   0.109   0.094 -99.000 -99.000 -99.000    17.3    16.7 -9999.0 -9999.0 -9999.0
04237 20150525  2.423 -123.81   47.51    15.7     9.8    12.7    12.2     0.5    13.78 C    27.5    11.9    17.4    97.1    71.6    87.0   0.104   0.089 -99.000 -99.000 -99.000    17.3    16.8 -9999.0 -9999.0 -9999.0
04237 20150526  2.423 -123.81   47.51    18.3    10.6    14.5    14.0     0.0    13.22 C    30.6    12.0    18.2    97.2    61.5    84.2   0.100   0.085 -99.000 -99.000 -99.000    17.4    16.9 -9999.0 -9999.0 -9999.0
04237 20150527  2.423 -123.81   47.51    22.3     9.9    16.1    14.4     0.0    23.00 C    39.1    12.2    21.0    97.4    56.3    81.8   0.094   0.079 -99.000 -99.000 -99.000    18.6    17.8 -9999.0 -9999.0 -9999.0
04237 20150528  2.423 -123.81   47.51    24.6    10.7    17.6    15.5     0.0    23.72 C    40.8    12.4    22.2    97.7    51.1    80.8   0.087   0.071 -99.000 -99.000 -99.000    19.5    18.6 -9999.0 -9999.0 -9999.0
04237 20150529  2.423 -123.81   47.51    21.8     9.2    15.5    13.7     0.0    21.53 C    38.7    10.2    20.5    97.4    54.5    82.6   0.079   0.063 -99.000 -99.000 -99.000    19.6    18.9 -9999.0 -9999.0 -9999.0
04237 20150530  2.423 -123.81   47.51    20.0     7.7    13.8    12.6     0.0    20.25 C    37.0     8.2    18.9    96.3    52.4    80.2   0.074   0.058 -99.000 -99.000 -99.000    19.2    18.5 -9999.0 -9999.0 -9999.0
04237 20150531  2.423 -123.81   47.51    23.2     7.6    15.4    14.4     0.0    17.30 C    37.1     8.5    19.5    96.4    51.0    80.0   0.068   0.051 -99.000 -99.000 -99.000    18.8    18.2 -9999.0 -9999.0 -9999.0
04237 20150601  2.423 -123.81   47.51    13.9    10.1    12.0    12.0     2.6     6.56 C    19.7    11.1    14.9    97.3    83.1    92.5   0.065   0.050 -99.000 -99.000 -99.000    17.5    17.3 -9999.0 -9999.0 -9999.0
04237 20150602  2.423 -123.81   47.51    13.1    11.1    12.1    11.8    11.1     5.75 C    17.4    12.3    14.1    97.5    94.1    96.5   0.140   0.095 -99.000 -99.000 -99.000    16.5    16.4 -9999.0 -9999.0 -9999.0
04237 20150603  2.423 -123.81   47.51    17.1     8.6    12.8    12.7     0.0    12.96 C    26.6     8.6    16.2    97.6    64.9    89.7   0.152   0.113 -99.000 -99.000 -99.000    17.0    16.6 -9999.0 -9999.0 -9999.0
04237 20150604  2.423 -123.81   47.51    21.4     8.0    14.7    13.6     0.0    23.13 C    40.1     8.1    19.2    98.5    53.3    83.1   0.134   0.105 -99.000 -99.000 -99.000    18.1    17.4 -9999.0 -9999.0 -9999.0
04237 20150605  2.423 -123.81   47.51    25.3     8.0    16.6    16.2     0.0    26.77 C    40.7     7.7    21.5    97.8    48.6    78.6   0.117   0.095 -99.000 -99.000 -99.000    18.9    18.2 -9999.0 -9999.0 -9999.0
04237 20150606  2.423 -123.81   47.51    27.1    10.3    18.7    17.7     0.0    26.89 C    42.8     9.8    23.3    97.8    45.1    77.6   0.102   0.086 -99.000 -99.000 -99.000    19.9    19.1 -9999.0 -9999.0 -9999.0
04237 20150607  2.423 -123.81   47.51    28.4    10.5    19.4    18.4     0.0    27.08 C    44.2    10.4    24.1    97.4    37.4    74.0   0.086   0.075 -99.000 -99.000 -99.000    20.5    19.7 -9999.0 -9999.0 -9999.0
04237 20150608  2.423 -123.81   47.51    27.6     9.9    18.8    17.5     0.0    27.10 C    44.2     9.5    23.5    97.6    43.9    76.8   0.071   0.064 -99.000 -99.000 -99.000    20.9    20.1 -9999.0 -9999.0 -9999.0
04237 20150609  2.423 -123.81   47.51    24.3     8.7    16.5    15.3     0.0    27.92 C    42.0     8.5    21.8    96.4    33.4    71.4   0.059   0.052 -99.000 -99.000 -99.000    20.6    20.0 -9999.0 -9999.0 -9999.0
04237 20150610  2.423 -123.81   47.51    23.1     8.8    16.0    13.7     0.0    21.58 C    39.9     9.4    20.5    95.8    47.5    79.5   0.052   0.042 -99.000 -99.000 -99.000    20.4    19.8 -9999.0 -9999.0 -9999.0
04237 20150611  2.423 -123.81   47.51    23.2     7.4    15.3    14.7     0.0    27.37 C    41.1     7.0    20.9    97.4    39.6    72.3   0.044   0.036 -99.000 -99.000 -99.000    20.3    19.6 -9999.0 -9999.0 -9999.0
04237 20150612  2.423 -123.81   47.51    21.1     6.4    13.7    13.1     0.0    28.05 C    40.1     5.9    19.8    96.3    43.2    71.9   0.038   0.031 -99.000 -99.000 -99.000    20.1    19.5 -9999.0 -9999.0 -9999.0
04237 20150613  2.423 -123.81   47.51    21.9     6.4    14.1    13.3     0.0    26.73 C    40.5     6.5    20.7    97.0    39.7    74.5   0.035   0.028 -99.000 -99.000 -99.000    20.5    19.7 -9999.0 -9999.0 -9999.0
04237 20150614  2.423 -123.81   47.51    25.5     7.3    16.4    15.4     0.0    28.00 C    43.2     7.6    22.4    97.4    32.8    70.8   0.032   0.025 -99.000 -99.000 -99.000    21.0    20.1 -9999.0 -9999.0 -9999.0
04237 20150615  2.423 -123.81   47.51    25.9     7.6    16.7    15.5     0.0    26.65 C    43.3     7.2    21.8    96.6    39.1    73.3   0.029   0.024 -99.000 -99.000 -99.000    21.1    20.2 -9999.0 -9999.0 -9999.0
04237 20150616  2.423 -123.81   47.51    21.9     8.9    15.4    14.1     0.0    23.85 C    40.3    10.3    21.7    95.5    48.9    75.9   0.027   0.022 -99.000 -99.000 -99.000    21.5    20.6 -9999.0 -9999.0 -9999.0
04237 20150617  2.423 -123.81   47.51    23.2     6.6    14.9    14.7     0.0    27.71 C    42.0     6.5    22.2    97.3    46.4    73.2   0.026   0.021 -99.000 -99.000 -99.000    21.4    20.4 -9999.0 -9999.0 -9999.0
04237 20150618  2.423 -123.81   47.51    23.8    11.4    17.6    16.0     0.0    21.04 C    41.8    13.7    23.0    91.9    46.8    72.9   0.024   0.019 -99.000 -99.000 -99.000    21.9    21.0 -9999.0 -9999.0 -9999.0
04237 20150619  2.423 -123.81   47.51    21.7     8.6    15.2    15.4     0.4    27.22 C    41.9     9.6    23.1    96.5    44.7    73.9   0.024   0.020 -99.000 -99.000 -99.000    22.5    21.6 -9999.0 -9999.0 -9999.0
04237 20150620  2.423 -123.81   47.51    23.4     7.1    15.3    15.0     0.0    27.59 C    42.0     6.8    21.9    96.8    39.2    70.8   0.022   0.024 -99.000 -99.000 -99.000    21.9    21.1 -9999.0 -9999.0 -9999.0
04237 20150621  2.423 -123.81   47.51    26.0     9.1    17.5    16.3     0.0    25.88 C    42.7     9.8    22.8    95.9    30.7    67.8   0.021   0.023 -99.000 -99.000 -99.000    22.4    21.5 -9999.0 -9999.0 -9999.0
04237 20150622  2.423 -123.81   47.51    21.8     8.7    15.3    14.6     0.0    20.30 C    39.1     8.8    20.9    95.7    48.6    75.3   0.019   0.022 -99.000 -99.000 -99.000    21.9    21.3 -9999.0 -9999.0 -9999.0
04237 20150623  2.423 -123.81   47.51    25.7     6.9    16.3    15.7     0.0    27.85 C    42.9     6.4    22.6    97.5    39.3    71.1   0.019   0.021 -99.000 -99.000 -99.000    22.0    21.0 -9999.0 -9999.0 -9999.0
04237 20150624  2.423 -123.81   47.51    24.4    10.3    17.3    16.6     1.9    19.53 C    36.4    10.3    21.1    96.0    46.5    79.4   0.018   0.021 -99.000 -99.000 -99.000    21.9    21.3 -9999.0 -9999.0 -9999.0
04237 20150625  2.423 -123.81   47.51    28.4    10.8    19.6    19.1     0.0    26.86 C    44.9    10.5    25.1    96.9    41.2    73.7   0.018   0.022 -99.000 -99.000 -99.000    22.5    21.5 -9999.0 -9999.0 -9999.0
04237 20150626  2.423 -123.81   47.51    31.1    13.2    22.2    20.2     0.0    26.04 C    46.9    12.9    26.7    97.6    38.6    75.8   0.019   0.022 -99.000 -99.000 -99.000    23.9    22.6 -9999.0 -9999.0 -9999.0
04237 20150627  2.423 -123.81   47.51    33.6    13.6    23.6    22.6     0.0    24.06 C    48.2    13.5    28.0    96.8    35.0    71.4   0.019   0.022 -99.000 -99.000 -99.000    24.4    23.2 -9999.0 -9999.0 -9999.0
04237 20150628  2.423 -123.81   47.51    25.7    15.8    20.7    19.0     0.2     5.88 C    26.0    16.1    20.6    94.8    56.3    80.3   0.017   0.020 -99.000 -99.000 -99.000    22.4    22.0 -9999.0 -9999.0 -9999.0
04237 20150629  2.423 -123.81   47.51    24.9    13.5    19.2    16.8     0.0    15.59 C    39.1    13.1    21.8    96.9    57.8    85.3   0.018   0.019 -99.000 -99.000 -99.000    21.8    21.2 -9999.0 -9999.0 -9999.0
04237 20150630  2.423 -123.81   47.51    27.9    13.0    20.5    18.6     0.0    20.68 C    43.5    13.7    24.7    95.4    46.1    78.9   0.018   0.019 -99.000 -99.000 -99.000    23.2    22.2 -9999.0 -9999.0 -9999.0
04237 20150701  2.423 -123.81   47.51    31.6    11.0    21.3    20.5     0.0    26.87 C    47.5    10.9    26.4    97.0    32.1    69.5   0.017   0.018 -99.000 -99.000 -99.000    23.9    22.8 -9999.0 -9999.0 -9999.0
04237 20150702  2.423 -123.81   47.51    34.3    14.0    24.1    21.9     0.0    26.90 C    49.3    13.4    28.0    96.4    31.4    67.4   0.018   0.019 -99.000 -99.000 -99.000    25.0    23.7 -9999.0 -9999.0 -9999.0
04237 20150703  2.423 -123.81   47.51    31.4    11.8    21.6    19.6     0.0    26.06 C    47.8    12.0    26.5    96.9    35.0    70.5   0.017   0.019 -99.000 -99.000 -99.000    25.2    24.0 -9999.0 -9999.0 -9999.0
04237 20150704  2.423 -123.81   47.51    32.3    11.3    21.8    20.4     0.0    26.50 C    47.9    11.8    26.8    95.9    29.5    66.6   0.015   0.018 -99.000 -99.000 -99.000    25.2    24.1 -9999.0 -9999.0 -9999.0
04237 20150705  2.423 -123.81   47.51    33.1    12.7    22.9    20.9     0.0    25.68 C    48.6    12.8    27.4    95.3    28.8    68.0   0.014   0.018 -99.000 -99.000 -99.000    25.5    24.4 -9999.0 -9999.0 -9999.0
04237 20150706  2.423 -123.81   47.51    25.4    13.1    19.3    17.6     0.0    19.07 C    41.1    15.0    24.3    95.4    46.5    76.5   0.014   0.017 -99.000 -99.000 -99.000    25.0    24.2 -9999.0 -9999.0 -9999.0
04237 20150707  2.423 -123.81   47.51    26.2    12.6    19.4    17.7     0.0    20.85 C    40.7    14.0    24.6    94.5    45.5    74.1   0.013   0.017 -99.000 -99.000 -99.000    24.8    23.9 -9999.0 -9999.0 -9999.0
04237 20150708  2.423 -123.81   47.51    27.3    11.1    19.2    17.5     0.0    22.27 C    43.0    11.4    24.4    96.9    46.7    77.8   0.012   0.016 -99.000 -99.000 -99.000    24.6    23.7 -9999.0 -9999.0 -9999.0
04237 20150709  2.423 -123.81   47.51    24.1    13.9    19.0    17.3     0.6    21.19 C    41.6    16.9    25.3    96.4    57.7    81.9   0.012   0.016 -99.000 -99.000 -99.000    25.2    24.2 -9999.0 -9999.0 -9999.0
04237 20150710  2.423 -123.81   47.51    17.4    14.4    15.9    15.6     5.1     6.33 C    21.9    16.3    18.5    97.0    82.1    93.5   0.049   0.029 -99.000 -99.000 -99.000    22.6    22.5 -9999.0 -9999.0 -9999.0
04237 20150711  2.423 -123.81   47.51    16.5    14.3    15.4    15.2     7.7     4.83 C    20.1    15.6    17.2    97.3    93.1    96.2   0.092   0.041 -99.000 -99.000 -99.000    20.7    20.6 -9999.0 -9999.0 -9999.0
04237 20150712  2.423 -123.81   47.51    19.2    14.8    17.0    16.6     2.3    11.48 C    25.8    15.6    19.4    97.4    86.5    95.1   0.127   0.071 -99.000 -99.000 -99.000    21.0    20.7 -9999.0 -9999.0 -9999.0
04237 20150713  2.423 -123.81   47.51    24.8    12.5    18.7    17.9     2.3    24.63 C    39.1    14.1    23.0    97.3    51.6    80.9   0.130   0.086 -99.000 -99.000 -99.000    22.5    21.9 -9999.0 -9999.0 -9999.0
04237 20150714  2.423 -123.81   47.51    25.2    10.7    18.0    17.0     0.0    25.39 C    41.9    11.2    23.0    97.9    45.9    77.4   0.109   0.079 -99.000 -99.000 -99.000    22.5    22.0 -9999.0 -9999.0 -9999.0
04237 20150715  2.423 -123.81   47.51    24.9    10.1    17.5    16.8     0.0    23.90 C    40.3    10.2    22.5    97.9    46.8    75.4   0.095   0.069 -99.000 -99.000 -99.000    22.3    21.8 -9999.0 -9999.0 -9999.0
04237 20150716  2.423 -123.81   47.51    24.5    10.9    17.7    16.8     0.0    25.70 C    41.3    12.2    23.3    95.1    42.6    72.2   0.085   0.061 -99.000 -99.000 -99.000    22.5    22.0 -9999.0 -9999.0 -9999.0
04237 20150717  2.423 -123.81   47.51    27.3     9.6    18.5    17.7     0.0    24.55 C    42.2    10.0    23.5    97.9    37.6    72.1   0.076   0.056 -99.000 -99.000 -99.000    22.3    21.8 -9999.0 -9999.0 -9999.0
04237 20150718  2.423 -123.81   47.51    34.2    13.0    23.6    22.2     0.0    25.58 C    47.4    12.6    26.8    92.2    18.9    59.7   0.069   0.052 -99.000 -99.000 -99.000    23.2    22.5 -9999.0 -9999.0 -9999.0
04237 20150719  2.423 -123.81   47.51    28.9    14.4    21.6    20.4     0.0    25.10 C    44.7    14.3    26.7    95.4    44.3    72.2   0.060   0.048 -99.000 -99.000 -99.000    23.8    23.1 -9999.0 -9999.0 -9999.0
04237 20150720  2.423 -123.81   47.51    23.2    13.1    18.1    16.6     0.2    13.38 C    36.4    14.0    20.9    96.1    53.1    83.9   0.054   0.043 -99.000 -99.000 -99.000    22.7    22.4 -9999.0 -9999.0 -9999.0
04237 20150721  2.423 -123.81   47.51    22.8    10.7    16.8    16.5     0.0    16.55 C    38.7    11.1    21.1    96.4    43.8    71.5   0.049   0.040 -99.000 -99.000 -99.000    21.8    21.5 -9999.0 -9999.0 -9999.0
04237 20150722  2.423 -123.81   47.51    22.5     9.5    16.0    15.6     0.0    18.09 C    40.4     9.6    21.2    95.5    47.2    73.2   0.045   0.036 -99.000 -99.000 -99.000    21.4    21.0 -9999.0 -9999.0 -9999.0
04237 20150723  2.423 -123.81   47.51    23.3    10.7    17.0    16.1     0.0    18.86 C    40.4    11.4    21.9    94.4    43.0    72.9   0.041   0.034 -99.000 -99.000 -99.000    21.8    21.4 -9999.0 -9999.0 -9999.0
04237 20150724  2.423 -123.81   47.51    16.7    10.0    13.3    14.1    19.2     5.78 C    20.8    10.5    16.2    97.3    83.6    94.2   0.064   0.053 -99.000 -99.000 -99.000    20.0    20.0 -9999.0 -9999.0 -9999.0
04237 20150725  2.423 -123.81   47.51    18.6    12.7    15.7    14.9     1.0    12.37 C    26.7    13.9    18.1    97.5    64.2    90.5   0.108   0.079 -99.000 -99.000 -99.000    20.1    19.8 -9999.0 -9999.0 -9999.0
04237 20150726  2.423 -123.81   47.51    19.4    10.3    14.8    14.4     3.5    11.12 C    29.2    10.1    17.3    97.7    64.1    91.3   0.115   0.081 -99.000 -99.000 -99.000    19.7    19.6 -9999.0 -9999.0 -9999.0
04237 20150727  2.423 -123.81   47.51    22.7     8.5    15.6    14.7     0.0    18.45 C    36.7     8.1    17.7    98.1    51.9    81.3   0.115   0.080 -99.000 -99.000 -99.000    19.3    19.1 -9999.0 -9999.0 -9999.0
04237 20150728  2.423 -123.81   47.51    27.2     9.4    18.3    17.1     0.0    24.34 C    40.2     9.1    21.4    97.6    43.7    77.0   0.102   0.074 -99.000 -99.000 -99.000    20.2    19.7 -9999.0 -9999.0 -9999.0
04237 20150729  2.423 -123.81   47.51    32.1    12.2    22.1    20.4     0.0    24.47 C    44.1    10.9    23.9    97.5    26.6    68.3   0.089   0.067 -99.000 -99.000 -99.000    21.2    20.6 -9999.0 -9999.0 -9999.0
04237 20150730  2.423 -123.81   47.51    34.1    13.5    23.8    22.0     0.0    24.57 C    46.1    12.2    25.3    86.2    16.7    59.3   0.079   0.060 -99.000 -99.000 -99.000    21.8    21.2 -9999.0 -9999.0 -9999.0
04237 20150731  2.423 -123.81   47.51    32.0    11.9    21.9    20.2     0.0    24.62 C    44.9    11.1    24.0    96.4    18.1    62.6   0.069   0.055 -99.000 -99.000 -99.000    21.9    21.4 -9999.0 -9999.0 -9999.0
04237 20150801  2.423 -123.81   47.51    32.3    10.2    21.2    19.6     0.0    23.03 C    43.0     9.6    23.3    96.4    23.7    66.6   0.061   0.048 -99.000 -99.000 -99.000    21.6    21.1 -9999.0 -9999.0 -9999.0
04237 20150802  2.423 -123.81   47.51    30.0    12.0    21.0    19.5     0.0    20.00 C    41.2    11.5    23.5    96.7    37.9    72.6   0.054   0.043 -99.000 -99.000 -99.000    21.9    21.4 -9999.0 -9999.0 -9999.0
04237 20150803  2.423 -123.81   47.51    26.5    11.1    18.8    17.3     0.0    20.56 C    40.7    10.7    21.7    97.2    47.5    78.3   0.048   0.039 -99.000 -99.000 -99.000    21.6    21.2 -9999.0 -9999.0 -9999.0
04237 20150804  2.423 -123.81   47.51    23.9    10.6    17.3    16.3     0.0    17.29 C    38.6    10.5    20.9    96.7    45.4    77.5   0.044   0.036 -99.000 -99.000 -99.000    21.4    21.1 -9999.0 -9999.0 -9999.0
04237 20150805  2.423 -123.81   47.51    21.8     8.5    15.1    15.0     0.0    12.99 C    32.9     7.8    18.5    97.3    45.5    75.5   0.040   0.032 -99.000 -99.000 -99.000    20.1    20.0 -9999.0 -9999.0 -9999.0
04237 20150806  2.423 -123.81   47.51    25.2     9.3    17.3    16.4     0.0    23.35 C    40.2     8.3    21.2    96.9    43.2    74.4   0.037   0.030 -99.000 -99.000 -99.000    20.7    20.3 -9999.0 -9999.0 -9999.0
04237 20150807  2.423 -123.81   47.51    27.1    10.6    18.9    18.0     0.0    22.63 C    42.5    10.0    23.1    97.3    45.9    76.1   0.035   0.027 -99.000 -99.000 -99.000    21.3    20.7 -9999.0 -9999.0 -9999.0
04237 20150808  2.423 -123.81   47.51    21.2    15.2    18.2    16.8     6.7     7.61 C    30.8    16.6    19.8    97.2    65.0    91.8   0.058   0.040 -99.000 -99.000 -99.000    21.1    20.7 -9999.0 -9999.0 -9999.0
04237 20150809  2.423 -123.81   47.51    26.5    13.6    20.0    18.4     0.0    21.42 C    37.4    14.2    22.4    97.2    41.1    77.1   0.090   0.053 -99.000 -99.000 -99.000    21.4    20.9 -9999.0 -9999.0 -9999.0
04237 20150810  2.423 -123.81   47.51    28.0    13.5    20.8    18.2     0.0    15.49 C    39.1    13.8    21.6    96.1    37.1    78.7   0.076   0.048 -99.000 -99.000 -99.000    21.2    20.8 -9999.0 -9999.0 -9999.0
04237 20150811  2.423 -123.81   47.51    31.6    12.3    22.0    20.9     0.0    20.02 C    43.0    11.9    23.8    96.9    37.0    73.1   0.065   0.043 -99.000 -99.000 -99.000    21.4    20.9 -9999.0 -9999.0 -9999.0
04237 20150812  2.423 -123.81   47.51    30.2    14.1    22.1    20.1     0.0    16.20 C    40.7    13.0    22.7    96.5    39.4    76.4   0.057   0.039 -99.000 -99.000 -99.000    21.5    21.1 -9999.0 -9999.0 -9999.0
04237 20150813  2.423 -123.81   47.51    26.5    14.2    20.3    18.6     0.0    17.02 C    38.9    14.3    23.3    94.9    52.3    79.0   0.049   0.036 -99.000 -99.000 -99.000    21.8    21.3 -9999.0 -9999.0 -9999.0
04237 20150814  2.423 -123.81   47.51    17.7    12.9    15.3    15.3     1.5     2.68 C    21.0    13.4    17.2    96.9    83.1    92.8   0.044   0.032 -99.000 -99.000 -99.000    20.2    20.2 -9999.0 -9999.0 -9999.0
04237 20150815  2.423 -123.81   47.51    22.3    11.2    16.8    16.0     0.5    13.07 C    32.2    10.8    18.4    97.3    47.6    80.6   0.043   0.031 -99.000 -99.000 -99.000    19.7    19.5 -9999.0 -9999.0 -9999.0
04237 20150816  2.423 -123.81   47.51    25.4     9.5    17.4    16.2     0.0    20.47 C    37.7     8.3    19.5    97.6    44.0    77.1   0.041   0.030 -99.000 -99.000 -99.000    19.6    19.3 -9999.0 -9999.0 -9999.0
04237 20150817  2.423 -123.81   47.51    29.2    10.4    19.8    18.2     0.0    20.36 C    41.1     9.2    21.6    97.8    33.5    72.2   0.040   0.028 -99.000 -99.000 -99.000    20.2    19.8 -9999.0 -9999.0 -9999.0
04237 20150818  2.423 -123.81   47.51    32.5    11.9    22.2    20.6     0.0    20.53 C    43.6    10.4    23.4    97.0    25.9    65.8   0.036   0.026 -99.000 -99.000 -99.000    20.8    20.3 -9999.0 -9999.0 -9999.0
04237 20150819  2.423 -123.81   47.51    32.0    12.9    22.5    20.7     0.0    20.38 C    43.6    11.0    23.9    92.8    31.5    66.7   0.032   0.024 -99.000 -99.000 -99.000    21.4    20.8 -9999.0 -9999.0 -9999.0
04237 20150820  2.423 -123.81   47.51    22.4    11.5    17.0    16.0     0.0    13.80 C    36.1    11.9    20.5    94.3    46.1    76.9   0.031   0.024 -99.000 -99.000 -99.000    21.1    20.8 -9999.0 -9999.0 -9999.0
04237 20150821  2.423 -123.81   47.51    24.4     9.4    16.9    15.0     0.0    18.91 C    38.3     8.9    19.2    96.8    40.7    74.3   0.028   0.027 -99.000 -99.000 -99.000    20.4    20.1 -9999.0 -9999.0 -9999.0
04237 20150822  2.423 -123.81   47.51    28.5    10.0    19.3    17.6     0.0    20.20 C    40.9     8.4    20.7    96.3    30.2    69.5   0.027   0.026 -99.000 -99.000 -99.000    20.3    19.9 -9999.0 -9999.0 -9999.0
04237 20150823  2.423 -123.81   47.51    28.0    10.6    19.3    17.3     0.0    18.29 C    39.2     9.2    20.2    96.9    34.4    71.3   0.025   0.025 -99.000 -99.000 -99.000    20.4    20.0 -9999.0 -9999.0 -9999.0
04237 20150824  2.423 -123.81   47.51    23.8     8.5    16.1    14.7     0.0    17.23 C    36.3     7.4    18.0    97.4    35.7    72.6   0.024   0.023 -99.000 -99.000 -99.000    19.8    19.5 -9999.0 -9999.0 -9999.0
04237 20150825  2.423 -123.81   47.51    26.8     7.7    17.2    15.8     0.0    19.91 C    39.3     6.6    19.2    97.2    31.2    67.9   0.022   0.021 -99.000 -99.000 -99.000    19.7    19.3 -9999.0 -9999.0 -9999.0
04237 20150826  2.423 -123.81   47.51    28.8     9.6    19.2    17.1     0.0    16.09 C    39.1     8.4    19.5    96.9    28.5    68.2   0.020   0.022 -99.000 -99.000 -99.000    19.8    19.5 -9999.0 -9999.0 -9999.0
04237 20150827  2.423 -123.81   47.51    28.8    10.9    19.8    18.0     2.4    17.55 C    40.0    10.3    22.2    96.2    31.2    72.6   0.019   0.021 -99.000 -99.000 -99.000    20.7    20.0 -9999.0 -9999.0 -9999.0
04237 20150828  2.423 -123.81   47.51    23.3    14.1    18.7    17.5     6.7    14.38 C    32.2    15.3    20.4    97.2    52.3    83.3   0.077   0.054 -99.000 -99.000 -99.000    20.9    20.4 -9999.0 -9999.0 -9999.0
04237 20150829  2.423 -123.81   47.51    19.3    13.2    16.2    15.4    45.6     1.52 C    18.2    13.9    16.0    97.2    63.5    92.4   0.179   0.098 -99.000 -99.000 -99.000    18.8    18.8 -9999.0 -9999.0 -9999.0
04237 20150830  2.423 -123.81   47.51    17.2    12.1    14.6    14.0    33.8     9.58 C    24.4    12.4    16.3    97.4    81.2    94.7   0.183   0.130 -99.000 -99.000 -99.000    18.0    17.8 -9999.0 -9999.0 -9999.0
04237 20150831  2.423 -123.81   47.51    16.7    12.6    14.7    14.6    74.1     2.62 C    19.0    13.2    15.6    97.6    94.9    97.0   0.218   0.148 -99.000 -99.000 -99.000    17.0    17.1 -9999.0 -9999.0 -9999.0
04237 20150901  2.423 -123.81   47.51    17.3    12.9    15.1    14.9    14.5     5.58 C    21.9    13.9    16.5    97.6    76.2    95.0   0.181   0.139 -99.000 -99.000 -99.000    17.5    17.3 -9999.0 -9999.0 -9999.0
04237 20150902  2.423 -123.81   47.51    18.1     8.1    13.1    12.0     5.0    12.29 C    27.9     7.9    14.2    98.1    65.8    93.1   0.175   0.137 -99.000 -99.000 -99.000    17.4    17.2 -9999.0 -9999.0 -9999.0
04237 20150903  2.423 -123.81   47.51    16.1     7.4    11.8    10.5     5.0    11.42 C    23.6     7.1    12.3    98.1    62.3    91.6   0.168   0.132 -99.000 -99.000 -99.000    16.3    16.4 -9999.0 -9999.0 -9999.0
04237 20150904  2.423 -123.81   47.51    18.1     6.2    12.1    10.7     0.5    13.77 C    28.5     5.4    12.4    98.2    53.2    88.4   0.158   0.126 -99.000 -99.000 -99.000    15.8    15.9 -9999.0 -9999.0 -9999.0
04237 20150905  2.423 -123.81   47.51    20.3     5.8    13.1    12.4     0.7    16.63 C    29.0     5.3    14.7    98.0    51.2    83.2   0.149   0.118 -99.000 -99.000 -99.000    16.1    15.9 -9999.0 -9999.0 -9999.0
04237 20150906  2.423 -123.81   47.51    19.6    10.4    15.0    14.0    25.6    13.16 C    29.3    11.0    16.9    97.3    69.7    91.7   0.177   0.138 -99.000 -99.000 -99.000    16.8    16.5 -9999.0 -9999.0 -9999.0
04237 20150907  2.423 -123.81   47.51    21.5    10.3    15.9    15.3     0.0    17.11 C    31.0    10.1    18.5    97.9    51.9    84.4   0.154   0.122 -99.000 -99.000 -99.000    17.9    17.5 -9999.0 -9999.0 -9999.0
04237 20150908  2.423 -123.81   47.51    21.2    13.5    17.3    16.1     0.7     9.44 C    27.3    12.5    18.2    97.1    74.3    91.0   0.147   0.116 -99.000 -99.000 -99.000    18.2    17.9 -9999.0 -9999.0 -9999.0
04237 20150909  2.423 -123.81   47.51    24.9    11.1    18.0    16.3     0.0    17.19 C    33.6    10.0    18.4    97.9    52.4    84.6   0.142   0.111 -99.000 -99.000 -99.000    18.1    17.8 -9999.0 -9999.0 -9999.0
04237 20150910  2.423 -123.81   47.51    25.7    11.0    18.4    16.9     0.0    17.28 C    34.7    10.3    19.3    97.9    53.6    85.0   0.135   0.106 -99.000 -99.000 -99.000    18.4    18.1 -9999.0 -9999.0 -9999.0
04237 20150911  2.423 -123.81   47.51    29.4    11.4    20.4    18.3     0.0    17.02 C    36.4    10.1    19.8    97.9    42.6    82.5   0.128   0.101 -99.000 -99.000 -99.000    18.5    18.2 -9999.0 -9999.0 -9999.0
04237 20150912  2.423 -123.81   47.51    26.9    12.6    19.8    17.7     0.0    16.89 C    35.7    11.6    20.1    97.8    47.9    82.6   0.123   0.097 -99.000 -99.000 -99.000    18.8    18.4 -9999.0 -9999.0 -9999.0
04237 20150913  2.423 -123.81   47.51    21.2     8.3    14.7    14.6     0.0    15.04 C    31.3     9.1    18.0    96.9    40.4    76.2   0.118   0.093 -99.000 -99.000 -99.000    18.7    18.4 -9999.0 -9999.0 -9999.0
04237 20150914  2.423 -123.81   47.51    18.1     6.6    12.4    10.8     0.0    11.45 C    26.9     6.1    13.3    97.2    47.0    79.7   0.113   0.090 -99.000 -99.000 -99.000    16.9    16.9 -9999.0 -9999.0 -9999.0
04237 20150915  2.423 -123.81   47.51    14.5     5.4     9.9     9.7     6.7     4.62 C    18.5     4.8    10.8    97.2    65.8    90.9   0.131   0.098 -99.000 -99.000 -99.000    15.5    15.7 -9999.0 -9999.0 -9999.0
04237 20150916  2.423 -123.81   47.51    17.8     9.5    13.6    12.6     1.4     8.54 C    22.2    10.1    14.5    97.7    55.9    89.3   0.154   0.116 -99.000 -99.000 -99.000    16.1    15.9 -9999.0 -9999.0 -9999.0
04237 20150917  2.423 -123.81   47.51    18.6    10.8    14.7    13.7     2.6    11.51 C    25.1    10.5    15.9    97.4    67.8    88.8   0.163   0.123 -99.000 -99.000 -99.000    16.8    16.6 -9999.0 -9999.0 -9999.0
04237 20150918  2.423 -123.81   47.51    14.9    10.5    12.7    13.1     8.8     3.42 C    17.8    10.4    14.2    97.5    81.5    94.9   0.168   0.127 -99.000 -99.000 -99.000    16.3    16.2 -9999.0 -9999.0 -9999.0
04237 20150919  2.423 -123.81   47.51    16.3    12.9    14.6    14.5    23.2     2.58 C    18.7    13.0    15.4    97.6    94.1    96.8   0.193   0.146 -99.000 -99.000 -99.000    16.4    16.2 -9999.0 -9999.0 -9999.0
04237 20150920  2.423 -123.81   47.51    17.1     8.8    12.9    15.0    68.1     1.68 C    18.6     8.0    15.5    98.1    96.5    97.4   0.210   0.161 -99.000 -99.000 -99.000    16.8    16.6 -9999.0 -9999.0 -9999.0
04237 20150921  2.423 -123.81   47.51    17.5     6.3    11.9    10.8     0.0    15.68 C    24.8     5.7    12.8    98.8    58.4    90.2   0.169   0.133 -99.000 -99.000 -99.000    15.8    15.8 -9999.0 -9999.0 -9999.0
04237 20150922  2.423 -123.81   47.51    18.5     7.2    12.8    11.7     0.0    15.70 C    25.8     6.8    13.9    98.1    46.6    83.6   0.157   0.123 -99.000 -99.000 -99.000    15.8    15.7 -9999.0 -9999.0 -9999.0
04237 20150923  2.423 -123.81   47.51    20.2     6.8    13.5    12.3     0.3    10.32 C    27.0     5.6    13.6    97.9    40.3    82.8   0.149   0.117 -99.000 -99.000 -99.000    15.4    15.3 -9999.0 -9999.0 -9999.0
04237 20150924  2.423 -123.81   47.51    18.9    10.0    14.5    13.7    11.1     4.56 C    21.9     9.5    14.6    97.4    66.0    93.1   0.160   0.122 -99.000 -99.000 -99.000    15.8    15.6 -9999.0 -9999.0 -9999.0
04237 20150925  2.423 -123.81   47.51    15.1    11.0    13.1    12.9     0.7     4.79 C    18.9    10.6    14.2    97.8    76.8    94.8   0.177   0.137 -99.000 -99.000 -99.000    15.8    15.7 -9999.0 -9999.0 -9999.0
04237 20150926  2.423 -123.81   47.51    18.0     6.3    12.1    10.9     0.0    13.68 C    24.2     5.6    12.2    98.3    45.1    83.8   0.161   0.126 -99.000 -99.000 -99.000    15.3    15.2 -9999.0 -9999.0 -9999.0
04237 20150927  2.423 -123.81   47.51    18.3     4.9    11.6    10.3     0.0    14.12 C    24.7     3.7    11.2    98.1    48.2    83.1   0.152   0.119 -99.000 -99.000 -99.000    14.2    14.3 -9999.0 -9999.0 -9999.0
04237 20150928  2.423 -123.81   47.51    22.3     4.4    13.3    11.4     0.0    14.17 C    26.7     3.0    11.9    98.2    35.4    81.2   0.144   0.113 -99.000 -99.000 -99.000    14.1    14.0 -9999.0 -9999.0 -9999.0
04237 20150929  2.423 -123.81   47.51    23.9     6.3    15.1    12.8     0.0    14.04 C    28.4     4.3    13.1    97.5    34.9    79.2   0.139   0.109 -99.000 -99.000 -99.000    14.2    14.2 -9999.0 -9999.0 -9999.0
04237 20150930  2.423 -123.81   47.51    18.8     8.6    13.7    12.8     0.0    12.07 C    25.8     7.5    14.6    97.4    62.9    85.1   0.135   0.106 -99.000 -99.000 -99.000    15.0    14.8 -9999.0 -9999.0 -9999.0
04237 20151001  2.423 -123.81   47.51    20.7     7.3    14.0    12.7     0.0    13.27 C    26.6     5.8    14.2    98.2    61.0    87.2   0.130   0.102 -99.000 -99.000 -99.000    14.7    14.5 -9999.0 -9999.0 -9999.0
04237 20151002  2.423 -123.81   47.51    18.5     7.9    13.2    12.9     0.0     7.15 C    24.7     7.4    14.5    97.0    69.2    87.7   0.128   0.099 -99.000 -99.000 -99.000    15.3    15.2 -9999.0 -9999.0 -9999.0
04237 20151003  2.423 -123.81   47.51    19.9     5.6    12.7    11.3     0.0    12.90 C    25.5     4.6    12.3    97.7    56.1    86.7   0.124   0.097 -99.000 -99.000 -99.000    14.4    14.4 -9999.0 -9999.0 -9999.0
04237 20151004  2.423 -123.81   47.51    23.4     6.6    15.0    13.0     0.0    12.71 C    27.7     5.3    13.5    98.2    46.5    85.0   0.120   0.094 -99.000 -99.000 -99.000    14.3    14.2 -9999.0 -9999.0 -9999.0
04237 20151005  2.423 -123.81   47.51    24.4     9.7    17.0    14.6     0.0    11.70 C    28.3     7.4    14.6    97.7    44.3    83.8   0.117   0.092 -99.000 -99.000 -99.000    14.6    14.4 -9999.0 -9999.0 -9999.0
04237 20151006  2.423 -123.81   47.51    16.2    11.1    13.6    13.5     0.0     3.47 C    18.9     9.2    13.7    94.9    73.0    87.0   0.114   0.090 -99.000 -99.000 -99.000    14.4    14.4 -9999.0 -9999.0 -9999.0
04237 20151007  2.423 -123.81   47.51    14.4    12.5    13.4    13.4    28.5     1.17 C    15.4    11.9    13.7    97.8    94.7    96.8   0.182   0.137 -99.000 -99.000 -99.000    14.6    14.5 -9999.0 -9999.0 -9999.0
04237 20151008  2.423 -123.81   47.51 -9999.0 -9999.0 -9999.0 -9999.0 -9999.0 -9999.00 U -9999.0 -9999.0 -9999.0 -9999.0 -9999.0 -9999.0 -99.000 -99.000 -99.000 -99.000 -99.000 -9999.0 -9999.0 -9999.0 -9999.0 -9999.0
04237 20151009  2.423 -123.81   47.51    16.2    10.9    13.5    14.1    33.9     1.29 C    17.0     9.9    14.2    97.6    89.7    96.7   0.193   0.151 -99.000 -99.000 -99.000    14.7    14.5 -9999.0 -9999.0 -9999.0
04237 20151010  2.423 -123.81   47.51    16.2    10.6    13.4    14.3    30.9     0.79 C    16.6     9.8    14.5   100.0    94.8    97.4   0.208   0.161 -99.000 -99.000 -99.000    15.1    15.0 -9999.0 -9999.0 -9999.0
04237 20151011  2.423 -123.81   47.51    16.0     8.1    12.0    11.1     0.0     7.67 C    20.3     7.0    11.8    98.2    64.3    91.4   0.174   0.139 -99.000 -99.000 -99.000    14.1    14.1 -9999.0 -9999.0 -9999.0
04237 20151012  2.423 -123.81   47.51    13.4     8.6    11.0    11.5    29.5     0.96 C    14.0     8.1    11.9    97.7    95.8    97.0   0.191   0.149 -99.000 -99.000 -99.000    13.6    13.7 -9999.0 -9999.0 -9999.0
04237 20151013  2.423 -123.81   47.51    15.3     9.0    12.2    12.5     0.0     8.27 C    21.7     7.6    13.7    98.1    80.5    94.4   0.175   0.138 -99.000 -99.000 -99.000    14.5    14.3 -9999.0 -9999.0 -9999.0
04237 20151014  2.423 -123.81   47.51    15.4     5.7    10.5     9.8     0.0    10.46 C    19.9     4.6    10.4    98.4    68.8    91.7   0.163   0.129 -99.000 -99.000 -99.000    13.4    13.4 -9999.0 -9999.0 -9999.0
04237 20151015  2.423 -123.81   47.51    22.0     5.5    13.7    11.5     0.0    10.33 C    24.8     4.4    11.9    98.6    49.5    93.6   0.156   0.123 -99.000 -99.000 -99.000    13.3    13.2 -9999.0 -9999.0 -9999.0
04237 20151016  2.423 -123.81   47.51    20.2     7.3    13.7    12.2     0.0     9.44 C    23.5     5.8    12.8    98.3    58.0    89.9   0.151   0.119 -99.000 -99.000 -99.000    13.5    13.4 -9999.0 -9999.0 -9999.0
04237 20151017  2.423 -123.81   47.51    14.3    11.6    13.0    13.0     2.1     1.78 C    16.1    11.0    13.6    97.7    91.1    95.8   0.155   0.119 -99.000 -99.000 -99.000    14.1    13.9 -9999.0 -9999.0 -9999.0
04237 20151018  2.423 -123.81   47.51    16.5    11.5    14.0    13.8     1.1     3.83 C    20.4    11.3    14.6    97.8    82.3    94.9   0.163   0.123 -99.000 -99.000 -99.000    14.5    14.2 -9999.0 -9999.0 -9999.0
04237 20151019  2.423 -123.81   47.51    16.3    11.9    14.1    13.7     0.3     3.46 C    19.1    12.1    14.5    97.8    81.3    95.2   0.167   0.126 -99.000 -99.000 -99.000    14.8    14.5 -9999.0 -9999.0 -9999.0
04237 20151020  2.423 -123.81   47.51    17.9     9.1    13.5    13.0     0.0     9.62 C    22.7     7.7    13.9    97.7    61.8    89.8   0.161   0.124 -99.000 -99.000 -99.000    14.8    14.6 -9999.0 -9999.0 -9999.0
04237 20151021  2.423 -123.81   47.51    14.1     5.9    10.0     9.6     0.0     4.02 C    16.6     3.9     9.3    98.3    77.8    93.3   0.155   0.121 -99.000 -99.000 -99.000    13.2    13.4 -9999.0 -9999.0 -9999.0
04237 20151022  2.423 -123.81   47.51    16.1     4.4    10.2     8.6     0.0     9.36 C    19.5     2.1     8.1    98.7    56.1    89.1   0.150   0.118 -99.000 -99.000 -99.000    12.1    12.3 -9999.0 -9999.0 -9999.0
04237 20151023  2.423 -123.81   47.51    15.1     6.5    10.8     9.7     0.0     5.80 C    17.1     5.2     9.7    98.0    52.2    86.5   0.146   0.115 -99.000 -99.000 -99.000    12.0    12.1 -9999.0 -9999.0 -9999.0
04237 20151024  2.423 -123.81   47.51    19.0     6.5    12.8    10.8     1.5     4.89 C    20.4     6.2    10.6    97.0    50.4    86.6   0.144   0.113 -99.000 -99.000 -99.000    12.2    12.3 -9999.0 -9999.0 -9999.0
04237 20151025  2.423 -123.81   47.51    18.8    10.2    14.5    13.1    18.7     3.70 C    19.5     9.0    12.4    97.2    44.2    83.0   0.165   0.122 -99.000 -99.000 -99.000    12.8    12.7 -9999.0 -9999.0 -9999.0
04237 20151026  2.423 -123.81   47.51    13.1     9.3    11.2    11.8    34.5     1.45 C    15.1     7.8    12.2    98.0    94.1    97.0   0.202   0.157 -99.000 -99.000 -99.000    12.8    12.8 -9999.0 -9999.0 -9999.0
04237 20151027  2.423 -123.81   47.51    16.2     6.9    11.5    10.5     0.3     5.77 C    18.5     5.4    10.5    98.4    79.2    95.8   0.173   0.138 -99.000 -99.000 -99.000    12.4    12.4 -9999.0 -9999.0 -9999.0
04237 20151028  2.423 -123.81   47.51    14.5    10.6    12.5    11.9    16.7     4.30 C    20.0    10.2    12.8    97.8    84.2    96.1   0.196   0.152 -99.000 -99.000 -99.000    13.0    12.9 -9999.0 -9999.0 -9999.0
04237 20151029  2.423 -123.81   47.51    14.9    10.7    12.8    11.9    21.3     2.06 C    17.0    10.8    12.6    97.9    94.4    97.0   0.204   0.159 -99.000 -99.000 -99.000    13.2    13.1 -9999.0 -9999.0 -9999.0
04237 20151030  2.423 -123.81   47.51    14.9    10.4    12.6    12.6   102.1     2.31 C    17.2    10.6    13.1    98.9    94.7    97.1   0.218   0.173 -99.000 -99.000 -99.000    12.7    12.6 -9999.0 -9999.0 -9999.0
04237 20151031  2.423 -123.81   47.51    15.3    10.4    12.9    12.8   131.7     0.26 C    15.0    10.6    12.9    97.6    95.3    97.0   0.226   0.181 -99.000 -99.000 -99.000    13.3    13.1 -9999.0 -9999.0 -9999.0
04237 20151101  2.423 -123.81   47.51    13.1     7.7    10.4     9.6    41.5     1.64 C    16.4     8.0    10.1   100.0    94.3    97.5   0.215   0.173 -99.000 -99.000 -99.000    12.2    12.3 -9999.0 -9999.0 -9999.0
04237 20151102  2.423 -123.81   47.51    13.3     5.2     9.2     8.2     0.3     7.74 C    19.4     4.1     9.1    98.4    67.6    95.2   0.185   0.150 -99.000 -99.000 -99.000    11.7    11.7 -9999.0 -9999.0 -9999.0
04237 20151103  2.423 -123.81   47.51    11.6     3.9     7.7     6.8     0.0     7.85 C    15.4     2.2     7.0    98.6    70.2    92.3   0.170   0.136 -99.000 -99.000 -99.000    10.8    10.9 -9999.0 -9999.0 -9999.0
04237 20151104  2.423 -123.81   47.51    10.1     3.6     6.9     7.0     1.5     3.35 C    12.4     2.3     7.1    98.4    72.5    92.9   0.164   0.129 -99.000 -99.000 -99.000    10.1    10.3 -9999.0 -9999.0 -9999.0
04237 20151105  2.423 -123.81   47.51    12.7     4.4     8.5     8.0     2.6     5.07 C    16.6     2.9     8.6    98.4    78.6    96.1   0.181   0.140 -99.000 -99.000 -99.000    10.8    10.8 -9999.0 -9999.0 -9999.0
04237 20151106  2.423 -123.81   47.51    10.3     4.6     7.4     8.7     7.4     0.71 C    11.2     3.1     8.7    98.4    82.5    95.3   0.189   0.150 -99.000 -99.000 -99.000    10.3    10.3 -9999.0 -9999.0 -9999.0
04237 20151107  2.423 -123.81   47.51    11.4     6.1     8.7     9.9   100.5     0.20 C    12.1     4.6     9.8   100.0    96.4    98.4   0.230   0.183 -99.000 -99.000 -99.000    10.6    10.6 -9999.0 -9999.0 -9999.0
04237 20151108  2.423 -123.81   47.51     9.4     5.6     7.5     7.1     9.5     2.38 C    12.0     4.7     7.6    98.4    85.9    96.1   0.200   0.160 -99.000 -99.000 -99.000     9.9    10.0 -9999.0 -9999.0 -9999.0
04237 20151109  2.423 -123.81   47.51    10.9     3.5     7.2     6.3     2.7     4.89 C    16.7     1.9     6.3    98.6    78.2    96.9   0.193   0.154 -99.000 -99.000 -99.000     9.4     9.6 -9999.0 -9999.0 -9999.0
04237 20151110  2.423 -123.81   47.51     9.5     2.2     5.8     5.7    20.2     2.41 C    10.2     0.7     5.4   100.0    77.0    96.0   0.196   0.155 -99.000 -99.000 -99.000     8.4     8.6 -9999.0 -9999.0 -9999.0
04237 20151111  2.423 -123.81   47.51     8.2     3.1     5.6     5.6     5.5     3.45 C    11.5     2.0     5.7   100.0    88.0    97.1   0.201   0.160 -99.000 -99.000 -99.000     8.6     8.7 -9999.0 -9999.0 -9999.0
04237 20151112  2.423 -123.81   47.51     9.1     4.0     6.6     6.0   169.9     0.04 C     9.1     3.8     6.0   100.0    92.6    98.6   0.248   0.187 -99.000 -99.000 -99.000     7.6     7.8 -9999.0 -9999.0 -9999.0
04237 20151113  2.423 -123.81   47.51    12.9     9.1    11.0    11.8   143.1     0.54 C    13.3     9.1    11.7   100.0    97.4    98.2   0.241   0.192 -99.000 -99.000 -99.000    10.6    10.2 -9999.0 -9999.0 -9999.0
04237 20151114  2.423 -123.81   47.51     9.7     5.1     7.4     6.8    39.3     1.33 C     9.5     5.7     7.5   100.0    92.0    97.3   0.228   0.182 -99.000 -99.000 -99.000     9.3     9.3 -9999.0 -9999.0 -9999.0
04237 20151115  2.423 -123.81   47.51     7.9     2.2     5.1     4.4     5.4     3.42 C    12.5     1.1     5.1    98.6    83.6    96.0   0.205   0.164 -99.000 -99.000 -99.000     8.2     8.4 -9999.0 -9999.0 -9999.0
04237 20151116  2.423 -123.81   47.51     5.4     1.5     3.5     3.7    44.5     0.19 C     5.4     0.5     3.5   100.0    89.0    97.2   0.223   0.176 -99.000 -99.000 -99.000     6.6     7.0 -9999.0 -9999.0 -9999.0
04237 20151117  2.423 -123.81   47.51    12.9     4.9     8.9     8.6 -9999.0     0.03 C    12.8     4.2     8.5   100.0    95.8    99.8   0.248   0.205 -99.000 -99.000 -99.000     9.0     8.9 -9999.0 -9999.0 -9999.0
04237 20151118  2.423 -123.81   47.51     6.9     2.4     4.6     4.8 -9999.0     2.03 C     8.7     1.2     4.8   100.0    88.3    96.6   0.195   0.156 -99.000 -99.000 -99.000     7.9     8.0 -9999.0 -9999.0 -9999.0
04237 20151119  2.423 -123.81   47.51     8.9     1.7     5.3     5.3     0.8     4.56 C    11.5     0.7     5.1    99.0    81.4    96.5   0.191   0.153 -99.000 -99.000 -99.000     7.3     7.4 -9999.0 -9999.0 -9999.0
04237 20151120  2.423 -123.81   47.51     6.8    -0.3     3.3     2.1     0.0     3.88 C     8.8    -2.4     0.8    99.1    80.2    96.9   0.178   0.143 -99.000 -99.000 -99.000     5.9     6.3 -9999.0 -9999.0 -9999.0
04237 20151121  2.423 -123.81   47.51     6.6    -1.4     2.6     0.9     0.0     4.86 C     7.9    -4.2    -0.6    99.2    79.9    97.7   0.173   0.137 -99.000 -99.000 -99.000     4.3     4.8 -9999.0 -9999.0 -9999.0
04237 20151122  2.423 -123.81   47.51     8.2    -1.2     3.5     1.7     0.0     4.40 C     8.7    -3.4     0.1    99.1    67.2    97.4   0.170   0.134 -99.000 -99.000 -99.000     3.9     4.3 -9999.0 -9999.0 -9999.0
04237 20151123  2.423 -123.81   47.51     5.7    -0.4     2.6     2.8     4.0     1.00 C     5.7    -2.8     2.0    99.1    97.0    98.6   0.178   0.137 -99.000 -99.000 -99.000     4.0     4.2 -9999.0 -9999.0 -9999.0
04237 20151124  2.423 -123.81   47.51     6.7    -1.7     2.5     2.9     0.3     3.57 C     9.1    -4.1     2.4    98.7    61.4    92.9   0.187   0.150 -99.000 -99.000 -99.000     4.8     4.9 -9999.0 -9999.0 -9999.0
04237 20151125  2.423 -123.81   47.51     4.1    -2.8     0.6    -0.7     0.0     5.03 C     5.0    -5.5    -2.4    98.9    90.5    97.5   0.174   0.140 -99.000 -99.000 -99.000     3.0     3.5 -9999.0 -9999.0 -9999.0
04237 20151126  2.423 -123.81   47.51     3.7    -2.9     0.4    -0.7     0.0     5.24 C     4.7    -5.9    -2.7    99.1    92.4    97.6   0.168   0.134 -99.000 -99.000 -99.000     2.0     2.5 -9999.0 -9999.0 -9999.0
04237 20151127  2.423 -123.81   47.51     4.3    -2.2     1.1    -0.2     0.0     5.00 C     4.9    -5.3    -2.5    98.9    94.1    98.0   0.177   0.129 -99.000 -99.000 -99.000     1.5     2.0 -9999.0 -9999.0 -9999.0
04237 20151128  2.423 -123.81   47.51     3.1    -3.4    -0.2    -1.1     0.0     4.79 C     4.8    -6.6    -3.5    98.9    95.6    97.8   0.191   0.129 -99.000 -99.000 -99.000     1.0     1.5 -9999.0 -9999.0 -9999.0
04237 20151129  2.423 -123.81   47.51     3.5    -2.8     0.3    -0.9     0.0     4.72 C     4.1    -6.4    -3.4    99.0    95.2    97.8   0.189   0.129 -99.000 -99.000 -99.000     0.6     1.1 -9999.0 -9999.0 -9999.0
04237 20151130  2.423 -123.81   47.51     4.5    -2.4     1.1     0.4    20.3     0.34 C     3.1    -5.6    -1.2    98.9    97.3    98.2   0.221   0.143 -99.000 -99.000 -99.000     0.4     0.8 -9999.0 -9999.0 -9999.0
04237 20151201  2.423 -123.81   47.51     7.6     3.8     5.7     6.2    38.8     0.50 C     6.8     2.9     5.1   100.0    94.5    98.0   0.237   0.180 -99.000 -99.000 -99.000     2.0     2.0 -9999.0 -9999.0 -9999.0
04237 20151202  2.423 -123.81   47.51    11.9     5.0     8.4     7.7    11.9     1.19 C    10.2     2.7     7.0    98.3    93.2    97.4   0.205   0.163 -99.000 -99.000 -99.000     4.1     3.8 -9999.0 -9999.0 -9999.0
04237 20151203  2.423 -123.81   47.51    13.3     7.3    10.3    10.1    79.9     0.45 C    11.8     6.0     9.4    98.6    81.9    93.9   0.239   0.190 -99.000 -99.000 -99.000     6.9     6.3 -9999.0 -9999.0 -9999.0
04237 20151204  2.423 -123.81   47.51     7.8     5.4     6.6     6.4    25.8     1.34 C     9.3     4.5     6.5    98.1    92.3    96.3   0.221   0.179 -99.000 -99.000 -99.000     6.3     6.2 -9999.0 -9999.0 -9999.0
04237 20151205  2.423 -123.81   47.51     7.3     5.6     6.5     6.5    65.3     0.00 C     6.5     5.4     6.1    98.0    87.4    94.3   0.234   0.188 -99.000 -99.000 -99.000     5.9     5.8 -9999.0 -9999.0 -9999.0
04237 20151206  2.423 -123.81   47.51    10.0     6.6     8.3     7.9    81.0     0.74 C     9.6     6.3     7.7    97.5    92.7    95.8   0.243   0.192 -99.000 -99.000 -99.000     6.5     6.3 -9999.0 -9999.0 -9999.0
04237 20151207  2.423 -123.81   47.51     8.5     6.9     7.7     7.9    46.0     0.28 C     8.3     5.8     7.7    98.5    91.5    96.6   0.228   0.185 -99.000 -99.000 -99.000     7.0     6.9 -9999.0 -9999.0 -9999.0
04237 20151208  2.423 -123.81   47.51    12.9     7.9    10.4    10.2   172.9     0.00 C    12.5     7.7     9.9    99.7    94.2    97.5   0.260   0.210 -99.000 -99.000 -99.000     8.7     8.4 -9999.0 -9999.0 -9999.0
04237 20151209  2.423 -123.81   47.51    11.1     6.3     8.7     8.3    24.1     1.68 C    11.8     5.3     8.3    97.5    77.1    94.4   0.215   0.179 -99.000 -99.000 -99.000     8.7     8.6 -9999.0 -9999.0 -9999.0
04237 20151210  2.423 -123.81   47.51     9.0     4.9     7.0     7.1    50.6     0.55 C     9.8     5.0     6.8    98.1    76.7    93.7   0.227   0.187 -99.000 -99.000 -99.000     7.5     7.6 -9999.0 -9999.0 -9999.0
04237 20151211  2.423 -123.81   47.51     7.5     2.1     4.8     5.1     3.9     1.35 C     7.7     0.6     4.7    98.8    81.0    94.3   0.199   0.163 -99.000 -99.000 -99.000     6.8     6.9 -9999.0 -9999.0 -9999.0
04237 20151212  2.423 -123.81   47.51     7.1     3.4     5.2     4.8    49.9     0.00 C     6.3     2.0     4.5    98.2    91.7    96.9   0.226   0.183 -99.000 -99.000 -99.000     5.7     5.9 -9999.0 -9999.0 -9999.0
04237 20151213  2.423 -123.81   47.51     6.6     3.9     5.3     5.5    37.8     0.59 C     6.8     2.9     5.3    98.1    84.8    96.2   0.224   0.185 -99.000 -99.000 -99.000     5.9     5.9 -9999.0 -9999.0 -9999.0
04237 20151214  2.423 -123.81   47.51     5.6    -0.3     2.7     2.2     0.3     2.74 C     7.1    -2.1     0.9    98.9    72.9    96.1   0.188   0.153 -99.000 -99.000 -99.000     4.7     5.0 -9999.0 -9999.0 -9999.0
04237 20151215  2.423 -123.81   47.51     5.1    -0.8     2.2     2.6     5.7     1.51 C     6.3    -2.8     2.0   100.0    84.2    96.4   0.186   0.147 -99.000 -99.000 -99.000     3.9     4.1 -9999.0 -9999.0 -9999.0
04237 20151216  2.423 -123.81   47.51     4.7    -0.6     2.1     2.0     0.0     2.25 C     5.1    -2.5     1.0    99.2    71.5    93.2   0.187   0.153 -99.000 -99.000 -99.000     3.7     4.0 -9999.0 -9999.0 -9999.0
04237 20151217  2.423 -123.81   47.51     7.0     2.6     4.8     5.9    38.9     0.34 C     6.5     2.3     5.2   100.0    84.2    94.2   0.225   0.180 -99.000 -99.000 -99.000     4.6     4.5 -9999.0 -9999.0 -9999.0
04237 20151218  2.423 -123.81   47.51     7.8     2.5     5.1     5.5    17.0     1.47 C     9.8     1.4     5.3   100.0    95.6    98.8   0.215   0.174 -99.000 -99.000 -99.000     5.4     5.3 -9999.0 -9999.0 -9999.0
04237 20151219  2.423 -123.81   47.51     4.8     2.7     3.7     3.7    16.5     0.83 C     5.8     1.9     3.8    98.3    94.7    97.3   0.217   0.174 -99.000 -99.000 -99.000     4.7     4.8 -9999.0 -9999.0 -9999.0
04237 20151220  2.423 -123.81   47.51     5.3     1.6     3.5     3.4    33.2     1.07 C     6.8     0.8     3.5   100.0    95.9    98.3   0.226   0.182 -99.000 -99.000 -99.000     4.5     4.6 -9999.0 -9999.0 -9999.0
04237 20151221  2.423 -123.81   47.51     4.9     2.7     3.8     3.5    33.0     1.05 C     6.5     2.7     3.6   100.0    89.9    96.2   0.227   0.183 -99.000 -99.000 -99.000     4.3     4.4 -9999.0 -9999.0 -9999.0
04237 20151222  2.423 -123.81   47.51     4.1     0.1     2.1     2.2    28.4     1.03 C     5.4     0.1     2.1   100.0    93.0    97.4   0.225   0.180 -99.000 -99.000 -99.000     3.9     4.1 -9999.0 -9999.0 -9999.0
04237 20151223  2.423 -123.81   47.51     2.4     0.1     1.3     0.8    52.5     0.28 C     1.6     0.0     0.6   100.0    97.7    98.9   0.240   0.193 -99.000 -99.000 -99.000     2.5     2.9 -9999.0 -9999.0 -9999.0
04237 20151224  2.423 -123.81   47.51     2.1     0.0     1.0     0.6    11.3     1.56 C     1.4    -1.7     0.2    99.0    98.4    98.7   0.217   0.175 -99.000 -99.000 -99.000     2.2     2.3 -9999.0 -9999.0 -9999.0
04237 20151225  2.423 -123.81   47.51     3.7    -0.9     1.4     0.2     0.0     2.55 C     2.5    -3.6    -1.4    98.9    79.4    97.2   0.194   0.154 -99.000 -99.000 -99.000     1.9     2.1 -9999.0 -9999.0 -9999.0
04237 20151226  2.423 -123.81   47.51     4.0    -0.2     1.9     1.7     0.0     0.93 C     1.8    -2.2     0.3    97.8    76.1    91.2   0.191   0.150 -99.000 -99.000 -99.000     1.7     1.9 -9999.0 -9999.0 -9999.0
04237 20151227  2.423 -123.81   47.51     3.5     1.5     2.5     2.6    29.1     0.11 C     3.4     0.7     2.0    98.7    86.5    96.2   0.221   0.176 -99.000 -99.000 -99.000     2.2     2.3 -9999.0 -9999.0 -9999.0
04237 20151228  2.423 -123.81   47.51     5.7    -0.1     2.8     2.8     0.0     2.81 C    10.2    -1.2     2.8    99.0    87.6    97.4   0.194   0.153 -99.000 -99.000 -99.000     2.8     2.8 -9999.0 -9999.0 -9999.0
04237 20151229  2.423 -123.81   47.51     5.6    -0.7     2.5     1.3     0.0     2.58 C     6.6    -2.6     0.2    99.1    70.6    92.5   0.185   0.144 -99.000 -99.000 -99.000     2.4     2.6 -9999.0 -9999.0 -9999.0
04237 20151230  2.423 -123.81   47.51     4.0    -2.0     1.0    -0.1     0.0     2.81 C     3.2    -4.9    -2.5    98.3    62.7    88.4   0.182   0.138 -99.000 -99.000 -99.000     1.2     1.6 -9999.0 -9999.0 -9999.0
04237 20151231  2.423 -123.81   47.51     2.2    -3.1    -0.5    -1.4     0.0     3.29 C     2.8    -6.2    -3.6    98.6    91.8    97.2   0.235   0.137 -99.000 -99.000 -99.000     0.4     0.8 -9999.0 -9999.0 -9999.0
