96408 20150819  2.515 -150.87   63.45 -9999.0 -9999.0 -9999.0 -9999.0 -9999.0 -9999.00 U -9999.0 -9999.0 -9999.0 -9999.0 -9999.0 -9999.0 -99.000 -99.000 -99.000 -99.000 -99.000 -9999.0 -9999.0 -9999.0 -9999.0 -9999.0
96408 20150820  2.515 -150.87   63.45    14.3     5.0     9.6     9.1     0.0    15.24 C    26.9     0.3    10.4    90.0    45.2    68.6 -99.000 -99.000 -99.000 -99.000 -99.000 -9999.0 -9999.0 -9999.0 -9999.0 -9999.0
96408 20150821  2.515 -150.87   63.45    14.2     3.7     9.0     8.5     0.3    11.33 C    23.5     0.9     8.8    94.6    55.0    78.1 -99.000 -99.000 -99.000 -99.000 -99.000 -9999.0 -9999.0 -9999.0 -9999.0 -9999.0
96408 20150822  2.515 -150.87   63.45    10.1     5.2     7.7     6.6    10.5     6.91 C    16.3     4.2     7.5    97.2    72.1    91.5 -99.000 -99.000 -99.000 -99.000 -99.000 -9999.0 -9999.0 -9999.0 -9999.0 -9999.0
96408 20150823  2.515 -150.87   63.45     9.3     3.0     6.1     5.9     3.1     8.98 C    17.9     1.2     7.4    97.0    68.1    86.0 -99.000 -99.000 -99.000 -99.000 -99.000 -9999.0 -9999.0 -9999.0 -9999.0 -9999.0
96408 20150824  2.515 -150.87   63.45    11.8     3.9     7.9     7.3     0.9    11.66 C    22.7     3.3     9.1    94.0    49.5    73.6 -99.000 -99.000 -99.000 -99.000 -99.000 -9999.0 -9999.0 -9999.0 -9999.0 -9999.0
96408 20150825  2.515 -150.87   63.45    12.5     6.3     9.4    10.0    13.1     2.61 C    14.3     6.1    10.1    96.3    85.8    92.6 -99.000 -99.000 -99.000 -99.000 -99.000 -9999.0 -9999.0 -9999.0 -9999.0 -9999.0
96408 20150826  2.515 -150.87   63.45    14.7     6.8    10.8     9.9    30.9     6.62 C    17.4     6.5     9.8    95.8    64.4    89.7 -99.000 -99.000 -99.000 -99.000 -99.000 -9999.0 -9999.0 -9999.0 -9999.0 -9999.0
96408 20150827  2.515 -150.87   63.45     6.8     0.5     3.6     3.4    29.6     3.68 C     7.8    -0.3     3.3    96.4    76.4    92.5 -99.000 -99.000 -99.000 -99.000 -99.000 -9999.0 -9999.0 -9999.0 -9999.0 -9999.0
96408 20150828  2.515 -150.87   63.45     2.7    -0.2     1.2     1.1     6.8     3.95 C     4.8    -1.5     1.2    96.7    87.9    93.1 -99.000 -99.000 -99.000 -99.000 -99.000 -9999.0 -9999.0 -9999.0 -9999.0 -9999.0
96408 20150829  2.515 -150.87   63.45     4.0    -0.4     1.8     1.0     5.9     5.47 C    11.4    -1.2     1.9    97.6    76.6    92.9 -99.000 -99.000 -99.000 -99.000 -99.000 -9999.0 -9999.0 -9999.0 -9999.0 -9999.0
96408 20150830  2.515 -150.87   63.45     2.5    -1.5     0.5    -0.2     1.9     5.94 C     8.1    -2.4     0.2    97.4    79.4    92.0 -99.000 -99.000 -99.000 -99.000 -99.000 -9999.0 -9999.0 -9999.0 -9999.0 -9999.0
96408 20150831  2.515 -150.87   63.45     5.6    -1.1     2.2     1.6     1.0     8.99 C    15.1    -2.0     2.4    97.5    55.9    80.8 -99.000 -99.000 -99.000 -99.000 -99.000 -9999.0 -9999.0 -9999.0 -9999.0 -9999.0
96408 20150901  2.515 -150.87   63.45    10.7    -1.9     4.4     4.4     0.0    17.61 C    18.0    -6.5     3.8    85.8    37.2    61.4 -99.000 -99.000 -99.000 -99.000 -99.000 -9999.0 -9999.0 -9999.0 -9999.0 -9999.0
96408 20150902  2.515 -150.87   63.45    15.0     0.5     7.8     7.9     0.0    15.29 C    23.9    -5.8     7.0    76.3    20.5    50.5 -99.000 -99.000 -99.000 -99.000 -99.000 -9999.0 -9999.0 -9999.0 -9999.0 -9999.0
96408 20150903  2.515 -150.87   63.45    16.8     4.8    10.8    10.4     0.0    11.74 C    28.2     1.7    10.5    80.1    23.0    52.0 -99.000 -99.000 -99.000 -99.000 -99.000 -9999.0 -9999.0 -9999.0 -9999.0 -9999.0
96408 20150904  2.515 -150.87   63.45    10.5     5.6     8.0     7.8     5.4     5.77 C    15.6     4.0     8.6    96.8    75.2    89.0 -99.000 -99.000 -99.000 -99.000 -99.000 -9999.0 -9999.0 -9999.0 -9999.0 -9999.0
96408 20150905  2.515 -150.87   63.45    11.2     6.6     8.9     8.3     9.4     7.09 C    21.1     2.8     9.2    97.2    78.4    92.2 -99.000 -99.000 -99.000 -99.000 -99.000 -9999.0 -9999.0 -9999.0 -9999.0 -9999.0
96408 20150906  2.515 -150.87   63.45    14.4     3.5     8.9     9.1     0.0    14.73 C    21.6    -1.5     8.6    95.6    45.2    71.5 -99.000 -99.000 -99.000 -99.000 -99.000 -9999.0 -9999.0 -9999.0 -9999.0 -9999.0
96408 20150907  2.515 -150.87   63.45    12.3     5.3     8.8     8.5     0.0     7.08 C    20.2    -1.5     8.4    92.1    55.6    77.4 -99.000 -99.000 -99.000 -99.000 -99.000 -9999.0 -9999.0 -9999.0 -9999.0 -9999.0
96408 20150908  2.515 -150.87   63.45    12.4     5.1     8.7     8.6     3.6     6.21 C    16.3     1.8     7.7    90.7    54.1    75.8 -99.000 -99.000 -99.000 -99.000 -99.000 -9999.0 -9999.0 -9999.0 -9999.0 -9999.0
96408 20150909  2.515 -150.87   63.45    13.3     4.4     8.9     7.8     6.4     8.88 C    21.0    -1.9     7.3    96.6    42.4    77.7 -99.000 -99.000 -99.000 -99.000 -99.000 -9999.0 -9999.0 -9999.0 -9999.0 -9999.0
96408 20150910  2.515 -150.87   63.45    14.5     2.4     8.5     8.5     0.2     8.59 C    21.9    -3.9     5.7    86.5    30.4    58.9 -99.000 -99.000 -99.000 -99.000 -99.000 -9999.0 -9999.0 -9999.0 -9999.0 -9999.0
96408 20150911  2.515 -150.87   63.45    13.6     2.3     8.0     6.7     3.0    11.52 C    26.5    -3.9     6.6    95.1    38.3    72.1 -99.000 -99.000 -99.000 -99.000 -99.000 -9999.0 -9999.0 -9999.0 -9999.0 -9999.0
96408 20150912  2.515 -150.87   63.45     3.7    -1.2     1.2     0.6     5.7     8.72 C     7.2    -5.0     0.0    97.4    59.8    84.0 -99.000 -99.000 -99.000 -99.000 -99.000 -9999.0 -9999.0 -9999.0 -9999.0 -9999.0
96408 20150913  2.515 -150.87   63.45     6.0    -0.5     2.7     3.1     8.2     2.15 C     7.0    -3.4     2.4    95.3    59.0    85.0 -99.000 -99.000 -99.000 -99.000 -99.000 -9999.0 -9999.0 -9999.0 -9999.0 -9999.0
96408 20150914  2.515 -150.87   63.45     5.0     1.2     3.1     2.8     7.7     2.59 C     6.9    -1.2     2.9    97.4    86.8    93.2 -99.000 -99.000 -99.000 -99.000 -99.000 -9999.0 -9999.0 -9999.0 -9999.0 -9999.0
96408 20150915  2.515 -150.87   63.45     4.5     0.9     2.7     2.9     8.0     3.67 C     9.9    -1.3     3.8    97.5    74.3    92.8 -99.000 -99.000 -99.000 -99.000 -99.000 -9999.0 -9999.0 -9999.0 -9999.0 -9999.0
96408 20150916  2.515 -150.87   63.45     3.9    -0.5     1.7     1.1     2.1     5.74 C    12.8    -0.9     2.0    97.2    75.2    91.1 -99.000 -99.000 -99.000 -99.000 -99.000 -9999.0 -9999.0 -9999.0 -9999.0 -9999.0
96408 20150917  2.515 -150.87   63.45     3.4    -1.8     0.8     0.4     0.3     4.75 C    10.4    -3.3     1.5    97.7    73.1    90.8 -99.000 -99.000 -99.000 -99.000 -99.000 -9999.0 -9999.0 -9999.0 -9999.0 -9999.0
96408 20150918  2.515 -150.87   63.45     2.6    -0.9     0.8     0.6     1.2     3.68 C     8.6    -1.4     1.6    97.7    81.2    94.1 -99.000 -99.000 -99.000 -99.000 -99.000 -9999.0 -9999.0 -9999.0 -9999.0 -9999.0
96408 20150919  2.515 -150.87   63.45     1.3    -1.5    -0.1    -0.1     1.1     3.71 C     4.9    -1.7     0.9    97.6    85.6    94.5 -99.000 -99.000 -99.000 -99.000 -99.000 -9999.0 -9999.0 -9999.0 -9999.0 -9999.0
96408 20150920  2.515 -150.87   63.45     2.2    -1.9     0.1    -0.6     2.9     5.99 C    13.8    -2.6     0.3    97.5    76.6    93.2 -99.000 -99.000 -99.000 -99.000 -99.000 -9999.0 -9999.0 -9999.0 -9999.0 -9999.0
96408 20150921  2.515 -150.87   63.45    -0.6    -2.0    -1.3    -1.4     5.6     0.96 C    -0.3    -2.5    -1.2    97.6    88.0    94.2 -99.000 -99.000 -99.000 -99.000 -99.000 -9999.0 -9999.0 -9999.0 -9999.0 -9999.0
96408 20150922  2.515 -150.87   63.45    -1.2    -3.7    -2.5    -2.7     1.5     2.16 C    -0.1    -6.5    -2.9    93.7    68.4    83.8 -99.000 -99.000 -99.000 -99.000 -99.000 -9999.0 -9999.0 -9999.0 -9999.0 -9999.0
96408 20150923  2.515 -150.87   63.45    -0.9    -7.9    -4.4    -3.3     0.3     4.70 C    -0.5   -14.0    -4.7    84.2    56.7    72.6 -99.000 -99.000 -99.000 -99.000 -99.000 -9999.0 -9999.0 -9999.0 -9999.0 -9999.0
96408 20150924  2.515 -150.87   63.45     2.7    -9.3    -3.3    -3.2     0.0    11.94 C     3.6   -16.2    -6.2    92.3    39.9    62.2 -99.000 -99.000 -99.000 -99.000 -99.000 -9999.0 -9999.0 -9999.0 -9999.0 -9999.0
96408 20150925  2.515 -150.87   63.45     2.2    -1.7     0.3     0.4    15.8     0.90 C     1.4    -1.9    -0.5    96.5    63.3    89.4 -99.000 -99.000 -99.000 -99.000 -99.000 -9999.0 -9999.0 -9999.0 -9999.0 -9999.0
96408 20150926  2.515 -150.87   63.45     1.3    -1.4     0.0     0.1     2.4     2.87 C     4.0    -3.0    -0.2    97.8    78.0    92.5 -99.000 -99.000 -99.000 -99.000 -99.000 -9999.0 -9999.0 -9999.0 -9999.0 -9999.0
96408 20150927  2.515 -150.87   63.45     8.4     0.7     4.6     4.8     7.1     3.17 C    12.3     0.0     3.9    97.6    64.7    81.7 -99.000 -99.000 -99.000 -99.000 -99.000 -9999.0 -9999.0 -9999.0 -9999.0 -9999.0
96408 20150928  2.515 -150.87   63.45    10.0    -1.7     4.2     3.7    14.7     1.78 C     6.5    -2.2     3.1    97.4    50.3    86.7 -99.000 -99.000 -99.000 -99.000 -99.000 -9999.0 -9999.0 -9999.0 -9999.0 -9999.0
96408 20150929  2.515 -150.87   63.45    -1.7    -5.6    -3.6    -4.0    13.0     0.36 C    -2.2    -6.1    -4.4    95.0    83.0    90.1 -99.000 -99.000 -99.000 -99.000 -99.000 -9999.0 -9999.0 -9999.0 -9999.0 -9999.0
96408 20150930  2.515 -150.87   63.45    -2.0    -5.5    -3.8    -3.8     2.9     1.20 C    -2.7    -6.2    -4.6    93.7    81.8    89.2 -99.000 -99.000 -99.000 -99.000 -99.000 -9999.0 -9999.0 -9999.0 -9999.0 -9999.0
96408 20151001  2.515 -150.87   63.45     1.6    -2.4    -0.4    -0.9     1.9     6.55 C    -1.4    -7.1    -3.8    96.1    48.9    76.5 -99.000 -99.000 -99.000 -99.000 -99.000 -9999.0 -9999.0 -9999.0 -9999.0 -9999.0
96408 20151002  2.515 -150.87   63.45     5.5    -0.1     2.7     2.5     6.1     2.66 C     0.0    -2.2    -0.7    94.0    49.2    72.1 -99.000 -99.000 -99.000 -99.000 -99.000 -9999.0 -9999.0 -9999.0 -9999.0 -9999.0
96408 20151003  2.515 -150.87   63.45     5.5     0.7     3.1     2.6     2.3     3.57 C     0.2    -2.2    -0.4    95.7    49.7    79.0 -99.000 -99.000 -99.000 -99.000 -99.000 -9999.0 -9999.0 -9999.0 -9999.0 -9999.0
96408 20151004  2.515 -150.87   63.45     4.3    -0.2     2.0     2.5     3.6     3.00 C     0.1    -6.0    -0.8    96.5    83.3    91.2 -99.000 -99.000 -99.000 -99.000 -99.000 -9999.0 -9999.0 -9999.0 -9999.0 -9999.0
96408 20151005  2.515 -150.87   63.45     6.1    -1.6     2.2     1.9     0.0     8.66 C     0.0    -8.6    -3.3    93.2    45.3    70.0 -99.000 -99.000 -99.000 -99.000 -99.000 -9999.0 -9999.0 -9999.0 -9999.0 -9999.0
96408 20151006  2.515 -150.87   63.45     6.1    -2.3     1.9     1.6     0.0     6.75 C     0.7    -8.5    -3.8    77.2    45.0    58.4 -99.000 -99.000 -99.000 -99.000 -99.000 -9999.0 -9999.0 -9999.0 -9999.0 -9999.0
96408 20151007  2.515 -150.87   63.45     6.0    -2.6     1.7     1.3     0.0     5.55 C     1.1    -6.9    -3.3    93.6    42.4    64.5 -99.000 -99.000 -99.000 -99.000 -99.000 -9999.0 -9999.0 -9999.0 -9999.0 -9999.0
96408 20151008  2.515 -150.87   63.45     4.8    -7.1    -1.2    -1.9     0.0     2.11 C     0.3    -7.8    -3.4    96.9    69.3    86.7 -99.000 -99.000 -99.000 -99.000 -99.000 -9999.0 -9999.0 -9999.0 -9999.0 -9999.0
96408 20151009  2.515 -150.87   63.45     1.9    -5.0    -1.5    -3.1     0.0     3.30 C    -0.3    -5.4    -3.2    97.3    78.6    90.4 -99.000 -99.000 -99.000 -99.000 -99.000 -9999.0 -9999.0 -9999.0 -9999.0 -9999.0
96408 20151010  2.515 -150.87   63.45     0.8    -7.0    -3.1    -3.3     0.0     6.17 C     1.2    -8.7    -4.6    94.7    67.2    84.9 -99.000 -99.000 -99.000 -99.000 -99.000 -9999.0 -9999.0 -9999.0 -9999.0 -9999.0
96408 20151011  2.515 -150.87   63.45     6.9    -6.0     0.4    -0.3     0.0     6.91 C     2.4    -8.5    -4.1    91.8    46.9    75.1 -99.000 -99.000 -99.000 -99.000 -99.000 -9999.0 -9999.0 -9999.0 -9999.0 -9999.0
96408 20151012  2.515 -150.87   63.45     0.5   -10.1    -4.8    -5.0     0.0     6.77 C     0.2   -12.0    -7.7    95.9    66.8    86.8 -99.000 -99.000 -99.000 -99.000 -99.000 -9999.0 -9999.0 -9999.0 -9999.0 -9999.0
96408 20151013  2.515 -150.87   63.45     2.1    -7.0    -2.5    -2.2     0.0     5.51 C     0.9   -12.6    -5.9    93.8    62.0    79.2 -99.000 -99.000 -99.000 -99.000 -99.000 -9999.0 -9999.0 -9999.0 -9999.0 -9999.0
96408 20151014  2.515 -150.87   63.45     6.5    -2.6     1.9     1.2     0.0     4.80 C     2.9    -6.7    -3.0    82.1    47.6    66.5 -99.000 -99.000 -99.000 -99.000 -99.000 -9999.0 -9999.0 -9999.0 -9999.0 -9999.0
96408 20151015  2.515 -150.87   63.45     4.6    -4.4     0.1    -0.6     0.0     6.34 C     2.1   -10.9    -5.3    83.8    41.5    62.3 -99.000 -99.000 -99.000 -99.000 -99.000 -9999.0 -9999.0 -9999.0 -9999.0 -9999.0
96408 20151016  2.515 -150.87   63.45     1.6   -11.2    -4.8    -5.3     0.0     3.03 C    -0.8   -12.4    -6.6    96.2    68.7    84.4 -99.000 -99.000 -99.000 -99.000 -99.000 -9999.0 -9999.0 -9999.0 -9999.0 -9999.0
96408 20151017  2.515 -150.87   63.45     3.7    -4.7    -0.5     0.1     3.5     1.44 C     0.9    -5.3    -0.8    96.9    77.6    89.3 -99.000 -99.000 -99.000 -99.000 -99.000 -9999.0 -9999.0 -9999.0 -9999.0 -9999.0
96408 20151018  2.515 -150.87   63.45     6.2    -1.7     2.2     1.7     1.2     5.40 C     4.5    -1.4     0.5    97.9    74.6    91.3 -99.000 -99.000 -99.000 -99.000 -99.000 -9999.0 -9999.0 -9999.0 -9999.0 -9999.0
96408 20151019  2.515 -150.87   63.45     4.1    -5.0    -0.4    -0.8     1.8     5.18 C     2.6    -8.5    -2.1    97.9    67.1    91.7 -99.000 -99.000 -99.000 -99.000 -99.000 -9999.0 -9999.0 -9999.0 -9999.0 -9999.0
96408 20151020  2.515 -150.87   63.45     0.9    -8.8    -3.9    -3.1     0.0     4.75 C     1.6    -8.5    -4.8    96.7    57.1    80.7 -99.000 -99.000 -99.000 -99.000 -99.000 -9999.0 -9999.0 -9999.0 -9999.0 -9999.0
96408 20151021  2.515 -150.87   63.45    -3.8   -11.2    -7.5    -7.6     0.0     4.64 C    -0.3   -13.1    -7.5    92.2    81.0    88.3 -99.000 -99.000 -99.000 -99.000 -99.000 -9999.0 -9999.0 -9999.0 -9999.0 -9999.0
96408 20151022  2.515 -150.87   63.45    -4.2   -10.8    -7.5    -7.6     0.0     4.53 C    -1.8   -13.5    -8.0    91.2    78.6    87.6 -99.000 -99.000 -99.000 -99.000 -99.000 -9999.0 -9999.0 -9999.0 -9999.0 -9999.0
96408 20151023  2.515 -150.87   63.45     1.7    -8.8    -3.5    -3.8     0.0     4.52 C     0.6   -11.9    -6.1    95.2    58.1    80.3 -99.000 -99.000 -99.000 -99.000 -99.000 -9999.0 -9999.0 -9999.0 -9999.0 -9999.0
96408 20151024  2.515 -150.87   63.45     4.6    -8.1    -1.7    -2.6     0.0     1.56 C    -0.2   -10.4    -6.5    92.2    51.1    69.4 -99.000 -99.000 -99.000 -99.000 -99.000 -9999.0 -9999.0 -9999.0 -9999.0 -9999.0
96408 20151025  2.515 -150.87   63.45     5.2    -3.7     0.7     0.3     0.0     3.15 C     2.2    -9.7    -4.2    82.4    48.2    66.8 -99.000 -99.000 -99.000 -99.000 -99.000 -9999.0 -9999.0 -9999.0 -9999.0 -9999.0
96408 20151026  2.515 -150.87   63.45     6.2    -1.2     2.5     2.1     0.0     1.38 C     1.0    -6.2    -1.1    68.6    37.2    55.4 -99.000 -99.000 -99.000 -99.000 -99.000 -9999.0 -9999.0 -9999.0 -9999.0 -9999.0
96408 20151027  2.515 -150.87   63.45     6.6    -5.5     0.6     2.4     0.0     1.96 C     3.9    -5.6    -0.4    97.4    46.2    65.3 -99.000 -99.000 -99.000 -99.000 -99.000 -9999.0 -9999.0 -9999.0 -9999.0 -9999.0
96408 20151028  2.515 -150.87   63.45    -5.0    -8.3    -6.7    -6.3     0.2     1.01 C    -2.8    -7.8    -5.1    91.3    86.5    89.2 -99.000 -99.000 -99.000 -99.000 -99.000 -9999.0 -9999.0 -9999.0 -9999.0 -9999.0
96408 20151029  2.515 -150.87   63.45    -5.1    -9.0    -7.1    -7.2     9.1     0.23 C    -4.4    -9.4    -6.8    90.7    87.3    88.7 -99.000 -99.000 -99.000 -99.000 -99.000 -9999.0 -9999.0 -9999.0 -9999.0 -9999.0
96408 20151030  2.515 -150.87   63.45    -8.4   -12.4   -10.4    -9.8     3.7     0.62 C    -8.2   -21.1   -11.8    88.3    82.9    86.9 -99.000 -99.000 -99.000 -99.000 -99.000 -9999.0 -9999.0 -9999.0 -9999.0 -9999.0
96408 20151031  2.515 -150.87   63.45    -9.6   -14.8   -12.2   -12.3     1.8     0.31 C    -9.8   -23.8   -13.7    88.0    79.8    85.1 -99.000 -99.000 -99.000 -99.000 -99.000 -9999.0 -9999.0 -9999.0 -9999.0 -9999.0
96408 20151101  2.515 -150.87   63.45    -2.2    -9.7    -5.9    -5.2     3.1     0.19 C    -2.9   -10.5    -6.1    96.4    77.0    88.4 -99.000 -99.000 -99.000 -99.000 -99.000 -9999.0 -9999.0 -9999.0 -9999.0 -9999.0
96408 20151102  2.515 -150.87   63.45    -0.5    -6.0    -3.3    -2.7     0.7     1.84 C    -1.8   -14.7    -8.1    96.6    46.6    74.6 -99.000 -99.000 -99.000 -99.000 -99.000 -9999.0 -9999.0 -9999.0 -9999.0 -9999.0
96408 20151103  2.515 -150.87   63.45    -2.3    -7.5    -4.9    -4.2     0.3     1.43 C    -3.8   -10.9    -7.1    94.5    47.9    71.2 -99.000 -99.000 -99.000 -99.000 -99.000 -9999.0 -9999.0 -9999.0 -9999.0 -9999.0
96408 20151104  2.515 -150.87   63.45    -0.3    -7.6    -3.9    -3.5     0.0     1.08 C    -4.5   -18.4    -9.5    92.2    46.6    64.3 -99.000 -99.000 -99.000 -99.000 -99.000 -9999.0 -9999.0 -9999.0 -9999.0 -9999.0
96408 20151105  2.515 -150.87   63.45     1.8    -7.5    -2.9    -3.9     0.0     1.01 C    -3.2   -13.3    -7.9    86.6    51.5    66.4 -99.000 -99.000 -99.000 -99.000 -99.000 -9999.0 -9999.0 -9999.0 -9999.0 -9999.0
96408 20151106  2.515 -150.87   63.45    -4.5    -7.4    -5.9    -5.6    17.5     0.21 C    -5.0    -6.8    -5.8    94.8    88.2    92.1 -99.000 -99.000 -99.000 -99.000 -99.000 -9999.0 -9999.0 -9999.0 -9999.0 -9999.0
96408 20151107  2.515 -150.87   63.45    -4.8    -9.2    -7.0    -5.7     2.5     0.92 C    -5.1   -21.2    -7.6    94.2    78.6    89.5 -99.000 -99.000 -99.000 -99.000 -99.000 -9999.0 -9999.0 -9999.0 -9999.0 -9999.0
96408 20151108  2.515 -150.87   63.45 -9999.0 -9999.0 -9999.0 -9999.0 -9999.0 -9999.00 U -9999.0 -9999.0 -9999.0 -9999.0 -9999.0 -9999.0 -99.000 -99.000 -99.000 -99.000 -99.000 -9999.0 -9999.0 -9999.0 -9999.0 -9999.0
96408 20151109  2.515 -150.87   63.45 -9999.0 -9999.0 -9999.0 -9999.0 -9999.0 -9999.00 U -9999.0 -9999.0 -9999.0 -9999.0 -9999.0 -9999.0 -99.000 -99.000 -99.000 -99.000 -99.000 -9999.0 -9999.0 -9999.0 -9999.0 -9999.0
96408 20151110  2.515 -150.87   63.45 -9999.0 -9999.0 -9999.0 -9999.0 -9999.0 -9999.00 U -9999.0 -9999.0 -9999.0 -9999.0 -9999.0 -9999.0 -99.000 -99.000 -99.000 -99.000 -99.000 -9999.0 -9999.0 -9999.0 -9999.0 -9999.0
96408 20151111  2.515 -150.87   63.45    -6.3   -12.2    -9.3    -9.3     0.4     2.68 C    -8.0   -20.8   -15.1    84.6    45.8    62.7 -99.000 -99.000 -99.000 -99.000 -99.000 -9999.0 -9999.0 -9999.0 -9999.0 -9999.0
96408 20151112  2.515 -150.87   63.45    -7.7   -26.0   -16.9   -19.4     0.0     1.64 C   -10.6   -33.3   -23.2    90.6    47.3    74.4 -99.000 -99.000 -99.000 -99.000 -99.000 -9999.0 -9999.0 -9999.0 -9999.0 -9999.0
96408 20151113  2.515 -150.87   63.45   -14.8   -22.2   -18.5   -17.9     1.2     0.39 C   -15.4   -22.7   -18.4    83.1    76.3    80.3 -99.000 -99.000 -99.000 -99.000 -99.000 -9999.0 -9999.0 -9999.0 -9999.0 -9999.0
96408 20151114  2.515 -150.87   63.45 -9999.0 -9999.0 -9999.0 -9999.0 -9999.0 -9999.00 U -9999.0 -9999.0 -9999.0 -9999.0 -9999.0 -9999.0 -99.000 -99.000 -99.000 -99.000 -99.000 -9999.0 -9999.0 -9999.0 -9999.0 -9999.0
96408 20151115  2.515 -150.87   63.45 -9999.0 -9999.0 -9999.0 -9999.0 -9999.0 -9999.00 U -9999.0 -9999.0 -9999.0 -9999.0 -9999.0 -9999.0 -99.000 -99.000 -99.000 -99.000 -99.000 -9999.0 -9999.0 -9999.0 -9999.0 -9999.0
96408 20151116  2.515 -150.87   63.45 -9999.0 -9999.0 -9999.0 -9999.0 -9999.0 -9999.00 U -9999.0 -9999.0 -9999.0 -9999.0 -9999.0 -9999.0 -99.000 -99.000 -99.000 -99.000 -99.000 -9999.0 -9999.0 -9999.0 -9999.0 -9999.0
96408 20151117  2.515 -150.87   63.45 -9999.0 -9999.0 -9999.0 -9999.0 -9999.0 -9999.00 U -9999.0 -9999.0 -9999.0 -9999.0 -9999.0 -9999.0 -99.000 -99.000 -99.000 -99.000 -99.000 -9999.0 -9999.0 -9999.0 -9999.0 -9999.0
96408 20151118  2.515 -150.87   63.45 -9999.0 -9999.0 -9999.0 -9999.0 -9999.0 -9999.00 U -9999.0 -9999.0 -9999.0 -9999.0 -9999.0 -9999.0 -99.000 -99.000 -99.000 -99.000 -99.000 -9999.0 -9999.0 -9999.0 -9999.0 -9999.0
96408 20151119  2.515 -150.87   63.45 -9999.0 -9999.0 -9999.0 -9999.0 -9999.0 -9999.00 U -9999.0 -9999.0 -9999.0 -9999.0 -9999.0 -9999.0 -99.000 -99.000 -99.000 -99.000 -99.000 -9999.0 -9999.0 -9999.0 -9999.0 -9999.0
96408 20151120  2.515 -150.87   63.45 -9999.0 -9999.0 -9999.0 -9999.0 -9999.0 -9999.00 U -9999.0 -9999.0 -9999.0 -9999.0 -9999.0 -9999.0 -99.000 -99.000 -99.000 -99.000 -99.000 -9999.0 -9999.0 -9999.0 -9999.0 -9999.0
96408 20151121  2.515 -150.87   63.45 -9999.0 -9999.0 -9999.0 -9999.0 -9999.0 -9999.00 U -9999.0 -9999.0 -9999.0 -9999.0 -9999.0 -9999.0 -99.000 -99.000 -99.000 -99.000 -99.000 -9999.0 -9999.0 -9999.0 -9999.0 -9999.0
96408 20151122  2.515 -150.87   63.45 -9999.0 -9999.0 -9999.0 -9999.0 -9999.0 -9999.00 U -9999.0 -9999.0 -9999.0 -9999.0 -9999.0 -9999.0 -99.000 -99.000 -99.000 -99.000 -99.000 -9999.0 -9999.0 -9999.0 -9999.0 -9999.0
96408 20151123 -9.000 -150.87   63.45 -9999.0 -9999.0 -9999.0 -9999.0 -9999.0 -9999.00 U -9999.0 -9999.0 -9999.0 -9999.0 -9999.0 -9999.0 -99.000 -99.000 -99.000 -99.000 -99.000 -9999.0 -9999.0 -9999.0 -9999.0 -9999.0
96408 20151124 -9.000 -150.87   63.45 -9999.0 -9999.0 -9999.0 -9999.0 -9999.0 -9999.00 U -9999.0 -9999.0 -9999.0 -9999.0 -9999.0 -9999.0 -99.000 -99.000 -99.000 -99.000 -99.000 -9999.0 -9999.0 -9999.0 -9999.0 -9999.0
96408 20151125 -9.000 -150.87   63.45 -9999.0 -9999.0 -9999.0 -9999.0 -9999.0 -9999.00 U -9999.0 -9999.0 -9999.0 -9999.0 -9999.0 -9999.0 -99.000 -99.000 -99.000 -99.000 -99.000 -9999.0 -9999.0 -9999.0 -9999.0 -9999.0
96408 20151126 -9.000 -150.87   63.45 -9999.0 -9999.0 -9999.0 -9999.0 -9999.0 -9999.00 U -9999.0 -9999.0 -9999.0 -9999.0 -9999.0 -9999.0 -99.000 -99.000 -99.000 -99.000 -99.000 -9999.0 -9999.0 -9999.0 -9999.0 -9999.0
96408 20151127 -9.000 -150.87   63.45 -9999.0 -9999.0 -9999.0 -9999.0 -9999.0 -9999.00 U -9999.0 -9999.0 -9999.0 -9999.0 -9999.0 -9999.0 -99.000 -99.000 -99.000 -99.000 -99.000 -9999.0 -9999.0 -9999.0 -9999.0 -9999.0
96408 20151128  2.515 -150.87   63.45 -9999.0 -9999.0 -9999.0 -9999.0 -9999.0 -9999.00 U -9999.0 -9999.0 -9999.0 -9999.0 -9999.0 -9999.0 -99.000 -99.000 -99.000 -99.000 -99.000 -9999.0 -9999.0 -9999.0 -9999.0 -9999.0
96408 20151129  2.515 -150.87   63.45 -9999.0 -9999.0 -9999.0 -9999.0 -9999.0 -9999.00 U -9999.0 -9999.0 -9999.0 -9999.0 -9999.0 -9999.0 -99.000 -99.000 -99.000 -99.000 -99.000 -9999.0 -9999.0 -9999.0 -9999.0 -9999.0
96408 20151130  2.515 -150.87   63.45 -9999.0 -9999.0 -9999.0 -9999.0 -9999.0 -9999.00 U -9999.0 -9999.0 -9999.0 -9999.0 -9999.0 -9999.0 -99.000 -99.000 -99.000 -99.000 -99.000 -9999.0 -9999.0 -9999.0 -9999.0 -9999.0
96408 20151201  2.515 -150.87   63.45 -9999.0 -9999.0 -9999.0 -9999.0 -9999.0 -9999.00 U -9999.0 -9999.0 -9999.0 -9999.0 -9999.0 -9999.0 -99.000 -99.000 -99.000 -99.000 -99.000 -9999.0 -9999.0 -9999.0 -9999.0 -9999.0
96408 20151202  2.515 -150.87   63.45 -9999.0 -9999.0 -9999.0 -9999.0 -9999.0 -9999.00 U -9999.0 -9999.0 -9999.0 -9999.0 -9999.0 -9999.0 -99.000 -99.000 -99.000 -99.000 -99.000 -9999.0 -9999.0 -9999.0 -9999.0 -9999.0
96408 20151203  2.515 -150.87   63.45 -9999.0 -9999.0 -9999.0 -9999.0 -9999.0 -9999.00 U -9999.0 -9999.0 -9999.0 -9999.0 -9999.0 -9999.0 -99.000 -99.000 -99.000 -99.000 -99.000 -9999.0 -9999.0 -9999.0 -9999.0 -9999.0
96408 20151204 -9.000 -150.87   63.45 -9999.0 -9999.0 -9999.0 -9999.0 -9999.0 -9999.00 U -9999.0 -9999.0 -9999.0 -9999.0 -9999.0 -9999.0 -99.000 -99.000 -99.000 -99.000 -99.000 -9999.0 -9999.0 -9999.0 -9999.0 -9999.0
96408 20151205 -9.000 -150.87   63.45 -9999.0 -9999.0 -9999.0 -9999.0 -9999.0 -9999.00 U -9999.0 -9999.0 -9999.0 -9999.0 -9999.0 -9999.0 -99.000 -99.000 -99.000 -99.000 -99.000 -9999.0 -9999.0 -9999.0 -9999.0 -9999.0
96408 20151206 -9.000 -150.87   63.45 -9999.0 -9999.0 -9999.0 -9999.0 -9999.0 -9999.00 U -9999.0 -9999.0 -9999.0 -9999.0 -9999.0 -9999.0 -99.000 -99.000 -99.000 -99.000 -99.000 -9999.0 -9999.0 -9999.0 -9999.0 -9999.0
96408 20151207 -9.000 -150.87   63.45 -9999.0 -9999.0 -9999.0 -9999.0 -9999.0 -9999.00 U -9999.0 -9999.0 -9999.0 -9999.0 -9999.0 -9999.0 -99.000 -99.000 -99.000 -99.000 -99.000 -9999.0 -9999.0 -9999.0 -9999.0 -9999.0
96408 20151208  2.515 -150.87   63.45 -9999.0 -9999.0 -9999.0 -9999.0 -9999.0 -9999.00 U -9999.0 -9999.0 -9999.0 -9999.0 -9999.0 -9999.0 -99.000 -99.000 -99.000 -99.000 -99.000 -9999.0 -9999.0 -9999.0 -9999.0 -9999.0
96408 20151209 -9.000 -150.87   63.45 -9999.0 -9999.0 -9999.0 -9999.0 -9999.0 -9999.00 U -9999.0 -9999.0 -9999.0 -9999.0 -9999.0 -9999.0 -99.000 -99.000 -99.000 -99.000 -99.000 -9999.0 -9999.0 -9999.0 -9999.0 -9999.0
96408 20151210 -9.000 -150.87   63.45 -9999.0 -9999.0 -9999.0 -9999.0 -9999.0 -9999.00 U -9999.0 -9999.0 -9999.0 -9999.0 -9999.0 -9999.0 -99.000 -99.000 -99.000 -99.000 -99.000 -9999.0 -9999.0 -9999.0 -9999.0 -9999.0
96408 20151211 -9.000 -150.87   63.45 -9999.0 -9999.0 -9999.0 -9999.0 -9999.0 -9999.00 U -9999.0 -9999.0 -9999.0 -9999.0 -9999.0 -9999.0 -99.000 -99.000 -99.000 -99.000 -99.000 -9999.0 -9999.0 -9999.0 -9999.0 -9999.0
96408 20151212 -9.000 -150.87   63.45 -9999.0 -9999.0 -9999.0 -9999.0 -9999.0 -9999.00 U -9999.0 -9999.0 -9999.0 -9999.0 -9999.0 -9999.0 -99.000 -99.000 -99.000 -99.000 -99.000 -9999.0 -9999.0 -9999.0 -9999.0 -9999.0
96408 20151213 -9.000 -150.87   63.45 -9999.0 -9999.0 -9999.0 -9999.0 -9999.0 -9999.00 U -9999.0 -9999.0 -9999.0 -9999.0 -9999.0 -9999.0 -99.000 -99.000 -99.000 -99.000 -99.000 -9999.0 -9999.0 -9999.0 -9999.0 -9999.0
96408 20151214 -9.000 -150.87   63.45 -9999.0 -9999.0 -9999.0 -9999.0 -9999.0 -9999.00 U -9999.0 -9999.0 -9999.0 -9999.0 -9999.0 -9999.0 -99.000 -99.000 -99.000 -99.000 -99.000 -9999.0 -9999.0 -9999.0 -9999.0 -9999.0
96408 20151215 -9.000 -150.87   63.45 -9999.0 -9999.0 -9999.0 -9999.0 -9999.0 -9999.00 U -9999.0 -9999.0 -9999.0 -9999.0 -9999.0 -9999.0 -99.000 -99.000 -99.000 -99.000 -99.000 -9999.0 -9999.0 -9999.0 -9999.0 -9999.0
96408 20151216 -9.000 -150.87   63.45 -9999.0 -9999.0 -9999.0 -9999.0 -9999.0 -9999.00 U -9999.0 -9999.0 -9999.0 -9999.0 -9999.0 -9999.0 -99.000 -99.000 -99.000 -99.000 -99.000 -9999.0 -9999.0 -9999.0 -9999.0 -9999.0
96408 20151217 -9.000 -150.87   63.45 -9999.0 -9999.0 -9999.0 -9999.0 -9999.0 -9999.00 U -9999.0 -9999.0 -9999.0 -9999.0 -9999.0 -9999.0 -99.000 -99.000 -99.000 -99.000 -99.000 -9999.0 -9999.0 -9999.0 -9999.0 -9999.0
96408 20151218 -9.000 -150.87   63.45 -9999.0 -9999.0 -9999.0 -9999.0 -9999.0 -9999.00 U -9999.0 -9999.0 -9999.0 -9999.0 -9999.0 -9999.0 -99.000 -99.000 -99.000 -99.000 -99.000 -9999.0 -9999.0 -9999.0 -9999.0 -9999.0
96408 20151219 -9.000 -150.87   63.45 -9999.0 -9999.0 -9999.0 -9999.0 -9999.0 -9999.00 U -9999.0 -9999.0 -9999.0 -9999.0 -9999.0 -9999.0 -99.000 -99.000 -99.000 -99.000 -99.000 -9999.0 -9999.0 -9999.0 -9999.0 -9999.0
96408 20151220 -9.000 -150.87   63.45 -9999.0 -9999.0 -9999.0 -9999.0 -9999.0 -9999.00 U -9999.0 -9999.0 -9999.0 -9999.0 -9999.0 -9999.0 -99.000 -99.000 -99.000 -99.000 -99.000 -9999.0 -9999.0 -9999.0 -9999.0 -9999.0
96408 20151221 -9.000 -150.87   63.45 -9999.0 -9999.0 -9999.0 -9999.0 -9999.0 -9999.00 U -9999.0 -9999.0 -9999.0 -9999.0 -9999.0 -9999.0 -99.000 -99.000 -99.000 -99.000 -99.000 -9999.0 -9999.0 -9999.0 -9999.0 -9999.0
96408 20151222 -9.000 -150.87   63.45 -9999.0 -9999.0 -9999.0 -9999.0 -9999.0 -9999.00 U -9999.0 -9999.0 -9999.0 -9999.0 -9999.0 -9999.0 -99.000 -99.000 -99.000 -99.000 -99.000 -9999.0 -9999.0 -9999.0 -9999.0 -9999.0
96408 20151223 -9.000 -150.87   63.45 -9999.0 -9999.0 -9999.0 -9999.0 -9999.0 -9999.00 U -9999.0 -9999.0 -9999.0 -9999.0 -9999.0 -9999.0 -99.000 -99.000 -99.000 -99.000 -99.000 -9999.0 -9999.0 -9999.0 -9999.0 -9999.0
96408 20151224 -9.000 -150.87   63.45 -9999.0 -9999.0 -9999.0 -9999.0 -9999.0 -9999.00 U -9999.0 -9999.0 -9999.0 -9999.0 -9999.0 -9999.0 -99.000 -99.000 -99.000 -99.000 -99.000 -9999.0 -9999.0 -9999.0 -9999.0 -9999.0
96408 20151225 -9.000 -150.87   63.45 -9999.0 -9999.0 -9999.0 -9999.0 -9999.0 -9999.00 U -9999.0 -9999.0 -9999.0 -9999.0 -9999.0 -9999.0 -99.000 -99.000 -99.000 -99.000 -99.000 -9999.0 -9999.0 -9999.0 -9999.0 -9999.0
96408 20151226 -9.000 -150.87   63.45 -9999.0 -9999.0 -9999.0 -9999.0 -9999.0 -9999.00 U -9999.0 -9999.0 -9999.0 -9999.0 -9999.0 -9999.0 -99.000 -99.000 -99.000 -99.000 -99.000 -9999.0 -9999.0 -9999.0 -9999.0 -9999.0
96408 20151227 -9.000 -150.87   63.45 -9999.0 -9999.0 -9999.0 -9999.0 -9999.0 -9999.00 U -9999.0 -9999.0 -9999.0 -9999.0 -9999.0 -9999.0 -99.000 -99.000 -99.000 -99.000 -99.000 -9999.0 -9999.0 -9999.0 -9999.0 -9999.0
96408 20151228 -9.000 -150.87   63.45 -9999.0 -9999.0 -9999.0 -9999.0 -9999.0 -9999.00 U -9999.0 -9999.0 -9999.0 -9999.0 -9999.0 -9999.0 -99.000 -99.000 -99.000 -99.000 -99.000 -9999.0 -9999.0 -9999.0 -9999.0 -9999.0
96408 20151229 -9.000 -150.87   63.45 -9999.0 -9999.0 -9999.0 -9999.0 -9999.0 -9999.00 U -9999.0 -9999.0 -9999.0 -9999.0 -9999.0 -9999.0 -99.000 -99.000 -99.000 -99.000 -99.000 -9999.0 -9999.0 -9999.0 -9999.0 -9999.0
96408 20151230 -9.000 -150.87   63.45 -9999.0 -9999.0 -9999.0 -9999.0 -9999.0 -9999.00 U -9999.0 -9999.0 -9999.0 -9999.0 -9999.0 -9999.0 -99.000 -99.000 -99.000 -99.000 -99.000 -9999.0 -9999.0 -9999.0 -9999.0 -9999.0
96408 20151231 -9.000 -150.87   63.45 -9999.0 -9999.0 -9999.0 -9999.0 -9999.0 -9999.00 U -9999.0 -9999.0 -9999.0 -9999.0 -9999.0 -9999.0 -99.000 -99.000 -99.000 -99.000 -99.000 -9999.0 -9999.0 -9999.0 -9999.0 -9999.0
