94080 20150101  2.423 -103.38   46.89    -1.6    -5.7    -3.6    -3.1     0.0     2.65 C    -1.8    -8.7    -4.5    83.7    53.7    66.9 -99.000 -99.000 -99.000 -99.000 -99.000    -2.4    -2.5 -9999.0 -9999.0 -9999.0
94080 20150102  2.423 -103.38   46.89     3.3    -7.6    -2.1    -0.8     0.0     6.24 C    -0.5   -10.5    -3.6    90.1    53.7    69.1 -99.000 -99.000 -99.000 -99.000 -99.000    -1.8    -1.9 -9999.0 -9999.0 -9999.0
94080 20150103  2.423 -103.38   46.89    -1.9   -20.2   -11.0   -16.9     1.3     3.66 C    -2.0   -24.7   -16.8    91.0    56.5    73.3 -99.000 -99.000 -99.000 -99.000 -99.000    -2.7    -2.6 -9999.0 -9999.0 -9999.0
94080 20150104  2.423 -103.38   46.89   -20.0   -27.3   -23.7   -23.6     0.0     3.97 C   -20.3   -31.2   -25.2    80.8    60.8    73.4 -99.000 -99.000 -99.000 -99.000 -99.000    -4.4    -4.2 -9999.0 -9999.0 -9999.0
94080 20150105  2.423 -103.38   46.89   -16.2   -27.3   -21.7   -20.3     5.0     4.12 C   -14.3   -28.9   -21.9    79.8    68.4    75.7 -99.000 -99.000 -99.000 -99.000 -99.000    -5.1    -5.0 -9999.0 -9999.0 -9999.0
94080 20150106  2.423 -103.38   46.89   -15.9   -21.5   -18.7   -17.9     0.9     2.87 C   -15.3   -25.8   -18.4    79.8    63.2    72.5 -99.000 -99.000 -99.000 -99.000 -99.000    -4.3    -4.2 -9999.0 -9999.0 -9999.0
94080 20150107  2.423 -103.38   46.89    -9.5   -26.2   -17.9   -18.4     0.0     5.16 C   -10.9   -31.6   -21.2    79.4    48.7    68.1 -99.000 -99.000 -99.000 -99.000 -99.000    -4.3    -4.3 -9999.0 -9999.0 -9999.0
94080 20150108  2.423 -103.38   46.89    -6.8   -19.3   -13.0   -13.6     0.0     4.44 C    -7.8   -21.5   -14.5    82.8    59.2    71.5 -99.000 -99.000 -99.000 -99.000 -99.000    -3.8    -3.8 -9999.0 -9999.0 -9999.0
94080 20150109  2.423 -103.38   46.89   -14.9   -22.6   -18.7   -19.0     0.0     6.93 C   -15.9   -25.2   -21.2    73.5    38.9    60.1 -99.000 -99.000 -99.000 -99.000 -99.000    -4.1    -4.0 -9999.0 -9999.0 -9999.0
94080 20150110  2.423 -103.38   46.89   -11.7   -16.9   -14.3   -13.5     0.0     4.49 C    -7.9   -20.9   -13.8    74.4    52.7    64.4 -99.000 -99.000 -99.000 -99.000 -99.000    -3.6    -3.7 -9999.0 -9999.0 -9999.0
94080 20150111  2.423 -103.38   46.89   -11.5   -18.4   -15.0   -13.9     0.8     6.71 C   -11.4   -30.1   -16.8    84.2    57.7    72.7 -99.000 -99.000 -99.000 -99.000 -99.000    -3.1    -3.2 -9999.0 -9999.0 -9999.0
94080 20150112  2.423 -103.38   46.89   -13.5   -23.6   -18.6   -17.8     0.0     7.27 C   -15.0   -32.0   -21.7    83.1    55.5    70.6 -99.000 -99.000 -99.000 -99.000 -99.000    -3.4    -3.4 -9999.0 -9999.0 -9999.0
94080 20150113  2.423 -103.38   46.89    -6.2   -18.1   -12.1   -10.9     0.0     3.55 C    -6.2   -20.3   -12.9    89.1    68.4    79.4 -99.000 -99.000 -99.000 -99.000 -99.000    -3.6    -3.7 -9999.0 -9999.0 -9999.0
94080 20150114  2.423 -103.38   46.89     0.2    -9.0    -4.4    -3.4     0.0     5.83 C    -1.7   -11.7    -6.7    78.0    55.3    66.9 -99.000 -99.000 -99.000 -99.000 -99.000    -3.0    -3.1 -9999.0 -9999.0 -9999.0
94080 20150115  2.423 -103.38   46.89     4.6    -7.6    -1.5    -1.0     0.0     6.67 C    -0.4   -10.6    -5.2    84.7    46.9    65.1 -99.000 -99.000 -99.000 -99.000 -99.000    -2.4    -2.6 -9999.0 -9999.0 -9999.0
94080 20150116  2.423 -103.38   46.89     6.0    -5.0     0.5     1.5     0.0     6.05 C     0.6   -10.6    -3.2    77.7    42.4    58.1 -99.000 -99.000 -99.000 -99.000 -99.000    -1.9    -2.1 -9999.0 -9999.0 -9999.0
94080 20150117  2.423 -103.38   46.89     3.2    -0.7     1.3     1.4     0.0     7.33 C     0.4    -4.0    -1.3    85.7    52.3    63.5 -99.000 -99.000 -99.000 -99.000 -99.000    -1.0    -1.3 -9999.0 -9999.0 -9999.0
94080 20150118  2.423 -103.38   46.89     5.4    -5.0     0.2     0.8     0.0     4.48 C     1.2    -9.8    -2.4    77.6    49.3    63.5 -99.000 -99.000 -99.000 -99.000 -99.000    -1.2    -1.4 -9999.0 -9999.0 -9999.0
94080 20150119  2.423 -103.38   46.89     5.0     0.1     2.5     2.4     0.3     3.66 C     1.9    -0.5     0.3    89.8    47.7    69.7 -99.000 -99.000 -99.000 -99.000 -99.000    -0.8    -1.0 -9999.0 -9999.0 -9999.0
94080 20150120  2.423 -103.38   46.89     1.2    -4.2    -1.5    -0.3     1.6     3.75 C     0.2    -4.1    -1.2    95.1    68.6    81.2 -99.000 -99.000 -99.000 -99.000 -99.000    -0.5    -0.7 -9999.0 -9999.0 -9999.0
94080 20150121  2.423 -103.38   46.89    -1.8    -8.1    -4.9    -5.4     0.0     6.27 C    -0.1    -9.3    -5.4    91.8    69.4    84.9 -99.000 -99.000 -99.000 -99.000 -99.000    -0.7    -0.8 -9999.0 -9999.0 -9999.0
94080 20150122  2.423 -103.38   46.89     4.5    -8.3    -1.9    -0.3     0.0     7.37 C     2.0    -9.6    -2.9    89.4    42.8    56.7 -99.000 -99.000 -99.000 -99.000 -99.000    -1.2    -1.3 -9999.0 -9999.0 -9999.0
94080 20150123  2.423 -103.38   46.89     5.8    -0.3     2.8     2.6     0.0     7.72 C     4.4    -3.5    -0.1    75.5    54.7    66.3 -99.000 -99.000 -99.000 -99.000 -99.000    -0.9    -1.0 -9999.0 -9999.0 -9999.0
94080 20150124  2.423 -103.38   46.89     6.5     0.7     3.6     3.2     2.0     3.48 C     5.9    -1.9     1.4    93.8    63.9    77.4 -99.000 -99.000 -99.000 -99.000 -99.000    -0.4    -0.6 -9999.0 -9999.0 -9999.0
94080 20150125  2.423 -103.38   46.89     8.0    -0.9     3.5     3.3     0.0     6.17 C     5.8    -1.6     1.4    84.0    50.0    71.0 -99.000 -99.000 -99.000 -99.000 -99.000    -0.3    -0.5 -9999.0 -9999.0 -9999.0
94080 20150126  2.423 -103.38   46.89    11.1     2.7     6.9     5.9     0.0     7.78 C     9.2    -0.7     2.4    78.2    43.8    65.5 -99.000 -99.000 -99.000 -99.000 -99.000    -0.3    -0.4 -9999.0 -9999.0 -9999.0
94080 20150127  2.423 -103.38   46.89    14.7     1.2     8.0     6.9     0.0     7.58 C    12.5    -1.4     2.6    83.4    37.8    61.6 -99.000 -99.000 -99.000 -99.000 -99.000    -0.3    -0.4 -9999.0 -9999.0 -9999.0
94080 20150128  2.423 -103.38   46.89     6.6    -1.5     2.6     2.1     0.0     1.92 C     4.6    -1.0     0.4    94.4    52.3    75.0 -99.000 -99.000 -99.000 -99.000 -99.000    -0.2    -0.4 -9999.0 -9999.0 -9999.0
94080 20150129  2.423 -103.38   46.89     3.2    -4.1    -0.4    -1.5     0.0     8.29 C     5.3    -7.0    -1.9    81.3    41.8    65.1 -99.000 -99.000 -99.000 -99.000 -99.000    -0.2    -0.4 -9999.0 -9999.0 -9999.0
94080 20150130  2.423 -103.38   46.89     6.8    -3.6     1.6     0.8     0.0     8.83 C     9.1    -7.2    -1.1    86.2    44.9    61.0 -99.000 -99.000 -99.000 -99.000 -99.000    -0.2    -0.4 -9999.0 -9999.0 -9999.0
94080 20150131  2.423 -103.38   46.89    -3.2   -19.4   -11.3   -11.3     3.8     0.73 C    -3.3   -19.0   -10.3    94.0    79.5    86.6 -99.000 -99.000 -99.000 -99.000 -99.000    -0.3    -0.4 -9999.0 -9999.0 -9999.0
94080 20150201  2.423 -103.38   46.89   -12.8   -22.8   -17.8   -17.7     0.8     9.71 C   -11.9   -31.2   -18.8    82.7    60.8    76.6 -99.000 -99.000 -99.000 -99.000 -99.000    -0.6    -0.5 -9999.0 -9999.0 -9999.0
94080 20150202  2.423 -103.38   46.89    -8.6   -13.8   -11.2   -11.2     0.0     8.59 C    -6.9   -18.8   -12.1    84.5    66.3    76.9 -99.000 -99.000 -99.000 -99.000 -99.000    -0.8    -0.8 -9999.0 -9999.0 -9999.0
94080 20150203  2.423 -103.38   46.89    -9.2   -18.4   -13.8   -12.5     1.0     6.41 C    -5.4   -22.4   -12.5    83.7    67.8    78.5 -99.000 -99.000 -99.000 -99.000 -99.000    -1.0    -1.1 -9999.0 -9999.0 -9999.0
94080 20150204  2.423 -103.38   46.89    -9.2   -21.1   -15.1   -14.9     0.0    10.36 C   -10.1   -27.3   -17.2    81.5    56.4    72.2 -99.000 -99.000 -99.000 -99.000 -99.000    -1.6    -1.7 -9999.0 -9999.0 -9999.0
94080 20150205  2.423 -103.38   46.89     4.7   -12.0    -3.6    -2.7     0.0     7.98 C     1.5   -14.5    -5.0    85.9    54.3    73.8 -99.000 -99.000 -99.000 -99.000 -99.000    -1.6    -1.8 -9999.0 -9999.0 -9999.0
94080 20150206  2.423 -103.38   46.89    11.3     0.0     5.6     5.6     0.0     8.66 C     8.8    -3.1     1.5    79.3    44.5    65.5 -99.000 -99.000 -99.000 -99.000 -99.000    -0.7    -0.9 -9999.0 -9999.0 -9999.0
94080 20150207  2.423 -103.38   46.89    15.6     2.9     9.2     9.2     0.7     7.10 C    14.1    -1.0     5.4    95.6    34.5    60.8 -99.000 -99.000 -99.000 -99.000 -99.000    -0.4    -0.6 -9999.0 -9999.0 -9999.0
94080 20150208  2.423 -103.38   46.89    12.6    -1.0     5.8     5.7     0.0     9.68 C    12.3    -0.5     4.0    97.7    46.2    80.8 -99.000 -99.000 -99.000 -99.000 -99.000    -0.3    -0.5 -9999.0 -9999.0 -9999.0
94080 20150209  2.423 -103.38   46.89     0.2    -2.1    -1.0    -1.1     0.0     3.58 C     2.6    -1.7    -0.4    97.4    94.1    95.1 -99.000 -99.000 -99.000 -99.000 -99.000    -0.3    -0.5 -9999.0 -9999.0 -9999.0
94080 20150210  2.423 -103.38   46.89     0.8   -10.5    -4.9    -5.6     0.0     2.37 C     0.3    -9.2    -4.5    96.4    71.5    85.0 -99.000 -99.000 -99.000 -99.000 -99.000    -0.3    -0.5 -9999.0 -9999.0 -9999.0
94080 20150211  2.423 -103.38   46.89    -9.3   -16.9   -13.1   -11.9     0.0     4.51 C    -4.1   -14.7    -9.5    84.9    65.1    76.5 -99.000 -99.000 -99.000 -99.000 -99.000    -0.4    -0.6 -9999.0 -9999.0 -9999.0
94080 20150212  2.423 -103.38   46.89     5.0   -16.1    -5.5    -5.0     0.0     9.81 C     8.4   -13.5    -4.2    80.4    52.8    71.4 -99.000 -99.000 -99.000 -99.000 -99.000    -1.2    -1.4 -9999.0 -9999.0 -9999.0
94080 20150213  2.423 -103.38   46.89     8.6    -4.9     1.8     2.3     0.0     7.97 C    13.9    -6.1     1.6    88.4    52.5    71.5 -99.000 -99.000 -99.000 -99.000 -99.000    -0.8    -1.0 -9999.0 -9999.0 -9999.0
94080 20150214  2.423 -103.38   46.89    -4.9   -15.7   -10.3   -11.7     0.0     2.95 C    -3.9   -13.5    -9.8    87.6    60.8    70.7 -99.000 -99.000 -99.000 -99.000 -99.000    -1.7    -1.8 -9999.0 -9999.0 -9999.0
94080 20150215  2.423 -103.38   46.89     2.5   -11.7    -4.6    -3.8     0.0     5.75 C     3.1   -12.3    -3.6    86.8    60.2    73.7 -99.000 -99.000 -99.000 -99.000 -99.000    -2.1    -2.2 -9999.0 -9999.0 -9999.0
94080 20150216  2.423 -103.38   46.89    -1.6   -17.3    -9.4    -5.6     0.7     2.94 C    -0.6   -19.7    -5.6    90.3    70.3    81.9 -99.000 -99.000 -99.000 -99.000 -99.000    -1.5    -1.6 -9999.0 -9999.0 -9999.0
94080 20150217  2.423 -103.38   46.89   -10.8   -20.5   -15.6   -16.0     0.0    11.97 C    -6.6   -22.6   -16.2    83.0    50.0    68.2 -99.000 -99.000 -99.000 -99.000 -99.000    -2.9    -2.9 -9999.0 -9999.0 -9999.0
94080 20150218  2.423 -103.38   46.89    -7.6   -21.3   -14.5   -13.5     0.0    10.71 C    -1.0   -24.1   -12.5    81.3    37.2    61.3 -99.000 -99.000 -99.000 -99.000 -99.000    -3.6    -3.6 -9999.0 -9999.0 -9999.0
94080 20150219  2.423 -103.38   46.89     6.7   -10.8    -2.1    -1.4     0.0     9.45 C    10.7   -11.4    -1.5    78.8    45.6    64.4 -99.000 -99.000 -99.000 -99.000 -99.000    -2.5    -2.6 -9999.0 -9999.0 -9999.0
94080 20150220  2.423 -103.38   46.89     1.3    -7.7    -3.2    -0.6     2.5     2.07 C     2.5    -7.9    -1.2    96.2    72.9    84.7 -99.000 -99.000 -99.000 -99.000 -99.000    -1.2    -1.4 -9999.0 -9999.0 -9999.0
94080 20150221  2.423 -103.38   46.89    -7.8   -21.8   -14.8   -13.2     0.0     9.94 C    -7.6   -23.8   -13.4    85.6    55.4    72.2 -99.000 -99.000 -99.000 -99.000 -99.000    -2.4    -2.4 -9999.0 -9999.0 -9999.0
94080 20150222  2.423 -103.38   46.89   -13.4   -25.8   -19.6   -19.8     0.0    13.49 C    -9.3   -28.8   -20.3    79.3    50.1    68.7 -99.000 -99.000 -99.000 -99.000 -99.000    -4.9    -4.8 -9999.0 -9999.0 -9999.0
94080 20150223  2.423 -103.38   46.89     1.8   -18.7    -8.4    -5.7     0.0     7.97 C    -0.1   -20.5    -7.8    74.3    30.8    55.8 -99.000 -99.000 -99.000 -99.000 -99.000    -4.7    -4.7 -9999.0 -9999.0 -9999.0
94080 20150224  2.423 -103.38   46.89     3.4    -1.2     1.1     0.9     0.4     4.04 C     5.7    -4.2     0.3    93.0    58.7    76.6 -99.000 -99.000 -99.000 -99.000 -99.000    -2.3    -2.4 -9999.0 -9999.0 -9999.0
94080 20150225  2.423 -103.38   46.89     1.9   -20.7    -9.4   -12.2     0.0     6.55 C     0.1   -22.2   -11.3    93.8    59.5    78.7 -99.000 -99.000 -99.000 -99.000 -99.000    -2.7    -2.8 -9999.0 -9999.0 -9999.0
94080 20150226  2.423 -103.38   46.89   -11.6   -24.1   -17.9   -18.2     0.0    14.23 C    -4.6   -26.1   -17.3    80.7    47.6    68.8 -99.000 -99.000 -99.000 -99.000 -99.000    -5.3    -5.2 -9999.0 -9999.0 -9999.0
94080 20150227  2.423 -103.38   46.89    -3.7   -20.2   -12.0   -11.4     0.0    14.26 C     0.7   -21.3   -11.2    77.6    37.9    61.6 -99.000 -99.000 -99.000 -99.000 -99.000    -5.5    -5.5 -9999.0 -9999.0 -9999.0
94080 20150228  2.423 -103.38   46.89    -8.1   -15.3   -11.7   -11.4     0.0     9.39 C    -0.1   -14.7   -10.4    83.2    53.0    67.9 -99.000 -99.000 -99.000 -99.000 -99.000    -4.9    -5.0 -9999.0 -9999.0 -9999.0
94080 20150301  2.423 -103.38   46.89    -3.8   -13.8    -8.8    -9.0     0.5     7.74 C     1.1   -16.0    -9.5    86.1    52.3    73.8 -99.000 -99.000 -99.000 -99.000 -99.000    -4.8    -4.9 -9999.0 -9999.0 -9999.0
94080 20150302  2.423 -103.38   46.89     5.7   -14.2    -4.2    -4.8     0.0    13.96 C    11.0   -15.7    -4.7    81.7    28.7    58.9 -99.000 -99.000 -99.000 -99.000 -99.000    -4.1    -4.2 -9999.0 -9999.0 -9999.0
94080 20150303  2.423 -103.38   46.89   -10.2   -17.1   -13.7   -13.6     0.0    11.21 C    -1.8   -17.5   -11.5    75.1    40.7    58.0 -99.000 -99.000 -99.000 -99.000 -99.000    -5.0    -5.0 -9999.0 -9999.0 -9999.0
94080 20150304  2.423 -103.38   46.89   -11.4   -21.7   -16.6   -16.9     0.0    15.02 C    -0.6   -21.2   -14.4    72.0    38.4    56.7 -99.000 -99.000 -99.000 -99.000 -99.000    -6.6    -6.5 -9999.0 -9999.0 -9999.0
94080 20150305  2.423 -103.38   46.89     5.2   -17.1    -5.9    -3.9     0.0    15.29 C    12.3   -17.3    -3.5    73.0    27.0    47.4 -99.000 -99.000 -99.000 -99.000 -99.000    -5.4    -5.4 -9999.0 -9999.0 -9999.0
94080 20150306  2.423 -103.38   46.89    11.4    -5.3     3.0     3.5     0.0    11.59 C    16.5    -9.4     2.1    71.3    26.9    48.0 -99.000 -99.000 -99.000 -99.000 -99.000    -2.6    -2.8 -9999.0 -9999.0 -9999.0
94080 20150307  2.423 -103.38   46.89     7.8    -3.7     2.0     1.4     0.0    11.36 C    16.6    -6.4     1.7    91.8    41.6    73.1 -99.000 -99.000 -99.000 -99.000 -99.000    -1.3    -1.4 -9999.0 -9999.0 -9999.0
94080 20150308  2.423 -103.38   46.89    13.7    -4.8     4.4     4.2     0.0    16.02 C    18.3    -7.8     2.3    93.6    22.8    59.1 -99.000 -99.000 -99.000 -99.000 -99.000    -1.1    -1.2 -9999.0 -9999.0 -9999.0
94080 20150309  2.423 -103.38   46.89    15.2    -3.1     6.0     6.1     0.0    16.14 C    18.1    -4.1     4.0    85.7    22.8    50.2 -99.000 -99.000 -99.000 -99.000 -99.000    -0.6    -0.8 -9999.0 -9999.0 -9999.0
94080 20150310  2.423 -103.38   46.89    13.7     1.1     7.4     6.7     0.0    16.28 C    21.4    -5.1     5.5    73.4    22.2    46.8 -99.000 -99.000 -99.000 -99.000 -99.000    -0.5    -0.7 -9999.0 -9999.0 -9999.0
94080 20150311  2.423 -103.38   46.89    20.5     0.8    10.7     9.5     0.0    12.41 C    23.3    -1.6     6.7    64.4    14.4    39.2 -99.000 -99.000 -99.000 -99.000 -99.000    -0.4    -0.6 -9999.0 -9999.0 -9999.0
94080 20150312  2.423 -103.38   46.89    17.9     2.8    10.4    11.4     0.0    16.19 C    22.4    -1.1     8.5    71.0    25.4    39.3 -99.000 -99.000 -99.000 -99.000 -99.000    -0.3    -0.5 -9999.0 -9999.0 -9999.0
94080 20150313  2.423 -103.38   46.89    16.6     2.6     9.6     9.2     0.0    17.06 C    24.1    -2.9     6.8    81.0    20.1    46.1 -99.000 -99.000 -99.000 -99.000 -99.000    -0.2    -0.3 -9999.0 -9999.0 -9999.0
94080 20150314  2.423 -103.38   46.89    18.9     2.3    10.6    11.8     0.0    11.13 C    19.6    -1.2     8.8    55.0    18.4    33.4 -99.000 -99.000 -99.000 -99.000 -99.000     0.1    -0.1 -9999.0 -9999.0 -9999.0
94080 20150315  2.423 -103.38   46.89    19.9     9.9    14.9    15.2     0.0    13.62 C    29.4     4.3    13.8    54.8    21.6    38.3   0.305   0.282 -99.000 -99.000 -99.000     1.1     0.7 -9999.0 -9999.0 -9999.0
94080 20150316  2.423 -103.38   46.89    11.8    -3.6     4.1     2.9     4.1     7.86 C     7.6    -9.2     0.6    92.7    39.7    61.7 -99.000 -99.000 -99.000 -99.000 -99.000     0.5     0.3 -9999.0 -9999.0 -9999.0
94080 20150317  2.423 -103.38   46.89     5.4    -5.9    -0.3     0.0     0.0    11.62 C    11.1    -9.4     0.0    81.8    31.2    56.8 -99.000 -99.000 -99.000 -99.000 -99.000    -0.2    -0.4 -9999.0 -9999.0 -9999.0
94080 20150318  2.423 -103.38   46.89     1.4    -2.4    -0.5    -0.8     1.8     5.26 C     3.0    -2.8    -0.9    91.7    70.6    80.1 -99.000 -99.000 -99.000 -99.000 -99.000    -0.2    -0.4 -9999.0 -9999.0 -9999.0
94080 20150319  2.423 -103.38   46.89    10.1    -0.5     4.8     3.0     0.3    11.00 C    13.5    -3.7     2.2    95.6    36.6    70.5 -99.000 -99.000 -99.000 -99.000 -99.000     0.1    -0.1 -9999.0 -9999.0 -9999.0
94080 20150320  2.423 -103.38   46.89    13.4    -1.2     6.1     6.6     0.0    18.29 C    23.6    -1.2     7.6    96.1    41.6    59.0 -99.000 -99.000 -99.000 -99.000 -99.000     1.2     1.1 -9999.0 -9999.0 -9999.0
94080 20150321  2.423 -103.38   46.89     8.0    -1.9     3.0     1.5     0.0     7.95 C    11.6    -1.6     2.2    95.8    52.0    77.3   0.272   0.235 -99.000 -99.000 -99.000     0.7     0.5 -9999.0 -9999.0 -9999.0
94080 20150322  2.423 -103.38   46.89    14.6    -2.7     5.9     3.4     0.0    14.65 C    26.3    -3.0     4.5    93.0    23.0    61.8 -99.000 -99.000 -99.000 -99.000 -99.000     1.0     0.8 -9999.0 -9999.0 -9999.0
94080 20150323  2.423 -103.38   46.89     9.5    -3.4     3.0     3.3     0.0    18.03 C    19.9    -5.8     4.5    96.1    44.8    69.9   0.250 -99.000 -99.000 -99.000 -99.000     1.3     1.2 -9999.0 -9999.0 -9999.0
94080 20150324  2.423 -103.38   46.89     5.9    -2.8     1.6     0.6     1.8     2.35 C     4.2    -2.9     0.2    95.0    71.5    82.9 -99.000 -99.000 -99.000 -99.000 -99.000     0.8     0.7 -9999.0 -9999.0 -9999.0
94080 20150325  2.423 -103.38   46.89     2.2    -4.0    -0.9    -1.4     0.0     7.99 C     7.7    -8.6    -1.8    84.5    51.7    70.4 -99.000 -99.000 -99.000 -99.000 -99.000     0.0    -0.2 -9999.0 -9999.0 -9999.0
94080 20150326  2.423 -103.38   46.89     4.1    -3.4     0.4     0.1     4.6    12.35 C     8.6    -3.6     0.3    93.6    67.9    82.5 -99.000 -99.000 -99.000 -99.000 -99.000    -0.1    -0.3 -9999.0 -9999.0 -9999.0
94080 20150327  2.423 -103.38   46.89    17.4    -0.3     8.5     8.1     0.0    16.73 C    24.2    -1.6     8.3    88.9    31.9    61.1 -99.000 -99.000 -99.000 -99.000 -99.000     1.6     1.5 -9999.0 -9999.0 -9999.0
94080 20150328  2.423 -103.38   46.89    26.7     2.2    14.5    11.4     4.7    16.92 C    33.6     0.0    11.0    91.3    15.6    56.8   0.230   0.224 -99.000 -99.000 -99.000     3.5     3.5 -9999.0 -9999.0 -9999.0
94080 20150329  2.423 -103.38   46.89    15.1     1.4     8.2     7.5     1.9    18.61 C    25.3    -0.6     8.0    94.1    26.1    60.0   0.251   0.243 -99.000 -99.000 -99.000     4.1     4.1 -9999.0 -9999.0 -9999.0
94080 20150330  2.423 -103.38   46.89    18.5     2.4    10.4    11.6     0.0    20.71 C    28.6    -1.9    10.5    71.7    22.8    39.8   0.240   0.231 -99.000 -99.000 -99.000     4.7     4.7 -9999.0 -9999.0 -9999.0
94080 20150331  2.423 -103.38   46.89    25.3     3.0    14.1    14.4     0.0    19.47 C    34.5    -0.4    13.8    65.6    12.2    35.2   0.232   0.225 -99.000 -99.000 -99.000     5.7     5.6 -9999.0 -9999.0 -9999.0
94080 20150401  2.423 -103.38   46.89    14.8     2.1     8.5     9.1     0.0    18.74 C    22.8    -1.8     8.8    68.3    24.7    40.9   0.227   0.219 -99.000 -99.000 -99.000     6.0     6.0 -9999.0 -9999.0 -9999.0
94080 20150402  2.423 -103.38   46.89     3.8    -3.9     0.0    -0.1     0.0    11.07 C    11.2    -8.3     0.3    62.8    35.6    54.2   0.218   0.212 -99.000 -99.000 -99.000     3.6     3.6 -9999.0 -9999.0 -9999.0
94080 20150403  2.423 -103.38   46.89     8.6    -8.3     0.1     0.8     0.0    17.26 C    22.5    -8.6     1.6    83.5    29.5    53.2   0.214   0.206 -99.000 -99.000 -99.000     2.7     2.7 -9999.0 -9999.0 -9999.0
94080 20150404  2.423 -103.38   46.89    13.4    -3.8     4.8     5.9     0.0    19.24 C    28.6    -5.9     8.1    70.3    16.8    39.8   0.211   0.204 -99.000 -99.000 -99.000     3.6     3.6 -9999.0 -9999.0 -9999.0
94080 20150405  2.423 -103.38   46.89     9.0    -3.6     2.7     0.9     0.0    14.19 C    17.9    -3.9     3.1    87.6    37.1    65.8   0.208   0.202 -99.000 -99.000 -99.000     3.8     3.7 -9999.0 -9999.0 -9999.0
94080 20150406  2.423 -103.38   46.89    -0.8    -4.5    -2.6    -2.8     3.6     5.69 C     1.1    -4.2    -1.9    92.7    82.6    87.3   0.203   0.200 -99.000 -99.000 -99.000     2.0     1.9 -9999.0 -9999.0 -9999.0
94080 20150407  2.423 -103.38   46.89    11.6    -3.1     4.2     3.6     0.0    17.43 C    26.7    -4.1     4.5    90.6    34.8    61.3   0.209   0.204 -99.000 -99.000 -99.000     2.8     2.7 -9999.0 -9999.0 -9999.0
94080 20150408  2.423 -103.38   46.89     3.7    -1.1     1.3     1.0     3.6     3.55 C     7.2    -1.5     1.7    96.6    73.7    91.7   0.218   0.212 -99.000 -99.000 -99.000     2.9     2.8 -9999.0 -9999.0 -9999.0
94080 20150409  2.423 -103.38   46.89    14.0    -1.5     6.2     6.3     0.0    19.45 C    25.8    -5.9     6.3    96.6    23.2    57.1   0.228   0.222 -99.000 -99.000 -99.000     3.7     3.7 -9999.0 -9999.0 -9999.0
94080 20150410  2.423 -103.38   46.89    17.2    -2.0     7.6     8.6     0.0    23.29 C    32.2    -6.3     9.9    74.2    19.9    42.2   0.223   0.218 -99.000 -99.000 -99.000     4.9     4.8 -9999.0 -9999.0 -9999.0
94080 20150411  2.423 -103.38   46.89    22.9     3.7    13.3    13.8     0.0    21.75 C    35.2     0.0    12.9    65.1    14.1    34.5   0.219   0.214 -99.000 -99.000 -99.000     6.4     6.3 -9999.0 -9999.0 -9999.0
94080 20150412  2.423 -103.38   46.89    12.1    -0.7     5.7     7.5     0.0    16.94 C    24.6    -3.7     8.0    59.2    19.3    38.2   0.215   0.210 -99.000 -99.000 -99.000     6.4     6.4 -9999.0 -9999.0 -9999.0
94080 20150413  2.423 -103.38   46.89    14.4    -0.7     6.9     7.7     0.0    24.13 C    27.5    -4.1     8.7    57.6    19.2    33.5   0.209   0.204 -99.000 -99.000 -99.000     5.9     5.9 -9999.0 -9999.0 -9999.0
94080 20150414  2.423 -103.38   46.89    24.7     3.7    14.2    15.1     0.0    20.60 C    29.8     1.3    14.4    48.4    13.6    28.3   0.205   0.201 -99.000 -99.000 -99.000     7.0     6.9 -9999.0 -9999.0 -9999.0
94080 20150415  2.423 -103.38   46.89    17.4     4.8    11.1    11.7     0.0    23.07 C    31.8     2.8    14.6    71.6    24.3    44.3   0.204   0.196 -99.000 -99.000 -99.000     8.4     8.3 -9999.0 -9999.0 -9999.0
94080 20150416  2.423 -103.38   46.89    14.9     3.6     9.3     9.5     0.0    21.52 C    29.3    -1.0    10.1    60.3    15.3    35.8   0.198   0.191 -99.000 -99.000 -99.000     8.1     8.1 -9999.0 -9999.0 -9999.0
94080 20150417  2.423 -103.38   46.89    19.6     0.3     9.9    11.3     0.0    25.11 C    34.0    -2.8    12.5    56.9    15.5    31.0   0.193   0.186 -99.000 -99.000 -99.000     8.1     8.1 -9999.0 -9999.0 -9999.0
94080 20150418  2.423 -103.38   46.89    20.8     3.4    12.1    11.0     1.3    16.75 C    34.3     1.0    12.0    67.0    29.7    42.5   0.190   0.181 -99.000 -99.000 -99.000     8.4     8.4 -9999.0 -9999.0 -9999.0
94080 20150419  2.423 -103.38   46.89     9.0     1.0     5.0     4.3     0.0    13.45 C    15.6    -2.2     4.2    73.5    28.3    49.8   0.184   0.176 -99.000 -99.000 -99.000     6.8     6.7 -9999.0 -9999.0 -9999.0
94080 20150420  2.423 -103.38   46.89     9.7    -2.9     3.4     4.1     0.0    19.37 C    21.6    -8.1     4.2    51.6    21.6    33.5   0.181   0.172 -99.000 -99.000 -99.000     5.9     5.8 -9999.0 -9999.0 -9999.0
94080 20150421  2.423 -103.38   46.89     8.8    -2.2     3.3     3.4     0.0    24.15 C    24.6    -4.5     6.8    76.1    20.8    43.1   0.179   0.170 -99.000 -99.000 -99.000     6.3     6.3 -9999.0 -9999.0 -9999.0
94080 20150422  2.423 -103.38   46.89    12.8    -3.5     4.6     5.0     0.0    25.46 C    27.1    -5.5     7.9    64.7    19.6    38.2   0.175   0.166 -99.000 -99.000 -99.000     6.5     6.5 -9999.0 -9999.0 -9999.0
94080 20150423  2.423 -103.38   46.89    16.3    -1.6     7.4     7.0     0.5    14.51 C    23.8    -2.7     6.9    63.5    27.8    40.8   0.172   0.163 -99.000 -99.000 -99.000     6.3     6.2 -9999.0 -9999.0 -9999.0
94080 20150424  2.423 -103.38   46.89    19.7     0.6    10.1    10.9     0.0    25.25 C    33.5    -3.5    13.7    69.4    24.2    42.6   0.171   0.162 -99.000 -99.000 -99.000     7.8     7.7 -9999.0 -9999.0 -9999.0
94080 20150425  2.423 -103.38   46.89     9.3     4.0     6.7     6.6     0.8     5.02 C    10.4     3.0     6.8    96.2    70.5    88.9   0.168   0.157 -99.000 -99.000 -99.000     7.7     7.6 -9999.0 -9999.0 -9999.0
94080 20150426  2.423 -103.38   46.89     7.0     2.1     4.5     4.9     4.0     5.93 C     9.0     2.3     5.6    96.3    76.0    89.4   0.168   0.156 -99.000 -99.000 -99.000     7.0     6.9 -9999.0 -9999.0 -9999.0
94080 20150427  2.423 -103.38   46.89     8.9     2.7     5.8     5.2     4.4     8.01 C    16.5    -0.4     5.6    96.4    65.5    83.8   0.181   0.171 -99.000 -99.000 -99.000     6.9     6.8 -9999.0 -9999.0 -9999.0
94080 20150428  2.423 -103.38   46.89    17.6     0.4     9.0     9.6     0.0    26.45 C    29.7    -1.0    12.1    94.5    27.2    58.4   0.192   0.173 -99.000 -99.000 -99.000     8.0     8.0 -9999.0 -9999.0 -9999.0
94080 20150429  2.423 -103.38   46.89    23.0     4.2    13.6    14.5     0.0    26.58 C    32.5     2.1    15.5    71.4    23.0    45.2   0.189   0.171 -99.000 -99.000 -99.000     9.7     9.6 -9999.0 -9999.0 -9999.0
94080 20150430  2.423 -103.38   46.89    16.8     6.1    11.4    12.2     0.0    13.80 C    24.4     1.9    11.4    72.2    27.4    50.3   0.183   0.167 -99.000 -99.000 -99.000     9.7     9.6 -9999.0 -9999.0 -9999.0
94080 20150501  2.423 -103.38   46.89    22.5     2.0    12.3    13.6     0.0    23.64 C    33.2     0.4    13.7    79.0    20.4    42.4   0.176   0.161 -99.000 -99.000 -99.000     9.7     9.6 -9999.0 -9999.0 -9999.0
94080 20150502  2.423 -103.38   46.89    24.8     8.4    16.6    16.7     0.0    22.20 C    34.8     5.9    16.7    56.4    12.4    33.4   0.171   0.156 -99.000 -99.000 -99.000    10.6    10.6 -9999.0 -9999.0 -9999.0
94080 20150503  2.423 -103.38   46.89    16.2     7.4    11.8    11.8     0.0    21.96 C    32.0    -0.4    13.2    61.2    23.7    37.3   0.164   0.150 -99.000 -99.000 -99.000    10.8    10.8 -9999.0 -9999.0 -9999.0
94080 20150504  2.423 -103.38   46.89    17.3     4.2    10.7    11.3     0.0    25.89 C    27.5     2.8    12.9    57.7    27.9    42.6   0.156   0.143 -99.000 -99.000 -99.000    10.3    10.3 -9999.0 -9999.0 -9999.0
94080 20150505  2.423 -103.38   46.89    22.9     5.4    14.1    14.8     0.0    26.29 C    31.4     3.3    16.1    84.9    36.5    52.5   0.150   0.137 -99.000 -99.000 -99.000    11.0    11.1 -9999.0 -9999.0 -9999.0
94080 20150506  2.423 -103.38   46.89    14.9     8.3    11.6    11.8    15.6     4.96 C    19.2     8.2    12.2    95.0    84.7    91.3   0.153   0.143 -99.000 -99.000 -99.000    11.4    11.3 -9999.0 -9999.0 -9999.0
94080 20150507  2.423 -103.38   46.89    12.1     3.2     7.6     7.7     0.0    20.86 C    22.7     3.9    10.1    91.9    38.9    62.3   0.190   0.164 -99.000 -99.000 -99.000    10.3    10.3 -9999.0 -9999.0 -9999.0
94080 20150508  2.423 -103.38   46.89    11.4     2.6     7.0     6.5     0.0    22.55 C    28.4     0.0    10.4    71.7    39.9    54.8   0.187   0.166 -99.000 -99.000 -99.000    10.0    10.1 -9999.0 -9999.0 -9999.0
94080 20150509  2.423 -103.38   46.89     7.3     1.7     4.5     4.4     0.0    13.19 C    16.0     0.0     6.7    83.3    40.8    63.7   0.181   0.162 -99.000 -99.000 -99.000     9.0     8.9 -9999.0 -9999.0 -9999.0
94080 20150510  2.423 -103.38   46.89     6.4     0.6     3.5     3.8     0.0     9.63 C    10.9     0.4     5.0    76.6    36.5    53.2   0.174   0.157 -99.000 -99.000 -99.000     7.7     7.7 -9999.0 -9999.0 -9999.0
94080 20150511  2.423 -103.38   46.89    14.6     0.3     7.5     7.5     0.0    25.98 C    30.3    -1.4    10.8    65.5    25.0    43.3   0.169   0.153 -99.000 -99.000 -99.000     8.6     8.6 -9999.0 -9999.0 -9999.0
94080 20150512  2.423 -103.38   46.89    15.0     1.4     8.2     8.3     0.0    13.40 C    22.5     1.2     9.4    84.6    33.7    59.8   0.163   0.149 -99.000 -99.000 -99.000     8.8     8.7 -9999.0 -9999.0 -9999.0
94080 20150513  2.423 -103.38   46.89    16.6     3.3     9.9     9.8     0.0    22.22 C    29.5     2.6    12.8    90.0    51.1    71.5   0.159   0.144 -99.000 -99.000 -99.000     9.6     9.5 -9999.0 -9999.0 -9999.0
94080 20150514  2.423 -103.38   46.89    10.4     6.2     8.3     7.7     0.0     8.06 C    14.3     5.5     9.3    96.4    66.5    82.3   0.155   0.140 -99.000 -99.000 -99.000     9.5     9.4 -9999.0 -9999.0 -9999.0
94080 20150515  2.423 -103.38   46.89    12.6     6.0     9.3     9.3     0.0    14.58 C    19.9     5.7    11.1    88.5    61.3    75.0   0.152   0.137 -99.000 -99.000 -99.000     9.6     9.5 -9999.0 -9999.0 -9999.0
94080 20150516  2.423 -103.38   46.89    19.4     8.3    13.8    12.6     6.4    14.19 C    26.4     8.4    13.7    96.2    65.5    88.9   0.151   0.141 -99.000 -99.000 -99.000    10.7    10.7 -9999.0 -9999.0 -9999.0
94080 20150517  2.423 -103.38   46.89    10.5    -0.7     4.9     3.8     1.3     6.00 C    10.8     0.1     4.9    96.5    81.0    91.5   0.152   0.144 -99.000 -99.000 -99.000     9.5     9.4 -9999.0 -9999.0 -9999.0
94080 20150518  2.423 -103.38   46.89    11.1    -2.0     4.5     4.5     0.0    28.05 C    25.6    -2.3     8.2    79.5    24.0    48.0   0.153   0.143 -99.000 -99.000 -99.000     8.4     8.4 -9999.0 -9999.0 -9999.0
94080 20150519  2.423 -103.38   46.89    14.1    -1.9     6.1     7.2     0.0    29.39 C    28.4    -2.6    10.7    76.9    23.8    44.6   0.150   0.139 -99.000 -99.000 -99.000     9.2     9.2 -9999.0 -9999.0 -9999.0
94080 20150520  2.423 -103.38   46.89    17.8     0.7     9.3    10.2     0.0    29.65 C    32.5    -2.0    13.2    71.8    20.0    41.5   0.146   0.134 -99.000 -99.000 -99.000    10.2    10.2 -9999.0 -9999.0 -9999.0
94080 20150521  2.423 -103.38   46.89    21.8     3.6    12.7    13.4     0.0    29.47 C    35.4     1.8    16.0    63.7    19.2    38.1   0.141   0.129 -99.000 -99.000 -99.000    11.2    11.2 -9999.0 -9999.0 -9999.0
94080 20150522  2.423 -103.38   46.89    23.1     6.5    14.8    15.3     0.0    28.27 C    32.4     4.0    16.2    62.9    13.9    36.0   0.134   0.123 -99.000 -99.000 -99.000    11.9    11.9 -9999.0 -9999.0 -9999.0
94080 20150523  2.423 -103.38   46.89    18.5     5.8    12.1    11.8     0.2    18.13 C    28.8     5.1    13.2    85.4    45.1    67.5   0.129   0.118 -99.000 -99.000 -99.000    11.7    11.6 -9999.0 -9999.0 -9999.0
94080 20150524  2.423 -103.38   46.89    18.9     8.3    13.6    13.6     0.0    11.58 C    27.0     2.8    14.0    92.9    54.5    72.3   0.126   0.115 -99.000 -99.000 -99.000    11.7    11.6 -9999.0 -9999.0 -9999.0
94080 20150525  2.423 -103.38   46.89    18.4     8.7    13.6    13.6     1.3     9.99 C    21.1     4.8    13.4    93.0    48.5    74.1   0.125   0.113 -99.000 -99.000 -99.000    12.0    11.9 -9999.0 -9999.0 -9999.0
94080 20150526  2.423 -103.38   46.89    25.2     6.5    15.9    16.5     0.0    27.85 C    38.5     3.8    18.6    96.1    24.5    57.1   0.123   0.111 -99.000 -99.000 -99.000    12.9    12.8 -9999.0 -9999.0 -9999.0
94080 20150527  2.423 -103.38   46.89    26.4    10.3    18.3    15.5    12.8    15.35 C    38.6     7.7    16.2    93.7    29.6    70.7   0.126   0.118 -99.000 -99.000 -99.000    13.2    13.1 -9999.0 -9999.0 -9999.0
94080 20150528  2.423 -103.38   46.89    24.0     9.2    16.6    15.9     1.7    23.13 C    36.3     9.7    18.3    96.5    41.4    74.9   0.140   0.127 -99.000 -99.000 -99.000    13.9    14.0 -9999.0 -9999.0 -9999.0
94080 20150529  2.423 -103.38   46.89    13.7     4.3     9.0     8.7     0.0    24.80 C    28.2     3.8    12.6    94.2    42.5    62.4   0.136   0.122 -99.000 -99.000 -99.000    13.0    13.1 -9999.0 -9999.0 -9999.0
94080 20150530  2.423 -103.38   46.89    17.1     2.4     9.8    10.1     0.0    25.70 C    27.4     2.4    12.4    82.8    37.9    57.6   0.131   0.119 -99.000 -99.000 -99.000    12.1    12.0 -9999.0 -9999.0 -9999.0
94080 20150531  2.423 -103.38   46.89    20.0     6.2    13.1    12.8     0.0    25.09 C    30.5     6.5    15.6    83.5    54.1    69.0   0.127   0.115 -99.000 -99.000 -99.000    12.8    12.7 -9999.0 -9999.0 -9999.0
94080 20150601  2.423 -103.38   46.89    30.1    10.3    20.2    21.0     0.0    25.81 C    42.0     9.9    23.1    89.0    28.2    59.8   0.125   0.112 -99.000 -99.000 -99.000    14.8    14.8 -9999.0 -9999.0 -9999.0
94080 20150602  2.423 -103.38   46.89    23.8    11.8    17.8    16.2    13.2    20.88 C    34.1    12.6    18.8    95.4    54.0    79.9   0.162   0.138 -99.000 -99.000 -99.000    15.5    15.6 -9999.0 -9999.0 -9999.0
94080 20150603  2.423 -103.38   46.89    18.5     9.0    13.8    13.6     0.0    26.81 C    33.3    10.1    17.8    92.9    44.2    66.4   0.159   0.135 -99.000 -99.000 -99.000    15.0    15.2 -9999.0 -9999.0 -9999.0
94080 20150604  2.423 -103.38   46.89    12.4     8.8    10.6    10.7     4.7     7.74 C    14.8     9.5    11.6    92.2    71.7    82.8   0.154   0.133 -99.000 -99.000 -99.000    13.3    13.3 -9999.0 -9999.0 -9999.0
94080 20150605  2.423 -103.38   46.89    24.5    11.5    18.0    18.0     5.2    22.74 C    33.6    11.2    19.4    89.6    51.6    72.1   0.158   0.136 -99.000 -99.000 -99.000    14.7    14.7 -9999.0 -9999.0 -9999.0
94080 20150606  2.423 -103.38   46.89    24.5    13.8    19.2    18.4    13.7    24.79 C    36.1    13.4    21.0    95.5    44.8    75.2   0.240   0.229 -99.000 -99.000 -99.000    16.3    16.4 -9999.0 -9999.0 -9999.0
94080 20150607  2.423 -103.38   46.89    25.6    14.0    19.8    20.5     0.0    28.84 C    37.4    10.5    21.3    86.7    24.4    50.1   0.214   0.204 -99.000 -99.000 -99.000    16.6    16.7 -9999.0 -9999.0 -9999.0
94080 20150608  2.423 -103.38   46.89    29.3    13.2    21.2    22.2     0.0    28.13 C    41.5    11.7    23.6    76.6    28.7    49.9   0.194   0.183 -99.000 -99.000 -99.000    17.1    17.2 -9999.0 -9999.0 -9999.0
94080 20150609  2.423 -103.38   46.89 -9999.0 -9999.0 -9999.0 -9999.0 -9999.0 -9999.00 U -9999.0 -9999.0 -9999.0 -9999.0 -9999.0 -9999.0 -99.000 -99.000 -99.000 -99.000 -99.000 -9999.0 -9999.0 -9999.0 -9999.0 -9999.0
94080 20150610  2.423 -103.38   46.89    18.3    13.0    15.6    15.6     4.3    13.29 C    27.7    12.1    16.6    89.0    45.7    74.2   0.169   0.159 -99.000 -99.000 -99.000    16.4    16.6 -9999.0 -9999.0 -9999.0
94080 20150611  2.423 -103.38   46.89    19.4    13.2    16.3    15.9     0.0    15.48 C    37.3    12.2    19.1    93.1    63.5    78.6   0.166   0.153 -99.000 -99.000 -99.000    16.3    16.4 -9999.0 -9999.0 -9999.0
94080 20150612  2.423 -103.38   46.89    28.0    11.7    19.8    20.7     0.0    30.49 C    42.3    10.7    23.8    91.4    38.1    63.0   0.159   0.146 -99.000 -99.000 -99.000    17.1    17.3 -9999.0 -9999.0 -9999.0
94080 20150613  2.423 -103.38   46.89    22.4    14.4    18.4    18.9     0.0    29.61 C    42.2    10.0    23.0    87.0    33.5    55.2   0.151   0.139 -99.000 -99.000 -99.000    17.7    18.0 -9999.0 -9999.0 -9999.0
94080 20150614  2.423 -103.38   46.89    21.7    11.3    16.5    16.3     0.4    24.83 C    43.2     7.5    20.1    83.6    35.5    55.6   0.142   0.132 -99.000 -99.000 -99.000    16.9    17.1 -9999.0 -9999.0 -9999.0
94080 20150615  2.423 -103.38   46.89    18.5     8.7    13.6    13.9     0.4    19.52 C    42.1     6.6    17.7    83.6    42.6    58.9   0.134   0.125 -99.000 -99.000 -99.000    15.9    16.2 -9999.0 -9999.0 -9999.0
94080 20150616  2.423 -103.38   46.89    13.2    10.3    11.8    11.5     4.7     5.95 C    17.3    10.7    12.9    96.0    77.8    90.5   0.131   0.123 -99.000 -99.000 -99.000    14.8    14.8 -9999.0 -9999.0 -9999.0
94080 20150617  2.423 -103.38   46.89    24.2     9.8    17.0    17.0     0.0    30.47 C    43.7     6.8    22.9    96.4    27.3    64.8   0.130   0.123 -99.000 -99.000 -99.000    16.1    16.3 -9999.0 -9999.0 -9999.0
94080 20150618  2.423 -103.38   46.89    15.6    10.6    13.1    13.0     0.0     8.41 C    20.6    11.2    14.7    96.2    77.0    88.1   0.128   0.119 -99.000 -99.000 -99.000    15.3    15.4 -9999.0 -9999.0 -9999.0
94080 20150619  2.423 -103.38   46.89    29.1    12.9    21.0    19.3     4.4    24.88 C    48.7    10.2    23.7    94.9    34.9    69.6   0.131   0.120 -99.000 -99.000 -99.000    16.7    16.9 -9999.0 -9999.0 -9999.0
94080 20150620  2.423 -103.38   46.89    25.9    11.3    18.6    19.6     0.5    30.62 C    44.4     9.0    22.9    93.9    24.2    55.8   0.136   0.121 -99.000 -99.000 -99.000    17.2    17.5 -9999.0 -9999.0 -9999.0
94080 20150621  2.423 -103.38   46.89    27.2    13.7    20.4    19.6     1.2    21.92 C    44.1    11.1    21.9    86.5    40.8    62.2   0.129   0.113 -99.000 -99.000 -99.000    17.4    17.7 -9999.0 -9999.0 -9999.0
94080 20150622  2.423 -103.38   46.89    22.0    11.3    16.7    17.1     0.0    32.15 C    41.9     7.5    21.2    86.9    33.3    55.0   0.125   0.110 -99.000 -99.000 -99.000    17.2    17.5 -9999.0 -9999.0 -9999.0
94080 20150623  2.423 -103.38   46.89    26.4    10.8    18.6    17.2     5.5    20.63 C    44.5     7.5    19.3    88.2    28.5    63.9   0.121   0.108 -99.000 -99.000 -99.000    16.6    16.9 -9999.0 -9999.0 -9999.0
94080 20150624  2.423 -103.38   46.89    25.7    12.5    19.1    18.7     2.3    22.11 C    40.6    10.4    21.2    92.8    35.2    70.0   0.121   0.116 -99.000 -99.000 -99.000    16.9    17.1 -9999.0 -9999.0 -9999.0
94080 20150625  2.423 -103.38   46.89    25.4    13.8    19.6    18.3     0.4    19.04 C    43.3    12.2    20.4    93.6    42.3    73.6   0.121   0.113 -99.000 -99.000 -99.000    17.4    17.5 -9999.0 -9999.0 -9999.0
94080 20150626  2.423 -103.38   46.89    28.2    12.4    20.3    21.3     0.0    30.76 C    47.9     9.6    25.3    91.1    29.7    56.3   0.120   0.109 -99.000 -99.000 -99.000    18.1    18.4 -9999.0 -9999.0 -9999.0
94080 20150627  2.423 -103.38   46.89    30.2    14.6    22.4    23.8     0.0    31.64 C    47.3    13.1    26.7    81.2    20.0    44.1   0.118   0.103 -99.000 -99.000 -99.000    18.8    19.1 -9999.0 -9999.0 -9999.0
94080 20150628  2.423 -103.38   46.89    30.6    17.2    23.9    24.2     0.0    31.00 C    49.9    10.1    27.3    77.6    28.0    43.4   0.115   0.100 -99.000 -99.000 -99.000    19.2    19.6 -9999.0 -9999.0 -9999.0
94080 20150629  2.423 -103.38   46.89    34.0    17.3    25.6    26.0     0.0    30.23 C    51.1    13.5    29.7    82.9    16.5    49.5   0.113   0.097 -99.000 -99.000 -99.000    20.2    20.6 -9999.0 -9999.0 -9999.0
94080 20150630  2.423 -103.38   46.89    26.7    16.5    21.6    21.3     0.0    16.16 C    41.8    15.8    23.4    92.5    46.1    73.0   0.109   0.094 -99.000 -99.000 -99.000    20.1    20.4 -9999.0 -9999.0 -9999.0
94080 20150701  2.423 -103.38   46.89    24.7    15.5    20.1    18.9     1.0    16.16 C    45.9    13.7    22.9    95.8    52.7    80.6   0.108   0.093 -99.000 -99.000 -99.000    19.4    19.6 -9999.0 -9999.0 -9999.0
94080 20150702  2.423 -103.38   46.89    26.7    14.3    20.5    20.5     0.0    25.07 C    44.5    10.6    23.9    92.3    39.3    66.9   0.107   0.090 -99.000 -99.000 -99.000    19.3    19.5 -9999.0 -9999.0 -9999.0
94080 20150703  2.423 -103.38   46.89    29.2    16.0    22.6    22.3     0.0    22.44 C    47.2    14.3    25.9    88.5    35.7    64.5   0.105   0.089 -99.000 -99.000 -99.000    19.6    19.8 -9999.0 -9999.0 -9999.0
94080 20150704  2.423 -103.38   46.89    33.2    16.6    24.9    23.9     2.3    22.72 C    51.8    15.3    26.6    86.9    27.9    60.7   0.104   0.088 -99.000 -99.000 -99.000    20.3    20.6 -9999.0 -9999.0 -9999.0
94080 20150705  2.423 -103.38   46.89    21.0    14.8    17.9    17.9     2.5    10.66 C    31.0    13.2    18.3    91.0    54.9    73.1   0.102   0.086 -99.000 -99.000 -99.000    18.7    18.8 -9999.0 -9999.0 -9999.0
94080 20150706  2.423 -103.38   46.89    22.0    11.7    16.8    16.6     0.0    23.00 C    43.2    10.8    20.5    87.7    33.8    63.5   0.101   0.084 -99.000 -99.000 -99.000    18.0    18.1 -9999.0 -9999.0 -9999.0
94080 20150707  2.423 -103.38   46.89    24.6    10.7    17.7    16.4     7.7    17.57 C    37.9    10.1    18.8    95.5    51.0    78.5   0.113   0.094 -99.000 -99.000 -99.000    17.5    17.7 -9999.0 -9999.0 -9999.0
94080 20150708  2.423 -103.38   46.89    24.5    11.7    18.1    18.1     0.0    28.49 C    43.2     9.4    22.3    96.8    34.5    64.9   0.123   0.104 -99.000 -99.000 -99.000    18.0    18.2 -9999.0 -9999.0 -9999.0
94080 20150709  2.423 -103.38   46.89    28.6    12.0    20.3    20.8     0.0    28.51 C    42.8    10.9    23.8    85.9    35.0    60.0   0.114   0.097 -99.000 -99.000 -99.000    18.6    18.8 -9999.0 -9999.0 -9999.0
94080 20150710  2.423 -103.38   46.89    29.2    15.1    22.1    22.6     0.0    28.39 C    45.0    13.5    26.3    86.3    49.5    67.7   0.109   0.093 -99.000 -99.000 -99.000    19.8    20.1 -9999.0 -9999.0 -9999.0
94080 20150711  2.423 -103.38   46.89    31.9    15.9    23.9    24.6     0.0    29.20 C    49.3    15.4    27.8    87.4    22.6    51.2   0.106   0.089 -99.000 -99.000 -99.000    20.6    20.9 -9999.0 -9999.0 -9999.0
94080 20150712  2.423 -103.38   46.89    31.8    16.4    24.1    23.9     0.0    26.57 C    47.7    13.2    26.4    74.3    22.6    47.7   0.103   0.086 -99.000 -99.000 -99.000    20.5    20.8 -9999.0 -9999.0 -9999.0
94080 20150713  2.423 -103.38   46.89    30.4    18.3    24.3    24.3     0.0    27.86 C    46.5    13.2    26.9    72.4    29.8    47.1   0.101   0.084 -99.000 -99.000 -99.000    20.6    21.0 -9999.0 -9999.0 -9999.0
94080 20150714  2.423 -103.38   46.89    31.1    14.9    23.0    23.4     0.0    25.08 C    51.0    12.9    27.4    86.9    25.7    54.0   0.100   0.082 -99.000 -99.000 -99.000    20.8    21.1 -9999.0 -9999.0 -9999.0
94080 20150715  2.423 -103.38   46.89    31.9    16.7    24.3    23.3     0.3    22.51 C    51.7    15.5    27.3    93.9    32.9    59.7   0.099   0.082 -99.000 -99.000 -99.000    21.3    21.7 -9999.0 -9999.0 -9999.0
94080 20150716  2.423 -103.38   46.89    30.0    15.8    22.9    22.9     0.0    28.00 C    51.4    12.9    27.6    95.7    26.2    57.2   0.097   0.080 -99.000 -99.000 -99.000    21.3    21.7 -9999.0 -9999.0 -9999.0
94080 20150717  2.423 -103.38   46.89    20.5    12.9    16.7    16.2     1.6    16.63 C    36.9    12.0    18.3    89.4    40.9    66.2   0.095   0.078 -99.000 -99.000 -99.000    19.4    19.7 -9999.0 -9999.0 -9999.0
94080 20150718  2.423 -103.38   46.89    23.7    12.3    18.0    17.6     0.0    27.62 C    42.7    10.7    21.5    79.1    33.3    53.0   0.093   0.075 -99.000 -99.000 -99.000    18.6    19.0 -9999.0 -9999.0 -9999.0
94080 20150719  2.423 -103.38   46.89    31.5    10.8    21.1    22.3     0.0    28.37 C    47.0     9.5    25.6    78.9    15.3    41.7   0.094   0.075 -99.000 -99.000 -99.000    19.4    19.8 -9999.0 -9999.0 -9999.0
94080 20150720  2.423 -103.38   46.89    26.7    12.4    19.6    20.4     0.0    30.07 C    48.4     7.1    25.4    70.9    24.9    44.4   0.093   0.074 -99.000 -99.000 -99.000    20.0    20.4 -9999.0 -9999.0 -9999.0
94080 20150721  2.423 -103.38   46.89    30.3    14.2    22.3    21.8     1.0    26.77 C    48.2    13.2    25.4    80.5    34.1    57.6   0.092   0.074 -99.000 -99.000 -99.000    20.3    20.6 -9999.0 -9999.0 -9999.0
94080 20150722  2.423 -103.38   46.89    34.1    16.0    25.0    25.5     0.0    29.59 C    52.4    15.0    30.5    87.4    22.2    50.7   0.092   0.074 -99.000 -99.000 -99.000    21.6    21.9 -9999.0 -9999.0 -9999.0
94080 20150723  2.423 -103.38   46.89    32.9    17.2    25.0    24.2     0.0    26.74 C    55.1    15.3    29.0    85.6    26.3    55.8   0.092   0.073 -99.000 -99.000 -99.000    22.3    22.6 -9999.0 -9999.0 -9999.0
94080 20150724  2.423 -103.38   46.89    31.9    13.0    22.4    23.8     0.0    29.54 C    51.6    11.7    27.0    96.2    15.9    46.3   0.090   0.073 -99.000 -99.000 -99.000    21.8    22.1 -9999.0 -9999.0 -9999.0
94080 20150725  2.423 -103.38   46.89    33.5    16.8    25.2    25.1     0.0    25.72 C    52.8    15.5    28.5    73.3    19.4    41.1   0.089   0.071 -99.000 -99.000 -99.000    21.9    22.2 -9999.0 -9999.0 -9999.0
94080 20150726  2.423 -103.38   46.89    35.1    17.5    26.3    24.4     0.8    24.38 C    51.8    16.1    26.9    81.3    24.2    56.4   0.089   0.071 -99.000 -99.000 -99.000    22.2    22.5 -9999.0 -9999.0 -9999.0
94080 20150727  2.423 -103.38   46.89    33.5    14.4    23.9    23.3     3.7    22.49 C    47.8    14.2    26.1    90.9    34.8    57.1   0.088   0.070 -99.000 -99.000 -99.000    22.1    22.3 -9999.0 -9999.0 -9999.0
94080 20150728  2.423 -103.38   46.89    19.7    12.8    16.2    15.6     0.0    11.05 C    23.9    12.2    15.6    90.6    34.3    61.7   0.084   0.069 -99.000 -99.000 -99.000    18.5    18.6 -9999.0 -9999.0 -9999.0
94080 20150729  2.423 -103.38   46.89    27.0    13.2    20.1    20.1     0.0    24.28 C    43.5    10.6    21.8    58.4    24.0    40.2   0.084   0.068 -99.000 -99.000 -99.000    18.4    18.6 -9999.0 -9999.0 -9999.0
94080 20150730  2.423 -103.38   46.89    28.7    10.8    19.8    21.4     0.0    28.39 C    49.2     9.2    25.2    71.2    19.7    38.9   0.085   0.068 -99.000 -99.000 -99.000    19.5    19.8 -9999.0 -9999.0 -9999.0
94080 20150731  2.423 -103.38   46.89    32.3    12.5    22.4    23.6     0.0    28.59 C    52.3    10.9    28.0    66.9    15.0    36.8   0.085   0.068 -99.000 -99.000 -99.000    20.6    21.0 -9999.0 -9999.0 -9999.0
94080 20150801  2.423 -103.38   46.89    35.7    12.8    24.3    25.6     0.0    29.04 C    54.3     9.9    29.2    72.0     9.1    32.5   0.085   0.068 -99.000 -99.000 -99.000    21.5    21.8 -9999.0 -9999.0 -9999.0
94080 20150802  2.423 -103.38   46.89    27.5    14.9    21.2    21.4     0.0    27.62 C    48.0     9.1    25.6    81.4    25.9    46.9   0.084   0.067 -99.000 -99.000 -99.000    21.6    21.9 -9999.0 -9999.0 -9999.0
94080 20150803  2.423 -103.38   46.89    29.4    12.5    21.0    21.5     0.0    26.78 C    50.0     7.3    26.0    74.2    24.8    44.8   0.083   0.066 -99.000 -99.000 -99.000    21.1    21.5 -9999.0 -9999.0 -9999.0
94080 20150804  2.423 -103.38   46.89    31.0    14.3    22.7    22.6     1.8    25.00 C    47.2    13.7    26.5    88.8    27.2    51.1   0.083   0.066 -99.000 -99.000 -99.000    21.7    22.0 -9999.0 -9999.0 -9999.0
94080 20150805  2.423 -103.38   46.89    30.3    15.4    22.9    23.2     0.0    23.61 C    48.8    14.9    26.9    92.4    31.4    57.3   0.084   0.066 -99.000 -99.000 -99.000    21.8    22.0 -9999.0 -9999.0 -9999.0
94080 20150806  2.423 -103.38   46.89    27.5    15.5    21.5    21.2     2.1    19.65 C    42.8    14.4    22.8    92.9    33.1    64.5   0.082   0.066 -99.000 -99.000 -99.000    21.0    21.2 -9999.0 -9999.0 -9999.0
94080 20150807  2.423 -103.38   46.89    27.8    15.0    21.4    21.5     0.0    28.09 C    45.7     8.4    24.4    90.9    17.6    41.5   0.083   0.065 -99.000 -99.000 -99.000    20.5    20.8 -9999.0 -9999.0 -9999.0
94080 20150808  2.423 -103.38   46.89    28.8    11.8    20.3    20.0     0.0    21.68 C    50.2     6.6    23.2    79.2    22.6    46.8   0.082   0.065 -99.000 -99.000 -99.000    20.1    20.3 -9999.0 -9999.0 -9999.0
94080 20150809  2.423 -103.38   46.89    26.1    15.0    20.6    19.6     1.8    16.32 C    48.6    12.0    21.8    81.6    38.5    64.0   0.081   0.064 -99.000 -99.000 -99.000    20.2    20.4 -9999.0 -9999.0 -9999.0
94080 20150810  2.423 -103.38   46.89    29.9    13.4    21.6    21.9     0.0    26.54 C    49.5    10.5    25.7    89.4    21.7    52.0   0.082   0.065 -99.000 -99.000 -99.000    20.4    20.6 -9999.0 -9999.0 -9999.0
94080 20150811  2.423 -103.38   46.89    33.6    14.8    24.2    25.3     0.0    25.94 C    46.9    13.0    28.1    80.9    28.6    50.3   0.082   0.065 -99.000 -99.000 -99.000    21.4    21.7 -9999.0 -9999.0 -9999.0
94080 20150812  2.423 -103.38   46.89    38.1    18.6    28.3    27.9     3.9    25.44 C    56.7    17.3    31.5    84.7     9.9    46.4   0.084   0.066 -99.000 -99.000 -99.000    23.1    23.4 -9999.0 -9999.0 -9999.0
94080 20150813  2.423 -103.38   46.89    35.4    19.0    27.2    27.1     0.0    24.39 C    50.1    15.6    29.3    70.3    21.9    43.2   0.087   0.069 -99.000 -99.000 -99.000    22.8    23.0 -9999.0 -9999.0 -9999.0
94080 20150814  2.423 -103.38   46.89    37.0    18.5    27.8    28.9     0.0    24.55 C    51.8    16.1    30.7    71.6    16.2    39.0   0.086   0.068 -99.000 -99.000 -99.000    22.9    23.1 -9999.0 -9999.0 -9999.0
94080 20150815  2.423 -103.38   46.89    34.9    17.1    26.0    26.9     0.0    23.78 C    50.5    15.5    29.4    70.0    20.5    38.9   0.085   0.068 -99.000 -99.000 -99.000    23.3    23.6 -9999.0 -9999.0 -9999.0
94080 20150816  2.423 -103.38   46.89    20.4    11.6    16.0    15.4     0.0    16.28 C    40.3     6.7    18.6    73.7    36.0    53.5   0.081   0.066 -99.000 -99.000 -99.000    20.7    21.0 -9999.0 -9999.0 -9999.0
94080 20150817  2.423 -103.38   46.89    22.2     9.4    15.8    15.0    14.0    14.17 C    44.2     5.6    18.2    92.8    36.3    65.3   0.090   0.071 -99.000 -99.000 -99.000    19.1    19.3 -9999.0 -9999.0 -9999.0
94080 20150818  2.423 -103.38   46.89    20.8    10.3    15.6    14.4     0.4    14.40 C    35.5     9.1    16.8    94.8    37.3    71.5   0.115   0.092 -99.000 -99.000 -99.000    18.2    18.3 -9999.0 -9999.0 -9999.0
94080 20150819  2.423 -103.38   46.89    22.8     8.9    15.8    15.6     0.0    23.09 C    44.2     5.9    18.8    80.8    30.8    55.3   0.109   0.088 -99.000 -99.000 -99.000    17.8    17.9 -9999.0 -9999.0 -9999.0
94080 20150820  2.423 -103.38   46.89    30.1    10.7    20.4    21.1     0.0    24.87 C    42.8     9.1    22.6    72.3    16.8    41.8   0.105   0.085 -99.000 -99.000 -99.000    18.4    18.5 -9999.0 -9999.0 -9999.0
94080 20150821  2.423 -103.38   46.89    32.4    13.8    23.1    23.5     0.0    19.30 C    42.4     8.7    22.8    63.1    17.6    35.7   0.101   0.083 -99.000 -99.000 -99.000    19.0    19.1 -9999.0 -9999.0 -9999.0
94080 20150822  2.423 -103.38   46.89    22.7     7.9    15.3    10.8    12.2     1.82 C    20.5     6.1    10.2    92.4    31.0    80.7   0.099   0.086 -99.000 -99.000 -99.000    16.4    16.4 -9999.0 -9999.0 -9999.0
94080 20150823  2.423 -103.38   46.89    19.9     4.9    12.4    13.3     0.0    25.95 C    35.5     2.5    14.7    81.3    25.6    48.8   0.108   0.093 -99.000 -99.000 -99.000    15.1    15.2 -9999.0 -9999.0 -9999.0
94080 20150824  2.423 -103.38   46.89    25.1     7.0    16.0    16.4     0.0    24.76 C    39.5     5.1    18.8    74.0    20.1    44.9   0.104   0.089 -99.000 -99.000 -99.000    16.0    16.1 -9999.0 -9999.0 -9999.0
94080 20150825  2.423 -103.38   46.89    28.9    10.8    19.9    19.8     0.0    18.43 C    37.5    10.0    20.1    62.7    29.9    47.3   0.102   0.086 -99.000 -99.000 -99.000    16.9    16.9 -9999.0 -9999.0 -9999.0
94080 20150826  2.423 -103.38   46.89    30.0    11.5    20.8    20.8     0.0    17.21 C    44.1     8.8    22.2    89.1    35.6    62.2   0.101   0.085 -99.000 -99.000 -99.000    18.1    18.2 -9999.0 -9999.0 -9999.0
94080 20150827  2.423 -103.38   46.89    30.2    15.5    22.9    22.1     0.0    18.89 C    45.5    13.6    24.5    95.8    35.7    67.9   0.102   0.084 -99.000 -99.000 -99.000    19.7    19.8 -9999.0 -9999.0 -9999.0
94080 20150828  2.423 -103.38   46.89    30.7    14.7    22.7    22.6     0.0    16.80 C    40.0    12.5    22.5    91.8    23.7    52.9   0.101   0.082 -99.000 -99.000 -99.000    19.8    19.9 -9999.0 -9999.0 -9999.0
94080 20150829  2.423 -103.38   46.89    36.3    14.4    25.4    25.6     0.0    20.58 C    47.1    12.0    25.5    61.6    13.5    35.0   0.099   0.080 -99.000 -99.000 -99.000    19.8    19.9 -9999.0 -9999.0 -9999.0
94080 20150830  2.423 -103.38   46.89    31.9    18.0    25.0    24.7     0.0    17.63 C    45.4    15.4    25.6    67.0    22.0    36.9   0.097   0.079 -99.000 -99.000 -99.000    20.3    20.4 -9999.0 -9999.0 -9999.0
94080 20150831  2.423 -103.38   46.89    24.9    13.2    19.1    18.8     4.5    23.34 C    36.6    11.7    20.5    92.0    24.6    53.2   0.099   0.078 -99.000 -99.000 -99.000    19.4    19.5 -9999.0 -9999.0 -9999.0
94080 20150901  2.423 -103.38   46.89    32.0    12.4    22.2    22.7     0.0    22.55 C    44.3     9.2    23.7    83.5    23.0    52.2   0.098   0.079 -99.000 -99.000 -99.000    19.3    19.3 -9999.0 -9999.0 -9999.0
94080 20150902  2.423 -103.38   46.89    36.5    16.2    26.3    26.5     0.0    21.47 C    46.4    12.6    26.4    73.3    10.5    38.5   0.097   0.078 -99.000 -99.000 -99.000    20.1    20.2 -9999.0 -9999.0 -9999.0
94080 20150903  2.423 -103.38   46.89    30.6    16.7    23.6    23.9     0.0    19.83 C    44.5    11.0    25.5    82.8    26.7    50.3   0.096   0.078 -99.000 -99.000 -99.000    20.5    20.6 -9999.0 -9999.0 -9999.0
94080 20150904  2.423 -103.38   46.89    23.9    15.8    19.9    18.9     8.7     9.69 C    33.7    16.1    20.2    96.0    62.2    79.5   0.096   0.079 -99.000 -99.000 -99.000    19.7    19.8 -9999.0 -9999.0 -9999.0
94080 20150905  2.423 -103.38   46.89    26.5    13.1    19.8    19.7    27.1     8.56 C    36.6    12.9    20.4    96.2    60.0    82.8   0.160   0.129 -99.000 -99.000 -99.000    19.3    19.3 -9999.0 -9999.0 -9999.0
94080 20150906  2.423 -103.38   46.89    20.8     9.8    15.3    15.3     0.0    22.92 C    30.8     7.7    16.5    92.3    25.9    53.0   0.225   0.205 -99.000 -99.000 -99.000    18.0    18.1 -9999.0 -9999.0 -9999.0
94080 20150907  2.423 -103.38   46.89    20.7     8.3    14.5    14.4     0.0    18.96 C    34.2     6.8    15.9    80.9    30.5    50.4   0.203   0.184 -99.000 -99.000 -99.000    16.8    17.0 -9999.0 -9999.0 -9999.0
94080 20150908  2.423 -103.38   46.89    21.5     5.2    13.4    14.0     0.0    20.66 C    32.6     3.0    14.6    85.0    24.0    48.9   0.191   0.173 -99.000 -99.000 -99.000    15.9    16.0 -9999.0 -9999.0 -9999.0
94080 20150909  2.423 -103.38   46.89    22.0    10.3    16.2    16.3     0.0    18.18 C    36.5     9.4    17.6    72.0    31.7    46.2   0.181   0.164 -99.000 -99.000 -99.000    16.1    16.2 -9999.0 -9999.0 -9999.0
94080 20150910  2.423 -103.38   46.89    18.3     7.8    13.0    12.8     0.0    18.25 C    33.7     5.8    14.9    90.3    41.4    60.5   0.176   0.158 -99.000 -99.000 -99.000    15.9    16.1 -9999.0 -9999.0 -9999.0
94080 20150911  2.423 -103.38   46.89    21.9     6.0    13.9    14.3     0.0    20.82 C    35.4     4.9    15.9    74.7    31.3    51.4   0.170   0.153 -99.000 -99.000 -99.000    15.5    15.6 -9999.0 -9999.0 -9999.0
94080 20150912  2.423 -103.38   46.89    27.1     8.8    18.0    18.1     0.0    21.57 C    38.2     7.3    18.8    75.4    25.8    47.0   0.165   0.148 -99.000 -99.000 -99.000    16.1    16.1 -9999.0 -9999.0 -9999.0
94080 20150913  2.423 -103.38   46.89    30.8    11.4    21.1    20.5     0.0    21.16 C    40.1     9.8    21.0    71.2    14.7    44.1   0.160   0.143 -99.000 -99.000 -99.000    16.9    16.9 -9999.0 -9999.0 -9999.0
94080 20150914  2.423 -103.38   46.89    23.4    10.4    16.9    16.5     0.0    17.84 C    33.3    10.5    18.5    95.9    43.3    69.0   0.155   0.137 -99.000 -99.000 -99.000    17.0    17.1 -9999.0 -9999.0 -9999.0
94080 20150915  2.423 -103.38   46.89    29.3    12.6    21.0    18.6     0.0    16.57 C    38.1    11.8    19.7    91.1    26.5    64.9   0.144   0.133 -99.000 -99.000 -99.000    17.3    17.4 -9999.0 -9999.0 -9999.0
94080 20150916  2.423 -103.38   46.89    22.4     9.0    15.7    14.4    10.3    14.28 C    31.1     5.4    15.4    95.1    32.1    69.6   0.147   0.135 -99.000 -99.000 -99.000    16.5    16.5 -9999.0 -9999.0 -9999.0
94080 20150917  2.423 -103.38   46.89    16.4     7.4    11.9    11.2     0.0    15.40 C    27.6     7.0    13.0    95.0    40.2    67.0   0.173   0.158 -99.000 -99.000 -99.000    15.3    15.4 -9999.0 -9999.0 -9999.0
94080 20150918  2.423 -103.38   46.89    19.2     8.1    13.6    12.5     1.0    15.61 C    31.4     6.2    13.2    92.7    31.2    63.6   0.165   0.151 -99.000 -99.000 -99.000    14.7    14.7 -9999.0 -9999.0 -9999.0
94080 20150919  2.423 -103.38   46.89    22.5     5.7    14.1    14.3     0.0    19.44 C    31.4     4.8    14.0    83.9    24.2    50.6   0.157   0.145 -99.000 -99.000 -99.000    14.3    14.3 -9999.0 -9999.0 -9999.0
94080 20150920  2.423 -103.38   46.89    25.2     7.8    16.5    16.5     0.0    19.22 C    33.0     6.1    16.3    71.8    25.2    46.8   0.150   0.140 -99.000 -99.000 -99.000    14.5    14.5 -9999.0 -9999.0 -9999.0
94080 20150921  2.423 -103.38   46.89    26.4     9.6    18.0    18.1     0.0    19.41 C    35.6     8.7    18.1    71.9    22.6    44.1   0.144   0.134 -99.000 -99.000 -99.000    15.2    15.2 -9999.0 -9999.0 -9999.0
94080 20150922  2.423 -103.38   46.89    20.4     8.4    14.4    13.5     0.2    18.89 C    27.8     7.0    14.3    79.2    26.6    48.2   0.138   0.129 -99.000 -99.000 -99.000    14.6    14.6 -9999.0 -9999.0 -9999.0
94080 20150923  2.423 -103.38   46.89    25.2     7.4    16.3    14.7     0.0     8.22 C    28.7     6.6    14.7    82.7    47.6    62.2   0.132   0.124 -99.000 -99.000 -99.000    14.0    14.0 -9999.0 -9999.0 -9999.0
94080 20150924  2.423 -103.38   46.89    26.3     9.7    18.0    17.3     0.0    17.27 C    35.3     5.7    18.6    95.9    36.4    72.9   0.131   0.122 -99.000 -99.000 -99.000    15.5    15.4 -9999.0 -9999.0 -9999.0
94080 20150925  2.423 -103.38   46.89    28.0    12.1    20.0    19.7     0.0    18.33 C    34.0    11.2    19.9    94.6    33.5    65.1   0.128   0.118 -99.000 -99.000 -99.000    16.2    16.2 -9999.0 -9999.0 -9999.0
94080 20150926  2.423 -103.38   46.89    32.1    12.5    22.3    21.9     0.0    16.58 C    38.3    11.4    21.1    90.0    21.2    53.2   0.123   0.113 -99.000 -99.000 -99.000    16.8    16.7 -9999.0 -9999.0 -9999.0
94080 20150927  2.423 -103.38   46.89    22.2    12.7    17.4    18.1     0.0    16.58 C    34.4     6.8    19.0    62.0    32.8    48.1   0.119   0.109 -99.000 -99.000 -99.000    16.8    16.8 -9999.0 -9999.0 -9999.0
94080 20150928  2.423 -103.38   46.89    18.0     7.0    12.5    12.8     0.0    17.69 C    31.3     3.9    14.2    58.0    21.7    37.1   0.113   0.105 -99.000 -99.000 -99.000    15.2    15.3 -9999.0 -9999.0 -9999.0
94080 20150929  2.423 -103.38   46.89    21.7     3.8    12.7    12.7     0.0    13.62 C    29.9     3.3    13.5    90.6    41.3    63.3   0.109   0.101 -99.000 -99.000 -99.000    14.2    14.1 -9999.0 -9999.0 -9999.0
94080 20150930  2.423 -103.38   46.89    26.3     8.3    17.3    16.8     0.0    17.23 C    36.1     7.7    17.7    95.4    16.4    62.1   0.109   0.099 -99.000 -99.000 -99.000    15.0    15.0 -9999.0 -9999.0 -9999.0
94080 20151001  2.423 -103.38   46.89    20.2     9.1    14.6    14.0     0.0    10.14 C    31.4     5.7    15.0    93.8    50.2    74.5   0.107   0.097 -99.000 -99.000 -99.000    15.1    15.0 -9999.0 -9999.0 -9999.0
94080 20151002  2.423 -103.38   46.89    13.5     7.4    10.5    10.6     4.2     4.30 C    14.8     7.2    10.8    89.1    52.0    69.5   0.105   0.094 -99.000 -99.000 -99.000    13.8    13.8 -9999.0 -9999.0 -9999.0
94080 20151003  2.423 -103.38   46.89     8.7     6.6     7.6     7.6     4.1     1.19 C     9.2     6.8     7.6    95.1    72.9    88.3   0.106   0.093 -99.000 -99.000 -99.000    12.0    11.9 -9999.0 -9999.0 -9999.0
94080 20151004  2.423 -103.38   46.89    10.1     5.0     7.5     7.6     3.1     5.08 C    18.7     6.1     9.0    95.8    74.8    88.4   0.124   0.111 -99.000 -99.000 -99.000    11.7    11.7 -9999.0 -9999.0 -9999.0
94080 20151005  2.423 -103.38   46.89    11.3     4.0     7.6     7.0     0.0     9.00 C    19.6     3.8     8.6    96.0    62.6    81.4   0.124   0.111 -99.000 -99.000 -99.000    11.4    11.4 -9999.0 -9999.0 -9999.0
94080 20151006  2.423 -103.38   46.89    17.0     1.5     9.3     8.9     0.0    15.70 C    25.8     1.6    10.7    96.6    45.9    79.6   0.120   0.108 -99.000 -99.000 -99.000    11.3    11.2 -9999.0 -9999.0 -9999.0
94080 20151007  2.423 -103.38   46.89    21.6     7.1    14.4    14.0     0.0     9.14 C    22.2     6.3    12.7    89.6    29.9    62.2   0.118   0.106 -99.000 -99.000 -99.000    11.9    11.9 -9999.0 -9999.0 -9999.0
94080 20151008  2.423 -103.38   46.89    18.4     7.1    12.8    12.2     0.0    13.98 C    26.1     3.5    11.0    85.5    38.8    61.0   0.115   0.103 -99.000 -99.000 -99.000    12.0    11.9 -9999.0 -9999.0 -9999.0
94080 20151009  2.423 -103.38   46.89    22.7     6.0    14.4    13.7     0.0    11.21 C    25.3     4.7    12.5    82.1    38.2    63.5   0.112   0.099 -99.000 -99.000 -99.000    11.9    11.8 -9999.0 -9999.0 -9999.0
94080 20151010  2.423 -103.38   46.89    28.8    10.8    19.8    19.6     0.0    15.30 C    33.7     7.1    17.2    73.7    18.8    39.9   0.110   0.097 -99.000 -99.000 -99.000    13.2    13.1 -9999.0 -9999.0 -9999.0
94080 20151011  2.423 -103.38   46.89    21.9    10.2    16.1    15.8     0.0    12.59 C    26.8     8.8    14.8    58.2    27.7    37.8   0.107   0.094 -99.000 -99.000 -99.000    13.1    13.0 -9999.0 -9999.0 -9999.0
94080 20151012  2.423 -103.38   46.89    16.7     5.8    11.2    10.6     0.0    15.36 C    24.1     3.7    10.3    66.4    27.6    47.4   0.103   0.091 -99.000 -99.000 -99.000    11.9    11.8 -9999.0 -9999.0 -9999.0
94080 20151013  2.423 -103.38   46.89    17.7     5.5    11.6    12.6     0.0    14.41 C    27.2     0.5    11.3    59.4    22.3    37.8   0.100   0.087 -99.000 -99.000 -99.000    11.5    11.4 -9999.0 -9999.0 -9999.0
94080 20151014  2.423 -103.38   46.89    18.6     4.3    11.4    11.8     0.0    14.55 C    28.1    -2.1    11.0    60.8    21.2    39.7   0.099   0.085 -99.000 -99.000 -99.000    11.3    11.2 -9999.0 -9999.0 -9999.0
94080 20151015  2.423 -103.38   46.89    11.2     0.4     5.8     6.6     0.0    14.81 C    20.1    -6.1     4.3    62.5    26.2    44.2   0.096   0.082 -99.000 -99.000 -99.000     9.8     9.6 -9999.0 -9999.0 -9999.0
94080 20151016  2.423 -103.38   46.89    14.1    -1.2     6.4     6.0     0.0    14.27 C    22.5    -2.9     6.4    69.4    24.8    46.3   0.094   0.080 -99.000 -99.000 -99.000     8.9     8.7 -9999.0 -9999.0 -9999.0
94080 20151017  2.423 -103.38   46.89    15.7    -1.8     6.9     6.5     0.0    14.03 C    19.7    -2.5     6.5    77.0    27.3    51.1   0.093   0.079 -99.000 -99.000 -99.000     8.8     8.6 -9999.0 -9999.0 -9999.0
94080 20151018  2.423 -103.38   46.89    25.1     1.6    13.4    13.1     0.0    12.17 C    31.8     0.8    12.1    81.9    24.2    49.1   0.092   0.078 -99.000 -99.000 -99.000     9.8     9.7 -9999.0 -9999.0 -9999.0
94080 20151019  2.423 -103.38   46.89    18.6     5.1    11.9    12.2     0.0    10.75 C    26.9     0.6    12.3    80.3    32.1    54.4   0.093   0.077 -99.000 -99.000 -99.000    11.0    10.8 -9999.0 -9999.0 -9999.0
94080 20151020  2.423 -103.38   46.89    14.3     5.9    10.1     9.6     0.0     3.11 C    17.7     3.8     9.3    92.6    70.7    78.8   0.092   0.077 -99.000 -99.000 -99.000    10.8    10.7 -9999.0 -9999.0 -9999.0
94080 20151021  2.423 -103.38   46.89    15.5    -0.1     7.7     7.8     0.0    13.35 C    24.1    -1.0     7.2    90.5    30.6    57.6   0.090   0.076 -99.000 -99.000 -99.000     9.9     9.8 -9999.0 -9999.0 -9999.0
94080 20151022  2.423 -103.38   46.89    19.1     2.9    11.0    10.6     0.4    12.19 C    23.9     1.0    10.5    92.3    27.3    46.7   0.090   0.075 -99.000 -99.000 -99.000     9.7     9.5 -9999.0 -9999.0 -9999.0
94080 20151023  2.423 -103.38   46.89    11.4     1.5     6.5     7.2    12.6     6.96 C    13.7    -2.0     6.1    96.4    42.6    73.6   0.111   0.098 -99.000 -99.000 -99.000     9.6     9.6 -9999.0 -9999.0 -9999.0
94080 20151024  2.423 -103.38   46.89    15.4    -0.5     7.5     6.5     0.0    12.59 C    20.4    -2.2     5.2    86.4    34.2    61.8   0.116   0.099 -99.000 -99.000 -99.000     8.1     8.0 -9999.0 -9999.0 -9999.0
94080 20151025  2.423 -103.38   46.89     9.6     2.3     5.9     5.5     0.0     6.10 C    13.7     0.0     5.0    90.5    54.8    70.6   0.113   0.097 -99.000 -99.000 -99.000     7.8     7.7 -9999.0 -9999.0 -9999.0
94080 20151026  2.423 -103.38   46.89     5.7     1.2     3.4     3.9     5.1     2.13 C     6.4     1.0     4.1    96.1    76.6    92.1   0.116   0.101 -99.000 -99.000 -99.000     7.3     7.1 -9999.0 -9999.0 -9999.0
94080 20151027  2.423 -103.38   46.89     7.1    -0.4     3.3     4.1     0.2     1.16 C     8.4    -0.3     4.5    96.0    60.7    86.8   0.125   0.108 -99.000 -99.000 -99.000     7.5     7.4 -9999.0 -9999.0 -9999.0
94080 20151028  2.423 -103.38   46.89     0.3    -1.8    -0.7    -0.9     0.0     2.88 C     3.6    -1.8    -0.3    75.5    56.3    65.8   0.123   0.107 -99.000 -99.000 -99.000     5.5     5.5 -9999.0 -9999.0 -9999.0
94080 20151029  2.423 -103.38   46.89     7.4    -3.3     2.1     0.8     0.0    10.81 C    12.5    -2.4     2.1    81.9    38.5    66.0   0.122   0.106 -99.000 -99.000 -99.000     5.2     5.1 -9999.0 -9999.0 -9999.0
94080 20151030  2.423 -103.38   46.89    14.4    -0.5     7.0     7.6     0.0    11.36 C    17.7    -2.8     6.4    79.5    29.9    54.2   0.122   0.107 -99.000 -99.000 -99.000     5.9     5.8 -9999.0 -9999.0 -9999.0
94080 20151031  2.423 -103.38   46.89    12.4     5.5     8.9     8.6     0.0     9.73 C    14.0     1.0     7.1    68.0    24.6    48.3   0.122   0.106 -99.000 -99.000 -99.000     6.9     6.8 -9999.0 -9999.0 -9999.0
94080 20151101  2.423 -103.38   46.89    17.5     4.6    11.0    10.8     0.0     8.97 C    21.1     1.7     8.7    71.9    32.0    51.6   0.121   0.106 -99.000 -99.000 -99.000     7.7     7.6 -9999.0 -9999.0 -9999.0
94080 20151102  2.423 -103.38   46.89    12.0     3.1     7.6     7.9     1.8     7.48 C    15.2     0.7     6.4    88.3    38.1    60.2   0.120   0.105 -99.000 -99.000 -99.000     7.5     7.4 -9999.0 -9999.0 -9999.0
94080 20151103  2.423 -103.38   46.89     4.8     2.3     3.5     3.6     0.0     1.66 C     6.4     2.5     4.0    96.3    84.1    91.3   0.119   0.104 -99.000 -99.000 -99.000     6.9     6.7 -9999.0 -9999.0 -9999.0
94080 20151104  2.423 -103.38   46.89     4.3     1.7     3.0     3.2     0.4     1.01 C     6.6     2.4     4.0    96.7    88.8    94.4   0.119   0.103 -99.000 -99.000 -99.000     6.7     6.5 -9999.0 -9999.0 -9999.0
94080 20151105  2.423 -103.38   46.89     4.5    -1.2     1.7     1.7     0.0     3.24 C     7.6    -2.1     2.3    95.1    65.1    84.4   0.117   0.104 -99.000 -99.000 -99.000     6.1     6.1 -9999.0 -9999.0 -9999.0
94080 20151106  2.423 -103.38   46.89     3.7    -4.6    -0.5    -0.1     0.0     2.48 C     6.3    -4.8    -0.3    91.9    58.1    80.5   0.116   0.102 -99.000 -99.000 -99.000     4.9     4.8 -9999.0 -9999.0 -9999.0
94080 20151107  2.423 -103.38   46.89    12.9    -4.8     4.0     3.6     0.0    10.09 C    13.1    -5.2     2.1    91.3    29.7    54.7   0.115   0.101 -99.000 -99.000 -99.000     4.2     4.1 -9999.0 -9999.0 -9999.0
94080 20151108  2.423 -103.38   46.89    15.5    -0.2     7.6     6.9     0.0    10.30 C    18.1    -2.8     4.0    59.8    21.7    41.6   0.116   0.101 -99.000 -99.000 -99.000     4.9     4.7 -9999.0 -9999.0 -9999.0
94080 20151109  2.423 -103.38   46.89    14.6     1.3     7.9     7.3     0.0     6.40 C    17.7    -4.6     3.4    69.5    24.8    43.9   0.115   0.101 -99.000 -99.000 -99.000     5.2     5.0 -9999.0 -9999.0 -9999.0
94080 20151110  2.423 -103.38   46.89     2.5    -3.7    -0.6    -0.3     0.0     1.08 C     2.8    -3.6     0.0    96.8    66.0    92.2   0.113   0.099 -99.000 -99.000 -99.000     4.3     4.2 -9999.0 -9999.0 -9999.0
94080 20151111  2.423 -103.38   46.89     5.4    -1.6     1.9     1.2     0.0     4.66 C     8.6    -1.7     1.1    95.4    48.3    75.6   0.113   0.099 -99.000 -99.000 -99.000     4.2     4.1 -9999.0 -9999.0 -9999.0
94080 20151112  2.423 -103.38   46.89     5.5    -6.0    -0.2     0.8     0.0     9.78 C     9.2    -7.4    -0.2    81.6    34.3    61.2   0.112   0.099 -99.000 -99.000 -99.000     3.8     3.6 -9999.0 -9999.0 -9999.0
94080 20151113  2.423 -103.38   46.89    12.1    -6.1     3.0     3.4     0.0     5.62 C    11.2    -6.9     1.4    78.5    27.7    48.0   0.111   0.097 -99.000 -99.000 -99.000     2.9     2.8 -9999.0 -9999.0 -9999.0
94080 20151114  2.423 -103.38   46.89    17.7     4.3    11.0    10.3     0.0     8.77 C    18.7    -3.2     6.3    54.3    24.9    39.1   0.112   0.097 -99.000 -99.000 -99.000     4.8     4.6 -9999.0 -9999.0 -9999.0
94080 20151115  2.423 -103.38   46.89    18.6     2.6    10.6     8.6     0.0     9.14 C    19.7    -3.3     6.1    65.7    17.8    46.1   0.113   0.097 -99.000 -99.000 -99.000     5.3     5.0 -9999.0 -9999.0 -9999.0
94080 20151116  2.423 -103.38   46.89     7.9    -2.1     2.9     1.8     0.0     7.49 C    12.7    -4.4     1.9    82.4    47.3    68.1   0.111   0.096 -99.000 -99.000 -99.000     4.5     4.3 -9999.0 -9999.0 -9999.0
94080 20151117  2.423 -103.38   46.89     5.6    -6.6    -0.5    -0.9     0.0     9.00 C     8.7    -8.2    -1.4    86.5    29.8    59.4   0.109   0.094 -99.000 -99.000 -99.000     3.3     3.1 -9999.0 -9999.0 -9999.0
94080 20151118  2.423 -103.38   46.89     8.3    -4.9     1.7     0.3     0.4     3.42 C     6.6    -6.5    -1.2    88.1    25.2    49.2   0.108   0.094 -99.000 -99.000 -99.000     2.8     2.6 -9999.0 -9999.0 -9999.0
94080 20151119  2.423 -103.38   46.89    -0.3    -9.6    -4.9    -5.0     0.0     8.87 C     2.4   -12.5    -6.0    66.3    29.7    44.6   0.099   0.092 -99.000 -99.000 -99.000     1.2     1.1 -9999.0 -9999.0 -9999.0
94080 20151120  2.423 -103.38   46.89    -3.1   -11.2    -7.1    -7.3     0.0     7.81 C     2.6   -14.4    -7.2    88.0    44.5    65.2   0.080 -99.000 -99.000 -99.000 -99.000     0.3     0.1 -9999.0 -9999.0 -9999.0
94080 20151121  2.423 -103.38   46.89     0.8   -10.9    -5.1    -5.3     0.0     3.56 C     5.6   -10.7    -5.5    87.9    42.8    68.5 -99.000 -99.000 -99.000 -99.000 -99.000    -0.2    -0.3 -9999.0 -9999.0 -9999.0
94080 20151122  2.423 -103.38   46.89     9.9    -6.7     1.6     3.1     0.0     8.22 C    10.7    -8.1     0.8    75.3    26.2    44.5 -99.000 -99.000 -99.000 -99.000 -99.000     0.1    -0.1 -9999.0 -9999.0 -9999.0
94080 20151123  2.423 -103.38   46.89     4.4    -5.0    -0.3    -0.5     0.0     3.58 C     7.3   -11.1    -2.7    79.0    36.0    58.7   0.082 -99.000 -99.000 -99.000 -99.000     0.5     0.2 -9999.0 -9999.0 -9999.0
94080 20151124  2.423 -103.38   46.89     4.3    -6.0    -0.9    -1.2     0.0     6.15 C    11.3    -6.7    -1.8    85.0    54.5    71.4   0.092 -99.000 -99.000 -99.000 -99.000     0.6     0.4 -9999.0 -9999.0 -9999.0
94080 20151125  2.423 -103.38   46.89    -2.1   -15.6    -8.8    -7.4     1.3     1.67 C    -2.3   -18.1    -7.1    92.8    74.2    80.9   0.093 -99.000 -99.000 -99.000 -99.000     0.7     0.4 -9999.0 -9999.0 -9999.0
94080 20151126  2.423 -103.38   46.89    -5.4   -18.7   -12.1   -13.1     0.0     7.78 C    -1.9   -20.8   -14.0    86.8    55.8    76.0 -99.000 -99.000 -99.000 -99.000 -99.000    -0.1    -0.3 -9999.0 -9999.0 -9999.0
94080 20151127  2.423 -103.38   46.89    -2.4   -19.2   -10.8   -10.9     0.0     7.53 C    -2.0   -19.4   -11.7    85.8    44.1    67.8 -99.000 -99.000 -99.000 -99.000 -99.000    -1.1    -1.2 -9999.0 -9999.0 -9999.0
94080 20151128  2.423 -103.38   46.89     2.0   -11.8    -4.9    -6.4     0.0     7.90 C     2.1   -17.8    -9.6    82.2    35.0    57.9 -99.000 -99.000 -99.000 -99.000 -99.000    -1.4    -1.6 -9999.0 -9999.0 -9999.0
94080 20151129  2.423 -103.38   46.89    -3.1   -14.3    -8.7    -8.3     0.0     3.15 C     1.4   -18.4    -9.7    87.7    55.2    74.0 -99.000 -99.000 -99.000 -99.000 -99.000    -1.8    -2.0 -9999.0 -9999.0 -9999.0
94080 20151130  2.423 -103.38   46.89    -5.4    -9.7    -7.5    -7.6     0.0     3.14 C    -0.1   -14.2    -6.9    93.5    75.3    88.2 -99.000 -99.000 -99.000 -99.000 -99.000    -1.7    -1.9 -9999.0 -9999.0 -9999.0
94080 20151201  2.423 -103.38   46.89     1.1    -8.5    -3.7    -4.7     0.0     5.54 C     2.1    -8.9    -4.9    89.9    43.4    71.8 -99.000 -99.000 -99.000 -99.000 -99.000    -1.3    -1.5 -9999.0 -9999.0 -9999.0
94080 20151202  2.423 -103.38   46.89     7.0    -6.1     0.5     0.1     0.0     7.37 C     6.8    -9.0    -2.6    69.9    37.6    54.0 -99.000 -99.000 -99.000 -99.000 -99.000    -1.1    -1.3 -9999.0 -9999.0 -9999.0
94080 20151203  2.423 -103.38   46.89     8.6    -3.5     2.5     1.9     0.0     7.20 C     8.5    -6.2    -0.6    83.8    42.6    63.9 -99.000 -99.000 -99.000 -99.000 -99.000    -0.6    -0.9 -9999.0 -9999.0 -9999.0
94080 20151204  2.423 -103.38   46.89     9.2    -5.4     1.9     2.4     0.0     5.78 C     8.8    -6.3     0.4    82.7    37.6    57.7 -99.000 -99.000 -99.000 -99.000 -99.000    -0.4    -0.7 -9999.0 -9999.0 -9999.0
94080 20151205  2.423 -103.38   46.89     8.1    -4.4     1.8     2.3     0.0     6.85 C     9.9    -7.5    -0.4    81.6    41.2    59.6 -99.000 -99.000 -99.000 -99.000 -99.000    -0.1    -0.4 -9999.0 -9999.0 -9999.0
94080 20151206  2.423 -103.38   46.89    10.1    -4.6     2.8     2.0     0.0     5.61 C    10.3    -6.2    -0.3    82.6    22.4    51.7 -99.000 -99.000 -99.000 -99.000 -99.000     0.0    -0.3 -9999.0 -9999.0 -9999.0
94080 20151207  2.423 -103.38   46.89    10.4     1.1     5.7     4.7     0.0     4.48 C    11.2    -3.1     1.8    59.3    28.0    46.3   0.089 -99.000 -99.000 -99.000 -99.000     0.6     0.3 -9999.0 -9999.0 -9999.0
94080 20151208  2.423 -103.38   46.89     9.9     1.3     5.6     5.4     0.0     5.28 C    11.6    -0.5     3.7    80.8    48.8    64.5   0.106   0.097 -99.000 -99.000 -99.000     1.6     1.2 -9999.0 -9999.0 -9999.0
94080 20151209  2.423 -103.38   46.89    16.9     1.5     9.2     9.7     1.1     3.92 C    18.0    -0.4     7.3    86.3    28.1    50.5   0.106   0.092 -99.000 -99.000 -99.000     3.0     2.6 -9999.0 -9999.0 -9999.0
94080 20151210  2.423 -103.38   46.89     6.3    -2.7     1.8     0.8     0.0     0.91 C     3.6    -2.2     0.3    89.5    37.1    67.9   0.106   0.090 -99.000 -99.000 -99.000     2.5     2.3 -9999.0 -9999.0 -9999.0
94080 20151211  2.423 -103.38   46.89    -1.0    -6.1    -3.6    -2.6     5.3     2.65 C    -0.2    -8.6    -2.7    94.7    86.0    91.0   0.104   0.089 -99.000 -99.000 -99.000     1.4     1.2 -9999.0 -9999.0 -9999.0
94080 20151212  2.423 -103.38   46.89     0.1    -8.1    -4.0    -3.4     0.0     3.68 C    -1.4   -13.6    -5.6    93.2    73.6    85.6   0.089   0.080 -99.000 -99.000 -99.000     0.6     0.5 -9999.0 -9999.0 -9999.0
94080 20151213  2.423 -103.38   46.89     1.4    -5.7    -2.1    -2.5     0.0     6.09 C     0.0    -7.7    -3.5    95.3    72.6    88.4   0.089   0.079 -99.000 -99.000 -99.000     0.5     0.4 -9999.0 -9999.0 -9999.0
94080 20151214  2.423 -103.38   46.89    -1.4    -5.2    -3.3    -3.8     0.0     5.21 C     1.0    -5.4    -3.3    94.6    83.9    91.9   0.091   0.079 -99.000 -99.000 -99.000     0.5     0.4 -9999.0 -9999.0 -9999.0
94080 20151215  2.423 -103.38   46.89    -4.5    -6.0    -5.3    -5.1     0.5     1.70 C    -2.1    -5.8    -4.5    92.7    89.5    91.4   0.087   0.078 -99.000 -99.000 -99.000     0.4     0.3 -9999.0 -9999.0 -9999.0
94080 20151216  2.423 -103.38   46.89    -5.5    -9.7    -7.6    -6.8     0.0     0.98 C    -5.4   -13.3    -7.3    91.8    71.5    84.1 -99.000 -99.000 -99.000 -99.000 -99.000     0.0     0.0 -9999.0 -9999.0 -9999.0
94080 20151217  2.423 -103.38   46.89    -5.6   -12.8    -9.2    -8.4     0.2     3.24 C    -4.2   -16.9    -9.5    80.5    64.0    71.8 -99.000 -99.000 -99.000 -99.000 -99.000    -0.6    -0.5 -9999.0 -9999.0 -9999.0
94080 20151218  2.423 -103.38   46.89    -9.5   -15.9   -12.7   -13.2     0.0     4.31 C    -9.2   -18.7   -13.1    83.4    67.7    76.7 -99.000 -99.000 -99.000 -99.000 -99.000    -1.4    -1.2 -9999.0 -9999.0 -9999.0
94080 20151219  2.423 -103.38   46.89     2.1    -9.8    -3.8    -3.6     0.0     4.48 C    -0.9   -11.3    -6.1    83.1    55.6    68.2 -99.000 -99.000 -99.000 -99.000 -99.000    -1.6    -1.5 -9999.0 -9999.0 -9999.0
94080 20151220  2.423 -103.38   46.89     2.0    -5.2    -1.6    -1.5     0.0     3.59 C     1.6    -9.7    -2.4    94.8    75.3    88.8 -99.000 -99.000 -99.000 -99.000 -99.000    -0.9    -1.0 -9999.0 -9999.0 -9999.0
94080 20151221  2.423 -103.38   46.89     3.9    -7.5    -1.8    -2.6     0.0     5.61 C     1.1    -8.7    -4.9    93.4    41.1    72.2 -99.000 -99.000 -99.000 -99.000 -99.000    -0.8    -0.9 -9999.0 -9999.0 -9999.0
94080 20151222  2.423 -103.38   46.89    -1.2    -8.9    -5.0    -4.6     1.2     4.18 C     0.2    -9.7    -4.8    90.5    64.1    79.3 -99.000 -99.000 -99.000 -99.000 -99.000    -1.0    -1.1 -9999.0 -9999.0 -9999.0
94080 20151223  2.423 -103.38   46.89    -5.1   -10.2    -7.6    -7.3     4.3     4.33 C    -4.8   -15.5    -7.6    92.6    80.1    87.7 -99.000 -99.000 -99.000 -99.000 -99.000    -0.8    -1.0 -9999.0 -9999.0 -9999.0
94080 20151224  2.423 -103.38   46.89    -3.8   -13.4    -8.6    -6.6     0.0     3.89 C    -3.1   -20.2   -10.0    91.5    73.9    85.8 -99.000 -99.000 -99.000 -99.000 -99.000    -1.0    -1.1 -9999.0 -9999.0 -9999.0
94080 20151225  2.423 -103.38   46.89    -6.9   -16.5   -11.7   -10.5     0.0     1.44 C    -6.2   -18.3   -10.1    88.9    81.3    86.0 -99.000 -99.000 -99.000 -99.000 -99.000    -1.5    -1.5 -9999.0 -9999.0 -9999.0
94080 20151226  2.423 -103.38   46.89    -8.4   -20.1   -14.3   -14.9     0.0     6.60 C    -8.7   -25.1   -17.4    85.0    69.9    79.2 -99.000 -99.000 -99.000 -99.000 -99.000    -2.3    -2.3 -9999.0 -9999.0 -9999.0
94080 20151227  2.423 -103.38   46.89    -3.4   -16.4    -9.9   -11.1     0.0     6.80 C    -5.7   -19.8   -13.8    86.0    58.3    76.5 -99.000 -99.000 -99.000 -99.000 -99.000    -3.1    -3.1 -9999.0 -9999.0 -9999.0
94080 20151228  2.423 -103.38   46.89    -8.0   -16.2   -12.1   -12.8     0.0     6.54 C    -8.9   -20.2   -15.2    83.1    69.5    77.7 -99.000 -99.000 -99.000 -99.000 -99.000    -3.8    -3.7 -9999.0 -9999.0 -9999.0
94080 20151229  2.423 -103.38   46.89    -9.6   -13.2   -11.4   -11.6     1.2     3.86 C    -6.8   -13.5   -10.7    86.2    72.3    79.7 -99.000 -99.000 -99.000 -99.000 -99.000    -3.4    -3.3 -9999.0 -9999.0 -9999.0
94080 20151230  2.423 -103.38   46.89   -10.4   -13.4   -11.9   -12.4     0.0     3.57 C   -11.0   -15.2   -12.8    86.4    71.7    80.9 -99.000 -99.000 -99.000 -99.000 -99.000    -3.0    -2.9 -9999.0 -9999.0 -9999.0
94080 20151231  2.423 -103.38   46.89    -5.2   -13.0    -9.1    -8.9     0.0     4.99 C    -7.9   -15.4   -11.0    86.9    63.1    76.9 -99.000 -99.000 -99.000 -99.000 -99.000    -3.2    -3.1 -9999.0 -9999.0 -9999.0
