23909 20160101  2.422  -91.72   37.63     4.5    -6.8    -1.2    -1.3     0.0    10.02 C     8.9    -8.6    -2.1    92.9    39.8    68.5   0.334   0.310   0.357   0.285   0.316     4.2     4.6     5.4     7.3     7.9
23909 20160102  2.422  -91.72   37.63    10.9    -4.1     3.4     2.3     0.0     9.97 C    14.2    -7.3     0.8    76.2    22.0    52.1   0.326   0.305   0.335   0.284   0.316     4.0     4.3     5.0     6.9     7.5
23909 20160103  2.422  -91.72   37.63     7.4    -3.6     1.9     0.8     0.0    10.08 C    13.2    -7.7     0.0    84.7    40.0    65.9   0.323   0.301   0.328   0.283   0.315     4.0     4.4     5.0     6.7     7.3
23909 20160104  2.422  -91.72   37.63     1.4    -9.7    -4.2    -3.4     0.0     8.72 C    10.4   -11.6    -2.3    90.3    45.4    68.1   0.318   0.295   0.321   0.284   0.316     3.8     4.2     4.8     6.5     7.1
23909 20160105  2.422  -91.72   37.63     5.1   -10.6    -2.8    -2.7     0.0     9.71 C     9.7   -12.0    -3.7    90.3    34.1    62.8   0.313   0.287   0.314   0.283   0.316     2.7     3.2     4.0     6.1     6.8
23909 20160106  2.422  -91.72   37.63     8.2    -2.9     2.6     2.9     0.0     6.09 C    11.0    -5.4     2.4    70.8    37.8    56.1   0.312   0.286   0.313   0.283   0.316     3.1     3.4     4.0     5.7     6.5
23909 20160107  2.422  -91.72   37.63     6.8     3.4     5.1     5.0     5.0     2.25 C     7.3     2.2     4.5    94.3    60.5    79.0   0.318   0.293   0.331   0.283   0.316     4.5     4.7     5.0     5.9     6.5
23909 20160108  2.422  -91.72   37.63    12.3     0.1     6.2     6.8     0.0     3.88 C    15.6    -1.9     5.9    95.3    59.4    84.1   0.325   0.301   0.352   0.284   0.316     5.9     6.0     6.0     6.4     6.8
23909 20160109  2.422  -91.72   37.63     4.3    -9.3    -2.5    -0.9    20.0     1.43 C     3.8    -9.0    -0.7    95.3    77.4    90.3   0.352   0.323   0.360   0.284   0.318     4.9     5.3     5.8     6.7     7.1
23909 20160110  2.422  -91.72   37.63    -6.3   -14.8   -10.6   -11.0     0.0    10.76 C    -1.5   -15.6   -10.2    88.9    55.1    74.2   0.346   0.332   0.363   0.285   0.319     2.5     3.1     4.2     6.2     6.8
23909 20160111  2.422  -91.72   37.63     7.5   -12.4    -2.4    -0.5     0.0     8.36 C     9.9   -13.9    -1.4    87.3    44.8    61.6   0.336   0.313   0.354   0.284   0.318     1.9     2.4     3.2     5.4     6.2
23909 20160112  2.422  -91.72   37.63     2.7   -10.3    -3.8    -1.1     0.0    10.15 C     7.6   -11.8    -1.8    90.0    27.2    57.8   0.339   0.320   0.359   0.285   0.319     2.6     2.9     3.5     5.1     5.8
23909 20160113  2.422  -91.72   37.63    10.3   -10.7    -0.2    -0.1     0.0     9.68 C    12.5   -11.9    -1.1    89.8    36.1    59.6   0.332   0.306   0.351   0.284   0.319     2.1     2.5     3.2     5.0     5.6
23909 20160114  2.422  -91.72   37.63    17.3     3.4    10.3     9.9     0.0    10.59 C    18.6    -0.1     7.9    78.3    34.4    57.7   0.332   0.306   0.354   0.284   0.318     3.6     3.7     3.9     4.9     5.5
23909 20160115  2.422  -91.72   37.63     9.2    -2.5     3.4     4.6     2.0     2.67 C     8.2    -2.5     3.9    93.6    68.8    77.3   0.334   0.316   0.354   0.284   0.318     4.9     5.1     5.2     5.5     5.9
23909 20160116  2.422  -91.72   37.63     1.9    -9.0    -3.5    -3.5     0.0    10.22 C    11.0   -10.9    -2.9    90.8    47.6    70.4   0.330   0.307   0.350   0.285   0.318     3.8     4.1     4.6     5.7     6.1
23909 20160117  2.422  -91.72   37.63    -4.9   -15.5   -10.2    -9.6     0.0     5.99 C     0.6   -14.8    -8.5    90.9    50.0    72.2   0.320   0.298   0.323   0.285   0.318     2.3     2.8     3.6     5.3     5.9
23909 20160118  2.422  -91.72   37.63    -6.3   -17.6   -11.9   -12.7     0.0    11.29 C     1.3   -17.1   -10.9    87.0    42.4    64.9   0.310   0.287   0.310   0.284   0.318     1.2     1.8     2.7     4.8     5.4
23909 20160119  2.422  -91.72   37.63    -5.7   -11.9    -8.8    -7.5     2.0     1.13 C    -4.4   -12.4    -6.8    89.7    49.1    69.3   0.302   0.280   0.300   0.284   0.318     0.9     1.3     2.2     4.3     5.1
23909 20160120  2.422  -91.72   37.63    -2.4    -6.5    -4.5    -4.8     0.2     4.27 C     1.5    -6.8    -3.8    91.9    81.8    87.2   0.300   0.279   0.298   0.283   0.317     0.9     1.3     2.0     4.0     4.7
23909 20160121  2.422  -91.72   37.63    -3.0    -5.3    -4.2    -4.3     0.0     2.38 C    -0.4    -6.8    -3.5    88.2    74.7    82.1   0.304   0.281   0.301   0.284   0.317     1.1     1.4     2.1     3.8     4.5
23909 20160122  2.422  -91.72   37.63     0.7    -7.2    -3.3    -4.1     0.0    10.38 C     5.9    -7.9    -2.8    83.5    53.5    70.7   0.302   0.280   0.300   0.284   0.317     1.2     1.6     2.2     3.8     4.4
23909 20160123  2.422  -91.72   37.63     2.7    -7.4    -2.3    -3.5     0.0     9.77 C    10.7    -9.8    -3.0    87.3    43.9    72.0   0.301   0.279   0.299   0.283   0.317     1.4     1.8     2.3     3.8     4.3
23909 20160124  2.422  -91.72   37.63     9.5    -5.1     2.2     1.4     0.0     9.79 C    13.3    -8.8     0.7    86.2    38.8    65.7   0.301   0.279   0.298   0.283   0.317     1.5     1.8     2.3     3.7     4.3
23909 20160125  2.422  -91.72   37.63    12.8     0.9     6.9     4.6     0.0     3.33 C    13.4    -0.9     3.9    88.6    55.2    77.8   0.306   0.284   0.302   0.283   0.317     2.2     2.4     2.7     3.8     4.2
23909 20160126  2.422  -91.72   37.63     3.3    -9.6    -3.1    -1.5     0.0     6.91 C    11.3   -11.7    -1.7    90.9    52.3    69.9   0.309   0.289   0.312   0.284   0.318     2.4     2.6     3.0     4.0     4.4
23909 20160127  2.422  -91.72   37.63     8.2   -11.7    -1.8    -1.7     0.0    12.21 C    14.8   -13.3    -2.0    90.3    29.2    63.2   0.305   0.285   0.304   0.284   0.318     1.7     2.1     2.6     4.0     4.4
23909 20160128  2.422  -91.72   37.63    14.8    -2.4     6.2     7.2     0.0    12.25 C    19.6    -7.4     5.4    85.0    26.0    45.9   0.306   0.286   0.307   0.283   0.318     2.8     3.0     3.2     4.0     4.4
23909 20160129  2.422  -91.72   37.63    15.7    -8.0     3.8     4.5     0.0    12.25 C    19.2    -9.4     3.7    92.4    30.7    63.6   0.306   0.285   0.306   0.284   0.317     3.2     3.4     3.6     4.2     4.6
23909 20160130  2.422  -91.72   37.63    20.2     2.4    11.3    12.1     0.0    10.63 C    25.2    -1.8    10.2    84.9    27.9    52.2   0.305   0.284   0.306   0.283   0.317     4.9     4.9     4.7     4.7     4.9
23909 20160131  2.422  -91.72   37.63    21.1     3.7    12.4    12.8     0.0     9.44 C    26.1    -2.1    11.4    84.9    35.8    62.5   0.304   0.284   0.305   0.284   0.317     6.8     6.7     6.2     5.5     5.5
23909 20160201  2.422  -91.72   37.63    15.3     0.4     7.8     8.0     0.0    12.58 C    25.9    -4.0     7.8    93.4    23.3    58.1   0.301   0.282   0.300   0.282   0.317     6.4     6.6     6.4     6.1     6.1
23909 20160202  2.422  -91.72   37.63    19.4     5.1    12.3    11.9     6.3     7.94 C    21.0     0.5    10.1    95.0    18.0    57.7   0.311   0.293   0.320   0.283   0.316     7.3     7.3     7.0     6.5     6.5
23909 20160203  2.422  -91.72   37.63     5.1    -1.5     1.8     0.8     0.0     2.31 C     3.2    -3.9     0.6    80.6    53.2    62.9   0.314   0.297   0.325   0.286   0.318     5.5     5.8     6.2     6.7     6.7
23909 20160204  2.422  -91.72   37.63     6.0    -9.3    -1.7    -2.1     0.0    13.51 C    12.8   -11.9    -2.6    90.4    23.8    57.6   0.309   0.290   0.311   0.286   0.318     4.0     4.4     5.0     6.1     6.4
23909 20160205  2.422  -91.72   37.63     9.6    -8.9     0.4    -1.2     0.0    11.69 C    15.5   -11.1    -2.0    90.0    25.8    63.6   0.305   0.286   0.303   0.286   0.319     3.2     3.6     4.2     5.6     6.0
23909 20160206  2.422  -91.72   37.63    12.5    -7.6     2.5     2.3     0.0    12.72 C    19.4    -9.5     0.5    90.9    28.3    58.9   0.303   0.284   0.300   0.284   0.319     3.5     3.8     4.1     5.3     5.7
23909 20160207  2.422  -91.72   37.63    11.1    -0.2     5.4     5.6     0.0     9.36 C    15.0    -5.9     3.7    68.4    33.4    46.2   0.302   0.282   0.298   0.284   0.318     3.9     4.1     4.4     5.3     5.6
23909 20160208  2.422  -91.72   37.63     4.3    -4.1     0.1    -1.1     0.0     4.96 C     3.1    -4.4    -0.9    67.8    46.4    58.0   0.300   0.278   0.296   0.282   0.318     3.6     4.0     4.4     5.4     5.7
23909 20160209  2.422  -91.72   37.63    -1.7    -7.4    -4.6    -5.3     0.0     8.85 C     5.0    -8.9    -4.7    67.3    40.4    54.8   0.298   0.275   0.292   0.281   0.318     2.5     2.9     3.6     5.0     5.5
23909 20160210  2.422  -91.72   37.63     3.8   -11.1    -3.7    -4.7     0.3     7.54 C     7.9   -12.8    -4.8    80.2    34.9    58.6   0.294   0.272   0.288   0.280   0.317     1.8     2.2     2.9     4.6     5.1
23909 20160211  2.422  -91.72   37.63     5.0    -7.7    -1.4    -1.5     0.0    13.63 C    14.7   -10.5    -0.2    84.6    41.5    60.5   0.293   0.270   0.286   0.279   0.317     2.1     2.4     2.9     4.3     4.8
23909 20160212  2.422  -91.72   37.63     5.5    -6.4    -0.4    -0.3     0.0    12.37 C    12.8    -8.7     0.2    82.9    36.4    56.8   0.294   0.272   0.286   0.279   0.318     2.9     3.1     3.4     4.3     4.8
23909 20160213  2.422  -91.72   37.63    -4.2    -9.2    -6.7    -6.4     0.0     4.25 C     2.2    -9.7    -4.5    57.9    29.1    41.6   0.292   0.270   0.284   0.277   0.318     2.0     2.4     3.0     4.4     4.8
23909 20160214  2.422  -91.72   37.63    -1.2    -5.9    -3.6    -3.4     8.5     2.41 C    -1.0    -5.8    -3.1    96.4    34.8    81.3   0.290   0.269   0.283   0.276   0.316     1.5     1.9     2.5     4.0     4.6
23909 20160215  2.422  -91.72   37.63    10.3    -3.3     3.5     1.4     0.0    11.44 C    13.4    -6.4     0.8    96.3    48.6    83.1   0.303   0.282   0.296   0.279   0.317     1.9     2.1     2.6     3.9     4.4
23909 20160216  2.422  -91.72   37.63     6.1    -5.1     0.5     2.0    13.1     1.56 C     5.8    -6.6     1.3    96.3    80.3    91.6   0.345   0.321   0.346   0.283   0.322     2.2     2.5     2.8     3.9     4.3
23909 20160217  2.422  -91.72   37.63    12.6    -2.9     4.9     5.2     0.0    12.14 C    17.2    -4.6     4.3    96.5    32.3    70.8   0.348   0.331   0.360   0.285   0.325     3.7     3.8     3.7     4.1     4.5
23909 20160218  2.422  -91.72   37.63    17.7     3.0    10.3    10.5     0.0    14.22 C    20.0     1.1     9.3    85.9    32.8    58.1   0.336   0.329   0.357   0.285   0.324     4.9     5.0     4.7     4.7     4.9
23909 20160219  2.422  -91.72   37.63    22.0     2.5    12.3    14.6     0.0    11.67 C    26.1     0.0    12.1    77.8    16.2    43.9   0.331   0.313   0.354   0.285   0.323     7.0     6.9     6.4     5.5     5.5
23909 20160220  2.422  -91.72   37.63    24.9     2.6    13.7    14.8     0.0    12.43 C    29.9    -0.4    13.6    95.2    45.3    68.4   0.322   0.305   0.352   0.285   0.322     7.7     7.6     7.1     6.2     6.1
23909 20160221  2.422  -91.72   37.63    17.7     3.5    10.6    11.6     0.0    14.62 C    25.7    -1.6    11.3    86.8    31.8    60.7   0.318   0.303   0.332   0.285   0.322     9.1     9.1     8.4     7.1     6.9
23909 20160222  2.422  -91.72   37.63    11.8    -0.1     5.9     4.8     0.0    14.18 C    22.7    -4.5     5.0    92.7    41.5    70.0   0.313   0.296   0.312   0.285   0.321     7.6     7.8     7.7     7.4     7.2
23909 20160223  2.422  -91.72   37.63     7.5    -4.1     1.7     3.1     0.0     5.85 C    11.2    -6.5     2.7    95.2    51.8    72.2   0.310   0.291   0.307   0.284   0.319     6.1     6.4     6.7     7.2     7.2
23909 20160224  2.422  -91.72   37.63     3.1     0.3     1.7     1.8    13.8     3.30 C     2.4    -1.1     0.1    93.8    60.3    78.6   0.322   0.309   0.326   0.285   0.320     4.9     5.3     5.8     6.7     6.9
23909 20160225  2.422  -91.72   37.63     4.3    -2.6     0.8     0.8     0.0     9.31 C     5.7    -7.6    -1.2    80.4    45.1    60.8   0.345   0.336   0.351   0.286   0.324     4.2     4.5     5.0     6.1     6.5
23909 20160226  2.422  -91.72   37.63     8.6    -8.7     0.0    -0.5     0.0    13.05 C    15.6   -11.1    -1.3    91.6    34.9    68.2   0.351   0.336   0.351   0.287   0.324     3.8     4.1     4.5     5.7     6.1
23909 20160227  2.422  -91.72   37.63    19.8    -4.9     7.4     8.3     0.0    17.37 C    25.2    -8.0     6.1    87.1    16.3    46.3   0.341   0.336   0.350   0.286   0.324     4.7     4.9     4.9     5.5     5.9
23909 20160228  2.422  -91.72   37.63    21.3     6.8    14.0    13.9     0.0    13.16 C    23.6     2.2    11.9    59.8    33.0    48.4   0.334   0.332   0.348   0.286   0.323     6.8     6.8     6.4     6.0     6.2
23909 20160229  2.422  -91.72   37.63    19.6    -4.6     7.5     9.2     0.0    17.98 C    25.2    -7.1     7.8    91.5    16.3    49.4   0.328   0.311   0.346   0.286   0.323     7.1     7.2     7.0     6.6     6.7
23909 20160301  2.422  -91.72   37.63    12.9    -2.9     5.0     5.4     1.9     7.35 C    12.1    -7.0     4.5    91.3    51.8    67.3   0.325   0.310   0.345   0.287   0.323     7.2     7.3     7.3     7.1     7.0
23909 20160302  2.422  -91.72   37.63    10.3    -8.6     0.9     1.9     0.0    11.18 C    17.2   -10.2     2.0    90.8    32.3    60.0   0.322   0.307   0.322   0.287   0.322     5.3     5.6     6.0     6.8     6.9
23909 20160303  2.422  -91.72   37.63    12.4     3.6     8.0     7.1     0.4     7.80 C    20.0     0.4     6.9    87.4    54.8    71.5   0.319   0.303   0.317   0.286   0.322     6.4     6.5     6.4     6.6     6.8
23909 20160304  2.422  -91.72   37.63    14.1    -2.1     6.0     6.1     0.0    15.85 C    22.2    -5.5     6.9    96.0    35.3    68.8   0.315   0.300   0.312   0.287   0.321     7.0     7.1     6.9     6.9     7.0
23909 20160305  2.422  -91.72   37.63    18.0    -2.8     7.6     9.3     0.0    18.21 C    25.6    -5.8     7.9    82.7    20.3    51.9   0.312   0.295   0.308   0.287   0.322     7.6     7.7     7.5     7.2     7.2
23909 20160306  2.422  -91.72   37.63    20.2    -4.8     7.7    10.1     0.0    16.27 C    24.2    -7.2     9.2    88.1    24.6    52.3   0.307   0.291   0.303   0.287   0.322     7.3     7.4     7.3     7.3     7.4
23909 20160307  2.422  -91.72   37.63    22.3    14.6    18.5    17.5     0.0    10.40 C    27.9    11.7    16.5    74.0    35.5    48.2   0.304   0.288   0.301   0.286   0.320     9.4     9.3     8.7     7.7     7.7
23909 20160308  2.422  -91.72   37.63    18.7    11.8    15.2    15.7    14.2     5.39 C    21.6     9.5    14.7    94.0    61.3    76.5   0.313   0.295   0.310   0.287   0.321    10.6    10.5     9.9     8.6     8.3
23909 20160309  2.422  -91.72   37.63    17.3    10.3    13.8    14.0     2.0     4.08 C    19.5     7.4    13.1    95.1    72.2    89.5   0.352   0.334   0.358   0.290   0.324    10.9    10.9    10.3     9.2     8.8
23909 20160310  2.422  -91.72   37.63    13.4     2.6     8.0     9.8    13.8     3.76 C    13.4     0.4     9.2    96.3    76.5    90.4   0.364   0.340   0.361   0.290   0.325    10.6    10.7    10.4     9.5     9.2
23909 20160311  2.422  -91.72   37.63    17.5     0.1     8.8     9.7     0.0    12.60 C    28.2    -0.6     9.6    96.1    36.6    71.1   0.358   0.343   0.361   0.290   0.325     9.6     9.8     9.6     9.4     9.2
23909 20160312  2.422  -91.72   37.63    15.4     9.0    12.2    12.1     3.2     3.62 C    16.6     8.5    12.2    95.4    75.9    92.4   0.352   0.342   0.362   0.290   0.324    10.4    10.4    10.0     9.4     9.3
23909 20160313  2.422  -91.72   37.63    20.8    12.8    16.8    15.1     1.5     7.99 C    28.4     8.8    14.6    96.1    54.8    84.0   0.357   0.344   0.362   0.291   0.324    11.5    11.4    10.8     9.8     9.6
23909 20160314  2.422  -91.72   37.63    23.2     6.8    15.0    14.7     0.0    14.64 C    30.3     5.0    14.2    97.0    39.3    76.1   0.349   0.344   0.361   0.291   0.323    12.1    12.1    11.5    10.3    10.0
23909 20160315  2.422  -91.72   37.63    29.9     9.8    19.9    18.5     0.0    18.86 C    32.1     6.5    17.6    87.6    18.9    58.9   0.342   0.335   0.358   0.290   0.322    12.9    12.9    12.1    10.7    10.4
23909 20160316  2.422  -91.72   37.63    18.0     6.2    12.1    11.3     0.0    13.77 C    28.0     1.6    10.0    67.9    17.7    40.7   0.330   0.317   0.345   0.290   0.322    11.6    11.8    11.7    11.1    10.7
23909 20160317  2.422  -91.72   37.63    18.1    -0.6     8.8    10.2     0.0    19.24 C    28.3    -3.0     9.6    84.6    11.8    37.0   0.321   0.307   0.321   0.290   0.321    10.8    11.0    10.9    10.7    10.6
23909 20160318  2.422  -91.72   37.63    12.9    -1.6     5.6     6.0     0.9     8.06 C    24.6    -3.6     6.5    91.1    32.0    61.1   0.315   0.300   0.313   0.290   0.321     9.5     9.8    10.1    10.4    10.3
23909 20160319  2.422  -91.72   37.63     9.4    -0.5     4.5     3.7     0.0    15.29 C    18.7    -2.0     4.6    93.6    27.7    59.9   0.313   0.297   0.309   0.290   0.321     8.9     9.3     9.5     9.9    10.0
23909 20160320  2.422  -91.72   37.63     7.1    -3.9     1.6     1.8     0.3     7.94 C    18.2    -7.1     1.8    90.0    39.6    64.4   0.309   0.293   0.303   0.290   0.321     7.8     8.2     8.6     9.4     9.6
23909 20160321  2.422  -91.72   37.63    15.2    -6.5     4.4     5.7     0.0    21.22 C    22.1    -8.6     5.6    92.1    22.6    51.9   0.306   0.289   0.300   0.288   0.321     7.5     7.8     8.0     8.9     9.1
23909 20160322  2.422  -91.72   37.63    22.9     5.5    14.2    14.6     0.0    20.19 C    27.1     2.7    13.7    54.6    21.2    37.7   0.303   0.286   0.297   0.288   0.320     9.0     9.1     8.9     8.9     9.1
23909 20160323  2.422  -91.72   37.63    23.0    12.9    17.9    17.3     1.1    14.15 C    28.5    10.4    16.7    85.4    41.6    59.6   0.298   0.282   0.294   0.286   0.319    11.1    11.0    10.4     9.5     9.4
23909 20160324  2.422  -91.72   37.63    15.9     2.3     9.1     7.4    12.3     4.54 C    14.2     2.6     7.2    91.9    61.7    73.2   0.334   0.319   0.349   0.291   0.322    10.6    10.8    10.7    10.2    10.0
23909 20160325  2.422  -91.72   37.63    13.8     1.3     7.6     6.2     0.0    18.25 C    24.3     1.9     8.5    77.4    33.2    60.0   0.327   0.311   0.346   0.292   0.323     9.6     9.7     9.7     9.8     9.9
23909 20160326  2.422  -91.72   37.63    20.3     2.6    11.4    10.8     0.0    21.90 C    28.9    -0.2    10.8    86.2    21.4    56.0   0.318   0.302   0.318   0.292   0.322    10.2    10.3    10.1     9.8     9.8
23909 20160327  2.422  -91.72   37.63    14.9     1.6     8.2     6.0     0.2     6.48 C    21.6    -2.3     5.4    93.1    53.9    81.9   0.312   0.296   0.310   0.292   0.321     9.7     9.9    10.0    10.0    10.0
23909 20160328  2.422  -91.72   37.63    17.7    -3.6     7.1     7.3     0.0    23.10 C    30.9    -6.7     8.0    95.5    16.4    57.2   0.307   0.291   0.304   0.292   0.322     9.4     9.5     9.5     9.7     9.8
23909 20160329  2.422  -91.72   37.63    20.1    -2.4     8.9    10.4     0.0    21.04 C    27.7    -4.1    10.2    91.7    21.0    48.5   0.302   0.286   0.299   0.289   0.322     9.6     9.8     9.7     9.7     9.8
23909 20160330  2.422  -91.72   37.63    19.1    10.9    15.0    14.5     6.2     5.11 C    24.5     8.6    13.5    92.8    41.0    68.0   0.305   0.288   0.299   0.289   0.320    10.5    10.6    10.3     9.9     9.9
23909 20160331  2.422  -91.72   37.63    21.5     6.3    13.9    15.3     8.3    18.30 C    26.4     1.7    14.5    94.2    36.2    67.0   0.346   0.333   0.356   0.293   0.323    12.3    12.3    11.6    10.5    10.3
23909 20160401  2.422  -91.72   37.63    13.2     3.6     8.4     8.4     0.2    20.19 C    22.0    -0.4     8.4    78.6    34.1    55.7   0.331   0.316   0.351   0.293   0.323    11.1    11.3    11.2    10.8    10.6
23909 20160402  2.422  -91.72   37.63    18.3     0.2     9.2     8.6     0.0    23.34 C    24.1    -2.4     8.0    88.4    21.4    51.9   0.319   0.304   0.320   0.293   0.322    10.4    10.7    10.6    10.6    10.6
23909 20160403  2.422  -91.72   37.63    23.9    -2.0    10.9    13.1     0.0    22.99 C    28.6    -4.1    12.1    91.8    17.3    45.0   0.310   0.295   0.310   0.293   0.322    10.4    10.6    10.4    10.4    10.4
23909 20160404  2.422  -91.72   37.63    22.9     8.1    15.5    16.8     0.0    23.29 C    34.8     1.0    16.2    53.0    20.6    33.6   0.303   0.288   0.303   0.291   0.322    12.1    12.1    11.5    10.7    10.6
23909 20160405  2.422  -91.72   37.63    19.2     3.0    11.1    10.7     0.0    22.36 C    25.9    -0.5    11.1    77.9    27.5    50.0   0.297   0.281   0.296   0.289   0.321    11.5    11.6    11.4    11.0    10.9
23909 20160406  2.422  -91.72   37.63    16.8     4.5    10.6    12.1     5.1     8.36 C    18.2     0.2    10.3    90.8    39.2    59.1   0.300   0.284   0.294   0.288   0.319    11.0    11.2    11.2    11.0    10.9
23909 20160407  2.422  -91.72   37.63    17.4     2.2     9.8    10.3     0.3    18.08 C    26.5    -1.2     9.5    87.0    28.9    54.4   0.302   0.287   0.298   0.288   0.320    10.9    11.1    11.0    10.9    10.8
23909 20160408  2.422  -91.72   37.63    14.6     2.6     8.6     8.6     0.0    22.92 C    22.1    -0.4     8.2    69.6    26.1    44.2   0.298   0.282   0.295   0.286   0.321    10.3    10.6    10.6    10.7    10.7
23909 20160409  2.422  -91.72   37.63    16.5    -1.0     7.8     7.5     0.0    24.01 C    26.5    -5.3     9.6    49.3    12.9    31.1   0.293   0.277   0.291   0.284   0.322    10.2    10.4    10.4    10.5    10.6
23909 20160410  2.422  -91.72   37.63    21.9     7.4    14.6    15.1     4.6     6.64 C    22.7     5.9    14.0    88.4    34.0    59.9   0.289   0.273   0.288   0.283   0.321    10.6    10.7    10.5    10.5    10.5
23909 20160411  2.422  -91.72   37.63    16.1     4.1    10.1    11.9    24.9    16.30 C    23.0    -0.2    11.8    94.2    32.1    66.7   0.346   0.327   0.347   0.290   0.326    12.3    12.3    11.8    10.9    10.8
23909 20160412  2.422  -91.72   37.63    16.7    -1.1     7.8     8.7     0.0    25.64 C    28.9    -4.2     9.4    79.2    17.5    41.5   0.340   0.328   0.358   0.292   0.328    11.3    11.5    11.3    11.1    11.0
23909 20160413  2.422  -91.72   37.63    18.7    -0.6     9.1    10.2     0.0    17.37 C    31.1    -2.4    10.3    93.5    21.4    54.3   0.326   0.311   0.343   0.292   0.327    11.1    11.3    11.2    11.0    11.0
23909 20160414  2.422  -91.72   37.63    22.9     1.7    12.3    13.3     0.0    21.39 C    35.5     0.0    14.5    92.3    20.5    55.3   0.316   0.301   0.317   0.292   0.326    12.0    12.0    11.6    11.1    11.1
23909 20160415  2.422  -91.72   37.63    23.1     8.6    15.8    16.4     0.0    15.51 C    31.2     5.6    16.2    89.6    45.4    68.9   0.308   0.294   0.310   0.293   0.326    13.0    13.0    12.5    11.6    11.4
23909 20160416  2.422  -91.72   37.63    23.6    11.4    17.5    16.9     0.0    21.61 C    33.5     7.4    16.7    87.1    45.8    66.9   0.302   0.288   0.304   0.292   0.326    14.0    13.9    13.2    12.0    11.8
23909 20160417  2.422  -91.72   37.63    25.5    10.8    18.2    18.2     0.0    17.96 C    32.4     6.5    16.4    87.9    35.4    60.8   0.295   0.282   0.297   0.290   0.324    14.2    14.2    13.7    12.5    12.2
23909 20160418  2.422  -91.72   37.63    26.6     7.9    17.2    19.0     0.0    20.35 C    32.6     4.7    18.4    87.7    34.5    55.6   0.288   0.275   0.292   0.288   0.323    14.6    14.5    13.9    12.8    12.5
23909 20160419  2.422  -91.72   37.63    19.2     9.9    14.5    16.2     2.1     6.59 C    22.2     6.5    15.1    95.3    66.6    81.7   0.285   0.272   0.289   0.286   0.321    14.9    15.0    14.4    13.2    12.8
23909 20160420  2.422  -91.72   37.63    17.2    10.7    13.9    14.6     5.4     4.69 C    19.5     7.9    13.9    99.0    81.1    89.8   0.295   0.282   0.292   0.284   0.321    14.2    14.3    14.0    13.3    13.0
23909 20160421  2.422  -91.72   37.63    23.4     6.6    15.0    15.0     0.0    17.08 C    30.6     4.4    14.5   100.0    32.5    74.1   0.303   0.288   0.298   0.284   0.322    14.2    14.3    13.9    13.2    13.0
23909 20160422  2.422  -91.72   37.63    23.1     8.5    15.8    16.0     0.0    24.10 C    36.1     4.9    16.8    94.8    35.2    65.3   0.295   0.282   0.295   0.284   0.322    14.9    14.9    14.3    13.3    13.1
23909 20160423  2.422  -91.72   37.63 -9999.0 -9999.0 -9999.0 -9999.0 -9999.0 -9999.00 U -9999.0 -9999.0 -9999.0 -9999.0 -9999.0 -9999.0 -99.000 -99.000 -99.000 -99.000 -99.000 -9999.0 -9999.0 -9999.0 -9999.0 -9999.0
23909 20160424  2.422  -91.72   37.63    26.9    12.6    19.7    19.9     0.0    25.57 C    36.8     9.0    20.2    81.4    31.4    53.2   0.278   0.267   0.286   0.283   0.320    15.9    15.8    15.2    14.0    13.6
23909 20160425  2.422  -91.72   37.63    27.6    14.6    21.1    21.1     0.0    23.25 C    38.2    10.1    21.8    74.7    44.5    60.2   0.268   0.259   0.281   0.282   0.318    16.6    16.5    15.7    14.3    13.9
23909 20160426  2.422  -91.72   37.63    29.1    15.4    22.3    19.3     8.6    12.87 C    39.2    12.6    19.1    90.8    47.6    78.7   0.273   0.263   0.280   0.280   0.316    17.0    16.9    16.3    14.8    14.3
23909 20160427  2.422  -91.72   37.63    25.3    13.3    19.3    18.6     5.9    19.11 C    33.4     9.0    18.3    94.7    41.2    69.6   0.310   0.292   0.296   0.280   0.319    16.6    16.6    16.0    14.9    14.5
23909 20160428  2.422  -91.72   37.63    25.1     7.0    16.0    15.8     0.0    26.97 C    36.8     3.7    16.8    95.2    24.0    58.9   0.295   0.284   0.295   0.281   0.320    16.3    16.4    16.0    15.0    14.6
23909 20160429  2.422  -91.72   37.63    14.7     9.5    12.1    12.4     4.0     3.58 C    16.2     6.9    12.0    94.3    81.5    86.6   0.287   0.276   0.290   0.281   0.320    14.8    15.0    15.0    14.9    14.6
23909 20160430  2.422  -91.72   37.63    25.3    12.6    19.0    17.7    11.4    11.90 C    31.5     9.2    17.5    95.5    44.9    79.8   0.323   0.307   0.333   0.287   0.324    15.4    15.4    15.0    14.5    14.3
23909 20160501  2.422  -91.72   37.63    22.7     8.2    15.4    15.4     0.0    26.70 C    34.6     5.5    16.8    96.3    32.1    64.7   0.313   0.302   0.327   0.292   0.325    16.1    16.1    15.6    14.7    14.4
23909 20160502  2.422  -91.72   37.63    13.1     8.6    10.8    10.6     0.0     7.78 C    19.9     8.1    12.2    90.7    63.9    76.6   0.304   0.293   0.308   0.291   0.324    14.9    15.2    15.1    14.8    14.5
23909 20160503  2.422  -91.72   37.63    18.2     4.0    11.1    11.6     0.0    20.31 C    34.7     1.5    13.4    94.0    33.0    67.8   0.297   0.287   0.302   0.289   0.324    14.8    14.9    14.7    14.5    14.3
23909 20160504  2.422  -91.72   37.63    21.3     4.1    12.7    14.3     0.0    26.08 C    32.6     0.3    14.7    93.9    27.4    51.4   0.288   0.279   0.295   0.288   0.323    14.8    14.9    14.6    14.3    14.2
23909 20160505  2.422  -91.72   37.63    19.8     3.3    11.5    12.1     0.0    28.17 C    31.9     0.1    13.1    93.5    27.0    54.2   0.278   0.269   0.288   0.286   0.322    14.6    14.7    14.5    14.2    14.1
23909 20160506  2.422  -91.72   37.63    25.4     0.6    13.0    14.0     0.0    27.39 C    38.2    -1.0    15.9    95.1    26.7    61.3   0.268   0.261   0.282   0.284   0.321    14.8    14.8    14.5    14.1    14.0
23909 20160507  2.422  -91.72   37.63    30.1     7.3    18.7    19.8     0.0    27.47 C    39.9     4.4    19.8    93.8    19.5    53.7   0.257   0.252   0.276   0.282   0.319    16.1    16.1    15.4    14.4    14.2
23909 20160508  2.422  -91.72   37.63    27.5     9.6    18.6    19.3     0.0    18.32 C    38.2     6.9    19.3    93.8    34.0    63.2   0.246   0.243   0.271   0.279   0.318    16.6    16.6    16.0    14.9    14.6
23909 20160509  2.422  -91.72   37.63    19.6    14.2    16.9    17.2     5.4     5.85 C    21.1    12.7    16.4    91.7    68.6    82.6   0.242   0.241   0.267   0.278   0.293    16.2    16.3    16.0    15.2    14.8
23909 20160510  2.422  -91.72   37.63    27.5    12.3    19.9    18.7    25.9    19.27 C    34.3    11.2    18.8    95.9    42.3    79.6   0.304   0.298   0.339   0.287   0.317    16.6    16.5    15.9    15.2    14.9
23909 20160511  2.422  -91.72   37.63    30.5    13.0    21.8    22.8     1.2    24.62 C    38.0    11.3    23.5   100.0    42.2    75.1   0.306   0.301   0.333   0.290   0.325    18.3    18.1    17.2    15.6    15.2
23909 20160512  2.422  -91.72   37.63    22.7     6.1    14.4    16.8    13.9    19.62 C    30.2     3.8    16.8    94.2    34.2    71.4   0.331   0.322   0.349   0.292   0.327    18.5    18.5    17.8    16.3    15.8
23909 20160513  2.422  -91.72   37.63    25.4     4.0    14.7    16.4     0.0    27.56 C    33.9     1.9    17.6    95.8    30.8    61.3   0.321   0.310   0.344   0.292   0.326    17.2    17.2    16.9    16.2    15.8
23909 20160514  2.422  -91.72   37.63    15.4     1.8     8.6     9.4     0.0    28.46 C    26.9     0.0    12.2    95.6    33.1    57.2   0.304   0.294   0.315   0.292   0.325    16.8    17.0    16.7    16.2    15.8
23909 20160515  2.422  -91.72   37.63    18.2     1.4     9.8    11.2     0.0    25.45 C    32.3    -0.2    13.8    95.7    28.5    61.5   0.293   0.284   0.302   0.291   0.325    15.5    15.7    15.6    15.6    15.5
23909 20160516  2.422  -91.72   37.63    11.3     9.0    10.1    10.0    28.9     5.47 C    14.0     8.5    10.5    94.4    75.3    88.3   0.315   0.300   0.317   0.291   0.325    14.8    15.1    15.2    15.4    15.3
23909 20160517  2.422  -91.72   37.63    10.4     8.3     9.4     9.3    41.5     4.03 C    11.9     7.1     9.7    94.7    85.9    91.7   0.357   0.339   0.359   0.294   0.329    13.3    13.6    14.0    14.8    14.8
23909 20160518  2.422  -91.72   37.63    19.0     4.7    11.9    12.0     0.0    21.10 C    30.0     2.2    13.0    95.8    44.1    73.6   0.346   0.341   0.363   0.295   0.330    14.3    14.4    14.2    14.3    14.4
23909 20160519  2.422  -91.72   37.63    20.5     2.2    11.3    12.9     1.8    21.41 C    32.8     0.8    14.3    96.1    40.4    69.3   0.330   0.323   0.358   0.295   0.329    14.4    14.6    14.4    14.4    14.4
23909 20160520  2.422  -91.72   37.63    18.5    10.4    14.5    14.3     3.1    13.05 C    26.2    10.0    15.3    95.4    58.9    80.5   0.333   0.329   0.359   0.296   0.329    15.3    15.4    15.1    14.6    14.5
23909 20160521  2.422  -91.72   37.63    22.6     7.4    15.0    16.0     0.0    28.80 C    33.7     5.5    17.9    96.1    34.9    67.7   0.321   0.311   0.335   0.296   0.328    16.4    16.4    15.8    14.9    14.7
23909 20160522  2.422  -91.72   37.63    25.7     5.8    15.7    16.4     0.0    28.72 C    35.0     3.5    17.4    96.0    28.0    66.1   0.306   0.296   0.312   0.296   0.327    16.9    16.9    16.3    15.3    15.1
23909 20160523  2.422  -91.72   37.63    26.5     6.0    16.3    17.9     0.0    24.56 C    35.3     3.9    18.3    96.3    34.4    64.2   0.295   0.285   0.301   0.294   0.325    16.9    16.9    16.4    15.6    15.3
23909 20160524  2.422  -91.72   37.63    22.7    14.5    18.6    18.0    37.0     7.36 C    27.1    11.8    17.3    92.4    70.0    85.5   0.325   0.302   0.329   0.295   0.327    17.3    17.3    16.9    15.9    15.6
23909 20160525  2.422  -91.72   37.63    26.6    15.4    21.0    20.5     0.6    16.59 C    30.6    14.0    20.1    93.3    47.4    77.6   0.342   0.321   0.363   0.297   0.329    17.5    17.4    16.9    16.1    15.7
23909 20160526  2.422  -91.72   37.63    28.3    19.4    23.8    22.9     3.8    17.00 C    33.6    18.5    23.0    93.0    56.8    81.9   0.334   0.323   0.359   0.297   0.327    19.2    18.9    18.1    16.5    16.1
23909 20160527  2.422  -91.72   37.63    24.9    18.6    21.7    20.6    20.5    10.83 C    28.1    17.7    20.3    92.6    69.1    87.1   0.356   0.340   0.367   0.298   0.329    19.3    19.2    18.6    17.1    16.6
23909 20160528  2.422  -91.72   37.63    28.2    17.2    22.7    22.1     0.4    25.93 C    33.2    14.3    22.4    94.8    55.9    77.4   0.345   0.333   0.368   0.299   0.329    19.9    19.7    18.9    17.4    16.9
23909 20160529  2.422  -91.72   37.63    28.0    14.3    21.1    21.6     0.0    26.14 C    34.1    11.8    21.5    95.8    43.0    74.8   0.325   0.312   0.342   0.299   0.328    20.4    20.3    19.5    17.9    17.3
23909 20160530  2.422  -91.72   37.63    28.1    11.8    20.0    19.8     0.4    21.55 C    34.1    10.8    20.3    95.8    37.2    77.3   0.310   0.299   0.318   0.297   0.326    20.1    20.0    19.5    18.1    17.6
23909 20160531  2.422  -91.72   37.63    26.7    15.9    21.3    20.5     0.0    21.82 C    32.7    15.7    21.4    95.3    54.8    79.5   0.302   0.292   0.308   0.296   0.325    20.3    20.1    19.5    18.2    17.7
23909 20160601  2.422  -91.72   37.63    27.9    16.5    22.2    21.2     0.0    21.64 C    35.5    14.8    22.2    95.6    50.0    81.4   0.293   0.283   0.300   0.294   0.324    20.9    20.8    20.0    18.5    18.0
23909 20160602  2.422  -91.72   37.63    25.4    15.3    20.4    19.5     2.7    16.52 C    31.1    13.9    19.7    99.1    61.0    85.4   0.288   0.277   0.294   0.291   0.322    20.3    20.3    19.9    18.7    18.2
23909 20160603  2.422  -91.72   37.63    23.0    16.2    19.6    19.4     6.1     9.05 C    24.8    15.2    19.5    95.6    76.8    90.8   0.294   0.282   0.294   0.289   0.321    19.9    20.0    19.6    18.6    18.2
23909 20160604  2.422  -91.72   37.63    26.1    12.9    19.5    20.2     7.5    16.42 C    29.6    11.2    20.0    95.4    52.6    82.5   0.321   0.307   0.319   0.292   0.323    20.2    20.2    19.7    18.6    18.2
23909 20160605  2.422  -91.72   37.63    25.4    11.3    18.4    19.1     0.0    29.90 C    30.4     9.3    19.2    95.3    41.4    69.8   0.307   0.298   0.313   0.295   0.324    20.2    20.2    19.7    18.7    18.2
23909 20160606  2.422  -91.72   37.63    29.6     9.4    19.5    21.3     0.0    29.36 C    33.8     7.8    20.8    95.7    35.0    62.2   0.292   0.284   0.301   0.293   0.323    20.1    20.1    19.6    18.7    18.3
23909 20160607  2.422  -91.72   37.63    24.6     9.9    17.2    19.2     0.0    29.89 C    31.2     8.0    19.6    95.2    40.7    63.0   0.278   0.269   0.291   0.290   0.322    20.7    20.7    20.1    18.9    18.5
23909 20160608  2.422  -91.72   37.63    27.0     8.1    17.5    18.6     0.0    28.37 C    32.4     6.6    19.2    95.5    41.5    70.8   0.263   0.256   0.281   0.287   0.319    20.0    20.0    19.7    18.9    18.5
23909 20160609  2.422  -91.72   37.63    30.7    14.0    22.3    23.3     0.0    28.14 C    35.4    11.8    23.0    94.3    44.4    67.7   0.246   0.244   0.272   0.283   0.304    20.9    20.8    20.1    18.9    18.6
23909 20160610  2.422  -91.72   37.63    31.2    15.0    23.1    23.9     0.0    28.46 C    35.7    12.8    23.5    95.9    44.5    71.4   0.228   0.230   0.263   0.280   0.289    21.8    21.6    20.9    19.4    18.9
23909 20160611  2.422  -91.72   37.63    31.1    14.2    22.7    23.9     0.0    27.20 C    35.4    13.2    23.6    95.9    43.5    73.5   0.209   0.216   0.254   0.276   0.281    22.0    21.9    21.2    19.7    19.2
23909 20160612  2.422  -91.72   37.63    32.5    16.2    24.3    23.8    19.9    23.90 C    37.0    14.6    24.0    95.8    44.7    77.6   0.203   0.214   0.254   0.273   0.274    22.4    22.2    21.5    20.0    19.4
23909 20160613  2.422  -91.72   37.63    31.1    16.1    23.6    24.1     0.0    26.44 C    35.7    15.4    24.1    95.9    49.8    77.2   0.236   0.239   0.263   0.273   0.271    22.6    22.5    21.8    20.2    19.7
23909 20160614  2.422  -91.72   37.63    30.4    18.0    24.2    25.0     0.0    24.07 C    35.4    16.8    25.0    95.8    57.2    77.6   0.229   0.232   0.257   0.271   0.266    23.0    22.9    22.1    20.5    19.9
23909 20160615  2.422  -91.72   37.63    33.0    19.7    26.4    26.5     0.3    27.13 C    36.5    18.5    25.8    95.7    49.7    74.9   0.216   0.221   0.251   0.269   0.262    23.7    23.5    22.6    20.8    20.2
23909 20160616  2.422  -91.72   37.63    34.2    19.3    26.7    28.1     0.0    28.02 C    37.3    17.9    27.7    95.5    41.7    70.9   0.198   0.205   0.243   0.266   0.256    24.3    24.1    23.1    21.2    20.5
23909 20160617  2.422  -91.72   37.63    31.2    17.1    24.1    25.0     0.0    27.67 C    36.4    15.1    25.2    93.8    50.4    71.3   0.179   0.189   0.232   0.262   0.251    24.4    24.2    23.4    21.6    20.8
23909 20160618  2.422  -91.72   37.63    30.1    14.7    22.4    22.7     0.0    25.32 C    34.4    13.1    22.4    95.6    43.5    72.3   0.161   0.173   0.220   0.258   0.246    23.3    23.3    22.8    21.5    21.0
23909 20160619  2.422  -91.72   37.63    30.3    15.1    22.7    23.4     0.0    25.66 C    35.7    13.7    23.5    95.3    52.4    75.8   0.147   0.159   0.209   0.253   0.241    23.0    22.9    22.4    21.3    20.8
23909 20160620  2.422  -91.72   37.63    32.2    19.1    25.6    25.9     0.0    26.58 C    37.4    17.2    26.1    95.5    48.9    74.6   0.135   0.147   0.199   0.248   0.237    23.7    23.5    22.8    21.4    20.9
23909 20160621  2.422  -91.72   37.63    31.2    20.5    25.8    25.6     0.0    19.17 C    34.8    17.9    25.1    94.3    54.3    74.4   0.126   0.138   0.190   0.243   0.232    23.9    23.7    23.1    21.7    21.1
23909 20160622  2.422  -91.72   37.63    33.3    19.5    26.4    27.4     0.0    24.92 C    38.1    17.4    27.0    94.3    51.0    69.9   0.119   0.131   0.182   0.238   0.227    24.2    23.9    23.2    21.7    21.1
23909 20160623  2.422  -91.72   37.63    33.1    21.8    27.4    28.1     0.4    22.96 C    37.7    20.9    28.0    88.8    56.0    70.0   0.112   0.124   0.173   0.232   0.221    24.9    24.7    23.8    22.0    21.4
23909 20160624  2.422  -91.72   37.63    29.8    20.1    24.9    23.6     0.6    11.47 C    33.2    18.6    23.0    95.6    55.5    82.5   0.109   0.120   0.169   0.228   0.217    23.9    23.8    23.4    22.2    21.6
23909 20160625  2.422  -91.72   37.63    33.1    19.7    26.4    26.2     0.0    24.56 C    39.2    17.6    26.5    95.5    40.9    72.0   0.106   0.117   0.165   0.223   0.213    24.2    24.0    23.3    22.0    21.5
23909 20160626  2.422  -91.72   37.63    33.3    19.0    26.2    24.9     5.7    20.88 C    40.4    17.3    25.4    95.0    49.9    78.2   0.102   0.113   0.158   0.218   0.207    24.4    24.3    23.6    22.1    21.6
23909 20160627  2.422  -91.72   37.63    30.4    16.5    23.4    23.5     0.0    18.84 C    33.7    15.0    23.1    95.1    36.7    77.1   0.101   0.113   0.155   0.215   0.204    23.8    23.7    23.2    22.2    21.7
23909 20160628  2.422  -91.72   37.63    31.0    14.6    22.8    22.8     0.0    27.66 C    36.3    13.0    22.9    95.1    40.5    70.0   0.102   0.112   0.152   0.211   0.199    23.4    23.4    22.8    21.9    21.5
23909 20160629  2.422  -91.72   37.63    29.4    12.3    20.9    21.5     0.0    25.73 C    36.9    10.6    22.2    95.8    43.6    71.1   0.098   0.110   0.149   0.205   0.193    23.0    23.0    22.6    21.8    21.4
23909 20160630  2.422  -91.72   37.63    27.5    15.2    21.3    21.2     5.5    15.92 C    30.4    13.6    21.0    94.2    64.3    80.5   0.096   0.108   0.146   0.201   0.188    22.6    22.6    22.3    21.7    21.4
23909 20160701  2.422  -91.72   37.63    28.2    14.5    21.3    21.2     0.0    21.69 C    33.0    13.0    21.3    94.6    36.8    74.7   0.097   0.109   0.146   0.199   0.185    22.7    22.7    22.3    21.6    21.2
23909 20160702  2.422  -91.72   37.63    21.5    13.7    17.6    18.2    14.4     4.53 C    23.1    12.5    17.9    95.0    76.0    90.3   0.133   0.117   0.173   0.197   0.183    20.8    21.1    21.2    21.3    21.1
23909 20160703  2.422  -91.72   37.63    26.6    19.5    23.0    22.3    14.4     8.07 C    28.3    19.1    22.1    95.0    72.3    88.7   0.164   0.140   0.191   0.198   0.184    21.4    21.4    21.2    20.9    20.7
23909 20160704  2.422  -91.72   37.63    25.9    18.5    22.2    22.5    12.6    11.22 C    29.9    17.1    22.2    97.9    76.9    88.7   0.276   0.262   0.271   0.199   0.183    22.1    22.1    21.7    20.9    20.6
23909 20160705  2.422  -91.72   37.63    33.1    16.8    24.9    25.7     0.0    24.83 C    37.4    15.9    25.9    97.7    53.0    79.2   0.253   0.251   0.250   0.200   0.182    23.1    23.0    22.3    21.1    20.8
23909 20160706  2.422  -91.72   37.63    28.8    20.7    24.7    24.9    11.5    15.32 C    32.2    19.4    24.5    95.7    61.0    84.6   0.263   0.259   0.266   0.200   0.182    23.6    23.6    23.0    21.7    21.2
23909 20160707  2.422  -91.72   37.63    29.8    19.3    24.6    24.4    30.4    14.66 C    33.0    18.3    23.7    95.5    60.2    84.9   0.291   0.287   0.300   0.240   0.199    22.9    23.0    22.6    21.8    21.3
23909 20160708  2.422  -91.72   37.63    29.9    20.1    25.0    24.7    12.3    16.99 C    32.8    18.6    24.3    95.6    63.2    80.6   0.304   0.299   0.322   0.265   0.245    23.4    23.3    22.8    21.8    21.4
23909 20160709  2.422  -91.72   37.63    30.3    19.0    24.6    23.5     3.3    16.48 C    36.6    17.8    23.5    95.8    59.4    82.3   0.293   0.287   0.302   0.267   0.284    23.4    23.4    23.0    21.9    21.5
23909 20160710  2.422  -91.72   37.63    31.4    16.8    24.1    24.9     0.0    27.64 C    36.3    15.8    25.3    95.8    50.9    75.4   0.288   0.281   0.296   0.268   0.287    23.6    23.5    23.0    22.0    21.6
23909 20160711  2.422  -91.72   37.63    31.1    20.8    26.0    26.0     0.0    26.88 C    37.0    19.4    26.3    94.1    52.7    74.2   0.270   0.265   0.285   0.266   0.287    24.2    24.1    23.5    22.2    21.8
23909 20160712  2.422  -91.72   37.63    29.9    20.4    25.2    24.6     0.0    16.42 C    33.0    18.5    24.4    94.8    58.2    78.3   0.255   0.253   0.275   0.264   0.273    23.9    23.9    23.5    22.4    21.9
23909 20160713  2.422  -91.72   37.63    32.2    19.8    26.0    24.2     8.3    19.55 C    36.6    17.8    24.2    95.1    55.0    78.0   0.255   0.253   0.272   0.261   0.254    23.8    23.8    23.4    22.4    21.9
23909 20160714  2.422  -91.72   37.63    30.1    18.1    24.1    24.7     0.0    21.32 C    34.1    16.5    24.1    95.5    51.3    70.4   0.266   0.262   0.274   0.260   0.247    23.8    23.8    23.3    22.4    21.9
23909 20160715  2.422  -91.72   37.63    28.5    16.5    22.5    22.2     5.3    19.26 C    31.7    15.4    21.9    95.6    43.8    79.6   0.263   0.258   0.269   0.257   0.241    23.2    23.3    23.0    22.3    22.0
23909 20160716  2.422  -91.72   37.63    30.5    17.0    23.7    24.3     0.0    27.68 C    36.9    15.9    25.1    95.7    48.8    74.5   0.258   0.255   0.267   0.255   0.235    23.5    23.4    23.0    22.2    21.9
23909 20160717  2.422  -91.72   37.63    33.1    20.7    26.9    26.6     0.0    26.21 C    37.5    19.3    26.8    95.4    49.1    75.1   0.239   0.240   0.258   0.253   0.230    24.4    24.3    23.7    22.4    22.0
23909 20160718  2.422  -91.72   37.63    32.9    19.3    26.1    26.6     0.0    23.96 C    37.4    18.0    26.4    95.8    48.5    77.0   0.220   0.224   0.249   0.250   0.226    24.6    24.5    24.0    22.6    22.2
23909 20160719  2.422  -91.72   37.63    33.5    19.1    26.3    26.9     0.0    26.33 C    38.3    18.2    27.4    95.8    48.2    76.3   0.202   0.208   0.239   0.247   0.222    24.9    24.8    24.2    22.9    22.4
23909 20160720  2.422  -91.72   37.63    33.3    20.4    26.8    25.8     0.0    19.60 C    38.4    19.2    26.1    94.9    53.0    80.0   0.185   0.193   0.230   0.244   0.218    25.1    25.0    24.4    23.1    22.6
23909 20160721  2.422  -91.72   37.63    34.3    19.8    27.1    27.4     0.0    25.04 C    39.0    18.8    27.6    95.6    51.6    78.0   0.168   0.177   0.220   0.240   0.215    25.2    25.0    24.4    23.2    22.7
23909 20160722  2.422  -91.72   37.63    32.1    20.5    26.3    26.3     0.0    21.92 C    35.4    19.1    26.0    97.9    46.6    78.0   0.151   0.162   0.209   0.237   0.212    25.1    25.0    24.5    23.3    22.8
23909 20160723  2.422  -91.72   37.63    34.9    19.3    27.1    27.5     0.0    24.45 C    39.7    18.0    27.6    95.7    45.5    75.5   0.136   0.149   0.198   0.233   0.208    25.2    25.1    24.5    23.3    22.8
23909 20160724  2.422  -91.72   37.63    35.3    20.4    27.8    27.8     0.0    23.94 C    39.8    19.0    27.7    95.5    47.8    75.6   0.123   0.137   0.187   0.228   0.204    25.7    25.5    24.9    23.5    22.9
23909 20160725  2.422  -91.72   37.63    29.4    21.2    25.3    24.4     2.2    15.22 C    33.8    19.7    24.2    95.4    62.2    83.0   0.118   0.132   0.181   0.226   0.201    25.0    25.0    24.6    23.6    23.1
23909 20160726  2.422  -91.72   37.63    30.2    20.0    25.1    23.3    48.6    11.18 C    36.3    19.2    23.4    97.8    64.3    89.3   0.181   0.185   0.232   0.240   0.206    24.0    24.1    24.0    23.4    22.9
23909 20160727  2.422  -91.72   37.63    30.2    20.3    25.3    23.9     2.6    15.53 C    32.7    19.0    24.1    99.1    61.8    87.2   0.280   0.273   0.294   0.262   0.223    23.9    24.0    23.7    23.1    22.8
23909 20160728  2.422  -91.72   37.63    31.0    18.3    24.6    23.7    12.1    18.26 C    35.5    17.5    23.4    96.0    55.8    84.1   0.288   0.281   0.298   0.263   0.227    24.0    24.0    23.7    23.1    22.7
23909 20160729  2.422  -91.72   37.63    29.3    17.2    23.2    22.0     3.1    14.97 C    34.7    16.2    21.9   100.0    60.7    88.8   0.297   0.290   0.306   0.269   0.233    23.5    23.6    23.4    23.0    22.6
23909 20160730  2.422  -91.72   37.63    29.3    16.8    23.0    23.1     0.0    22.49 C    33.9    15.6    23.0    98.5    53.0    80.9   0.288   0.281   0.298   0.269   0.236    23.4    23.5    23.3    22.8    22.5
23909 20160731  2.422  -91.72   37.63    28.2    16.2    22.2    21.9    13.3    12.64 C    31.7    15.2    21.6    96.0    63.3    87.5   0.297   0.290   0.311   0.272   0.249    22.9    23.1    23.0    22.7    22.4
23909 20160801  2.422  -91.72   37.63    27.1    20.4    23.7    23.4     3.7    12.68 C    30.2    19.8    23.1    95.8    62.7    85.6   0.308   0.298   0.317   0.277   0.301    23.2    23.2    23.0    22.5    22.3
23909 20160802  2.422  -91.72   37.63    32.6    20.3    26.4    26.2     0.0    23.36 C    37.2    19.3    26.5    95.8    47.5    76.3   0.293   0.285   0.304   0.277   0.301    23.9    23.9    23.4    22.6    22.3
23909 20160803  2.422  -91.72   37.63    31.5    19.6    25.5    24.8    14.3    22.48 C    36.4    18.6    25.1    95.1    60.1    80.0   0.311   0.302   0.328   0.278   0.303    24.4    24.4    23.9    22.9    22.5
23909 20160804  2.422  -91.72   37.63    34.0    18.1    26.0    26.3     0.0    25.04 C    38.3    17.2    26.5    95.9    51.3    78.1   0.298   0.288   0.310   0.278   0.303    24.5    24.5    24.0    23.1    22.7
23909 20160805  2.422  -91.72   37.63    32.8    20.9    26.9    26.0    11.4    22.66 C    36.8    19.8    26.6    95.6    52.6    80.8   0.292   0.282   0.303   0.277   0.302    25.0    24.9    24.4    23.3    22.8
23909 20160806  2.422  -91.72   37.63    26.5    21.4    23.9    23.5     0.0    12.66 C    29.7    19.8    23.8    95.2    68.7    84.9   0.306   0.296   0.313   0.280   0.305    24.5    24.6    24.3    23.5    23.0
23909 20160807  2.422  -91.72   37.63    29.2    20.2    24.7    23.6     0.0    17.62 C    35.8    19.0    24.1    92.7    57.9    75.5   0.293   0.283   0.302   0.279   0.304    24.1    24.2    23.9    23.3    22.9
23909 20160808  2.422  -91.72   37.63    28.1    19.3    23.7    22.8     1.1    17.58 C    34.5    18.0    23.5    95.7    54.0    82.8   0.286   0.274   0.295   0.277   0.303    23.9    23.9    23.7    23.2    22.9
23909 20160809  2.422  -91.72   37.63    31.6    17.8    24.7    24.7     0.0    21.22 C    38.0    17.1    25.3    95.7    55.3    80.8   0.276   0.263   0.287   0.275   0.302    24.0    24.0    23.7    23.1    22.8
23909 20160810  2.422  -91.72   37.63    32.0    20.2    26.1    25.8     0.0    18.61 C    39.6    19.2    26.0    96.4    57.3    81.2   0.262   0.253   0.279   0.273   0.298    24.4    24.4    24.0    23.2    22.8
23909 20160811  2.422  -91.72   37.63    33.3    19.9    26.6    26.7     0.0    22.55 C    39.4    19.0    27.0    95.9    54.7    78.8   0.247   0.242   0.270   0.271   0.274    24.7    24.6    24.2    23.3    22.9
23909 20160812  2.422  -91.72   37.63    32.5    21.9    27.2    25.8     7.7    17.24 C    38.6    20.8    26.1    95.3    60.8    84.0   0.236   0.233   0.263   0.268   0.268    24.9    24.9    24.4    23.5    23.1
23909 20160813  2.422  -91.72   37.63    28.1    18.8    23.4    23.4     2.4    14.81 C    31.5    17.7    23.4    95.4    58.6    84.1   0.248   0.241   0.262   0.266   0.262    24.5    24.5    24.2    23.5    23.1
23909 20160814  2.422  -91.72   37.63    20.7    18.2    19.4    19.4    15.0     5.65 C    21.7    18.2    19.4    94.9    77.9    90.4   0.293   0.274   0.277   0.264   0.258    23.0    23.2    23.3    23.3    23.0
23909 20160815  2.422  -91.72   37.63    23.1    19.2    21.2    20.4     6.6     6.15 C    25.7    18.6    20.3    95.4    80.0    91.8   0.316   0.304   0.315   0.270   0.262    22.5    22.6    22.7    22.8    22.6
23909 20160816  2.422  -91.72   37.63    28.0    17.9    23.0    22.3     0.2    20.31 C    33.6    16.4    22.7    95.8    55.3    82.5   0.308   0.295   0.310   0.277   0.267    22.8    22.9    22.7    22.5    22.4
23909 20160817  2.422  -91.72   37.63    29.1    16.6    22.9    22.4     0.0    19.64 C    34.8    15.6    22.6    96.1    54.6    82.2   0.294   0.282   0.300   0.278   0.276    22.9    23.0    22.8    22.5    22.4
23909 20160818  2.422  -91.72   37.63    29.7    17.7    23.7    23.6     0.0    21.95 C    37.0    16.2    24.5    98.3    56.6    83.3   0.282   0.269   0.290   0.277   0.277    23.2    23.3    23.0    22.5    22.3
23909 20160819  2.422  -91.72   37.63    30.2    19.7    24.9    23.8     0.0    16.32 C    36.8    17.9    24.4    95.5    59.4    83.3   0.270   0.259   0.282   0.275   0.275    23.6    23.6    23.3    22.7    22.4
23909 20160820  2.422  -91.72   37.63    26.5    16.8    21.6    22.3     0.0    14.73 C    31.9    15.1    22.2    92.5    63.7    79.8   0.260   0.252   0.276   0.273   0.274    23.4    23.5    23.3    22.8    22.5
23909 20160821  2.422  -91.72   37.63    25.6    11.7    18.6    18.7     0.0    24.30 C    31.1    10.2    18.9    95.2    42.4    72.6   0.248   0.243   0.269   0.271   0.269    22.2    22.4    22.5    22.5    22.4
23909 20160822  2.422  -91.72   37.63    27.3     9.4    18.4    18.6     0.0    24.67 C    34.8     8.1    19.3    95.7    45.6    74.5   0.233   0.231   0.260   0.269   0.263    21.2    21.4    21.6    22.1    22.0
23909 20160823  2.422  -91.72   37.63    27.3    13.2    20.3    21.3     4.8     7.37 C    29.9    12.2    20.9    95.9    74.5    87.8   0.230   0.228   0.256   0.267   0.258    21.3    21.4    21.4    21.7    21.7
23909 20160824  2.422  -91.72   37.63    32.2    22.6    27.4    26.7     0.0    20.51 C    36.6    20.5    26.2    91.7    57.8    75.8   0.232   0.229   0.255   0.265   0.254    23.0    22.9    22.4    21.8    21.7
23909 20160825  2.422  -91.72   37.63    31.9    17.4    24.7    25.3     0.0    19.46 C    36.7    16.1    24.7    95.9    53.2    77.6   0.221   0.221   0.249   0.262   0.250    23.3    23.3    22.9    22.2    21.9
23909 20160826  2.422  -91.72   37.63    29.7    20.4    25.0    23.7     0.0    10.46 C    34.4    19.5    23.6    95.3    62.8    85.1   0.213   0.214   0.245   0.259   0.246    23.3    23.3    23.0    22.4    22.1
23909 20160827  2.422  -91.72   37.63    31.0    19.3    25.1    24.3     0.0    17.50 C    36.4    17.9    24.5    95.8    54.5    81.5   0.206   0.207   0.240   0.257   0.244    23.3    23.3    23.0    22.4    22.2
23909 20160828  2.422  -91.72   37.63    32.2    16.7    24.5    24.6     0.0    22.13 C    37.7    16.4    25.0    98.3    45.2    78.7   0.193   0.196   0.233   0.255   0.240    23.3    23.3    23.1    22.5    22.2
23909 20160829  2.422  -91.72   37.63    32.8    17.3    25.1    24.5     0.0    21.30 C    38.4    16.6    24.8    96.1    46.7    78.2   0.178   0.183   0.224   0.251   0.236    23.4    23.4    23.1    22.5    22.3
23909 20160830  2.422  -91.72   37.63    32.9    17.0    24.9    23.6     0.0    20.83 C    38.1    16.3    24.2    95.9    46.5    80.3   0.163   0.171   0.215   0.247   0.234    23.4    23.3    23.1    22.5    22.3
23909 20160831  2.422  -91.72   37.63    28.1    17.8    22.9    22.0     0.0    14.11 C    33.5    16.9    22.4    97.9    63.1    89.2   0.152   0.162   0.208   0.244   0.232    23.0    23.0    22.9    22.5    22.3
23909 20160901  2.422  -91.72   37.63    26.1    12.0    19.0    20.7     0.0    22.33 C    32.0    10.0    21.1    95.6    46.4    73.1   0.144   0.155   0.202   0.242   0.229    22.8    22.8    22.7    22.4    22.2
23909 20160902  2.422  -91.72   37.63    25.0     9.3    17.2    16.9     0.0    18.82 C    32.2     8.1    16.9    96.2    44.5    76.8   0.135   0.146   0.194   0.239   0.226    21.0    21.2    21.5    22.0    22.0
23909 20160903  2.422  -91.72   37.63    26.7     8.8    17.8    17.8     0.0    21.08 C    33.5     7.9    18.5    95.9    43.0    75.1   0.127   0.140   0.188   0.236   0.223    20.6    20.7    20.9    21.5    21.5
23909 20160904  2.422  -91.72   37.63    29.7     8.3    19.0    19.1     0.0    22.59 C    35.2     7.6    19.5    96.2    39.6    74.3   0.121   0.134   0.181   0.232   0.220    20.7    20.8    20.8    21.2    21.3
23909 20160905  2.422  -91.72   37.63    32.5    15.4    24.0    24.8     0.0    21.89 C    37.8    14.3    24.7    96.3    44.5    74.6   0.115   0.128   0.176   0.230   0.216    21.8    21.7    21.4    21.2    21.2
23909 20160906  2.422  -91.72   37.63    33.3    21.9    27.6    26.8     0.3    18.83 C    38.8    19.8    26.1    94.7    45.6    75.5   0.111   0.124   0.172   0.227   0.213    23.1    23.0    22.5    21.7    21.5
23909 20160907  2.422  -91.72   37.63    32.9    20.3    26.6    26.6     0.0    19.31 C    39.1    18.1    26.2    95.8    48.2    74.2   0.107   0.120   0.167   0.225   0.209    23.5    23.3    22.9    22.0    21.7
23909 20160908  2.422  -91.72   37.63    27.9    20.7    24.3    23.3    21.9     4.41 C    29.0    19.7    22.4    95.2    66.9    86.2   0.129   0.123   0.202   0.223   0.206    23.0    23.0    22.8    22.1    21.9
23909 20160909  2.422  -91.72   37.63    31.4    19.4    25.4    24.0    38.6    13.87 C    36.1    18.5    24.0    95.4    58.8    84.9   0.203   0.178   0.248   0.233   0.211    23.0    23.0    22.7    22.1    21.9
23909 20160910  2.422  -91.72   37.63    23.9    10.7    17.3    18.8     1.3    15.46 C    27.5     9.4    18.5    95.6    46.0    79.5   0.291   0.279   0.296   0.262   0.232    22.3    22.4    22.4    22.2    22.0
23909 20160911  2.422  -91.72   37.63    25.4     7.6    16.5    16.3     0.0    22.83 C    30.7     6.7    16.8    96.2    39.9    74.7   0.278   0.269   0.285   0.260   0.236    20.4    20.6    21.0    21.6    21.6
23909 20160912  2.422  -91.72   37.63    27.6     8.7    18.1    18.3     0.0    22.00 C    33.1     7.8    18.5    96.2    45.9    76.0   0.264   0.257   0.276   0.259   0.233    20.0    20.2    20.4    21.1    21.2
23909 20160913  2.422  -91.72   37.63    30.8    13.9    22.3    22.0     0.0    19.64 C    36.3    12.7    21.9    95.8    49.3    77.2   0.250   0.247   0.268   0.257   0.231    20.8    20.9    20.8    20.9    21.0
23909 20160914  2.422  -91.72   37.63    30.8    15.2    23.0    21.8    38.0    16.33 C    36.3    14.9    22.1    96.0    51.2    82.5   0.262   0.266   0.292   0.262   0.242    21.2    21.3    21.2    21.1    21.0
23909 20160915  2.422  -91.72   37.63    28.7    16.6    22.7    21.2     1.4     9.17 C    33.1    15.5    20.9    96.0    64.1    89.5   0.308   0.315   0.347   0.276   0.301    21.2    21.3    21.2    21.1    21.0
23909 20160916  2.422  -91.72   37.63    29.2    18.7    24.0    21.3    52.8     9.40 C    34.0    17.1    21.2    94.7    61.4    88.3   0.318   0.313   0.338   0.277   0.304    21.5    21.6    21.4    21.2    21.1
23909 20160917  2.422  -91.72   37.63    27.0    14.8    20.9    20.7     0.0    18.57 C    32.2    13.8    21.1    95.9    52.4    81.9   0.340   0.338   0.363   0.279   0.307    21.7    21.7    21.5    21.3    21.1
23909 20160918  2.422  -91.72   37.63    25.8    13.2    19.5    18.6     0.0     8.97 C    30.5    11.8    18.1    96.2    62.7    88.2   0.322   0.313   0.355   0.278   0.305    20.6    20.9    21.0    21.2    21.1
23909 20160919  2.422  -91.72   37.63    30.4    12.3    21.4    21.0     0.0    20.67 C    35.2    11.4    21.9    96.2    42.3    79.0   0.309   0.299   0.325   0.278   0.304    20.5    20.7    20.6    20.9    20.9
23909 20160920  2.422  -91.72   37.63    32.2    15.2    23.7    23.4     0.0    15.57 C    38.1    14.6    23.2    96.3    54.9    81.8   0.299   0.288   0.311   0.277   0.304    21.2    21.2    21.0    20.9    20.8
23909 20160921  2.422  -91.72   37.63    30.1    15.4    22.8    22.0     0.0    19.83 C    35.5    14.1    21.9    98.2    42.5    79.5   0.291   0.279   0.301   0.279   0.304    21.5    21.5    21.4    21.1    20.9
23909 20160922  2.422  -91.72   37.63    30.5    13.1    21.8    21.3     0.0    19.51 C    35.5    11.4    21.2    96.4    41.6    77.7   0.281   0.270   0.293   0.277   0.302    21.2    21.3    21.2    21.1    21.0
23909 20160923  2.422  -91.72   37.63    30.9    12.6    21.7    21.2     0.0    18.51 C    36.3    11.1    21.0    97.1    41.9    78.4   0.271   0.262   0.285   0.275   0.301    20.9    21.0    21.0    21.0    20.9
23909 20160924  2.422  -91.72   37.63    31.7    14.5    23.1    22.3     0.0    17.36 C    37.3    13.3    22.1    96.2    47.0    79.5   0.261   0.254   0.279   0.274   0.301    21.2    21.2    21.1    21.0    20.9
23909 20160925  2.422  -91.72   37.63    30.9    15.2    23.0    22.0    13.1    17.19 C    36.1    14.3    22.2    96.1    44.2    79.2   0.260   0.253   0.276   0.272   0.300    21.4    21.5    21.3    21.0    20.9
23909 20160926  2.422  -91.72   37.63    21.8     6.3    14.0    14.8     2.9    19.32 C    25.9     4.9    14.8    95.5    29.5    73.3   0.302   0.292   0.303   0.274   0.303    20.5    20.7    20.9    21.0    20.9
23909 20160927  2.422  -91.72   37.63    25.2     5.5    15.3    15.5     0.0    19.82 C    29.3     4.3    14.7    95.8    32.2    65.5   0.290   0.279   0.296   0.275   0.304    18.5    18.8    19.3    20.4    20.5
23909 20160928  2.422  -91.72   37.63    20.7     9.1    14.9    16.2     0.0    19.76 C    25.8     7.7    15.8    88.3    34.5    59.0   0.280   0.268   0.289   0.275   0.303    18.7    18.9    19.2    19.9    20.1
23909 20160929  2.422  -91.72   37.63    21.9     8.8    15.4    15.1     0.0    17.93 C    26.6     7.8    15.1    93.9    48.7    72.7   0.272   0.258   0.283   0.274   0.302    18.2    18.4    18.7    19.6    19.8
23909 20160930  2.422  -91.72   37.63    19.3    11.9    15.6    15.6     0.0     7.46 C    22.4     9.4    15.2    95.3    64.5    80.4   0.266   0.257   0.280   0.274   0.300    18.3    18.5    18.8    19.4    19.6
23909 20161001  2.422  -91.72   37.63    19.1     9.7    14.4    15.0     0.0     6.32 C    21.8     7.9    14.7    96.6    67.2    86.5   0.263   0.254   0.276   0.273   0.280    17.9    18.2    18.5    19.2    19.4
23909 20161002  2.422  -91.72   37.63    21.2     7.5    14.4    13.8     0.0     9.73 C    25.7     6.6    13.5    96.3    53.8    83.3   0.259   0.251   0.273   0.271   0.276    17.4    17.7    18.1    18.9    19.1
23909 20161003  2.422  -91.72   37.63    24.9     7.1    16.0    14.7     0.0    13.51 C    31.3     6.3    14.7    96.2    49.3    81.8   0.254   0.247   0.270   0.270   0.274    17.1    17.4    17.7    18.7    18.9
23909 20161004  2.422  -91.72   37.63    26.8    11.4    19.1    19.2     0.0    17.46 C    31.7     8.9    18.4    96.1    43.2    70.3   0.247   0.242   0.266   0.268   0.271    17.7    17.9    18.0    18.5    18.8
23909 20161005  2.422  -91.72   37.63    26.4    15.0    20.7    19.9     6.0    15.07 C    31.1    13.2    19.4    94.7    60.1    79.7   0.254   0.245   0.265   0.267   0.267    18.7    18.8    18.6    18.7    18.9
23909 20161006  2.422  -91.72   37.63    27.0    17.3    22.2    21.7     0.0    12.89 C    31.9    13.5    20.7    89.6    57.3    75.0   0.260   0.250   0.267   0.266   0.265    19.4    19.4    19.3    19.0    19.0
23909 20161007  2.422  -91.72   37.63    20.6     6.5    13.5    13.2     0.0     9.41 C    22.3     2.8    12.3    95.8    62.8    80.9   0.255   0.247   0.266   0.265   0.263    18.3    18.5    18.8    19.1    19.1
23909 20161008  2.422  -91.72   37.63    20.5     1.0    10.8    10.0     0.0    18.41 C    26.2    -0.3    10.0    96.6    32.4    72.5   0.250   0.242   0.263   0.263   0.260    15.9    16.4    17.0    18.5    18.7
23909 20161009  2.422  -91.72   37.63    23.8     2.0    12.9    11.7     0.0    15.46 C    30.4     1.1    11.4    96.1    29.6    74.0   0.244   0.236   0.259   0.262   0.257    15.4    15.8    16.3    17.8    18.2
23909 20161010  2.422  -91.72   37.63    23.0     4.1    13.6    12.5     0.0    12.29 C    28.0     2.7    11.9    95.7    39.1    76.4   0.239   0.232   0.256   0.260   0.254    15.4    15.7    16.1    17.4    17.8
23909 20161011  2.422  -91.72   37.63    26.7     7.6    17.1    17.7     0.0    16.13 C    31.4     5.4    16.4    95.0    33.0    64.2   0.234   0.228   0.254   0.259   0.252    15.9    16.1    16.3    17.2    17.6
23909 20161012  2.422  -91.72   37.63    22.9     9.0    15.9    16.6     7.0     4.97 C    25.4     8.7    16.0    92.8    60.9    85.0   0.233   0.226   0.252   0.258   0.250    17.0    17.1    17.1    17.4    17.7
23909 20161013  2.422  -91.72   37.63    16.3     7.0    11.6     9.9     0.0    10.67 C    20.6     5.2    10.6    95.7    56.7    83.2   0.248   0.237   0.253   0.257   0.249    16.0    16.3    16.7    17.5    17.7
23909 20161014  2.422  -91.72   37.63    18.2     9.7    13.9    13.4     0.0     4.70 C    25.0     8.8    13.8    94.8    73.8    88.3   0.250   0.240   0.255   0.256   0.247    15.8    16.0    16.3    17.2    17.5
23909 20161015  2.422  -91.72   37.63    24.7    14.5    19.6    18.8     0.0    11.35 C    28.4    14.3    18.7    95.2    60.1    81.7   0.247   0.238   0.256   0.256   0.246    17.1    17.2    17.1    17.3    17.4
23909 20161016  2.422  -91.72   37.63    29.1    18.3    23.7    22.7     0.0    12.81 C    34.6    16.4    22.0    83.2    53.1    71.6   0.243   0.234   0.255   0.255   0.245    18.3    18.3    18.0    17.7    17.7
23909 20161017  2.422  -91.72   37.63    29.6    19.1    24.3    23.7     0.0    14.56 C    32.3    17.3    22.5    89.6    38.5    65.4   0.237   0.226   0.254   0.255   0.244    19.0    18.9    18.6    18.1    18.1
23909 20161018  2.422  -91.72   37.63    29.0    16.8    22.9    22.2     0.0    10.79 C    33.2    15.1    21.3    92.5    49.1    75.1   0.231   0.226   0.251   0.254   0.243    19.2    19.2    19.0    18.5    18.4
23909 20161019  2.422  -91.72   37.63    28.9    13.9    21.4    18.8    85.5     5.56 C    34.2    13.4    18.6    95.1    60.2    82.5   0.271   0.264   0.294   0.263   0.264    18.9    19.0    18.9    18.7    18.6
23909 20161020  2.422  -91.72   37.63    17.2     6.1    11.7    12.3    13.6     9.67 C    21.4     5.0    12.2    94.1    50.6    81.9   0.337   0.334   0.361   0.278   0.308    17.4    17.7    18.0    18.5    18.5
23909 20161021  2.422  -91.72   37.63    16.1     1.7     8.9     7.9     0.0    15.74 C    21.6     0.4     7.9    95.8    41.4    75.2   0.323   0.320   0.362   0.279   0.311    15.5    15.9    16.5    17.8    18.0
23909 20161022  2.422  -91.72   37.63    22.1     0.5    11.3    10.8     0.0    15.63 C    26.6    -0.4     9.9    96.1    31.5    68.1   0.313   0.303   0.341   0.278   0.312    14.2    14.6    15.3    16.9    17.4
23909 20161023  2.422  -91.72   37.63    26.7     5.0    15.8    15.2     0.0    15.01 C    29.3     2.7    13.2    94.6    33.3    67.1   0.304   0.292   0.318   0.279   0.312    14.6    14.9    15.3    16.5    16.9
23909 20161024  2.422  -91.72   37.63    22.8     5.9    14.3    13.2     0.0    14.97 C    27.7     4.2    12.1    95.6    30.3    69.3   0.298   0.282   0.308   0.279   0.312    14.7    15.0    15.4    16.4    16.7
23909 20161025  2.422  -91.72   37.63    23.5     5.4    14.5    14.3     0.0    12.45 C    29.3     3.9    12.8    95.3    38.9    69.9   0.292   0.275   0.300   0.279   0.312    14.5    14.8    15.1    16.2    16.6
23909 20161026  2.422  -91.72   37.63    22.4     7.5    14.9    15.2     0.6     6.62 C    24.9     5.0    13.5    95.4    53.2    78.6   0.288   0.270   0.296   0.278   0.312    14.9    15.1    15.3    16.1    16.5
23909 20161027  2.422  -91.72   37.63    22.9     9.3    16.1    15.8     0.0    11.95 C    26.4     6.6    15.1    95.0    43.2    79.1   0.286   0.267   0.293   0.278   0.312    15.7    15.9    15.9    16.3    16.5
23909 20161028  2.422  -91.72   37.63    26.5    11.5    19.0    17.8     0.0    11.32 C    29.8     8.2    16.4    95.7    45.0    75.4   0.282   0.261   0.290   0.277   0.311    15.7    15.8    15.9    16.3    16.6
23909 20161029  2.422  -91.72   37.63    28.0    13.3    20.6    20.0     0.0    13.65 C    30.9    10.0    17.7    89.0    36.2    64.0   0.278   0.263   0.288   0.277   0.311    16.4    16.5    16.5    16.5    16.7
23909 20161030  2.422  -91.72   37.63    26.2    15.0    20.6    18.8     0.0    11.84 C    33.2    10.1    18.2    87.4    48.3    70.8   0.273   0.258   0.285   0.276   0.309    16.6    16.8    16.7    16.7    16.8
23909 20161031  2.422  -91.72   37.63    27.1     9.3    18.2    17.9     0.0    10.92 C    29.4     8.3    16.6    99.2    49.0    77.1   0.269   0.255   0.282   0.274   0.308    16.7    16.8    16.8    16.9    17.0
23909 20161101  2.422  -91.72   37.63    27.7    12.2    19.9    20.4     0.0    11.84 C    30.0     8.3    17.6    80.0    40.6    56.6   0.265   0.251   0.280   0.273   0.308    16.8    16.9    16.9    17.0    17.1
23909 20161102  2.422  -91.72   37.63    27.9    15.6    21.7    20.8     0.0     9.63 C    30.9    10.7    18.9    78.6    47.3    64.9   0.260   0.247   0.277   0.272   0.308    17.1    17.2    17.1    17.1    17.1
23909 20161103  2.422  -91.72   37.63    20.9     9.1    15.0    16.6     2.7     3.03 C    24.4     6.3    15.4    99.3    72.0    88.5   0.261   0.248   0.276   0.272   0.308    17.2    17.3    17.3    17.2    17.2
23909 20161104  2.422  -91.72   37.63    21.0     2.1    11.6    11.3     0.0    13.87 C    25.0     0.1     9.7   100.0    29.1    74.6   0.263   0.250   0.275   0.271   0.293    15.3    15.7    16.2    17.0    17.1
23909 20161105  2.422  -91.72   37.63    19.3     0.0     9.7     7.6     0.0    11.01 C    23.9    -1.1     6.9    96.3    25.5    72.8   0.260   0.248   0.273   0.270   0.284    13.4    13.9    14.6    16.3    16.7
23909 20161106  2.422  -91.72   37.63    20.3    -1.7     9.3     8.1     0.0    13.67 C    24.0    -3.0     7.0    95.5    32.2    72.0   0.257   0.249   0.270   0.269   0.284    12.5    13.0    13.7    15.5    16.0
23909 20161107  2.422  -91.72   37.63    19.4     3.6    11.5    12.8     0.6     5.77 C    23.6     1.7    11.5    95.0    42.0    70.6   0.255   0.248   0.269   0.268   0.283    12.9    13.2    13.6    15.1    15.6
23909 20161108  2.422  -91.72   37.63    16.8     8.6    12.7    13.0     1.4     3.52 C    19.1     5.7    12.4    95.6    57.8    86.8   0.256   0.249   0.268   0.267   0.278    14.1    14.3    14.4    15.1    15.5
23909 20161109  2.422  -91.72   37.63    16.1    -1.5     7.3     7.2     0.0    13.34 C    20.5    -2.9     5.9    96.1    36.2    73.8   0.257   0.250   0.268   0.266   0.273    12.8    13.3    13.9    15.1    15.5
23909 20161110  2.422  -91.72   37.63    20.7    -3.6     8.6     7.6     0.0    13.39 C    22.9    -4.6     5.6    95.0    20.8    63.8   0.254   0.247   0.266   0.265   0.270    11.2    11.7    12.5    14.5    15.0
23909 20161111  2.422  -91.72   37.63    18.2     6.1    12.1    11.4     0.0    12.08 C    23.0     0.9     9.3    78.4    32.2    55.7   0.252   0.245   0.264   0.265   0.268    11.7    12.0    12.5    14.1    14.6
23909 20161112  2.422  -91.72   37.63    13.8    -4.8     4.5     4.5     0.0    13.17 C    18.0    -5.9     2.9    95.1    29.5    68.5   0.249   0.243   0.262   0.264   0.265    10.7    11.3    12.0    13.8    14.3
23909 20161113  2.422  -91.72   37.63    17.1    -6.6     5.3     4.4     0.0    12.86 C    20.8    -7.5     2.9    92.1    26.2    65.5   0.247   0.240   0.260   0.263   0.263     9.4     9.9    10.9    13.2    13.8
23909 20161114  2.422  -91.72   37.63    21.6    -1.4    10.1    10.1     0.8    10.53 C    27.0    -2.6     8.6    96.2    42.1    70.7   0.245   0.239   0.259   0.262   0.262    10.1    10.4    11.0    12.7    13.4
23909 20161115  2.422  -91.72   37.63    20.8     0.2    10.5    10.0     0.0    11.96 C    23.5    -0.8     7.9   100.0    29.0    72.8   0.244   0.238   0.258   0.261   0.261    10.9    11.2    11.6    12.9    13.3
23909 20161116  2.422  -91.72   37.63    25.7     0.9    13.3    13.2     0.0    12.04 C    27.6    -0.3    10.2    94.6    23.8    60.9   0.243   0.236   0.257   0.261   0.259    10.9    11.2    11.6    12.8    13.3
23909 20161117  2.422  -91.72   37.63    27.0    11.2    19.1    19.1     0.0    11.75 C    27.7     5.8    15.8    77.9    19.2    46.7   0.241   0.233   0.257   0.260   0.258    12.2    12.3    12.4    13.0    13.4
23909 20161118  2.422  -91.72   37.63    18.0     4.2    11.1    11.9     1.0     3.01 C    16.9     3.0    10.4    81.7    43.9    59.9   0.239   0.231   0.256   0.259   0.256    12.6    12.8    13.0    13.4    13.7
23909 20161119  2.422  -91.72   37.63     8.4    -4.9     1.8     1.9     0.0    12.29 C    11.9    -6.8     1.1    88.9    28.1    55.9   0.238   0.229   0.254   0.258   0.254    10.3    10.8    11.6    13.2    13.6
23909 20161120  2.422  -91.72   37.63    11.8    -7.6     2.1     0.9     0.0    11.81 C    15.4    -8.5    -0.3    91.4    18.3    60.1   0.235   0.225   0.252   0.258   0.253     8.3     8.9    10.0    12.4    13.0
23909 20161121  2.422  -91.72   37.63    15.3    -4.0     5.6     6.1     0.0    10.44 C    19.6    -5.6     4.3    88.2    27.1    49.1   0.234   0.224   0.250   0.256   0.251     8.2     8.7     9.5    11.7    12.4
23909 20161122  2.422  -91.72   37.63    14.0     4.4     9.2     8.5     6.8     4.36 C    17.8     1.5     7.6    90.3    27.6    53.2   0.236   0.225   0.251   0.256   0.250     9.3     9.6    10.0    11.6    12.2
23909 20161123  2.422  -91.72   37.63    16.2     5.2    10.7     8.9     0.2     4.09 C    18.9     4.6     8.7    95.7    66.1    87.0   0.259   0.242   0.259   0.254   0.249    10.4    10.6    10.8    11.7    12.2
23909 20161124  2.422  -91.72   37.63     9.1     2.3     5.7     4.8     0.0     5.48 C    13.9    -1.6     4.7    94.4    60.4    81.2   0.258   0.247   0.261   0.255   0.249    10.1    10.5    10.9    12.0    12.3
23909 20161125  2.422  -91.72   37.63    10.8    -1.0     4.9     5.2     0.0     8.32 C    17.0    -4.4     5.1    96.2    56.5    82.3   0.257   0.247   0.261   0.254   0.248     9.7    10.1    10.6    11.8    12.3
23909 20161126  2.422  -91.72   37.63    10.5    -4.6     2.9     3.0     0.0     8.08 C    13.8    -6.1     3.4   100.0    54.4    88.5   0.255   0.245   0.260   0.254   0.247     8.9     9.3     9.9    11.5    12.1
23909 20161127  2.422  -91.72   37.63     9.6     1.0     5.3     5.5     0.6     4.21 C    13.2     0.6     5.5    95.7    61.8    79.5   0.253   0.244   0.259   0.254   0.247     9.2     9.5     9.9    11.3    11.9
23909 20161128  2.422  -91.72   37.63    10.5     6.7     8.6     8.8     5.6     0.88 C     9.7     1.4     7.3    93.4    73.5    84.5   0.264   0.254   0.264   0.254   0.248     9.5     9.8    10.2    11.3    11.8
23909 20161129  2.422  -91.72   37.63    14.7     0.3     7.5     7.3     0.0     6.76 C    15.5    -2.1     5.1    95.7    50.5    80.3   0.273   0.262   0.270   0.254   0.247     9.4     9.7    10.2    11.3    11.8
23909 20161130  2.422  -91.72   37.63     8.1    -4.3     1.9     2.1     0.0     9.60 C    11.8    -5.5     0.9    94.7    46.3    69.0   0.271   0.260   0.269   0.254   0.247     8.1     8.6     9.3    11.1    11.6
23909 20161201  2.422  -91.72   37.63     9.1    -5.7     1.7     1.3     0.0    10.88 C    11.8    -7.0    -0.2    90.9    33.3    62.3   0.268   0.257   0.268   0.255   0.247     7.3     7.8     8.7    10.6    11.2
23909 20161202  2.422  -91.72   37.63    12.0    -5.8     3.1     2.6     0.0     8.66 C    15.1    -6.7     1.6    94.7    27.7    68.8   0.265   0.254   0.266   0.255   0.246     6.8     7.3     8.1    10.1    10.8
23909 20161203  2.422  -91.72   37.63     6.5    -0.5     3.0     3.0     1.7     3.40 C     9.1    -2.0     3.0    94.0    55.7    74.7   0.263   0.253   0.265   0.253   0.246     7.1     7.5     8.1     9.9    10.6
23909 20161204  2.422  -91.72   37.63     5.3    -3.0     1.2     2.4     5.4     1.61 C     5.9    -4.3     2.2    96.8    83.4    92.1   0.281   0.265   0.271   0.254   0.246     7.5     7.9     8.4     9.9    10.5
23909 20161205  2.422  -91.72   37.63     9.2    -4.5     2.4     2.4     0.0     6.68 C    10.8    -5.1     1.9    96.1    52.9    81.4   0.290   0.272   0.277   0.255   0.247     6.9     7.3     8.0     9.7    10.3
23909 20161206  2.422  -91.72   37.63     4.5    -2.9     0.8     1.6     3.7     2.55 C     5.2    -4.4     1.0    95.8    53.5    84.6   0.300   0.285   0.287   0.256   0.249     7.2     7.6     8.1     9.6    10.1
23909 20161207  2.422  -91.72   37.63     2.3    -7.5    -2.6    -1.5     0.0     4.08 C     5.9    -9.4    -1.9    90.0    36.3    63.3   0.296   0.284   0.286   0.257   0.250     5.9     6.4     7.3     9.3     9.9
23909 20161208  2.422  -91.72   37.63    -0.8    -9.0    -4.9    -5.6     0.0    10.58 C     3.1   -10.7    -6.0    77.2    42.6    62.4   0.291   0.285   0.284   0.258   0.250     4.9     5.5     6.5     8.8     9.5
23909 20161209  2.422  -91.72   37.63    -0.5   -12.8    -6.7    -6.9     0.0    10.42 C     4.5   -13.7    -7.3    87.8    36.1    66.9   0.288   0.284   0.281   0.258   0.249     3.5     4.1     5.3     8.1     9.0
23909 20161210  2.422  -91.72   37.63     1.5   -10.4    -4.4    -3.2     0.0     2.82 C     3.7   -11.6    -3.0    91.5    44.1    65.0   0.285   0.281   0.279   0.258   0.250     3.1     3.7     4.7     7.4     8.4
23909 20161211  2.422  -91.72   37.63     7.1     1.5     4.3     4.9     0.6     1.01 C     7.1     1.1     4.4    95.3    42.2    65.7   0.284   0.281   0.279   0.258   0.249     4.7     5.0     5.5     7.3     8.1
23909 20161212  2.422  -91.72   37.63     4.6    -2.0     1.3     1.4     0.0     6.55 C     7.5    -2.4     1.6    94.2    54.7    75.2   0.283   0.281   0.279   0.259   0.249     5.7     5.9     6.3     7.7     8.3
23909 20161213  2.422  -91.72   37.63     7.2    -6.0     0.6     1.0     0.0     4.88 C    12.7    -7.7     1.8    87.1    56.0    75.7   0.282   0.279   0.279   0.260   0.249     5.9     6.2     6.6     7.9     8.4
23909 20161214  2.422  -91.72   37.63     1.2    -5.5    -2.1    -3.2     0.0     6.44 C     8.0    -7.2    -1.8    78.8    40.1    60.9   0.280   0.278   0.277   0.259   0.249     5.0     5.4     6.1     7.8     8.4
23909 20161215  2.422  -91.72   37.63    -2.9    -8.3    -5.6    -5.8     0.0     5.51 C     4.3    -8.5    -4.5    46.3    29.9    38.8   0.278   0.276   0.275   0.259   0.249     4.1     4.6     5.4     7.5     8.2
23909 20161216  2.422  -91.72   37.63     4.5    -5.8    -0.7    -2.3     0.4     1.33 C     4.0    -4.6    -1.7    96.2    41.1    74.8   0.275   0.274   0.274   0.259   0.249     3.7     4.1     4.9     7.1     7.8
23909 20161217  2.422  -91.72   37.63    12.0   -11.1     0.4     0.8     1.3     0.54 C    10.3   -11.0     0.7    96.3    78.4    92.0   0.275   0.274   0.274   0.259   0.249     4.9     5.2     5.6     7.1     7.7
23909 20161218  2.422  -91.72   37.63    -9.6   -18.0   -13.8   -13.7     0.0    10.77 C    -4.9   -20.1   -13.3    83.6    47.5    71.3   0.275   0.274   0.273   0.261   0.249     3.3     3.8     4.8     6.9     7.6
23909 20161219  2.422  -91.72   37.63    -2.3   -19.4   -10.8   -11.2     0.0     8.39 C    -0.5   -20.3   -12.8    83.0    30.4    60.2   0.271   0.271   0.271   0.259   0.248     1.6     2.2     3.5     6.2     7.1
23909 20161220  2.422  -91.72   37.63     9.7   -10.7    -0.5    -2.4     0.0    10.31 C     9.7   -15.0    -5.7    83.6    19.3    42.7   0.267   0.267   0.269   0.259   0.248     1.3     1.9     3.0     5.6     6.6
23909 20161221  2.422  -91.72   37.63    10.8    -8.6     1.1     0.8     0.0     6.16 C    12.0    -9.6    -1.9    87.7    24.3    55.6   0.268   0.267   0.268   0.260   0.248     1.7     2.1     3.0     5.3     6.3
23909 20161222  2.422  -91.72   37.63     7.4    -2.6     2.4     2.0     0.0     8.41 C    13.3    -7.2     0.8    86.3    37.2    63.2   0.270   0.270   0.268   0.259   0.248     2.6     2.9     3.5     5.3     6.1
23909 20161223  2.422  -91.72   37.63     7.2     2.3     4.8     3.7     8.4     0.89 C     6.2     0.8     3.2    96.0    56.7    79.8   0.286   0.280   0.281   0.259   0.248     3.8     4.0     4.4     5.6     6.3
23909 20161224  2.422  -91.72   37.63    12.2     2.8     7.5     6.9     0.0     5.95 C    15.0    -0.7     6.1    97.2    64.4    88.9   0.302   0.296   0.301   0.262   0.251     5.1     5.2     5.4     6.1     6.6
23909 20161225  2.422  -91.72   37.63    17.9     6.9    12.4    12.0     0.0     1.86 C    15.6     6.2    11.1    96.2    82.6    92.2   0.298   0.294   0.299   0.263   0.252     6.7     6.7     6.5     6.7     7.0
23909 20161226  2.422  -91.72   37.63    18.4     1.9    10.1    10.1    14.6     2.80 C    16.1    -1.8     7.7    92.2    47.5    72.1   0.323   0.312   0.353   0.273   0.287     8.4     8.4     8.1     7.6     7.7
23909 20161227  2.422  -91.72   37.63     9.6    -5.5     2.1     1.3     0.0    10.45 C    12.7    -7.8    -1.4    89.6    31.2    60.4   0.315   0.313   0.344   0.277   0.308     5.9     6.3     6.9     7.8     8.0
23909 20161228  2.422  -91.72   37.63    11.9    -1.0     5.4     5.1     0.0     3.79 C    12.0    -6.6     2.4    77.0    56.3    65.8   0.307   0.308   0.335   0.276   0.308     5.1     5.5     6.0     7.3     7.8
23909 20161229  2.422  -91.72   37.63     9.0    -1.7     3.7     4.2     0.0    10.70 C    11.1    -5.9     1.2    75.6    18.7    38.5   0.302   0.303   0.318   0.277   0.310     5.0     5.4     5.9     7.1     7.6
23909 20161230  2.422  -91.72   37.63    11.8    -7.3     2.2     4.3     0.0    10.49 C    13.8    -9.8     1.6    81.8    14.8    34.6   0.299   0.300   0.311   0.277   0.310     4.4     4.8     5.4     6.9     7.4
23909 20161231  2.422  -91.72   37.63    13.2    -4.7     4.3     6.5     0.0     6.86 C    17.1    -7.3     3.8    84.1    29.7    42.7   0.297   0.298   0.309   0.276   0.310     5.2     5.5     5.8     6.8     7.2
