53878 20160101  2.422  -82.56   35.42     7.1     0.6     3.8     4.1     0.0     4.94 C    12.1    -0.5     4.3    86.1    52.9    72.7   0.312   0.289   0.307   0.370   0.379    10.8    11.4    12.4    13.3    13.1
53878 20160102  2.422  -82.56   35.42     8.3    -2.6     2.9     1.8     0.0    11.31 C    11.9    -5.2     0.8    88.1    35.7    61.8   0.306   0.285   0.303   0.360   0.376     8.2     9.1    10.3    12.5    13.1
53878 20160103  2.422  -82.56   35.42     8.7    -3.0     2.8     2.5     0.0     9.38 C    13.7    -6.9     0.0    89.8    32.1    54.9   0.300   0.282   0.301   0.356   0.374     6.6     7.4     8.8    11.6    13.1
53878 20160104  2.422  -82.56   35.42     2.4    -4.5    -1.1    -1.1     0.0     3.36 C     3.7    -7.8    -2.2    72.9    46.9    57.7   0.297   0.280   0.298   0.353   0.372     5.2     6.2     7.7    10.7    12.9
53878 20160105  2.422  -82.56   35.42     3.8    -6.6    -1.4    -2.5     0.0    12.66 C    10.4   -10.0    -3.3    70.1    16.1    45.5   0.293   0.278   0.296   0.350   0.370     3.7     4.7     6.3     9.8    12.6
53878 20160106  2.422  -82.56   35.42     5.7   -10.4    -2.4    -2.5     0.0    12.53 C    11.8   -12.7    -3.3    90.8    16.3    52.0   0.289   0.277   0.295   0.348   0.369     3.0     3.9     5.4     9.0    12.3
53878 20160107  2.422  -82.56   35.42    14.5    -4.8     4.8     3.9     0.0    11.04 C    18.8    -6.6     3.3    85.9    36.3    63.2   0.286   0.275   0.294   0.345   0.368     4.2     4.6     5.4     8.3    11.9
53878 20160108  2.422  -82.56   35.42     9.0     3.4     6.2     6.2     1.5     4.05 C    13.1     2.2     7.0    97.7    82.5    92.1   0.286   0.275   0.293   0.343   0.367     6.6     6.6     6.8     8.2    11.6
53878 20160109  2.422  -82.56   35.42     8.4     5.9     7.1     6.7     7.5     2.39 C    12.2     5.4     7.2    96.7    88.0    93.9   0.297   0.275   0.292   0.341   0.366     7.8     7.8     7.9     8.6    11.3
53878 20160110  2.422  -82.56   35.42     8.4    -4.5     1.9     3.4     2.9     5.93 C    11.2    -6.3     3.1    96.7    52.6    78.5   0.339   0.311   0.317   0.341   0.366     7.3     7.6     8.1     8.9    11.1
53878 20160111  2.422  -82.56   35.42     2.8    -8.3    -2.8    -3.6     0.0    11.68 C     8.6    -9.5    -3.7    82.9    24.4    55.2   0.320   0.296   0.312   0.346   0.365     3.9     4.9     6.3     8.7    11.0
53878 20160112  2.422  -82.56   35.42     8.4    -8.6    -0.1    -0.3     0.0    11.28 C    14.7   -10.2    -1.7    90.2    32.7    59.1   0.314   0.291   0.308   0.347   0.364     3.1     3.8     5.0     7.9    10.9
53878 20160113  2.422  -82.56   35.42     5.2    -5.9    -0.3    -1.5     0.0    12.97 C    12.0    -8.9    -2.4    78.2    17.2    39.3   0.308   0.288   0.305   0.346   0.364     2.8     3.5     4.6     7.4    10.7
53878 20160114  2.422  -82.56   35.42    13.5    -7.6     2.9     2.8     0.0    12.64 C    18.1    -9.6     1.1    87.5    24.9    55.5   0.303   0.285   0.303   0.345   0.363     3.0     3.5     4.4     6.9    10.4
53878 20160115  2.422  -82.56   35.42     6.6     0.0     3.3     3.1    32.2     0.50 C     5.8    -2.0     1.7    99.9    48.7    82.4   0.337   0.324   0.333   0.370   0.365     3.8     4.2     4.8     6.7    10.2
53878 20160116  2.422  -82.56   35.42     9.4    -2.8     3.3     2.2     0.0    12.20 C    15.4    -5.5     1.9   100.0    64.3    85.9   0.333   0.313   0.340   0.392   0.372     4.2     4.4     4.9     6.5     9.8
53878 20160117  2.422  -82.56   35.42     3.6    -2.5     0.5     0.5     0.0    10.29 C    11.5    -6.4     1.0    90.6    53.7    73.5   0.321   0.298   0.317   0.385   0.372     4.3     4.7     5.2     6.6     9.6
53878 20160118  2.422  -82.56   35.42    -2.1    -9.7    -5.9    -6.2     0.0    13.72 C     5.2   -12.7    -5.7    67.3    33.2    48.4   0.315   0.292   0.309   0.376   0.373     2.4     3.2     4.4     6.6     9.4
53878 20160119  2.422  -82.56   35.42    -2.2   -11.8    -7.0    -7.7     0.0    13.43 C     5.6   -12.7    -6.6    73.3    26.8    50.7   0.306   0.289   0.306   0.364   0.372     1.1     1.9     3.2     6.1     9.3
53878 20160120  2.422  -82.56   35.42     2.2    -8.7    -3.2    -2.7     0.3     5.16 C     9.8   -10.3    -1.5    90.5    32.9    67.5   0.295   0.285   0.303   0.358   0.371     0.8     1.5     2.6     5.5     9.1
53878 20160121  2.422  -82.56   35.42     8.3    -1.2     3.6     2.4     1.0    12.20 C    15.5    -3.4     3.2    92.9    43.2    70.6   0.296   0.283   0.302   0.354   0.370     1.6     2.0     2.7     5.1     8.9
53878 20160122  2.422  -82.56   35.42     0.7    -4.5    -1.9    -2.9    37.8     1.71 C     0.0    -5.3    -3.0    95.5    79.4    91.3   0.304   0.285   0.300   0.351   0.369     2.3     2.7     3.4     5.1     8.7
53878 20160123  2.422  -82.56   35.42    -2.5    -6.3    -4.4    -5.0     0.0     6.84 C    -3.4    -9.6    -6.2    94.3    59.7    72.8   0.321   0.297   0.302   0.349   0.368     2.4     2.7     3.4     5.1     8.5
53878 20160124  2.422  -82.56   35.42     7.6    -8.3    -0.3    -2.6     0.0    14.31 C     0.4   -15.2    -7.9    87.0    19.3    60.9   0.329   0.303   0.309   0.348   0.366     2.5     2.7     3.4     5.1     8.3
53878 20160125  2.422  -82.56   35.42    11.3    -9.9     0.7     0.0     0.0    12.68 C     0.9   -14.9    -6.2    94.2    16.0    63.1   0.331   0.306   0.312   0.347   0.366     2.4     2.7     3.4     5.0     8.2
53878 20160126  2.422  -82.56   35.42    11.2    -4.3     3.4     4.5     0.6     5.81 C     1.0    -8.7    -1.3    98.3    45.0    71.3   0.334   0.317   0.321   0.365   0.366     2.4     2.6     3.3     5.0     8.0
53878 20160127  2.422  -82.56   35.42     6.9    -2.7     2.1     2.4     0.4     8.65 C     1.1    -6.7    -0.7    98.8    36.2    79.7   0.342   0.333   0.347   0.391   0.371     2.3     2.5     3.2     4.8     7.8
53878 20160128  2.422  -82.56   35.42     8.8    -5.3     1.7     0.3     0.0     9.13 C     4.3    -9.3    -3.0    96.1    43.2    78.0   0.336   0.318   0.334   0.390   0.375     1.9     2.3     3.0     4.6     7.6
53878 20160129  2.422  -82.56   35.42     8.0    -3.2     2.4     2.8     0.0    14.81 C     9.7    -7.1    -0.9    91.6    35.8    59.2   0.339   0.316   0.330   0.389   0.375     2.1     2.5     3.0     4.5     7.5
53878 20160130  2.422  -82.56   35.42    13.5    -5.4     4.1     3.6     0.0    14.46 C    17.0    -8.2     1.6    92.8    27.4    59.4   0.332   0.309   0.325   0.391   0.378     2.6     2.8     3.2     4.5     7.4
53878 20160131  2.422  -82.56   35.42    16.0    -3.0     6.5     7.6     0.0    13.03 C    20.2    -5.5     5.9    95.4    47.5    72.4   0.323   0.300   0.314   0.387   0.378     4.1     4.0     4.0     4.6     7.3
53878 20160201  2.422  -82.56   35.42    19.1     3.6    11.3    11.6     1.5    11.07 C    25.1     0.6    10.5    98.6    55.4    84.2   0.315   0.294   0.310   0.378   0.377     6.9     6.4     5.7     5.1     7.2
53878 20160202  2.422  -82.56   35.42    11.0     7.6     9.3     9.4     7.1     0.90 C    11.5     4.4     9.2   100.0    93.7    97.9   0.324   0.298   0.309   0.366   0.375     8.0     7.7     7.2     5.9     7.2
53878 20160203  2.422  -82.56   35.42    16.9     8.6    12.7    13.3    57.1     3.16 C    17.5     6.6    12.3   100.0    82.5    92.6   0.422   0.399   0.397   0.416   0.380    10.0     9.3     8.4     6.8     7.3
53878 20160204  2.422  -82.56   35.42    10.9     0.7     5.8     4.8     0.0     8.67 C    15.7     0.2     4.6   100.0    50.3    66.3   0.343   0.320   0.334   0.399   0.381     8.5     8.7     8.7     7.6     7.5
53878 20160205  2.422  -82.56   35.42     4.5    -4.7    -0.1    -0.2     0.0    15.90 C    13.9    -7.9    -0.1    77.2    28.8    48.2   0.323   0.300   0.315   0.386   0.380     5.6     6.1     6.9     7.6     7.8
53878 20160206  2.422  -82.56   35.42     6.8    -6.4     0.2    -0.2     0.0    12.75 C    16.8    -8.6    -0.7    90.8    20.8    55.4   0.314   0.294   0.309   0.374   0.378     4.2     4.7     5.6     7.0     7.9
53878 20160207  2.422  -82.56   35.42     9.0    -2.3     3.3     2.8     0.0    15.38 C    17.6    -7.4     1.0    77.6    32.1    47.1   0.309   0.291   0.305   0.362   0.376     4.1     4.5     5.1     6.5     8.0
53878 20160208  2.422  -82.56   35.42     8.1    -4.1     2.0     0.9     0.0     6.59 C    15.0    -7.0     0.2    90.4    30.7    68.0   0.304   0.290   0.304   0.357   0.374     3.7     4.1     4.8     6.2     8.0
53878 20160209  2.422  -82.56   35.42    -0.2    -6.8    -3.5    -3.5     0.0     6.30 C     8.9    -8.3    -2.2    81.5    45.9    64.5   0.301   0.287   0.302   0.354   0.373     3.0     3.6     4.4     5.9     7.9
53878 20160210  2.422  -82.56   35.42    -2.6    -9.0    -5.8    -5.9     0.0    15.54 C     9.9   -10.8    -3.9    80.1    33.9    53.5   0.297   0.286   0.301   0.352   0.371     1.9     2.5     3.5     5.6     7.8
53878 20160211  2.422  -82.56   35.42     3.4    -7.4    -2.0    -2.4     0.0    14.71 C    14.8   -10.4    -1.8    77.2    40.1    57.6   0.294   0.284   0.299   0.350   0.370     1.5     2.1     3.0     5.1     7.7
53878 20160212  2.422  -82.56   35.42     4.4    -3.5     0.5     0.0     0.0     6.10 C    18.0    -7.4     0.8    79.3    54.1    67.2   0.292   0.283   0.298   0.348   0.370     2.1     2.4     3.0     4.8     7.6
53878 20160213  2.422  -82.56   35.42    -0.2    -8.5    -4.4    -4.6     0.0    16.94 C    10.5   -12.1    -3.4    86.0    35.0    52.5   0.289   0.281   0.297   0.347   0.368     2.1     2.6     3.2     4.7     7.4
53878 20160214  2.422  -82.56   35.42    -5.4    -8.4    -6.9    -6.6     0.0     2.84 C    -0.7   -11.3    -5.0    56.4    43.5    48.1   0.284   0.280   0.296   0.345   0.368     1.0     1.6     2.6     4.5     7.3
53878 20160215  2.422  -82.56   35.42     0.9    -5.9    -2.5    -3.3    16.6     1.89 C     1.4    -5.0    -1.8    96.7    43.0    83.9   0.279   0.280   0.295   0.343   0.367     0.6     1.1     2.0     4.2     7.1
53878 20160216  2.422  -82.56   35.42     9.9     0.1     5.0     4.2    10.7    13.39 C    19.1    -1.0     4.8    98.5    52.5    83.6   0.358   0.333   0.330   0.376   0.368     2.1     2.1     2.3     3.9     7.0
53878 20160217  2.422  -82.56   35.42     7.2    -0.3     3.4     2.8     0.0    13.82 C    18.2    -3.6     3.1    98.8    58.9    79.8   0.337   0.318   0.328   0.388   0.371     3.8     3.7     3.7     4.1     6.7
53878 20160218  2.422  -82.56   35.42    11.6    -2.6     4.5     3.8     0.0    17.24 C    20.7    -7.2     2.8    86.1    32.2    61.3   0.321   0.304   0.316   0.381   0.371     3.9     3.9     4.0     4.4     6.6
53878 20160219  2.422  -82.56   35.42    13.0    -2.7     5.2     5.2     0.0    17.31 C    19.2    -5.8     4.3    93.4    32.2    62.4   0.312   0.298   0.311   0.375   0.371     4.4     4.4     4.4     4.7     6.5
53878 20160220  2.422  -82.56   35.42    15.2     2.6     8.9     8.8     0.0     4.13 C    18.1    -1.0     7.2    97.8    49.4    73.4   0.306   0.294   0.307   0.366   0.370     5.7     5.5     5.3     5.0     6.5
53878 20160221  2.422  -82.56   35.42    17.9     2.4    10.2     9.3     0.4     4.52 C    21.1    -0.1     8.1    98.7    59.3    89.7   0.303   0.292   0.305   0.359   0.369     6.7     6.4     6.0     5.5     6.6
53878 20160222  2.422  -82.56   35.42    16.7     5.3    11.0    10.2    16.0     5.56 C    21.7     3.3    10.0    98.8    65.1    90.9   0.321   0.301   0.308   0.357   0.369     8.0     7.6     7.0     5.9     6.7
53878 20160223  2.422  -82.56   35.42     7.9     5.9     6.9     6.7    15.1     3.08 C    10.6     6.0     7.4    96.7    88.7    94.2   0.366   0.361   0.365   0.393   0.372     8.2     8.1     7.8     6.6     6.8
53878 20160224  2.422  -82.56   35.42    17.3     3.0    10.1     9.0    29.9    11.32 C    18.6     2.0     8.6    96.3    53.5    77.8   0.413   0.400   0.397   0.422   0.379     8.5     8.3     7.9     7.0     7.0
53878 20160225  2.422  -82.56   35.42     6.8    -0.3     3.2     3.2     0.0    13.06 C    20.6    -2.1     4.7    84.4    46.3    58.8   0.339   0.320   0.334   0.394   0.380     7.4     7.6     7.7     7.3     7.2
53878 20160226  2.422  -82.56   35.42     5.1    -1.2     1.9     0.9     0.0    16.20 C    16.3    -5.4     2.2    77.6    46.0    59.6   0.323   0.304   0.317   0.385   0.380     5.9     6.3     6.8     7.2     7.4
53878 20160227  2.422  -82.56   35.42    12.0    -3.7     4.1     3.5     0.0    19.21 C    21.5    -7.1     3.8    90.6    21.9    53.7   0.314   0.299   0.310   0.377   0.378     5.7     5.9     6.2     6.8     7.5
53878 20160228  2.422  -82.56   35.42    18.6    -4.7     6.9     6.9     0.0    19.50 C    27.2    -7.5     6.2    92.7    23.2    53.9   0.306   0.295   0.306   0.365   0.376     6.4     6.4     6.4     6.7     7.5
53878 20160229  2.422  -82.56   35.42    19.0     0.9    10.0    11.6     0.0    19.47 C    28.6    -2.3     9.2    78.6    24.6    45.7   0.296   0.289   0.304   0.359   0.374     8.1     7.9     7.5     6.9     7.5
53878 20160301  2.422  -82.56   35.42    17.2    -1.0     8.1     8.9     4.5    11.20 C    24.5    -3.6     8.1    94.0    41.9    75.1   0.287   0.286   0.301   0.356   0.373     8.2     8.1     7.9     7.3     7.6
53878 20160302  2.422  -82.56   35.42     7.6    -3.2     2.2     1.3     0.0    18.56 C    16.9    -6.5     3.0    89.2    61.3    72.8   0.297   0.284   0.299   0.354   0.372     7.6     7.9     8.0     7.5     7.7
53878 20160303  2.422  -82.56   35.42     4.4    -3.9     0.2     0.1     1.7     8.11 C    12.9    -6.7     1.2    96.0    43.7    77.6   0.294   0.289   0.297   0.351   0.370     5.2     5.7     6.5     7.4     7.8
53878 20160304  2.422  -82.56   35.42     8.2    -1.0     3.6     3.4     0.0    16.77 C    20.4    -4.5     4.8    96.4    53.2    74.7   0.297   0.287   0.297   0.349   0.369     6.1     6.2     6.3     7.0     7.8
53878 20160305  2.422  -82.56   35.42    12.2    -4.0     4.1     4.0     0.0    16.58 C    25.9    -6.2     4.9    95.8    43.3    72.6   0.294   0.282   0.295   0.348   0.368     6.3     6.3     6.5     6.9     7.8
53878 20160306  2.422  -82.56   35.42    15.3     2.4     8.8     7.3     0.3    20.81 C    25.0    -2.7     7.4    89.8    17.3    53.5   0.288   0.280   0.293   0.346   0.368     7.7     7.5     7.3     7.0     7.8
53878 20160307  2.422  -82.56   35.42    18.1    -2.9     7.6     8.3     0.0    17.39 C    25.3    -5.9     7.0    94.7    20.0    57.3   0.281   0.278   0.292   0.344   0.367     7.5     7.5     7.5     7.3     7.8
53878 20160308  2.422  -82.56   35.42    22.9    -1.0    10.9    11.6     0.0    19.47 C    31.2    -3.5    10.8    96.0    27.2    62.4   0.271   0.274   0.290   0.341   0.366     9.1     8.7     8.2     7.5     7.8
53878 20160309  2.422  -82.56   35.42    21.2     7.6    14.4    15.3     0.0    19.49 C    28.2     2.9    13.8    90.1    42.2    64.6   0.258   0.274   0.288   0.340   0.365    10.9    10.3     9.6     8.0     7.9
53878 20160310  2.422  -82.56   35.42    21.5    13.4    17.4    17.5     0.0    17.71 C    27.7     9.2    16.2    87.8    46.4    65.6   0.244   0.265   0.286   0.339   0.365    12.4    11.8    10.8     8.7     8.0
53878 20160311  2.422  -82.56   35.42    23.5    10.8    17.2    18.0     0.0    10.97 C    32.5     7.8    16.4    93.7    45.9    69.3   0.231   0.262   0.283   0.338   0.364    13.5    12.9    11.8     9.4     8.3
53878 20160312  2.422  -82.56   35.42    24.0     9.0    16.5    16.5     0.0    12.11 C    30.3     6.3    15.0    97.7    37.7    72.3   0.220   0.256   0.281   0.336   0.363    13.6    13.1    12.3    10.1     8.5
53878 20160313  2.422  -82.56   35.42    21.2    10.7    15.9    16.3    17.8     7.96 C    24.5     6.5    14.5    96.4    53.8    78.5   0.284   0.275   0.284   0.336   0.363    13.9    13.5    12.7    10.6     8.8
53878 20160314  2.422  -82.56   35.42    22.0     5.0    13.5    13.2     1.6    16.03 C    30.6     2.9    12.9   100.0    41.2    82.7   0.309   0.285   0.287   0.335   0.363    13.2    13.0    12.5    10.9     9.1
53878 20160315  2.422  -82.56   35.42    24.6     7.5    16.1    16.6     0.0    20.71 C    31.7     4.3    15.3    96.3    35.0    63.1   0.300   0.283   0.286   0.334   0.362    14.2    13.7    13.0    11.1     9.3
53878 20160316  2.422  -82.56   35.42    26.0     6.1    16.0    17.0     0.0    20.74 C    32.1     1.4    14.4    89.3    12.4    44.4   0.282   0.277   0.285   0.333   0.362    14.6    14.3    13.6    11.5     9.6
53878 20160317  2.422  -82.56   35.42    21.3     1.3    11.3    12.2     0.0    20.80 C    30.1    -1.2    11.3    86.0    12.9    44.2   0.264   0.272   0.283   0.332   0.362    13.2    13.2    13.0    11.7     9.8
53878 20160318  2.422  -82.56   35.42    19.4     2.9    11.2    12.4     0.0    21.68 C    28.6    -0.8    11.7    78.2    19.8    38.7   0.246   0.266   0.280   0.331   0.362    13.1    13.1    12.8    11.7    10.0
53878 20160319  2.422  -82.56   35.42    19.9     7.6    13.7    12.6     0.0     8.55 C    29.5     5.8    12.6    78.7    43.6    60.7   0.233   0.261   0.278   0.331   0.361    13.1    13.0    12.8    11.8    10.3
53878 20160320  2.422  -82.56   35.42     8.9     1.7     5.3     5.2     4.4     3.46 C    11.2     0.1     5.7    89.5    55.4    74.3   0.232   0.257   0.277   0.330   0.361    11.0    11.4    11.9    11.7    10.4
53878 20160321  2.422  -82.56   35.42     8.8    -0.5     4.2     3.7     0.0    22.52 C    21.9    -3.5     5.0    81.3    34.0    51.2   0.239   0.254   0.274   0.330   0.360     9.1     9.6    10.2    11.1    10.5
53878 20160322  2.422  -82.56   35.42    17.9    -3.7     7.1     7.6     0.0    23.36 C    27.8    -6.4     8.1    92.3    20.5    50.0   0.229   0.249   0.272   0.328   0.361     9.5     9.6     9.9    10.6    10.5
53878 20160323  2.422  -82.56   35.42    21.6     0.1    10.8    12.6     0.0    22.88 C    28.8    -3.6    11.3    82.4    16.9    44.3   0.214   0.240   0.268   0.327   0.360    10.8    10.7    10.6    10.4    10.5
53878 20160324  2.422  -82.56   35.42    20.3     6.2    13.3    14.5     1.4    18.09 C    25.9     2.4    13.3    89.6    45.0    66.0   0.200   0.230   0.263   0.326   0.360    11.8    11.6    11.3    10.6    10.5
53878 20160325  2.422  -82.56   35.42    19.1     8.8    14.0    14.6     0.0    20.22 C    28.9     3.3    14.9    88.8    42.7    68.4   0.190   0.221   0.260   0.325   0.359    13.8    13.3    12.5    11.0    10.4
53878 20160326  2.422  -82.56   35.42    16.5     1.4     9.0    10.8     0.0    12.08 C    26.4    -0.7    11.0    98.3    55.4    77.7   0.183   0.214   0.256   0.324   0.359    12.5    12.4    12.3    11.4    10.5
53878 20160327  2.422  -82.56   35.42    16.6    12.0    14.3    13.4     3.8     4.90 C    22.9    11.9    14.0    97.7    84.2    93.3   0.182   0.211   0.253   0.324   0.359    13.4    13.0    12.6    11.5    10.6
53878 20160328  2.422  -82.56   35.42    16.8     8.2    12.5    12.9     0.0    24.37 C    27.5     2.0    13.9   100.0    30.1    64.3   0.184   0.208   0.250   0.323   0.358    14.1    13.8    13.2    11.8    10.7
53878 20160329  2.422  -82.56   35.42    17.0     3.1    10.1    10.0     0.0    24.76 C    27.1    -0.4    10.3    79.6    18.2    46.5   0.179   0.202   0.244   0.322   0.358    12.6    12.7    12.7    12.0    10.9
53878 20160330  2.422  -82.56   35.42    18.2    -0.3     9.0    10.2     0.0    22.25 C    27.7    -2.5    10.3    94.3    27.6    56.7   0.169   0.195   0.237   0.320   0.358    12.2    12.2    12.2    11.9    10.9
53878 20160331  2.422  -82.56   35.42    17.5    12.8    15.1    15.2     8.9     4.88 C    22.6    10.8    14.5    93.3    61.3    83.9   0.180   0.191   0.233   0.319   0.358    13.3    13.0    12.7    11.9    11.0
53878 20160401  2.422  -82.56   35.42    21.5    11.8    16.6    17.3    11.6    12.23 C    28.1    11.5    17.0    97.4    57.3    80.0   0.276   0.219   0.233   0.318   0.357    15.0    14.5    13.7    12.1    11.2
53878 20160402  2.422  -82.56   35.42    16.2     9.6    12.9    12.3     0.8    25.05 C    26.7     5.0    13.5    92.8    24.5    49.7   0.270   0.224   0.233   0.318   0.357    14.9    14.8    14.2    12.6    11.2
53878 20160403  2.422  -82.56   35.42    17.2     1.9     9.6     9.2     0.0    25.38 C    26.8    -1.0    10.0    80.7    25.4    38.8   0.249   0.218   0.232   0.317   0.357    12.9    13.1    13.2    12.7    11.3
53878 20160404  2.422  -82.56   35.42    23.3    -0.3    11.5    12.9     0.0    25.09 C    30.5    -2.1    12.4    95.7    15.9    51.1   0.227   0.213   0.231   0.315   0.357    13.1    13.0    12.9    12.5    11.5
53878 20160405  2.422  -82.56   35.42    14.4     2.6     8.5     8.4     0.0    25.70 C    26.0    -1.3     9.5    64.1    17.1    44.8   0.206   0.207   0.230   0.314   0.356    13.0    13.2    13.2    12.5    11.6
53878 20160406  2.422  -82.56   35.42    12.0    -1.5     5.2     6.8     6.4    18.16 C    20.9    -3.6     7.4    95.3    35.4    55.8   0.190   0.202   0.228   0.313   0.356    11.2    11.6    12.1    12.4    11.6
53878 20160407  2.422  -82.56   35.42    16.7     3.5    10.1    10.3     4.4    17.39 C    26.4     0.7    10.3    96.7    33.3    61.7   0.256   0.205   0.227   0.312   0.356    11.9    11.9    12.0    12.0    11.7
53878 20160408  2.422  -82.56   35.42    12.8     3.3     8.0     7.5     0.0    20.35 C    26.2    -0.5     9.0    88.0    33.3    57.0   0.237   0.206   0.226   0.312   0.356    11.8    11.9    11.9    11.9    11.7
53878 20160409  2.422  -82.56   35.42     9.1     1.5     5.3     5.7     0.0    26.39 C    22.9    -3.5     7.2    48.5    24.5    34.7   0.218   0.203   0.226   0.310   0.355    11.0    11.3    11.6    11.8    11.7
53878 20160410  2.422  -82.56   35.42    13.0    -3.4     4.8     5.6     0.0    19.26 C    25.2    -6.3     6.7    82.1    30.5    48.1   0.203   0.201   0.224   0.309   0.355    10.2    10.5    10.9    11.6    11.6
53878 20160411  2.422  -82.56   35.42    17.6     2.9    10.2    12.1     0.0    16.73 C    23.7    -0.8    12.0    83.9    45.8    63.5   0.190   0.199   0.223   0.309   0.355    11.3    11.2    11.2    11.4    11.6
53878 20160412  2.422  -82.56   35.42    18.6     8.6    13.6    14.2     0.0    18.74 C    30.4     1.8    14.8    93.0    32.1    71.6   0.180   0.196   0.222   0.308   0.355    13.7    13.3    12.6    11.5    11.5
53878 20160413  2.422  -82.56   35.42    16.6     3.0     9.8    10.6     0.0    21.34 C    26.2    -0.1    11.5    96.6    36.1    61.3   0.168   0.190   0.219   0.307   0.354    13.2    13.1    12.9    12.0    11.5
53878 20160414  2.422  -82.56   35.42    18.6     5.9    12.3    11.9     0.0    22.79 C    30.3     2.4    13.0    90.8    40.0    62.6   0.158   0.185   0.215   0.306   0.354    13.9    13.6    13.2    12.2    11.6
53878 20160415  2.422  -82.56   35.42    17.4     2.8    10.1     9.7     0.0    25.18 C    29.1    -0.3    10.7    91.5    20.5    54.6   0.149   0.178   0.210   0.304   0.354    13.7    13.6    13.3    12.4    11.6
53878 20160416  2.422  -82.56   35.42    19.5     0.0     9.7     9.8     0.0    26.76 C    31.5    -2.3    10.9    95.0    16.4    52.9   0.140   0.170   0.205   0.302   0.353    13.5    13.4    13.2    12.5    11.7
53878 20160417  2.422  -82.56   35.42    23.2    -0.7    11.3    11.5     0.0    26.83 C    33.5    -2.9    12.2    92.8    16.9    51.4   0.134   0.164   0.199   0.299   0.353    13.9    13.7    13.4    12.6    11.8
53878 20160418  2.422  -82.56   35.42    26.5     1.4    14.0    15.2     0.0    26.51 C    36.6    -0.8    15.0    93.8    14.1    49.3   0.129   0.158   0.193   0.296   0.352    14.9    14.5    14.0    12.8    11.8
53878 20160419  2.422  -82.56   35.42    25.8     4.7    15.2    16.2     0.0    18.56 C    34.1     1.1    14.8    91.6    16.3    48.8   0.124   0.153   0.189   0.292   0.352    15.3    15.1    14.6    13.1    11.9
53878 20160420  2.422  -82.56   35.42    23.3     8.7    16.0    16.7     0.0    24.09 C    35.6     5.2    17.2    85.0    28.5    50.1   0.122   0.151   0.186   0.289   0.352    16.3    15.9    15.1    13.4    12.1
53878 20160421  2.422  -82.56   35.42    22.5    10.8    16.6    17.1     0.0    19.75 C    36.0     6.7    17.9    83.2    36.3    60.6   0.119   0.149   0.182   0.286   0.352    16.6    16.3    15.6    13.8    12.2
53878 20160422  2.422  -82.56   35.42    16.5    11.4    13.9    14.8     8.7     4.76 C    20.2     8.9    14.8    97.8    74.3    87.4   0.125   0.146   0.181   0.284   0.352    16.1    15.9    15.6    14.1    12.4
53878 20160423  2.422  -82.56   35.42    20.2     8.6    14.4    14.5     0.0    23.66 C    30.9     5.2    15.4    98.2    47.5    70.8   0.148   0.148   0.182   0.284   0.351    16.2    15.9    15.3    14.1    12.5
53878 20160424  2.422  -82.56   35.42    24.0     4.1    14.0    14.8     0.0    27.38 C    33.4     1.2    15.5    97.5    30.9    61.1   0.135   0.149   0.182   0.283   0.350    16.6    16.3    15.7    14.2    12.7
53878 20160425  2.422  -82.56   35.42    25.7     5.9    15.8    16.9     0.0    25.12 C    37.7     3.6    17.4    97.0    36.2    65.5   0.126   0.147   0.182   0.281   0.350    17.2    16.8    16.2    14.5    12.8
53878 20160426  2.422  -82.56   35.42    27.0     9.5    18.2    19.1     0.0    22.08 C    38.1     6.5    19.8    97.1    34.5    65.7   0.121   0.147   0.181   0.278   0.349    18.2    17.7    16.8    14.8    12.9
53878 20160427  2.422  -82.56   35.42    26.3    12.0    19.2    19.0     6.5    17.50 C    36.9     9.6    19.2    96.5    39.3    72.3   0.128   0.146   0.181   0.276   0.349    18.8    18.4    17.6    15.3    13.1
53878 20160428  2.422  -82.56   35.42    28.2    12.6    20.4    19.7     0.0    23.16 C    35.8     9.6    19.9    97.5    34.9    68.2   0.131   0.147   0.182   0.276   0.349    19.5    19.0    18.0    15.7    13.2
53878 20160429  2.422  -82.56   35.42    26.3    10.9    18.6    19.4     0.0    23.51 C    36.9     7.2    19.5    92.0    27.3    54.9   0.123   0.147   0.181   0.275   0.349    19.2    18.8    18.1    16.0    13.5
53878 20160430  2.422  -82.56   35.42    24.4    11.3    17.8    17.4    30.0    15.09 C    35.2     8.7    18.5    95.7    53.9    77.2   0.135   0.151   0.182   0.273   0.349    19.0    18.8    18.2    16.2    13.7
53878 20160501  2.422  -82.56   35.42    24.0    14.8    19.4    19.1     9.2    13.16 C    33.8    14.9    20.0    96.5    59.5    84.0   0.277   0.236   0.197   0.275   0.348    19.3    18.9    18.3    16.4    13.9
53878 20160502  2.422  -82.56   35.42    26.4    13.1    19.8    19.4     7.7    20.09 C    35.2    11.1    20.2    97.8    47.8    77.5   0.262   0.232   0.211   0.277   0.347    20.1    19.7    18.8    16.7    14.1
53878 20160503  2.422  -82.56   35.42    21.9    12.2    17.0    17.0     3.0    18.39 C    32.8     9.1    18.7    96.9    54.8    77.5   0.294   0.246   0.227   0.279   0.348    20.2    19.9    19.2    17.0    14.3
53878 20160504  2.422  -82.56   35.42    18.0     7.7    12.9    12.9     0.0    22.49 C    29.1     5.4    14.7    90.4    37.4    62.2   0.272   0.238   0.232   0.280   0.348    18.6    18.5    18.3    17.2    14.4
53878 20160505  2.422  -82.56   35.42    13.0     5.9     9.5     8.6     0.4    22.04 C    27.2     4.9    12.4    89.7    51.3    71.7   0.253   0.232   0.231   0.282   0.348    17.2    17.3    17.4    16.9    14.7
53878 20160506  2.422  -82.56   35.42    16.7     5.7    11.2    11.5     0.0    25.90 C    28.6     3.9    14.2    92.9    41.6    62.4   0.236   0.226   0.230   0.283   0.348    17.1    17.0    16.8    16.5    14.8
53878 20160507  2.422  -82.56   35.42    25.4     4.6    15.0    15.5     0.0    21.78 C    31.7     2.8    15.2    96.1    24.6    57.9   0.216   0.220   0.229   0.284   0.348    17.1    16.9    16.7    16.3    14.8
53878 20160508  2.422  -82.56   35.42    26.2    13.5    19.8    20.5     0.0    21.69 C    34.5    10.2    19.7    90.0    39.2    55.4   0.196   0.213   0.227   0.285   0.348    19.0    18.5    17.7    16.3    14.8
53878 20160509  2.422  -82.56   35.42    24.0    11.7    17.9    18.0     0.0    11.80 C    28.5    10.4    17.4    95.9    40.0    68.4   0.180   0.208   0.225   0.286   0.347    18.7    18.5    18.1    16.7    14.9
53878 20160510  2.422  -82.56   35.42    25.8    13.3    19.6    19.4     0.0    21.73 C    33.6    10.9    18.8    89.6    37.4    60.6   0.168   0.200   0.223   0.286   0.347    19.2    19.0    18.3    16.8    14.9
53878 20160511  2.422  -82.56   35.42    24.6    10.8    17.7    17.2     1.0    18.08 C    33.0     9.0    18.0    97.5    60.5    85.1   0.157   0.194   0.220   0.286   0.347    19.3    19.0    18.5    17.0    15.0
53878 20160512  2.422  -82.56   35.42    25.8    12.6    19.2    17.8     4.4    15.13 C    33.1    11.4    18.7    98.6    49.1    87.0   0.153   0.191   0.218   0.286   0.347    19.8    19.5    18.9    17.2    15.1
53878 20160513  2.422  -82.56   35.42    21.8     9.9    15.9    17.2     1.3    27.81 C    31.7     7.7    19.1    97.6    43.5    70.3   0.154   0.189   0.216   0.286   0.347    20.6    20.1    19.3    17.4    15.2
53878 20160514  2.422  -82.56   35.42    24.1     6.5    15.3    14.3     0.0    23.28 C    32.5     5.1    14.9    96.7    27.6    64.1   0.150   0.184   0.213   0.285   0.347    19.1    19.0    18.8    17.7    15.4
53878 20160515  2.422  -82.56   35.42    16.4     4.7    10.5    10.2     0.0    29.48 C    28.6     3.0    12.8    78.1    31.6    52.3   0.143   0.178   0.209   0.284   0.346    17.9    17.9    17.9    17.4    15.5
53878 20160516  2.422  -82.56   35.42    19.3     4.1    11.7    12.4     0.0    27.01 C    29.6     2.1    14.1    88.3    39.1    61.0   0.137   0.172   0.205   0.282   0.346    17.8    17.7    17.5    17.1    15.6
53878 20160517  2.422  -82.56   35.42    20.9    12.1    16.5    15.4     3.6    10.95 C    27.1    11.8    16.3    96.5    67.3    82.5   0.134   0.169   0.204   0.281   0.346    18.4    18.2    17.9    17.1    15.6
53878 20160518  2.422  -82.56   35.42    25.0    14.1    19.6    18.6     0.0    20.40 C    34.4    14.3    20.5    96.8    55.3    79.5   0.136   0.168   0.203   0.281   0.346    20.2    19.6    18.7    17.2    15.7
53878 20160519  2.422  -82.56   35.42    16.8    13.2    15.0    15.2     0.0     4.27 C    18.8    13.3    16.1    95.9    81.9    88.0   0.134   0.167   0.202   0.281   0.346    19.3    19.2    19.0    17.6    15.7
53878 20160520  2.422  -82.56   35.42    14.0    12.2    13.1    12.9    10.2     2.54 C    15.9    12.3    13.7    96.2    86.2    92.5   0.142   0.166   0.202   0.281   0.346    17.4    17.6    17.8    17.4    15.7
53878 20160521  2.422  -82.56   35.42    23.2    11.8    17.5    16.4     0.0    19.12 C    31.2    11.4    17.9    97.1    52.9    78.6   0.190   0.169   0.202   0.281   0.346    18.5    18.2    17.7    17.1    15.8
53878 20160522  2.422  -82.56   35.42    20.7    11.4    16.0    15.7     0.0    25.73 C    29.2     9.3    16.9    84.4    37.4    61.1   0.169   0.169   0.201   0.280   0.345    19.1    18.8    18.3    17.2    15.8
53878 20160523  2.422  -82.56   35.42    22.5     6.7    14.6    14.9     0.2    26.17 C    30.2     5.2    16.3    97.5    36.2    69.1   0.150   0.167   0.199   0.279   0.345    19.1    18.8    18.4    17.3    15.9
53878 20160524  2.422  -82.56   35.42    25.8     7.2    16.5    16.9     0.0    28.38 C    33.0     5.8    18.1    96.9    32.8    68.9   0.137   0.165   0.197   0.278   0.345    19.8    19.5    18.8    17.4    15.9
53878 20160525  2.422  -82.56   35.42    27.1     8.3    17.7    18.5     0.0    22.23 C    35.5     6.7    18.8    96.8    38.0    68.9   0.129   0.161   0.194   0.277   0.345    20.2    19.9    19.3    17.7    16.0
53878 20160526  2.422  -82.56   35.42    26.6    13.1    19.8    19.0     0.6    18.30 C    35.8    11.1    19.6    97.0    47.2    79.6   0.124   0.156   0.192   0.275   0.344    20.7    20.4    19.7    17.9    16.0
53878 20160527  2.422  -82.56   35.42    26.9    14.2    20.5    19.9     0.6    17.26 C    33.4    13.2    20.1   100.0    50.5    81.1   0.122   0.154   0.190   0.274   0.343    20.9    20.5    19.9    18.2    16.2
53878 20160528  2.422  -82.56   35.42    27.2    12.3    19.8    20.0     0.0    27.98 C    37.1    11.1    21.8    98.1    31.0    67.6   0.119   0.151   0.188   0.272   0.343    21.7    21.3    20.3    18.4    16.3
53878 20160529  2.422  -82.56   35.42    23.5    15.6    19.5    18.8     0.2     9.43 C    26.4    14.8    19.0    94.0    53.4    78.9   0.116   0.148   0.186   0.271   0.343    21.2    21.0    20.6    18.8    16.4
53878 20160530  2.422  -82.56   35.42    29.5    12.1    20.8    21.1     3.0    28.00 C    39.5    10.9    22.9    96.8    33.2    67.2   0.115   0.145   0.183   0.270   0.342    21.8    21.3    20.5    18.7    16.5
53878 20160531  2.422  -82.56   35.42    28.4    14.9    21.6    20.6     0.0    22.54 C    37.3    13.7    21.9    97.5    46.0    78.7   0.115   0.144   0.181   0.268   0.341    22.7    22.2    21.3    19.1    16.6
53878 20160601  2.422  -82.56   35.42    28.1    14.7    21.4    21.3     0.0    22.43 C    38.6    13.4    22.7    97.5    49.2    74.9   0.113   0.142   0.180   0.268   0.341    22.8    22.4    21.6    19.4    16.8
53878 20160602  2.422  -82.56   35.42    27.6    15.6    21.6    20.6     0.0    13.66 C    37.0    14.1    21.5    97.1    54.5    81.1   0.111   0.141   0.178   0.267   0.341    22.4    22.2    21.6    19.6    16.9
53878 20160603  2.422  -82.56   35.42    30.1    15.7    22.9    20.7     3.5    20.69 C    43.1    14.4    23.2   100.0    41.2    84.2   0.111   0.141   0.177   0.266   0.340    23.1    22.6    21.8    19.7    17.1
53878 20160604  2.422  -82.56   35.42    30.7    16.2    23.4    22.2     0.0    22.18 C    41.2    14.3    24.2   100.0    37.7    78.5   0.113   0.142   0.178   0.267   0.340    23.6    23.2    22.3    20.0    17.3
53878 20160605  2.422  -82.56   35.42    25.7    18.5    22.1    21.5     0.3    12.59 C    35.9    17.1    22.8    95.8    57.2    81.6   0.112   0.141   0.178   0.267   0.340    23.1    22.9    22.3    20.3    17.4
53878 20160606  2.422  -82.56   35.42    24.9    17.6    21.2    20.7     1.4    14.10 C    33.5    15.9    22.3    97.6    57.0    84.8   0.112   0.141   0.178   0.267   0.339    22.9    22.6    22.0    20.3    17.6
53878 20160607  2.422  -82.56   35.42    28.8    14.6    21.7    21.8     0.0    29.06 C    41.9    10.4    23.7    97.9    28.8    59.3   0.111   0.141   0.178   0.267   0.339    23.2    22.9    22.2    20.3    17.7
53878 20160608  2.422  -82.56   35.42    25.5     9.5    17.5    18.4     0.0    30.15 C    39.5     6.2    20.5    94.7    30.9    55.0   0.108   0.139   0.176   0.266   0.338    22.3    22.3    21.9    20.4    17.8
53878 20160609  2.422  -82.56   35.42    28.1     8.7    18.4    18.2     0.0    28.16 C    42.2     5.3    21.4    95.4    37.0    63.9   0.105   0.137   0.174   0.266   0.338    22.3    22.2    21.6    20.3    17.9
53878 20160610  2.422  -82.56   35.42    29.7    10.1    19.9    20.4     0.0    28.99 C    43.6     7.3    23.5    95.5    30.5    61.8   0.103   0.135   0.173   0.264   0.337    23.0    22.7    22.0    20.3    18.0
53878 20160611  2.422  -82.56   35.42    32.6    13.4    23.0    22.4     0.0    26.53 C    46.6    10.6    25.5    95.9    32.6    70.2   0.101   0.133   0.171   0.264   0.336    23.9    23.6    22.6    20.5    18.1
53878 20160612  2.422  -82.56   35.42    32.4    14.8    23.6    23.6     0.0    27.74 C    45.9    12.4    26.1    96.4    29.2    63.5   0.099   0.131   0.170   0.264   0.336    24.5    24.2    23.2    20.8    18.1
53878 20160613  2.422  -82.56   35.42    32.4    16.2    24.3    24.3     0.0    27.19 C    45.6    14.2    26.9    93.7    35.2    64.5   0.098   0.130   0.168   0.263   0.335    25.0    24.7    23.7    21.2    18.3
53878 20160614  2.422  -82.56   35.42    32.4    15.8    24.1    23.1     0.2    21.97 C    47.4    13.3    25.5    94.4    27.9    70.6   0.096   0.128   0.167   0.262   0.335    24.9    24.7    23.9    21.5    18.4
53878 20160615  2.422  -82.56   35.42    28.7    18.1    23.4    22.6    22.1    18.05 C    40.2    16.1    24.3    97.3    59.1    83.3   0.103   0.133   0.169   0.262   0.334    24.7    24.4    23.7    21.6    18.6
53878 20160616  2.422  -82.56   35.42    31.9    19.4    25.6    24.7     0.0    28.38 C    42.3    17.2    27.0    98.0    30.4    67.0   0.125   0.152   0.181   0.267   0.333    25.3    24.9    24.0    21.8    18.8
53878 20160617  2.422  -82.56   35.42    28.6    18.6    23.6    23.5     0.0    25.49 C    41.6    16.7    26.4    90.7    39.4    65.3   0.117   0.145   0.181   0.268   0.333    25.3    25.0    24.3    22.1    18.9
53878 20160618  2.422  -82.56   35.42    25.4    16.1    20.7    20.8     0.0    24.68 C    39.5    13.3    23.8    88.9    39.0    62.1   0.111   0.140   0.180   0.267   0.333    24.8    24.7    24.1    22.2    19.1
53878 20160619  2.422  -82.56   35.42    25.1    10.7    17.9    18.4     0.0    28.74 C    40.2     7.3    21.4    93.6    26.3    60.4   0.105   0.136   0.178   0.267   0.333    23.9    23.9    23.5    22.1    19.2
53878 20160620  2.422  -82.56   35.42    29.4     9.9    19.7    20.5     0.0    29.12 C    43.2     7.4    23.4    95.8    33.2    63.2   0.101   0.133   0.175   0.266   0.333    23.9    23.8    23.3    21.9    19.4
53878 20160621  2.422  -82.56   35.42    30.8    13.7    22.3    22.2     0.0    21.76 C    46.9    11.2    24.5    95.3    36.9    71.3   0.099   0.132   0.172   0.265   0.333    24.6    24.4    23.7    22.0    19.4
53878 20160622  2.422  -82.56   35.42    32.1    16.6    24.3    24.8     0.0    23.70 C    46.5    14.2    27.2    96.0    42.4    69.6   0.098   0.130   0.171   0.264   0.332    25.3    24.9    24.1    22.1    19.5
53878 20160623  2.422  -82.56   35.42    33.5    17.9    25.7    25.7     0.0    24.36 C    47.7    16.2    28.3    96.5    35.6    65.2   0.097   0.128   0.169   0.263   0.332    25.9    25.6    24.7    22.4    19.6
53878 20160624  2.422  -82.56   35.42    31.0    19.8    25.4    24.7     0.3    21.33 C    47.3    16.0    26.5    91.6    41.5    64.1   0.095   0.127   0.167   0.262   0.330    25.8    25.7    25.0    22.7    19.7
53878 20160625  2.422  -82.56   35.42    31.7    17.1    24.4    24.6     0.0    26.57 C    48.2    14.6    28.0    96.1    29.9    64.1   0.093   0.125   0.165   0.261   0.330    25.9    25.7    24.9    22.8    19.8
53878 20160626  2.422  -82.56   35.42    29.7    18.9    24.3    24.0     0.0    21.76 C    46.8    17.0    27.6    91.8    49.2    71.7   0.092   0.124   0.164   0.260   0.330    26.4    26.1    25.3    23.0    20.0
53878 20160627  2.422  -82.56   35.42    29.1    19.3    24.2    22.2    35.5    13.30 C    45.8    17.1    24.0    96.8    54.4    85.0   0.111   0.143   0.194   0.269   0.329    25.3    25.3    24.9    23.2    20.1
53878 20160628  2.422  -82.56   35.42    29.7    17.1    23.4    22.8     0.0    14.36 C    39.5    14.0    23.5    96.8    41.4    76.7   0.127   0.155   0.209   0.280   0.329    24.6    24.4    24.2    23.0    20.3
53878 20160629  2.422  -82.56   35.42    28.6    14.2    21.4    21.6     0.0    22.80 C    41.1    11.8    23.7    97.2    45.9    70.8   0.121   0.150   0.203   0.278   0.329    24.3    24.1    23.8    22.8    20.5
53878 20160630  2.422  -82.56   35.42    27.6    14.3    21.0    20.5     4.6    22.37 C    41.3    12.7    23.4    96.6    60.6    81.2   0.117   0.148   0.199   0.277   0.329    24.4    24.2    23.9    22.7    20.4
53878 20160701  2.422  -82.56   35.42    30.5    18.1    24.3    23.4     0.6    22.41 C    42.5    15.6    25.9    97.5    36.7    72.0   0.119   0.147   0.198   0.275   0.330    25.4    25.0    24.3    22.8    20.5
53878 20160702  2.422  -82.56   35.42    30.1    15.6    22.8    22.8     0.0    25.38 C    42.9    13.7    25.5    96.5    43.7    74.8   0.113   0.145   0.194   0.274   0.330    25.5    25.2    24.6    22.9    20.5
53878 20160703  2.422  -82.56   35.42    31.8    16.3    24.0    23.9     6.8    24.49 C    44.1    14.5    26.6    96.6    41.4    71.5   0.110   0.142   0.190   0.273   0.330    25.9    25.6    24.9    23.1    20.6
53878 20160704  2.422  -82.56   35.42    30.1    20.7    25.4    25.0     0.0    23.46 C    38.7    18.6    26.8    96.0    51.5    76.4   0.113   0.144   0.188   0.271   0.330    26.3    26.0    25.4    23.4    20.7
53878 20160705  2.422  -82.56   35.42    31.0    18.6    24.8    23.9     5.2    20.84 C    42.4    16.9    25.7    95.6    48.0    78.2   0.116   0.141   0.187   0.271   0.330    25.9    25.6    25.2    23.5    20.8
53878 20160706  2.422  -82.56   35.42    31.5    18.6    25.0    23.5    13.9    22.57 C    42.6    17.0    26.0    95.9    43.0    77.4   0.124   0.150   0.196   0.271   0.330    25.9    25.6    25.1    23.6    20.9
53878 20160707  2.422  -82.56   35.42    30.6    18.5    24.6    21.9    12.0    15.32 C    40.4    17.8    23.6    96.1    48.3    85.2   0.153   0.173   0.219   0.272   0.330    25.1    25.0    24.8    23.6    21.0
53878 20160708  2.422  -82.56   35.42    32.8    17.4    25.1    23.6     3.6    21.83 C    40.2    16.4    25.2    97.1    38.4    75.2   0.171   0.179   0.226   0.273   0.330    25.7    25.3    24.8    23.5    21.1
53878 20160709  2.422  -82.56   35.42    30.1    17.4    23.8    22.9     0.0    20.87 C    39.1    16.7    23.9    95.3    40.8    72.2   0.166   0.173   0.217   0.274   0.330    25.5    25.2    24.9    23.6    21.1
53878 20160710  2.422  -82.56   35.42    28.9    16.9    22.9    22.9     3.6    22.47 C    40.3    15.3    24.9    96.5    51.0    75.3   0.146   0.169   0.212   0.274   0.330    25.5    25.2    24.9    23.6    21.2
53878 20160711  2.422  -82.56   35.42    28.5    16.2    22.4    21.1    20.7    16.89 C    40.1    14.7    22.7    97.4    57.8    84.7   0.163   0.171   0.217   0.274   0.330    25.0    24.9    24.7    23.6    21.3
53878 20160712  2.422  -82.56   35.42    28.3    17.7    23.0    21.5     0.6    19.04 C    39.2    16.3    23.6    96.9    60.6    85.3   0.213   0.193   0.244   0.275   0.330    25.1    24.9    24.6    23.5    21.3
53878 20160713  2.422  -82.56   35.42    29.3    16.5    22.9    21.8    10.6    19.23 C    38.8    15.5    23.2    97.3    53.3    84.5   0.214   0.197   0.238   0.277   0.331    24.8    24.6    24.4    23.5    21.4
53878 20160714  2.422  -82.56   35.42    29.8    16.8    23.3    21.9     4.4    17.87 C    39.3    15.7    23.3    97.8    52.0    82.5   0.224   0.203   0.238   0.286   0.331    25.1    24.9    24.5    23.5    21.4
53878 20160715  2.422  -82.56   35.42    28.7    17.9    23.3    20.7     9.7    12.04 C    37.3    16.7    22.2    97.1    56.7    89.7   0.244   0.218   0.246   0.297   0.331    24.6    24.5    24.4    23.5    21.4
53878 20160716  2.422  -82.56   35.42    25.9    18.3    22.1    20.7     7.8    11.58 C    34.4    17.1    22.2   100.0    70.5    92.6   0.259   0.234   0.263   0.308   0.331    24.4    24.3    24.2    23.4    21.4
53878 20160717  2.422  -82.56   35.42    29.4    16.9    23.2    22.4     0.0    23.87 C    37.1    17.3    24.5    97.9    50.9    81.3   0.255   0.237   0.273   0.313   0.331    24.9    24.6    24.2    23.3    21.4
53878 20160718  2.422  -82.56   35.42    29.2    18.7    24.0    23.4     7.1    21.34 C    36.5    17.7    24.6    97.6    58.4    82.7   0.249   0.237   0.267   0.314   0.331    25.5    25.2    24.8    23.4    21.5
53878 20160719  2.422  -82.56   35.42    30.2    18.9    24.6    22.7     1.9    20.20 C    37.6    17.6    23.6    97.2    50.2    82.1   0.246   0.238   0.266   0.314   0.332    25.5    25.3    24.9    23.6    21.5
53878 20160720  2.422  -82.56   35.42    31.3    17.9    24.6    23.5     0.0    26.40 C    36.5    16.7    24.8    97.4    34.2    76.9   0.226   0.231   0.260   0.312   0.332    25.8    25.5    25.0    23.7    21.6
53878 20160721  2.422  -82.56   35.42    29.9    18.1    24.0    23.0     0.0    23.11 C    38.1    16.9    24.5    97.0    53.7    80.6   0.198   0.223   0.255   0.312   0.332    26.1    25.8    25.3    23.8    21.6
53878 20160722  2.422  -82.56   35.42    30.6    17.4    24.0    22.2     0.5    18.50 C    37.3    16.1    23.0    97.2    52.6    82.5   0.174   0.214   0.250   0.310   0.333    25.7    25.6    25.3    24.0    21.7
53878 20160723  2.422  -82.56   35.42    30.8    16.8    23.8    23.1     0.0    18.26 C    37.5    15.8    23.8    97.6    50.2    82.7   0.157   0.207   0.245   0.309   0.333    25.5    25.4    25.0    23.9    21.8
53878 20160724  2.422  -82.56   35.42    31.0    18.0    24.5    24.3     0.0    24.35 C    37.4    16.7    25.2    97.2    49.4    78.5   0.142   0.196   0.240   0.307   0.333    26.2    25.9    25.4    24.0    21.8
53878 20160725  2.422  -82.56   35.42    31.2    18.5    24.9    24.3     0.0    22.63 C    38.2    17.0    25.0    97.1    50.4    76.9   0.128   0.182   0.231   0.304   0.334    26.5    26.3    25.7    24.1    21.9
53878 20160726  2.422  -82.56   35.42    31.5    18.6    25.0    24.1     0.0    17.24 C    37.2    17.5    24.6    96.3    48.3    80.3   0.121   0.170   0.223   0.301   0.334    26.3    26.1    25.7    24.3    22.0
53878 20160727  2.422  -82.56   35.42    32.1    18.9    25.5    25.6     0.0    25.21 C    37.6    17.3    26.1    97.4    39.2    73.6   0.116   0.159   0.214   0.299   0.334    26.7    26.4    25.9    24.4    22.1
53878 20160728  2.422  -82.56   35.42    31.0    18.4    24.7    24.7     0.0    24.69 C    38.9    17.0    25.4    96.4    45.6    73.1   0.112   0.150   0.204   0.295   0.333    26.6    26.6    26.1    24.5    22.1
53878 20160729  2.422  -82.56   35.42    29.5    20.0    24.8    23.6     2.8    19.84 C    38.5    18.7    25.0    97.1    49.7    79.2   0.109   0.145   0.196   0.291   0.333    26.5    26.4    26.0    24.6    22.2
53878 20160730  2.422  -82.56   35.42    30.0    19.0    24.5    22.0    21.8    17.50 C    37.8    17.7    23.4    97.5    54.4    88.2   0.138   0.176   0.213   0.289   0.333    25.8    25.8    25.6    24.6    22.3
53878 20160731  2.422  -82.56   35.42    30.1    19.1    24.6    23.4     0.3    23.00 C    36.0    18.0    25.0   100.0    51.8    82.1   0.161   0.196   0.230   0.289   0.333    26.0    25.8    25.5    24.5    22.4
53878 20160801  2.422  -82.56   35.42    28.7    18.8    23.8    22.8     4.0    16.01 C    35.0    17.2    23.8    97.1    57.7    84.4   0.148   0.181   0.223   0.289   0.333    25.9    25.8    25.6    24.5    22.4
53878 20160802  2.422  -82.56   35.42    27.8    19.3    23.6    22.5    10.1    16.83 C    34.5    18.3    23.6    97.0    62.5    87.4   0.172   0.200   0.226   0.290   0.334    25.5    25.4    25.3    24.5    22.5
53878 20160803  2.422  -82.56   35.42    29.6    19.5    24.5    23.7     0.0    23.52 C    35.0    18.3    25.1    97.8    47.6    80.1   0.182   0.209   0.229   0.288   0.334    26.0    25.8    25.4    24.4    22.5
53878 20160804  2.422  -82.56   35.42    26.0    20.9    23.4    22.5     4.8    14.22 C    33.8    20.9    23.9    96.1    73.9    87.4   0.175   0.198   0.226   0.289   0.334    25.9    25.8    25.5    24.5    22.5
53878 20160805  2.422  -82.56   35.42    27.5    20.0    23.8    22.3     8.0    16.09 C    35.1    19.1    23.6    97.5    67.2    89.1   0.198   0.208   0.226   0.289   0.334    25.7    25.5    25.3    24.5    22.5
53878 20160806  2.422  -82.56   35.42    29.5    19.7    24.6    23.6     2.9    20.44 C    35.4    19.3    24.9   100.0    59.3    86.5   0.215   0.226   0.231   0.289   0.334    25.9    25.7    25.4    24.4    22.5
53878 20160807  2.422  -82.56   35.42    30.0    18.8    24.4    23.2     0.4    14.73 C    36.7    17.9    23.9    97.4    60.7    86.5   0.206   0.218   0.229   0.289   0.334    25.8    25.7    25.5    24.5    22.6
53878 20160808  2.422  -82.56   35.42    27.6    21.3    24.4    23.6    43.4    17.88 C    33.7    21.3    24.9    96.7    67.0    84.9   0.244   0.253   0.286   0.337   0.335    25.6    25.5    25.3    24.5    22.6
53878 20160809  2.422  -82.56   35.42    27.4    21.4    24.4    23.0    11.5    15.47 C    33.4    20.5    24.0    95.2    65.7    87.1   0.274   0.267   0.304   0.364   0.339    25.6    25.5    25.4    24.5    22.7
53878 20160810  2.422  -82.56   35.42    25.8    21.0    23.4    22.5     3.4    13.10 C    33.2    20.5    23.7    96.2    74.2    89.4   0.271   0.264   0.296   0.359   0.343    25.5    25.4    25.2    24.5    22.7
53878 20160811  2.422  -82.56   35.42    28.2    21.7    24.9    23.7     3.6    17.50 C    36.4    20.0    25.1    95.6    66.4    86.3   0.274   0.268   0.297   0.354   0.346    25.7    25.5    25.2    24.4    22.7
53878 20160812  2.422  -82.56   35.42    28.8    21.5    25.1    24.4     0.0    18.79 C    39.5    19.6    26.4    96.5    63.7    83.0   0.258   0.262   0.289   0.353   0.347    26.0    25.8    25.5    24.5    22.8
53878 20160813  2.422  -82.56   35.42    28.9    19.8    24.3    24.2     0.0    24.53 C    38.4    18.2    25.8    97.2    58.3    80.6   0.238   0.253   0.282   0.350   0.347    26.0    25.8    25.5    24.5    22.8
53878 20160814  2.422  -82.56   35.42    30.4    18.0    24.2    23.7     0.0    23.73 C    41.1    16.7    25.7    97.5    49.4    79.9   0.217   0.241   0.277   0.346   0.347    26.0    25.8    25.5    24.6    22.8
53878 20160815  2.422  -82.56   35.42    29.4    19.2    24.3    23.7     0.0    23.67 C    40.3    17.9    25.7    98.8    52.2    80.7   0.194   0.229   0.271   0.341   0.347    26.1    25.9    25.7    24.6    22.8
53878 20160816  2.422  -82.56   35.42    29.6    18.3    24.0    23.7     0.0    21.59 C    40.4    16.9    25.5    97.5    58.3    81.4   0.172   0.218   0.265   0.337   0.348    26.0    25.9    25.7    24.6    22.9
53878 20160817  2.422  -82.56   35.42    29.3    18.6    23.9    22.4     3.7    13.37 C    40.4    17.1    23.7    97.6    54.9    89.0   0.159   0.210   0.259   0.333   0.348    25.6    25.6    25.6    24.7    22.9
53878 20160818  2.422  -82.56   35.42    27.5    18.8    23.2    22.3     8.2    16.39 C    36.2    17.8    23.8    97.2    59.7    86.4   0.183   0.210   0.256   0.330   0.347    25.3    25.3    25.2    24.6    22.9
53878 20160819  2.422  -82.56   35.42    26.8    19.7    23.3    21.1    41.8     9.18 C    37.1    19.0    22.3    96.9    62.8    91.2   0.251   0.255   0.285   0.356   0.352    24.6    24.8    24.9    24.6    23.0
53878 20160820  2.422  -82.56   35.42    26.3    19.4    22.8    22.0    10.9    15.19 C    36.9    18.6    23.8    97.0    68.1    89.5   0.281   0.286   0.304   0.375   0.365    24.6    24.5    24.5    24.3    23.0
53878 20160821  2.422  -82.56   35.42    29.0    19.6    24.3    22.9     0.2    18.36 C    37.0    18.5    24.6    97.6    55.9    84.1   0.273   0.281   0.301   0.368   0.367    25.3    25.1    24.9    24.2    23.0
53878 20160822  2.422  -82.56   35.42    26.9    16.8    21.8    21.3     0.0    23.09 C    36.6    14.3    23.0    93.6    55.3    74.8   0.247   0.264   0.289   0.355   0.367    25.0    24.9    24.9    24.2    23.0
53878 20160823  2.422  -82.56   35.42    26.2    15.6    20.9    20.7     0.0    20.78 C    35.7    14.3    22.2    96.4    56.9    80.4   0.220   0.250   0.281   0.349   0.366    24.7    24.6    24.7    24.2    22.9
53878 20160824  2.422  -82.56   35.42    26.2    16.5    21.3    20.6     0.0    11.64 C    31.4    15.3    21.4    98.0    68.9    87.8   0.200   0.242   0.275   0.347   0.364    24.1    24.2    24.3    24.1    22.9
53878 20160825  2.422  -82.56   35.42    30.5    18.0    24.3    23.2     1.4    22.52 C    38.0    16.9    25.4    97.9    45.7    82.1   0.182   0.230   0.269   0.343   0.362    25.0    24.8    24.5    23.9    22.9
53878 20160826  2.422  -82.56   35.42    31.2    17.8    24.5    23.7     0.0    21.74 C    38.2    16.8    24.5    97.9    36.7    77.6   0.163   0.215   0.263   0.339   0.362    25.6    25.4    25.1    24.1    22.9
53878 20160827  2.422  -82.56   35.42    29.8    17.5    23.6    22.9     0.3    19.48 C    37.3    16.2    23.8    97.6    54.8    81.0   0.149   0.204   0.255   0.336   0.361    25.5    25.4    25.2    24.2    22.9
53878 20160828  2.422  -82.56   35.42    29.2    17.7    23.5    22.4     0.0    17.90 C    37.0    15.5    23.2    97.4    53.9    83.1   0.138   0.193   0.249   0.332   0.360    25.4    25.3    25.2    24.3    22.9
53878 20160829  2.422  -82.56   35.42    27.7    14.5    21.1    21.0     0.0    18.52 C    36.2    13.2    21.6    97.6    53.8    80.7   0.130   0.183   0.242   0.329   0.360    24.6    24.7    24.8    24.2    22.9
53878 20160830  2.422  -82.56   35.42    28.3    14.9    21.6    21.5     0.0    21.65 C    35.7    13.6    22.4    97.8    50.9    79.4   0.123   0.174   0.233   0.326   0.359    24.6    24.6    24.6    24.1    22.9
53878 20160831  2.422  -82.56   35.42    29.3    15.9    22.6    22.1     0.0    20.62 C    36.5    14.7    23.1    97.6    46.2    79.8   0.118   0.165   0.225   0.323   0.358    24.8    24.8    24.7    24.0    22.9
53878 20160901  2.422  -82.56   35.42    28.7    17.7    23.2    21.5     1.8    15.29 C    37.6    16.4    22.7    97.7    55.6    86.4   0.115   0.160   0.218   0.319   0.357    24.8    24.8    24.8    24.0    22.9
53878 20160902  2.422  -82.56   35.42    22.5    15.5    19.0    19.7     0.0     3.25 C    22.9    13.1    19.2    97.3    62.5    82.7   0.115   0.159   0.214   0.318   0.357    23.3    23.6    24.0    24.0    22.9
53878 20160903  2.422  -82.56   35.42    26.4    13.4    19.9    19.3     0.0    21.71 C    34.5    11.1    21.1    97.8    32.9    74.6   0.113   0.156   0.209   0.314   0.356    22.8    22.9    23.1    23.5    22.9
53878 20160904  2.422  -82.56   35.42    27.6    16.3    22.0    20.3     0.0    20.82 C    35.9    14.0    22.0    96.5    41.7    77.6   0.111   0.152   0.203   0.311   0.355    23.7    23.7    23.6    23.3    22.7
53878 20160905  2.422  -82.56   35.42    27.9    15.0    21.4    19.9     0.0    20.43 C    36.7    12.9    21.2   100.0    41.6    80.5   0.108   0.148   0.197   0.306   0.355    23.6    23.7    23.8    23.4    22.7
53878 20160906  2.422  -82.56   35.42    29.7    11.9    20.8    20.3     0.0    22.49 C    37.9    10.1    21.1    98.3    33.7    74.4   0.105   0.145   0.192   0.301   0.354    23.4    23.5    23.6    23.3    22.6
53878 20160907  2.422  -82.56   35.42    30.5    12.6    21.6    20.9     0.0    22.44 C    39.0    11.0    21.7    97.4    29.2    73.5   0.104   0.142   0.187   0.296   0.353    23.4    23.6    23.6    23.3    22.5
53878 20160908  2.422  -82.56   35.42    30.8    13.2    22.0    21.4     0.0    20.13 C    40.2    11.4    22.2    97.1    36.1    75.9   0.102   0.140   0.184   0.290   0.354    23.6    23.7    23.7    23.2    22.5
53878 20160909  2.422  -82.56   35.42    30.6    14.6    22.6    22.2     0.0    19.08 C    38.8    13.1    23.0    97.5    37.9    76.2   0.100   0.138   0.180   0.285   0.352    23.9    23.9    23.8    23.2    22.4
53878 20160910  2.422  -82.56   35.42    30.8    15.7    23.2    22.5     0.0    18.88 C    40.2    13.9    23.2    97.6    36.2    73.2   0.099   0.135   0.178   0.280   0.352    24.1    24.1    24.0    23.3    22.4
53878 20160911  2.422  -82.56   35.42    28.0    16.4    22.2    22.1     0.0    18.09 C    40.4    14.6    23.4    93.9    43.3    70.5   0.099   0.135   0.176   0.276   0.351    24.2    24.2    24.1    23.4    22.4
53878 20160912  2.422  -82.56   35.42    28.1    15.0    21.6    21.2     0.0    16.19 C    39.4    13.2    22.6    96.0    55.3    78.5   0.097   0.134   0.173   0.273   0.349    23.9    23.9    23.9    23.4    22.4
53878 20160913  2.422  -82.56   35.42    28.1    16.9    22.5    21.6     0.0    19.45 C    39.7    14.9    23.4    97.1    48.2    78.2   0.097   0.133   0.172   0.271   0.350    24.3    24.2    24.1    23.4    22.4
53878 20160914  2.422  -82.56   35.42    30.0    14.6    22.3    21.5     0.4    16.43 C    40.6    12.9    22.5    97.2    38.3    79.1   0.095   0.131   0.170   0.269   0.349    23.9    23.9    23.9    23.4    22.4
53878 20160915  2.422  -82.56   35.42    30.2    15.3    22.8    21.8     0.0    20.19 C    40.2    12.5    22.8    97.4    34.5    73.4   0.095   0.130   0.170   0.267   0.348    23.8    23.9    23.9    23.4    22.3
53878 20160916  2.422  -82.56   35.42    27.5    16.1    21.8    21.2     0.0    16.75 C    38.9    14.4    22.8    96.5    53.7    80.7   0.095   0.131   0.169   0.266   0.347    23.9    23.9    23.9    23.3    22.4
53878 20160917  2.422  -82.56   35.42    27.1    16.4    21.8    20.9     0.0    17.29 C    38.1    14.7    22.2    97.4    47.8    78.7   0.094   0.130   0.168   0.265   0.347    23.8    23.8    23.8    23.3    22.3
53878 20160918  2.422  -82.56   35.42    24.8    14.9    19.9    19.7     0.5     7.81 C    36.1    13.4    20.4   100.0    63.4    89.5   0.093   0.129   0.168   0.264   0.346    23.0    23.2    23.4    23.2    22.3
53878 20160919  2.422  -82.56   35.42    28.0    17.6    22.8    22.1     0.0    18.05 C    39.8    14.7    23.6    96.8    48.5    76.9   0.094   0.130   0.168   0.264   0.346    23.6    23.6    23.4    23.0    22.3
53878 20160920  2.422  -82.56   35.42    29.0    14.8    21.9    21.2     0.0    19.40 C    40.9    12.7    22.7    96.5    38.3    72.0   0.093   0.129   0.167   0.262   0.344    23.3    23.4    23.4    23.0    22.2
53878 20160921  2.422  -82.56   35.42    28.5    13.3    20.9    20.7     0.8    18.68 C    40.9    11.4    22.3    97.1    42.0    74.5   0.092   0.128   0.166   0.262   0.344    23.0    23.2    23.3    23.0    22.2
53878 20160922  2.422  -82.56   35.42    26.0    14.1    20.1    19.9     0.0    12.50 C    40.0    12.3    20.8    97.8    55.9    82.3   0.092   0.128   0.166   0.261   0.343    22.8    22.9    23.0    22.8    22.2
53878 20160923  2.422  -82.56   35.42    29.1    15.6    22.3    21.3     0.0    16.00 C    47.2    12.7    23.4    97.3    40.5    75.7   0.093   0.129   0.167   0.262   0.343    23.2    23.1    23.0    22.7    22.2
53878 20160924  2.422  -82.56   35.42    31.6    12.7    22.2    21.0     0.0    20.06 C    44.6    10.3    23.3    97.0    26.0    71.5   0.092   0.129   0.166   0.262   0.343    23.2    23.2    23.0    22.7    22.1
53878 20160925  2.422  -82.56   35.42    30.1    12.9    21.5    21.2     0.0    17.20 C    44.4    10.7    23.5    97.2    41.9    75.9   0.091   0.128   0.166   0.262   0.341    23.4    23.3    23.2    22.7    22.1
53878 20160926  2.422  -82.56   35.42    28.7    17.3    23.0    20.2    10.9    11.23 C    42.5    15.3    21.2    96.9    50.0    86.4   0.106   0.135   0.166   0.261   0.340    23.1    23.3    23.3    22.8    22.1
53878 20160927  2.422  -82.56   35.42    26.4    16.2    21.3    19.9     2.5    13.30 C    37.3    13.6    21.5    97.2    56.4    85.7   0.138   0.142   0.169   0.263   0.340    22.9    22.8    22.8    22.6    22.0
53878 20160928  2.422  -82.56   35.42    26.9    11.3    19.1    19.3     0.0    17.48 C    36.1     8.0    20.5    97.6    37.2    76.0   0.127   0.140   0.171   0.263   0.340    22.3    22.4    22.6    22.6    22.0
53878 20160929  2.422  -82.56   35.42    24.1     8.5    16.3    15.6     0.0    13.71 C    35.4     6.6    16.5    97.0    39.8    74.1   0.118   0.139   0.171   0.264   0.339    20.4    20.8    21.4    22.2    21.9
53878 20160930  2.422  -82.56   35.42    22.2     7.7    14.9    14.7     0.0    18.60 C    37.8     4.9    16.4    97.3    37.4    71.3   0.112   0.139   0.171   0.263   0.338    19.7    20.0    20.6    21.7    21.9
53878 20161001  2.422  -82.56   35.42    22.5     6.0    14.2    14.0     0.0    16.65 C    40.3     3.7    15.9    97.5    40.6    76.5   0.107   0.138   0.170   0.263   0.339    19.2    19.6    20.1    21.2    21.7
53878 20161002  2.422  -82.56   35.42    24.0     7.4    15.7    15.1     0.0    12.96 C    40.0     5.2    16.3    97.5    41.4    76.8   0.103   0.137   0.170   0.263   0.339    19.2    19.5    19.9    20.9    21.5
53878 20161003  2.422  -82.56   35.42    23.9     8.1    16.0    16.1     0.0    14.05 C    39.8     6.1    17.8    97.4    44.8    77.3   0.100   0.136   0.170   0.262   0.338    19.4    19.6    19.9    20.7    21.4
53878 20161004  2.422  -82.56   35.42    22.3    11.4    16.9    16.5     0.0     9.06 C    35.8     8.9    17.1    96.6    54.1    80.9   0.099   0.135   0.169   0.262   0.337    19.8    19.9    20.2    20.6    21.2
53878 20161005  2.422  -82.56   35.42    23.2     9.1    16.2    15.4     0.0    18.47 C    37.8     6.8    17.6    97.8    47.4    77.7   0.097   0.133   0.169   0.262   0.337    19.4    19.6    19.8    20.5    21.0
53878 20161006  2.422  -82.56   35.42    21.5     8.5    15.0    15.1     0.0    16.51 C    38.3     5.7    18.0   100.0    50.6    81.2   0.095   0.132   0.168   0.262   0.337    19.5    19.6    19.8    20.3    20.9
53878 20161007  2.422  -82.56   35.42    18.9    15.2    17.0    17.5    11.2     3.99 C    24.8    15.3    18.6    96.3    88.0    93.5   0.098   0.147   0.173   0.262   0.337    20.0    20.0    20.1    20.3    20.8
53878 20161008  2.422  -82.56   35.42    21.9    12.5    17.2    18.4     0.0     7.28 C    28.3     8.0    18.3    95.4    50.9    77.7   0.104   0.149   0.175   0.263   0.336    20.1    20.1    20.2    20.3    20.7
53878 20161009  2.422  -82.56   35.42    19.2    10.7    14.9    14.4     0.0    18.85 C    31.7     6.8    14.6    59.0    34.7    45.7   0.104   0.144   0.174   0.263   0.336    17.7    18.1    18.9    20.2    20.6
53878 20161010  2.422  -82.56   35.42    22.5     7.0    14.8    13.7     0.0    18.67 C    34.6     2.6    14.0    93.3    22.7    57.6   0.103   0.142   0.173   0.263   0.336    17.1    17.4    18.1    19.6    20.5
53878 20161011  2.422  -82.56   35.42    19.9     2.5    11.2    10.7     0.0    18.05 C    32.7     0.4    11.9    97.4    38.6    75.5   0.101   0.140   0.172   0.263   0.335    16.5    16.9    17.6    19.1    20.4
53878 20161012  2.422  -82.56   35.42    21.7     1.2    11.4    10.4     0.0    18.42 C    33.8    -1.1    11.7    98.8    29.0    75.5   0.098   0.138   0.172   0.262   0.335    16.1    16.5    17.1    18.7    20.2
53878 20161013  2.422  -82.56   35.42    24.3     4.0    14.1    13.5     0.0    16.76 C    36.9     2.1    14.4    97.0    31.5    71.0   0.097   0.137   0.171   0.261   0.335    16.3    16.6    17.1    18.4    20.0
53878 20161014  2.422  -82.56   35.42    20.3     8.1    14.2    14.8     0.0    11.95 C    34.6     5.7    16.7    96.0    57.0    78.8   0.096   0.135   0.170   0.261   0.334    17.2    17.3    17.5    18.3    19.8
53878 20161015  2.422  -82.56   35.42    23.4    13.2    18.3    17.1     0.0    14.05 C    36.0    10.5    19.6    89.8    49.2    76.0   0.096   0.135   0.170   0.261   0.335    18.4    18.3    18.2    18.4    19.6
53878 20161016  2.422  -82.56   35.42    23.1    12.1    17.6    17.4     0.0     9.75 C    36.3     8.7    18.0    96.9    51.8    78.6   0.095   0.134   0.169   0.260   0.334    18.8    18.8    18.8    18.6    19.4
53878 20161017  2.422  -82.56   35.42    26.3     8.8    17.6    16.7     0.0    15.69 C    39.1     6.9    18.0   100.0    37.3    77.4   0.093   0.132   0.168   0.260   0.334    18.5    18.5    18.6    18.7    19.4
53878 20161018  2.422  -82.56   35.42    27.4     8.0    17.7    17.4     0.0    15.53 C    41.6     5.9    18.2    97.8    38.2    75.5   0.093   0.130   0.167   0.259   0.333    18.7    18.7    18.7    18.8    19.3
53878 20161019  2.422  -82.56   35.42    27.8     9.5    18.6    18.0     0.0    14.62 C    40.3     7.5    18.8    97.9    36.0    74.8   0.092   0.129   0.167   0.259   0.333    19.0    19.0    19.0    18.8    19.3
53878 20161020  2.422  -82.56   35.42    28.1    10.3    19.2    18.6     0.0    15.09 C    40.5     8.1    18.9    98.1    36.7    73.2   0.091   0.128   0.166   0.260   0.333    19.3    19.3    19.2    19.0    19.3
53878 20161021  2.422  -82.56   35.42    18.0     8.0    13.0    12.9     0.0    14.49 C    33.6     4.5    14.6    95.0    46.1    72.3   0.090   0.128   0.165   0.259   0.332    18.4    18.7    19.0    19.1    19.3
53878 20161022  2.422  -82.56   35.42    13.5     5.6     9.5     8.9     0.0    15.63 C    29.2    -0.1     9.9    73.1    37.3    51.2   0.088   0.125   0.164   0.259   0.332    16.0    16.7    17.5    18.8    19.3
53878 20161023  2.422  -82.56   35.42    19.7    -0.4     9.6     9.3     0.0    16.39 C    32.7    -3.3     9.8    93.7    28.8    62.5   0.087   0.124   0.163   0.258   0.332    15.0    15.6    16.3    18.1    19.2
53878 20161024  2.422  -82.56   35.42    25.3     1.7    13.5    12.5     0.0    15.97 C    38.2    -0.9    12.4    96.0    18.2    62.7   0.087   0.124   0.162   0.257   0.331    15.2    15.6    16.1    17.6    19.1
53878 20161025  2.422  -82.56   35.42    20.5     2.6    11.5    11.6     0.0    13.74 C    32.8    -0.5    11.0    94.3    31.4    63.1   0.087   0.123   0.162   0.257   0.331    15.3    15.6    16.1    17.4    18.9
53878 20161026  2.422  -82.56   35.42    20.8     1.2    11.0    10.9     0.0    12.43 C    32.7    -1.4    10.9    97.3    38.5    71.9   0.086   0.123   0.162   0.256   0.331    14.9    15.3    15.8    17.1    18.7
53878 20161027  2.422  -82.56   35.42    21.2     7.2    14.2    13.9     0.0     7.16 C    29.1     4.3    13.2    96.2    57.9    79.1   0.086   0.123   0.162   0.256   0.331    15.5    15.6    16.0    17.0    18.5
53878 20161028  2.422  -82.56   35.42    24.6     7.2    15.9    14.5     0.0    14.83 C    36.5     3.8    14.5    98.2    26.4    69.6   0.087   0.123   0.162   0.256   0.330    15.8    16.0    16.2    16.9    18.3
53878 20161029  2.422  -82.56   35.42    26.4     3.7    15.1    14.3     0.0    14.80 C    37.3     1.3    14.5    96.6    30.2    70.3   0.086   0.122   0.161   0.256   0.330    15.8    16.0    16.2    16.9    18.2
53878 20161030  2.422  -82.56   35.42    25.1     5.1    15.1    14.6     0.0    13.37 C    38.9     2.5    14.2    97.4    37.3    71.0   0.086   0.122   0.161   0.256   0.329    16.0    16.2    16.4    16.9    18.1
53878 20161031  2.422  -82.56   35.42    26.3     7.3    16.8    16.4     0.0    13.01 C    39.6     4.8    16.6    95.0    33.0    67.9   0.086   0.122   0.161   0.255   0.329    16.5    16.5    16.6    17.0    18.1
53878 20161101  2.422  -82.56   35.42    25.1    11.5    18.3    17.2     0.0     9.70 C    35.7     8.5    16.9    95.0    38.0    73.3   0.086   0.122   0.161   0.256   0.329    17.0    17.0    17.0    17.1    17.9
53878 20161102  2.422  -82.56   35.42    25.6     8.6    17.1    15.8     0.0    10.48 C    36.8     5.6    16.2    97.5    33.1    74.1   0.086   0.122   0.161   0.255   0.328    17.0    17.0    17.1    17.2    17.9
53878 20161103  2.422  -82.56   35.42    24.1     5.6    14.9    14.4     0.0     7.98 C    36.8     3.1    13.5    97.6    43.2    76.5   0.086   0.122   0.161   0.255   0.328    16.4    16.6    16.9    17.2    17.9
53878 20161104  2.422  -82.56   35.42    20.8     5.2    13.0    15.3     0.0    14.26 C    34.7    -0.4    14.3    89.2    23.4    56.7   0.086   0.122   0.161   0.255   0.328    16.7    16.9    17.0    17.2    17.9
53878 20161105  2.422  -82.56   35.42    20.3    -0.4     9.9     8.6     0.0    14.32 C    31.7    -3.4     8.5    96.4    23.1    65.2   0.083   0.120   0.160   0.255   0.327    14.5    15.1    15.8    17.0    17.8
53878 20161106  2.422  -82.56   35.42    20.9     0.3    10.6     9.3     0.0    12.02 C    32.3    -2.1     9.2    96.0    22.6    65.5   0.083   0.120   0.160   0.254   0.327    13.8    14.3    15.0    16.6    17.8
53878 20161107  2.422  -82.56   35.42    19.2    -0.7     9.3     8.2     0.0    14.11 C    30.7    -3.6     7.8    96.9    25.9    66.8   0.083   0.119   0.159   0.254   0.327    13.3    13.8    14.5    16.1    17.6
53878 20161108  2.422  -82.56   35.42    18.6    -1.1     8.8     8.1     0.0     8.38 C    29.3    -4.0     7.8    96.2    29.0    67.4   0.082   0.119   0.158   0.254   0.327    12.5    13.0    13.9    15.8    17.5
53878 20161109  2.422  -82.56   35.42    15.6     6.2    10.9    10.8     0.0    10.95 C    28.1     1.7    10.6    71.9    38.2    54.6   0.083   0.119   0.159   0.254   0.326    13.2    13.6    14.0    15.4    17.3
53878 20161110  2.422  -82.56   35.42    18.9     3.8    11.3    10.6     0.0    14.05 C    30.0    -2.1     8.9    74.5    10.5    41.5   0.082   0.118   0.158   0.253   0.326    12.4    12.9    13.6    15.2    17.2
53878 20161111  2.422  -82.56   35.42    18.1     7.9    13.0    11.9     0.0     9.67 C    32.6     0.4     9.8    55.0    24.7    38.1   0.082   0.118   0.158   0.253   0.326    12.2    12.6    13.3    14.9    17.0
53878 20161112  2.422  -82.56   35.42    12.7    -1.3     5.7     6.2     0.0    11.25 C    22.1    -5.5     5.4    94.5    41.5    66.8   0.081   0.118   0.157   0.253   0.325    11.8    12.3    13.0    14.7    16.8
53878 20161113  2.422  -82.56   35.42    14.1    -2.3     5.9     4.7     0.0     5.76 C    26.3    -5.7     4.3    96.0    27.6    70.4   0.081   0.118   0.157   0.253   0.324    10.6    11.2    12.2    14.4    16.6
53878 20161114  2.422  -82.56   35.42    16.8    -1.9     7.5     7.1     0.0    11.32 C    27.9    -4.2     6.5    94.4    32.7    64.4   0.081   0.118   0.157   0.253   0.324    10.6    11.1    11.8    13.9    16.4
53878 20161115  2.422  -82.56   35.42    16.3    -2.7     6.8     6.2     0.0    12.11 C    27.4    -6.1     5.6    95.8    30.1    67.9   0.081   0.117   0.157   0.252   0.324    10.3    10.9    11.6    13.6    16.2
53878 20161116  2.422  -82.56   35.42    19.1    -1.9     8.6     8.1     0.0    12.52 C    30.1    -4.7     7.2    96.1    32.5    65.5   0.081   0.118   0.158   0.252   0.323    10.6    11.0    11.6    13.4    16.0
53878 20161117  2.422  -82.56   35.42    22.3    -2.1    10.1     8.6     0.0    12.66 C    32.7    -5.3     7.7    95.6    27.2    67.0   0.081   0.118   0.158   0.252   0.323    10.7    11.1    11.6    13.3    15.8
53878 20161118  2.422  -82.56   35.42    24.8    -1.6    11.6    10.4     0.0    12.33 C    34.6    -4.3     9.1    96.4    16.4    63.5   0.081   0.118   0.157   0.252   0.323    11.1    11.4    11.8    13.2    15.6
53878 20161119  2.422  -82.56   35.42    13.0    -0.5     6.3     5.2     0.0    12.36 C    21.3    -2.9     4.9    96.2    28.8    62.1   0.081   0.118   0.158   0.252   0.323    10.5    11.1    11.8    13.2    15.5
53878 20161120  2.422  -82.56   35.42     7.3    -1.6     2.8     2.5     0.0    12.95 C    20.3    -4.9     2.5    60.6    23.3    39.2   0.080   0.116   0.157   0.252   0.322     8.6     9.5    10.6    12.9    15.3
53878 20161121  2.422  -82.56   35.42    10.8    -1.2     4.8     3.6     0.0    12.72 C    21.7    -6.4     2.7    50.4    12.9    32.1   0.079   0.116   0.156   0.251   0.322     8.0     8.7     9.8    12.4    15.2
53878 20161122  2.422  -82.56   35.42    14.5    -2.3     6.1     4.9     0.0    10.06 C    27.9    -6.6     4.3    71.8    18.7    40.6   0.079   0.116   0.156   0.251   0.321     8.1     8.7     9.5    11.9    15.0
53878 20161123  2.422  -82.56   35.42    15.3    -0.3     7.5     7.6     0.0     8.51 C    22.9    -3.3     7.6    79.0    19.0    52.5   0.080   0.116   0.156   0.251   0.322     8.8     9.1     9.7    11.7    14.7
53878 20161124  2.422  -82.56   35.42    20.5     3.3    11.9    11.2     0.0     9.57 C    31.9    -0.9    11.1    95.4    38.5    71.2   0.081   0.117   0.157   0.251   0.321    10.8    10.8    10.8    11.7    14.5
53878 20161125  2.422  -82.56   35.42    19.8    -0.4     9.7     8.5     0.0    10.12 C    29.6    -2.4     8.7   100.0    38.0    80.0   0.081   0.117   0.157   0.251   0.321    10.6    10.8    11.1    12.0    14.3
53878 20161126  2.422  -82.56   35.42    10.5    -2.3     4.1     5.3     0.0    12.12 C    20.6    -7.7     4.7    81.0    31.8    61.1   0.080   0.117   0.157   0.251   0.320     9.9    10.4    11.0    12.1    14.2
53878 20161127  2.422  -82.56   35.42    12.3    -8.0     2.1     1.4     0.0    10.39 C    21.6   -12.1     0.5    92.3    31.3    66.5   0.080   0.116   0.156   0.251   0.320     7.8     8.6     9.7    11.9    14.2
53878 20161128  2.422  -82.56   35.42    11.8     0.6     6.2     6.7     0.8     1.53 C    12.2    -0.9     6.3    90.9    50.7    67.2   0.079   0.116   0.156   0.251   0.319     8.2     8.5     9.3    11.4    14.0
53878 20161129  2.422  -82.56   35.42    19.5    11.3    15.4    15.2    29.7     8.22 C    21.9     8.4    14.4    95.6    58.5    83.4   0.123   0.185   0.177   0.252   0.320    11.7    11.3    10.9    11.4    13.9
53878 20161130  2.422  -82.56   35.42    19.0     9.2    14.1    16.4    11.4     1.73 C    19.6     3.5    14.5    96.8    55.9    82.1   0.147   0.205   0.205   0.255   0.320    13.4    13.1    12.6    12.0    13.8
53878 20161201  2.422  -82.56   35.42    11.6     2.6     7.1     6.6     0.0    12.00 C    18.5    -3.1     5.3    81.8    38.1    61.5   0.153   0.195   0.214   0.259   0.320    11.0    11.4    12.0    12.5    13.7
53878 20161202  2.422  -82.56   35.42    12.4     1.5     6.9     5.6     0.0    11.45 C    19.0    -3.5     3.9    70.3    23.8    52.0   0.148   0.185   0.210   0.260   0.320     8.8     9.3    10.3    12.2    13.8
53878 20161203  2.422  -82.56   35.42     9.1     2.5     5.8     6.0     0.0     5.76 C    18.8    -2.4     5.9    81.1    45.8    56.7   0.145   0.181   0.207   0.259   0.321     8.4     8.8     9.6    11.6    13.7
53878 20161204  2.422  -82.56   35.42     6.3     3.0     4.7     4.0    28.0     0.99 C     6.1     3.3     4.5    96.4    67.8    93.1   0.178   0.217   0.227   0.265   0.321     8.2     8.5     9.3    11.3    13.7
53878 20161205  2.422  -82.56   35.42    13.1     4.2     8.7     8.7     7.2     6.93 C    20.6     3.8     9.6    96.5    70.5    87.5   0.194   0.223   0.254   0.280   0.321     9.0     9.0     9.2    10.8    13.5
53878 20161206  2.422  -82.56   35.42     9.9     5.3     7.6     7.1    12.7     2.68 C    12.4     2.5     7.4    96.8    84.9    91.8   0.213   0.233   0.276   0.328   0.321     9.5     9.6     9.9    10.9    13.3
53878 20161207  2.422  -82.56   35.42    14.2     3.6     8.9     8.1     0.0    10.99 C    19.1     0.0     7.1    95.3    50.5    74.5   0.206   0.222   0.270   0.344   0.322     9.3     9.4     9.8    10.9    13.1
53878 20161208  2.422  -82.56   35.42     6.9    -2.3     2.3     3.1     0.0     3.26 C     7.9    -6.5     1.7    80.3    34.2    54.6   0.202   0.218   0.265   0.340   0.323     8.1     8.6     9.4    10.9    13.0
53878 20161209  2.422  -82.56   35.42     0.8    -6.0    -2.6    -3.4     0.0    11.76 C    10.5   -10.0    -3.1    70.6    45.1    58.0   0.198   0.215   0.260   0.336   0.324     5.2     6.0     7.5    10.4    12.9
53878 20161210  2.422  -82.56   35.42     4.8   -10.1    -2.6    -3.4     0.0    11.59 C    13.5   -12.2    -3.6    90.8    20.6    60.0   0.195   0.213   0.258   0.332   0.325     3.9     4.7     6.1     9.6    12.8
53878 20161211  2.422  -82.56   35.42     7.0    -7.6    -0.3     0.1     0.0     5.43 C    12.8   -10.3    -0.1    90.3    43.6    67.6   0.193   0.212   0.256   0.329   0.326     3.6     4.2     5.5     8.8    12.5
53878 20161212  2.422  -82.56   35.42    14.7     1.1     7.9     9.5     1.5     5.80 C    18.7    -1.6     8.1    98.0    68.3    83.6   0.196   0.213   0.254   0.328   0.327     6.8     6.7     6.7     8.5    12.2
53878 20161213  2.422  -82.56   35.42     7.5    -0.8     3.3     4.2     0.0     2.08 C    11.5    -2.8     3.9    98.5    74.7    93.0   0.197   0.214   0.253   0.326   0.327     6.5     6.7     7.3     8.7    11.9
53878 20161214  2.422  -82.56   35.42     6.9    -2.9     2.0     3.9     0.0     5.52 C    11.9    -6.3     3.7    96.5    55.5    79.8   0.197   0.215   0.252   0.324   0.328     7.1     7.3     7.7     8.8    11.7
53878 20161215  2.422  -82.56   35.42     1.0    -6.8    -2.9    -2.6     0.0    10.78 C     8.8    -9.9    -2.3    91.3    26.1    52.2   0.194   0.214   0.251   0.322   0.329     4.9     5.6     6.7     8.8    11.6
53878 20161216  2.422  -82.56   35.42     0.9    -8.3    -3.7    -4.4     0.0     4.96 C     9.3   -10.6    -3.4    67.4    26.7    41.6   0.191   0.213   0.250   0.321   0.329     3.0     3.7     5.2     8.3    11.5
53878 20161217  2.422  -82.56   35.42    15.4    -2.7     6.4     9.3     1.0     5.86 C    18.0    -2.0     9.2    97.3    60.9    85.7   0.191   0.212   0.249   0.319   0.329     5.3     5.2     5.4     7.7    11.3
53878 20161218  2.422  -82.56   35.42    17.5     1.5     9.5     9.8     3.5     1.03 C    15.8     1.1     9.4    92.1    73.5    85.3   0.200   0.215   0.249   0.319   0.329     9.0     8.6     8.1     8.0    11.1
53878 20161219  2.422  -82.56   35.42     6.5    -0.1     3.2     2.6     0.0     4.07 C    11.0    -0.1     4.0    87.2    62.4    78.9   0.210   0.221   0.249   0.317   0.330     7.0     7.2     7.7     8.6    10.9
53878 20161220  2.422  -82.56   35.42     8.4    -3.6     2.4     2.4     0.0     8.82 C    15.0    -7.8     2.5    86.6    40.5    70.4   0.208   0.221   0.249   0.317   0.330     6.8     7.0     7.5     8.6    10.9
53878 20161221  2.422  -82.56   35.42    14.6    -5.4     4.6     5.0     0.0    10.91 C    21.1    -8.6     3.8    87.8    21.3    52.5   0.204   0.220   0.249   0.316   0.331     5.7     6.0     6.7     8.5    10.8
53878 20161222  2.422  -82.56   35.42    14.6    -1.4     6.6     6.9     0.0    10.91 C    22.3    -4.0     4.8    91.7    31.4    54.0   0.200   0.218   0.249   0.315   0.330     6.6     6.8     7.1     8.3    10.8
53878 20161223  2.422  -82.56   35.42    11.1     1.0     6.1     6.0     0.0    10.53 C    18.1    -4.2     6.3    76.0    27.3    48.2   0.196   0.217   0.248   0.314   0.331     6.5     6.6     7.1     8.3    10.7
53878 20161224  2.422  -82.56   35.42    18.0     5.9    12.0    11.6     0.0     5.36 C    27.7     5.1    11.1    96.0    48.4    67.4   0.192   0.216   0.247   0.313   0.331     8.0     7.8     7.8     8.3    10.6
53878 20161225  2.422  -82.56   35.42    17.9     6.3    12.1    12.4     0.0     8.17 C    26.7     3.6    12.3    97.3    57.9    80.8   0.189   0.215   0.246   0.312   0.331     9.6     9.4     9.0     8.8    10.6
53878 20161226  2.422  -82.56   35.42    12.2     9.0    10.6    10.3     0.3     1.40 C    12.7     9.1    10.4    96.5    84.0    91.4   0.187   0.214   0.246   0.312   0.331    10.1     9.9     9.8     9.3    10.6
53878 20161227  2.422  -82.56   35.42    16.3     7.3    11.8    11.8     0.0     3.89 C    21.3     2.5    10.6    97.9    69.3    86.3   0.185   0.213   0.244   0.312   0.331    10.4    10.3    10.0     9.7    10.7
53878 20161228  2.422  -82.56   35.42    16.4     2.0     9.2     8.0     0.0    11.17 C    20.9    -2.7     6.1    81.7    25.1    58.7   0.182   0.212   0.243   0.312   0.332     9.1     9.3     9.6     9.9    10.8
53878 20161229  2.422  -82.56   35.42    11.5     2.5     7.0     7.2     4.7    11.42 C    15.7    -2.9     6.3    95.7    19.2    53.8   0.193   0.213   0.242   0.311   0.332     8.7     8.9     9.3     9.8    10.9
53878 20161230  2.422  -82.56   35.42     6.4    -4.2     1.1     2.0     0.0    11.86 C    15.2    -9.1     0.8    70.8    22.1    37.8   0.198   0.214   0.241   0.310   0.332     6.4     7.0     8.0     9.6    10.9
53878 20161231  2.422  -82.56   35.42     9.5    -7.1     1.2     1.4     0.0     4.22 C    16.8   -10.3     0.6    87.8    13.1    58.7   0.196   0.213   0.240   0.309   0.332     4.8     5.3     6.5     9.0    10.9
