25630 20160101  2.424 -160.47   55.35     5.7     0.6     3.1     2.9    14.8     1.17 C     5.2     0.0     2.4    98.8    67.6    91.3 -99.000 -99.000 -99.000 -99.000 -99.000 -9999.0 -9999.0 -9999.0 -9999.0 -9999.0
25630 20160102  2.424 -160.47   55.35     3.8     0.5     2.2     2.7     1.3     1.65 C     3.3    -0.1     2.0    94.1    71.2    83.5 -99.000 -99.000 -99.000 -99.000 -99.000 -9999.0 -9999.0 -9999.0 -9999.0 -9999.0
25630 20160103  2.424 -160.47   55.35     5.0     1.1     3.1     3.7    24.1     0.81 C     4.7     0.8     3.2    98.2    75.0    89.9 -99.000 -99.000 -99.000 -99.000 -99.000 -9999.0 -9999.0 -9999.0 -9999.0 -9999.0
25630 20160104  2.424 -160.47   55.35     5.1     3.3     4.2     4.4     7.4     1.05 C     4.8     2.8     4.0    99.3    91.0    94.5 -99.000 -99.000 -99.000 -99.000 -99.000 -9999.0 -9999.0 -9999.0 -9999.0 -9999.0
25630 20160105  2.424 -160.47   55.35     3.9     0.1     2.0     1.7     5.0     2.48 C     3.7     0.0     1.3    99.0    68.7    85.2 -99.000 -99.000 -99.000 -99.000 -99.000 -9999.0 -9999.0 -9999.0 -9999.0 -9999.0
25630 20160106  2.424 -160.47   55.35     3.6     1.7     2.6     2.8     2.3     1.79 C     3.0     1.0     2.1    92.9    61.2    73.0 -99.000 -99.000 -99.000 -99.000 -99.000 -9999.0 -9999.0 -9999.0 -9999.0 -9999.0
25630 20160107  2.424 -160.47   55.35     3.6     0.4     2.0     2.3    14.1     1.19 C     3.7     0.0     1.7   100.0    81.6    92.0 -99.000 -99.000 -99.000 -99.000 -99.000 -9999.0 -9999.0 -9999.0 -9999.0 -9999.0
25630 20160108  2.424 -160.47   55.35     5.2     0.6     2.9     3.7    39.2     0.73 C     4.9     0.0     3.2    99.8    89.7    95.3 -99.000 -99.000 -99.000 -99.000 -99.000 -9999.0 -9999.0 -9999.0 -9999.0 -9999.0
25630 20160109  2.424 -160.47   55.35     4.8     0.5     2.6     2.4     0.0     2.76 C     5.3     0.0     1.9    93.5    72.0    86.8 -99.000 -99.000 -99.000 -99.000 -99.000 -9999.0 -9999.0 -9999.0 -9999.0 -9999.0
25630 20160110  2.424 -160.47   55.35     2.8     1.1     1.9     1.8     0.0     3.55 C     3.6     0.6     1.5    87.2    55.3    69.2 -99.000 -99.000 -99.000 -99.000 -99.000 -9999.0 -9999.0 -9999.0 -9999.0 -9999.0
25630 20160111  2.424 -160.47   55.35     1.9    -2.1    -0.1     0.4     0.3     2.94 C     3.2    -3.4     0.0    94.5    68.2    81.8 -99.000 -99.000 -99.000 -99.000 -99.000 -9999.0 -9999.0 -9999.0 -9999.0 -9999.0
25630 20160112  2.424 -160.47   55.35     1.2    -2.2    -0.5    -0.5     2.4     2.95 C     5.4    -4.7    -1.5    99.2    64.6    79.7 -99.000 -99.000 -99.000 -99.000 -99.000 -9999.0 -9999.0 -9999.0 -9999.0 -9999.0
25630 20160113  2.424 -160.47   55.35     2.3    -3.0    -0.3     1.2     0.0     2.51 C     2.8    -4.6     0.1    94.3    54.5    70.6 -99.000 -99.000 -99.000 -99.000 -99.000 -9999.0 -9999.0 -9999.0 -9999.0 -9999.0
25630 20160114  2.424 -160.47   55.35     4.1     1.7     2.9     3.1     4.0     1.15 C     3.8     1.3     2.7    99.2    70.5    87.9 -99.000 -99.000 -99.000 -99.000 -99.000 -9999.0 -9999.0 -9999.0 -9999.0 -9999.0
25630 20160115  2.424 -160.47   55.35     5.0     3.1     4.0     4.0     3.4     1.35 C     4.6     2.8     3.6    99.9    73.9    88.8 -99.000 -99.000 -99.000 -99.000 -99.000 -9999.0 -9999.0 -9999.0 -9999.0 -9999.0
25630 20160116  2.424 -160.47   55.35     5.5     4.0     4.7     4.8     0.8     2.63 C     5.6     3.1     4.3    90.9    74.9    83.0 -99.000 -99.000 -99.000 -99.000 -99.000 -9999.0 -9999.0 -9999.0 -9999.0 -9999.0
25630 20160117  2.424 -160.47   55.35     4.8     3.5     4.1     4.3     4.2     1.72 C     4.5     3.0     3.9    95.0    84.6    89.6 -99.000 -99.000 -99.000 -99.000 -99.000 -9999.0 -9999.0 -9999.0 -9999.0 -9999.0
25630 20160118  2.424 -160.47   55.35     4.9     2.4     3.7     3.6     0.7     3.48 C     8.4     1.8     3.5    90.6    72.3    82.9 -99.000 -99.000 -99.000 -99.000 -99.000 -9999.0 -9999.0 -9999.0 -9999.0 -9999.0
25630 20160119  2.424 -160.47   55.35     4.3     1.6     2.9     2.9     2.5     3.00 C     7.2     1.3     2.7   100.0    81.4    91.0 -99.000 -99.000 -99.000 -99.000 -99.000 -9999.0 -9999.0 -9999.0 -9999.0 -9999.0
25630 20160120  2.424 -160.47   55.35     4.4     1.0     2.7     3.3     1.6     2.36 C     4.8     0.1     2.9    95.3    82.2    88.5 -99.000 -99.000 -99.000 -99.000 -99.000 -9999.0 -9999.0 -9999.0 -9999.0 -9999.0
25630 20160121  2.424 -160.47   55.35     3.7     0.4     2.0     1.6     0.0     4.25 C     6.0    -0.4     1.4    96.0    77.3    85.3 -99.000 -99.000 -99.000 -99.000 -99.000 -9999.0 -9999.0 -9999.0 -9999.0 -9999.0
25630 20160122  2.424 -160.47   55.35     2.6    -1.6     0.5     1.1     0.0     3.41 C     7.1    -2.9     0.6    87.8    73.2    80.5 -99.000 -99.000 -99.000 -99.000 -99.000 -9999.0 -9999.0 -9999.0 -9999.0 -9999.0
25630 20160123  2.424 -160.47   55.35     3.8     0.7     2.3     2.5     1.6     1.24 C     3.3     0.3     2.0    98.6    75.4    89.9 -99.000 -99.000 -99.000 -99.000 -99.000 -9999.0 -9999.0 -9999.0 -9999.0 -9999.0
25630 20160124  2.424 -160.47   55.35     4.2     1.1     2.6     3.1     1.0     2.12 C     4.0     0.6     2.4    98.1    78.4    90.7 -99.000 -99.000 -99.000 -99.000 -99.000 -9999.0 -9999.0 -9999.0 -9999.0 -9999.0
25630 20160125  2.424 -160.47   55.35     4.6     0.2     2.4     3.2     0.2     2.92 C     6.4    -0.2     2.8    95.9    74.5    85.8 -99.000 -99.000 -99.000 -99.000 -99.000 -9999.0 -9999.0 -9999.0 -9999.0 -9999.0
25630 20160126  2.424 -160.47   55.35     4.5     1.5     3.0     3.0     0.2     3.39 C     6.6     1.1     2.7    95.1    70.3    87.3 -99.000 -99.000 -99.000 -99.000 -99.000 -9999.0 -9999.0 -9999.0 -9999.0 -9999.0
25630 20160127  2.424 -160.47   55.35     3.5     0.7     2.1     2.6     0.2     1.93 C     3.3     0.2     2.4    93.9    71.1    82.4 -99.000 -99.000 -99.000 -99.000 -99.000 -9999.0 -9999.0 -9999.0 -9999.0 -9999.0
25630 20160128  2.424 -160.47   55.35     2.6    -0.7     1.0     0.7     3.4     3.40 C     3.7    -1.6     0.1    98.6    72.0    84.0 -99.000 -99.000 -99.000 -99.000 -99.000 -9999.0 -9999.0 -9999.0 -9999.0 -9999.0
25630 20160129  2.424 -160.47   55.35     4.0     0.4     2.2     2.6     0.7     2.58 C     3.9     0.0     1.9    91.6    62.4    78.3 -99.000 -99.000 -99.000 -99.000 -99.000 -9999.0 -9999.0 -9999.0 -9999.0 -9999.0
25630 20160130  2.424 -160.47   55.35     6.3     3.1     4.7     5.1     0.7     0.94 C     5.7     2.3     4.5    95.9    84.4    91.8 -99.000 -99.000 -99.000 -99.000 -99.000 -9999.0 -9999.0 -9999.0 -9999.0 -9999.0
25630 20160131  2.424 -160.47   55.35     3.2    -0.1     1.5     1.7     7.4     1.55 C     2.8    -0.1     1.1   100.0    65.2    86.6 -99.000 -99.000 -99.000 -99.000 -99.000 -9999.0 -9999.0 -9999.0 -9999.0 -9999.0
25630 20160201  2.424 -160.47   55.35     3.1     0.7     1.9     2.1     0.2     3.71 C     5.6    -0.8     1.6    92.0    66.5    81.4 -99.000 -99.000 -99.000 -99.000 -99.000 -9999.0 -9999.0 -9999.0 -9999.0 -9999.0
25630 20160202  2.424 -160.47   55.35     4.0     1.0     2.5     2.4     7.1     1.80 C     3.8     0.6     1.8    98.3    75.1    88.0 -99.000 -99.000 -99.000 -99.000 -99.000 -9999.0 -9999.0 -9999.0 -9999.0 -9999.0
25630 20160203  2.424 -160.47   55.35     4.3     1.5     2.9     3.1     7.1     1.50 C     3.7     1.1     2.5    97.0    79.8    89.0 -99.000 -99.000 -99.000 -99.000 -99.000 -9999.0 -9999.0 -9999.0 -9999.0 -9999.0
25630 20160204  2.424 -160.47   55.35     4.4     1.7     3.1     2.9     6.3     4.14 C     6.6     1.4     2.8    98.0    85.5    94.4 -99.000 -99.000 -99.000 -99.000 -99.000 -9999.0 -9999.0 -9999.0 -9999.0 -9999.0
25630 20160205  2.424 -160.47   55.35     4.8     1.4     3.1     3.0     1.0     2.98 C     4.9     0.7     2.6    96.5    73.7    87.5 -99.000 -99.000 -99.000 -99.000 -99.000 -9999.0 -9999.0 -9999.0 -9999.0 -9999.0
25630 20160206  2.424 -160.47   55.35     4.4     0.0     2.2     2.8     0.0     4.25 C     6.3    -1.2     2.4    84.3    65.0    73.5 -99.000 -99.000 -99.000 -99.000 -99.000 -9999.0 -9999.0 -9999.0 -9999.0 -9999.0
25630 20160207  2.424 -160.47   55.35     5.1     0.7     2.9     3.1     0.0     4.37 C     7.4     0.1     2.8    92.6    56.5    69.5 -99.000 -99.000 -99.000 -99.000 -99.000 -9999.0 -9999.0 -9999.0 -9999.0 -9999.0
25630 20160208  2.424 -160.47   55.35     4.6    -0.3     2.1     1.8     0.0     4.95 C     7.0    -1.5     1.6    91.6    73.6    83.2 -99.000 -99.000 -99.000 -99.000 -99.000 -9999.0 -9999.0 -9999.0 -9999.0 -9999.0
25630 20160209  2.424 -160.47   55.35     4.6     2.0     3.3     3.5     0.2     3.01 C     4.7     1.0     2.9    89.3    66.7    80.9 -99.000 -99.000 -99.000 -99.000 -99.000 -9999.0 -9999.0 -9999.0 -9999.0 -9999.0
25630 20160210  2.424 -160.47   55.35     5.4     3.4     4.4     4.5     0.0     2.77 C     5.8     2.8     4.2    97.2    66.2    81.5 -99.000 -99.000 -99.000 -99.000 -99.000 -9999.0 -9999.0 -9999.0 -9999.0 -9999.0
25630 20160211  2.424 -160.47   55.35     5.5     1.6     3.6     3.9     0.0     5.48 C    10.6     0.8     4.4    95.9    69.1    87.6 -99.000 -99.000 -99.000 -99.000 -99.000 -9999.0 -9999.0 -9999.0 -9999.0 -9999.0
25630 20160212  2.424 -160.47   55.35     4.3     0.9     2.6     3.2     0.0     3.06 C     5.9     0.8     2.8    98.7    85.9    92.3 -99.000 -99.000 -99.000 -99.000 -99.000 -9999.0 -9999.0 -9999.0 -9999.0 -9999.0
25630 20160213  2.424 -160.47   55.35     3.9     2.2     3.0     3.0     1.3     3.58 C     5.3     1.8     2.9    98.2    83.3    91.3 -99.000 -99.000 -99.000 -99.000 -99.000 -9999.0 -9999.0 -9999.0 -9999.0 -9999.0
25630 20160214  2.424 -160.47   55.35     5.4     0.5     3.0     2.7     1.6     5.02 C     8.1     0.5     2.3    95.5    83.6    91.3 -99.000 -99.000 -99.000 -99.000 -99.000 -9999.0 -9999.0 -9999.0 -9999.0 -9999.0
25630 20160215  2.424 -160.47   55.35     5.0     1.8     3.4     3.1     3.0     4.00 C     8.2     0.8     3.0    96.0    85.3    91.5 -99.000 -99.000 -99.000 -99.000 -99.000 -9999.0 -9999.0 -9999.0 -9999.0 -9999.0
25630 20160216  2.424 -160.47   55.35     3.5     0.7     2.1     2.3     2.6     2.23 C     3.8     0.0     1.9    96.1    76.9    89.0 -99.000 -99.000 -99.000 -99.000 -99.000 -9999.0 -9999.0 -9999.0 -9999.0 -9999.0
25630 20160217  2.424 -160.47   55.35     4.5    -2.0     1.2     1.1     3.8     5.57 C     4.1    -2.5     0.9   100.0    64.1    85.8 -99.000 -99.000 -99.000 -99.000 -99.000 -9999.0 -9999.0 -9999.0 -9999.0 -9999.0
25630 20160218  2.424 -160.47   55.35     1.5    -2.3    -0.4    -0.9     0.2     7.74 C     3.8    -3.1    -1.0    87.7    54.9    68.6 -99.000 -99.000 -99.000 -99.000 -99.000 -9999.0 -9999.0 -9999.0 -9999.0 -9999.0
25630 20160219  2.424 -160.47   55.35     2.6    -2.1     0.3     0.1     0.0     5.21 C     4.8    -3.4    -0.1    83.3    60.7    71.2 -99.000 -99.000 -99.000 -99.000 -99.000 -9999.0 -9999.0 -9999.0 -9999.0 -9999.0
25630 20160220  2.424 -160.47   55.35     2.3    -0.4     1.0     0.9     2.0     3.92 C     4.1    -1.1     0.4    95.2    70.7    85.8 -99.000 -99.000 -99.000 -99.000 -99.000 -9999.0 -9999.0 -9999.0 -9999.0 -9999.0
25630 20160221  2.424 -160.47   55.35     4.6    -0.7     1.9     1.3     0.7     8.83 C     7.2    -1.3     1.2    96.9    64.9    80.2 -99.000 -99.000 -99.000 -99.000 -99.000 -9999.0 -9999.0 -9999.0 -9999.0 -9999.0
25630 20160222  2.424 -160.47   55.35     3.5    -1.9     0.8     1.0     1.3     4.57 C     4.1    -3.3     0.3    93.7    58.6    75.9 -99.000 -99.000 -99.000 -99.000 -99.000 -9999.0 -9999.0 -9999.0 -9999.0 -9999.0
25630 20160223  2.424 -160.47   55.35     4.5     1.6     3.0     3.1     5.4     3.81 C     4.9     0.9     2.5    90.9    67.3    81.3 -99.000 -99.000 -99.000 -99.000 -99.000 -9999.0 -9999.0 -9999.0 -9999.0 -9999.0
25630 20160224  2.424 -160.47   55.35     4.8     3.6     4.2     4.2     3.1     4.62 C     5.6     2.8     3.8    98.6    82.9    90.7 -99.000 -99.000 -99.000 -99.000 -99.000 -9999.0 -9999.0 -9999.0 -9999.0 -9999.0
25630 20160225  2.424 -160.47   55.35     4.8     3.4     4.1     4.0     4.2     4.23 C     5.4     2.7     3.6    96.5    85.7    90.5 -99.000 -99.000 -99.000 -99.000 -99.000 -9999.0 -9999.0 -9999.0 -9999.0 -9999.0
25630 20160226  2.424 -160.47   55.35     5.1     2.0     3.5     3.5     2.7     5.26 C     7.3     1.4     3.4    94.2    81.3    89.2 -99.000 -99.000 -99.000 -99.000 -99.000 -9999.0 -9999.0 -9999.0 -9999.0 -9999.0
25630 20160227  2.424 -160.47   55.35     2.7     0.6     1.6     1.7    11.7     2.70 C     2.9     0.4     1.6    98.5    90.1    95.3 -99.000 -99.000 -99.000 -99.000 -99.000 -9999.0 -9999.0 -9999.0 -9999.0 -9999.0
25630 20160228  2.424 -160.47   55.35     3.8    -0.2     1.8     1.3     9.6     5.26 C     4.8    -0.4     0.9   100.0    55.2    84.0 -99.000 -99.000 -99.000 -99.000 -99.000 -9999.0 -9999.0 -9999.0 -9999.0 -9999.0
25630 20160229  2.424 -160.47   55.35     4.1     1.1     2.6     3.0     5.9     6.43 C     5.6     0.3     2.7    99.9    55.6    81.6 -99.000 -99.000 -99.000 -99.000 -99.000 -9999.0 -9999.0 -9999.0 -9999.0 -9999.0
25630 20160301  2.424 -160.47   55.35     5.2     0.5     2.8     2.5     0.6     7.13 C     7.3     0.0     2.1    93.2    63.7    79.6 -99.000 -99.000 -99.000 -99.000 -99.000 -9999.0 -9999.0 -9999.0 -9999.0 -9999.0
25630 20160302  2.424 -160.47   55.35     4.4     2.0     3.2     3.7     0.4     4.78 C     4.7     1.6     3.2    91.4    70.2    80.6 -99.000 -99.000 -99.000 -99.000 -99.000 -9999.0 -9999.0 -9999.0 -9999.0 -9999.0
25630 20160303  2.424 -160.47   55.35     6.3     1.5     3.9     3.9     0.0     9.95 C    11.1     0.6     4.3    80.0    55.6    71.3 -99.000 -99.000 -99.000 -99.000 -99.000 -9999.0 -9999.0 -9999.0 -9999.0 -9999.0
25630 20160304  2.424 -160.47   55.35     2.1    -1.3     0.4     0.5     0.0    12.17 C     4.6    -1.9     0.6    76.2    52.5    62.1 -99.000 -99.000 -99.000 -99.000 -99.000 -9999.0 -9999.0 -9999.0 -9999.0 -9999.0
25630 20160305  2.424 -160.47   55.35    -0.4    -3.8    -2.1    -2.1     0.8     7.78 C     3.2    -4.6    -1.9    86.5    58.2    69.4 -99.000 -99.000 -99.000 -99.000 -99.000 -9999.0 -9999.0 -9999.0 -9999.0 -9999.0
25630 20160306  2.424 -160.47   55.35     1.1    -3.5    -1.2    -1.5     0.0     8.80 C     6.4    -4.3    -1.0    72.3    43.6    53.8 -99.000 -99.000 -99.000 -99.000 -99.000 -9999.0 -9999.0 -9999.0 -9999.0 -9999.0
25630 20160307  2.424 -160.47   55.35     1.3    -2.7    -0.7    -0.8     0.0     9.69 C     8.8    -3.9    -0.1    70.6    46.1    55.6 -99.000 -99.000 -99.000 -99.000 -99.000 -9999.0 -9999.0 -9999.0 -9999.0 -9999.0
25630 20160308  2.424 -160.47   55.35     3.9    -3.0     0.4     0.0     0.0    12.15 C     9.5    -4.0     1.0    85.9    45.0    67.6 -99.000 -99.000 -99.000 -99.000 -99.000 -9999.0 -9999.0 -9999.0 -9999.0 -9999.0
25630 20160309  2.424 -160.47   55.35     4.1    -1.7     1.2     1.1     0.0    13.15 C     8.7    -3.5     1.7    93.4    64.3    78.7 -99.000 -99.000 -99.000 -99.000 -99.000 -9999.0 -9999.0 -9999.0 -9999.0 -9999.0
25630 20160310  2.424 -160.47   55.35     2.0    -0.2     0.9     0.8     2.3     4.40 C     3.4    -0.7     0.6    99.1    63.4    88.8 -99.000 -99.000 -99.000 -99.000 -99.000 -9999.0 -9999.0 -9999.0 -9999.0 -9999.0
25630 20160311  2.424 -160.47   55.35     4.6    -0.1     2.2     2.7     2.6    13.83 C     7.4    -0.3     3.0   100.0    70.7    84.4 -99.000 -99.000 -99.000 -99.000 -99.000 -9999.0 -9999.0 -9999.0 -9999.0 -9999.0
25630 20160312  2.424 -160.47   55.35     3.8    -0.2     1.8     2.0     0.7     7.68 C     9.6    -1.2     2.0    95.8    82.2    89.0 -99.000 -99.000 -99.000 -99.000 -99.000 -9999.0 -9999.0 -9999.0 -9999.0 -9999.0
25630 20160313  2.424 -160.47   55.35     4.8    -0.8     2.0     1.8     0.0     8.85 C     9.3    -1.9     1.9    95.6    62.2    80.9 -99.000 -99.000 -99.000 -99.000 -99.000 -9999.0 -9999.0 -9999.0 -9999.0 -9999.0
25630 20160314  2.424 -160.47   55.35     3.9    -1.2     1.4     1.1     0.0     7.47 C     7.0    -1.9     1.1    91.7    62.5    78.9 -99.000 -99.000 -99.000 -99.000 -99.000 -9999.0 -9999.0 -9999.0 -9999.0 -9999.0
25630 20160315  2.424 -160.47   55.35     4.7    -2.4     1.2     0.9     0.0    12.09 C    13.8    -3.6     1.9    81.9    46.2    68.5 -99.000 -99.000 -99.000 -99.000 -99.000 -9999.0 -9999.0 -9999.0 -9999.0 -9999.0
25630 20160316  2.424 -160.47   55.35     3.1    -1.7     0.7     0.7     0.0    13.59 C    10.1    -2.7     2.1    87.4    59.2    71.1 -99.000 -99.000 -99.000 -99.000 -99.000 -9999.0 -9999.0 -9999.0 -9999.0 -9999.0
25630 20160317  2.424 -160.47   55.35     4.8    -0.2     2.3     2.4     1.1     4.03 C     4.9    -1.3     1.9    84.7    60.9    74.4 -99.000 -99.000 -99.000 -99.000 -99.000 -9999.0 -9999.0 -9999.0 -9999.0 -9999.0
25630 20160318  2.424 -160.47   55.35     6.7     2.7     4.7     5.6     0.0     4.39 C     7.5     2.5     5.5    84.0    69.8    75.0 -99.000 -99.000 -99.000 -99.000 -99.000 -9999.0 -9999.0 -9999.0 -9999.0 -9999.0
25630 20160319  2.424 -160.47   55.35     2.7    -3.7    -0.5     0.3     0.0    12.96 C     6.0    -4.4     1.1    84.5    37.9    63.0 -99.000 -99.000 -99.000 -99.000 -99.000 -9999.0 -9999.0 -9999.0 -9999.0 -9999.0
25630 20160320  2.424 -160.47   55.35    -3.1    -7.0    -5.0    -4.8     1.7    10.88 C    -0.2    -7.0    -4.5    82.4    53.0    68.1 -99.000 -99.000 -99.000 -99.000 -99.000 -9999.0 -9999.0 -9999.0 -9999.0 -9999.0
25630 20160321  2.424 -160.47   55.35     2.0    -5.9    -2.0    -2.4     0.0    16.24 C     6.8    -6.4    -1.0    73.9    55.7    66.4 -99.000 -99.000 -99.000 -99.000 -99.000 -9999.0 -9999.0 -9999.0 -9999.0 -9999.0
25630 20160322  2.424 -160.47   55.35     2.4    -4.0    -0.8    -0.1     0.2     9.98 C     8.4    -5.0     0.5    93.0    52.4    69.6 -99.000 -99.000 -99.000 -99.000 -99.000 -9999.0 -9999.0 -9999.0 -9999.0 -9999.0
25630 20160323  2.424 -160.47   55.35     3.8    -0.6     1.6     1.1     1.6     6.63 C     6.0    -1.2     1.2   100.0    80.6    91.1 -99.000 -99.000 -99.000 -99.000 -99.000 -9999.0 -9999.0 -9999.0 -9999.0 -9999.0
25630 20160324  2.424 -160.47   55.35     5.0    -0.9     2.1     1.7     0.0    10.05 C     8.2    -1.7     1.9    94.8    76.2    90.5 -99.000 -99.000 -99.000 -99.000 -99.000 -9999.0 -9999.0 -9999.0 -9999.0 -9999.0
25630 20160325  2.424 -160.47   55.35     6.0     0.6     3.3     3.1     0.0    15.43 C    13.6    -0.8     4.9    94.0    67.3    84.2 -99.000 -99.000 -99.000 -99.000 -99.000 -9999.0 -9999.0 -9999.0 -9999.0 -9999.0
25630 20160326  2.424 -160.47   55.35     8.1     0.2     4.1     3.1     0.0    12.46 C    14.0    -0.8     3.8    94.6    55.7    81.5 -99.000 -99.000 -99.000 -99.000 -99.000 -9999.0 -9999.0 -9999.0 -9999.0 -9999.0
25630 20160327  2.424 -160.47   55.35     7.6     1.2     4.4     4.6     7.2    13.22 C    10.7     0.3     4.9    98.8    65.8    85.5 -99.000 -99.000 -99.000 -99.000 -99.000 -9999.0 -9999.0 -9999.0 -9999.0 -9999.0
25630 20160328  2.424 -160.47   55.35     7.4     1.1     4.2     3.7     0.0    15.96 C    15.5    -0.9     5.3    90.7    58.9    77.7 -99.000 -99.000 -99.000 -99.000 -99.000 -9999.0 -9999.0 -9999.0 -9999.0 -9999.0
25630 20160329  2.424 -160.47   55.35     4.5     0.6     2.5     2.8    13.1     8.24 C     6.3    -0.9     2.7    95.4    68.1    79.4 -99.000 -99.000 -99.000 -99.000 -99.000 -9999.0 -9999.0 -9999.0 -9999.0 -9999.0
25630 20160330  2.424 -160.47   55.35     7.0     2.9     4.9     5.1     4.3     5.49 C     9.2     2.3     5.3   100.0    94.1    98.7 -99.000 -99.000 -99.000 -99.000 -99.000 -9999.0 -9999.0 -9999.0 -9999.0 -9999.0
25630 20160331  2.424 -160.47   55.35     5.8     3.6     4.7     4.8     5.5     7.24 C     7.8     3.6     4.9   100.0    96.0    99.0 -99.000 -99.000 -99.000 -99.000 -99.000 -9999.0 -9999.0 -9999.0 -9999.0 -9999.0
25630 20160401  2.424 -160.47   55.35     5.0     1.2     3.1     3.8     2.9     6.85 C     5.4     0.5     3.6    98.2    75.7    90.1 -99.000 -99.000 -99.000 -99.000 -99.000 -9999.0 -9999.0 -9999.0 -9999.0 -9999.0
25630 20160402  2.424 -160.47   55.35     5.5     2.5     4.0     4.1     0.6     6.31 C     7.4     1.7     3.9    93.2    72.9    85.7 -99.000 -99.000 -99.000 -99.000 -99.000 -9999.0 -9999.0 -9999.0 -9999.0 -9999.0
25630 20160403  2.424 -160.47   55.35     5.3     2.8     4.0     3.9     0.3     7.05 C     6.2     2.3     3.6    95.2    71.1    83.9 -99.000 -99.000 -99.000 -99.000 -99.000 -9999.0 -9999.0 -9999.0 -9999.0 -9999.0
25630 20160404  2.424 -160.47   55.35     4.8     2.7     3.8     3.7     5.2     7.23 C     6.0     2.3     3.5    98.8    88.0    94.1 -99.000 -99.000 -99.000 -99.000 -99.000 -9999.0 -9999.0 -9999.0 -9999.0 -9999.0
25630 20160405  2.424 -160.47   55.35     8.7     2.7     5.7     4.7     1.4    10.45 C    14.5     1.9     5.8   100.0    71.1    91.4 -99.000 -99.000 -99.000 -99.000 -99.000 -9999.0 -9999.0 -9999.0 -9999.0 -9999.0
25630 20160406  2.424 -160.47   55.35     8.3     1.4     4.9     4.0     0.0    10.62 C    13.1     0.7     5.1    94.3    70.8    86.8 -99.000 -99.000 -99.000 -99.000 -99.000 -9999.0 -9999.0 -9999.0 -9999.0 -9999.0
25630 20160407  2.424 -160.47   55.35     5.8     1.1     3.4     3.4     1.8    10.17 C    10.4     0.3     3.8    95.0    70.4    85.7 -99.000 -99.000 -99.000 -99.000 -99.000 -9999.0 -9999.0 -9999.0 -9999.0 -9999.0
25630 20160408  2.424 -160.47   55.35     6.1     2.3     4.2     3.9     3.7    11.40 C     8.1     1.9     3.9    96.7    70.5    82.8 -99.000 -99.000 -99.000 -99.000 -99.000 -9999.0 -9999.0 -9999.0 -9999.0 -9999.0
25630 20160409  2.424 -160.47   55.35     7.2     1.4     4.3     3.9     0.0    10.58 C    10.3     0.2     4.2    88.2    61.2    78.7 -99.000 -99.000 -99.000 -99.000 -99.000 -9999.0 -9999.0 -9999.0 -9999.0 -9999.0
25630 20160410  2.424 -160.47   55.35     6.2     1.1     3.6     3.3     0.4    13.36 C     9.6    -0.2     3.5    92.2    76.6    83.3 -99.000 -99.000 -99.000 -99.000 -99.000 -9999.0 -9999.0 -9999.0 -9999.0 -9999.0
25630 20160411  2.424 -160.47   55.35     5.6     1.6     3.6     3.9     1.7     9.91 C     9.4     1.0     4.1    92.6    79.0    86.3 -99.000 -99.000 -99.000 -99.000 -99.000 -9999.0 -9999.0 -9999.0 -9999.0 -9999.0
25630 20160412  2.424 -160.47   55.35     7.9     3.4     5.6     5.4     0.0    19.56 C    12.6     2.3     6.4    88.4    69.5    79.0 -99.000 -99.000 -99.000 -99.000 -99.000 -9999.0 -9999.0 -9999.0 -9999.0 -9999.0
25630 20160413  2.424 -160.47   55.35     7.0     1.6     4.3     4.3     2.7     6.99 C     9.7     1.3     4.8    95.2    72.4    87.0 -99.000 -99.000 -99.000 -99.000 -99.000 -9999.0 -9999.0 -9999.0 -9999.0 -9999.0
25630 20160414  2.424 -160.47   55.35     4.5     1.7     3.1     3.3    11.2     7.70 C     7.0     1.3     3.6    96.9    90.6    93.9 -99.000 -99.000 -99.000 -99.000 -99.000 -9999.0 -9999.0 -9999.0 -9999.0 -9999.0
25630 20160415  2.424 -160.47   55.35     9.8     1.9     5.8     5.1     0.0    18.04 C    14.8     0.7     6.0    99.2    65.0    83.8 -99.000 -99.000 -99.000 -99.000 -99.000 -9999.0 -9999.0 -9999.0 -9999.0 -9999.0
25630 20160416  2.424 -160.47   55.35     8.8     2.6     5.7     5.1     0.0    22.64 C    16.3     1.9     7.1    87.2    56.5    73.4 -99.000 -99.000 -99.000 -99.000 -99.000 -9999.0 -9999.0 -9999.0 -9999.0 -9999.0
25630 20160417  2.424 -160.47   55.35     4.7     2.7     3.7     3.8     0.7     5.89 C     5.7     1.3     3.6    93.6    73.0    82.7 -99.000 -99.000 -99.000 -99.000 -99.000 -9999.0 -9999.0 -9999.0 -9999.0 -9999.0
25630 20160418  2.424 -160.47   55.35     6.9     2.5     4.7     4.2     3.0     9.80 C    10.5     1.8     4.3    94.1    84.5    88.5 -99.000 -99.000 -99.000 -99.000 -99.000 -9999.0 -9999.0 -9999.0 -9999.0 -9999.0
25630 20160419  2.424 -160.47   55.35     6.0     1.2     3.6     3.6     3.9    12.63 C     8.8     0.8     3.7    95.2    74.3    86.1 -99.000 -99.000 -99.000 -99.000 -99.000 -9999.0 -9999.0 -9999.0 -9999.0 -9999.0
25630 20160420  2.424 -160.47   55.35     5.5     3.6     4.6     4.7     1.0     6.31 C     5.8     2.9     4.3    89.2    74.5    84.0 -99.000 -99.000 -99.000 -99.000 -99.000 -9999.0 -9999.0 -9999.0 -9999.0 -9999.0
25630 20160421  2.424 -160.47   55.35     5.7     3.9     4.8     5.0     5.2     6.00 C     5.9     3.3     4.8    96.8    79.1    90.4 -99.000 -99.000 -99.000 -99.000 -99.000 -9999.0 -9999.0 -9999.0 -9999.0 -9999.0
25630 20160422  2.424 -160.47   55.35     7.0     3.8     5.4     4.6     7.0     9.32 C    10.3     3.4     5.2    97.6    76.8    92.6 -99.000 -99.000 -99.000 -99.000 -99.000 -9999.0 -9999.0 -9999.0 -9999.0 -9999.0
25630 20160423  2.424 -160.47   55.35    10.5     2.0     6.2     5.6     0.0    17.34 C    17.9     1.1     7.0    98.5    59.2    82.6 -99.000 -99.000 -99.000 -99.000 -99.000 -9999.0 -9999.0 -9999.0 -9999.0 -9999.0
25630 20160424  2.424 -160.47   55.35     6.2     1.6     3.9     4.7     0.7    10.61 C     8.4     0.5     4.5    94.8    78.5    86.9 -99.000 -99.000 -99.000 -99.000 -99.000 -9999.0 -9999.0 -9999.0 -9999.0 -9999.0
25630 20160425  2.424 -160.47   55.35     6.7     3.0     4.9     4.8     1.1     9.01 C     7.6     2.7     4.6    94.6    74.4    84.6 -99.000 -99.000 -99.000 -99.000 -99.000 -9999.0 -9999.0 -9999.0 -9999.0 -9999.0
25630 20160426  2.424 -160.47   55.35     7.4     2.8     5.1     5.0     0.9    14.47 C    10.7     1.8     5.2    89.1    78.8    83.6 -99.000 -99.000 -99.000 -99.000 -99.000 -9999.0 -9999.0 -9999.0 -9999.0 -9999.0
25630 20160427  2.424 -160.47   55.35     4.9     2.1     3.5     3.9     2.5     8.45 C     5.2     1.2     3.8    93.0    77.8    88.4 -99.000 -99.000 -99.000 -99.000 -99.000 -9999.0 -9999.0 -9999.0 -9999.0 -9999.0
25630 20160428  2.424 -160.47   55.35     7.4     1.4     4.4     4.3     0.3    12.28 C    13.0     0.9     5.1    93.3    69.4    84.4 -99.000 -99.000 -99.000 -99.000 -99.000 -9999.0 -9999.0 -9999.0 -9999.0 -9999.0
25630 20160429  2.424 -160.47   55.35     7.3     3.4     5.4     4.8     0.3    19.27 C    13.5     3.0     5.8    90.7    77.9    84.6 -99.000 -99.000 -99.000 -99.000 -99.000 -9999.0 -9999.0 -9999.0 -9999.0 -9999.0
25630 20160430  2.424 -160.47   55.35     9.6     3.7     6.6     6.1     0.0    19.83 C    15.4     2.7     7.2    88.1    60.0    73.4 -99.000 -99.000 -99.000 -99.000 -99.000 -9999.0 -9999.0 -9999.0 -9999.0 -9999.0
25630 20160501  2.424 -160.47   55.35    10.1     2.8     6.4     5.5     0.0    19.31 C    17.2     2.0     6.9    87.2    55.8    74.8 -99.000 -99.000 -99.000 -99.000 -99.000 -9999.0 -9999.0 -9999.0 -9999.0 -9999.0
25630 20160502  2.424 -160.47   55.35     8.0     1.3     4.6     4.8     0.0    16.74 C    15.8     0.6     6.7    85.4    57.1    73.3 -99.000 -99.000 -99.000 -99.000 -99.000 -9999.0 -9999.0 -9999.0 -9999.0 -9999.0
25630 20160503  2.424 -160.47   55.35     7.1     2.1     4.6     4.4     1.1    13.33 C    10.2     1.2     5.0    91.9    73.2    86.1 -99.000 -99.000 -99.000 -99.000 -99.000 -9999.0 -9999.0 -9999.0 -9999.0 -9999.0
25630 20160504  2.424 -160.47   55.35     7.6     1.9     4.8     4.8     0.0    16.46 C    14.6     0.9     6.2    92.9    66.7    81.4 -99.000 -99.000 -99.000 -99.000 -99.000 -9999.0 -9999.0 -9999.0 -9999.0 -9999.0
25630 20160505  2.424 -160.47   55.35     7.2     3.6     5.4     5.0     3.9    11.34 C     9.2     3.1     5.1    87.1    73.9    81.4 -99.000 -99.000 -99.000 -99.000 -99.000 -9999.0 -9999.0 -9999.0 -9999.0 -9999.0
25630 20160506  2.424 -160.47   55.35     9.6     3.2     6.4     5.8     0.0    18.54 C    14.4     3.0     6.8    88.9    69.4    80.0 -99.000 -99.000 -99.000 -99.000 -99.000 -9999.0 -9999.0 -9999.0 -9999.0 -9999.0
25630 20160507  2.424 -160.47   55.35     6.7     2.5     4.6     4.9     4.1     6.53 C     8.1     2.3     4.9    97.8    81.5    92.6 -99.000 -99.000 -99.000 -99.000 -99.000 -9999.0 -9999.0 -9999.0 -9999.0 -9999.0
25630 20160508  2.424 -160.47   55.35     6.9     4.5     5.7     5.4     4.8     9.16 C     9.5     4.1     5.6    98.6    89.9    96.1 -99.000 -99.000 -99.000 -99.000 -99.000 -9999.0 -9999.0 -9999.0 -9999.0 -9999.0
25630 20160509  2.424 -160.47   55.35     7.0     5.1     6.0     5.6     0.3    10.08 C    10.0     4.8     6.0    99.7    78.0    90.3 -99.000 -99.000 -99.000 -99.000 -99.000 -9999.0 -9999.0 -9999.0 -9999.0 -9999.0
25630 20160510  2.424 -160.47   55.35     8.5     5.0     6.7     6.1     1.6     8.86 C    10.1     4.7     6.2    98.8    88.6    95.5 -99.000 -99.000 -99.000 -99.000 -99.000 -9999.0 -9999.0 -9999.0 -9999.0 -9999.0
25630 20160511  2.424 -160.47   55.35     8.1     3.7     5.9     5.6     0.2    14.10 C    12.0     3.5     6.4    99.6    68.9    86.0 -99.000 -99.000 -99.000 -99.000 -99.000 -9999.0 -9999.0 -9999.0 -9999.0 -9999.0
25630 20160512  2.424 -160.47   55.35     8.5     3.0     5.7     5.6     0.8    16.89 C    15.4     1.8     7.6    92.5    66.3    80.8 -99.000 -99.000 -99.000 -99.000 -99.000 -9999.0 -9999.0 -9999.0 -9999.0 -9999.0
25630 20160513  2.424 -160.47   55.35     7.3     4.9     6.1     6.0     0.7    16.52 C    11.1     4.1     6.7   100.0    81.2    91.8 -99.000 -99.000 -99.000 -99.000 -99.000 -9999.0 -9999.0 -9999.0 -9999.0 -9999.0
25630 20160514  2.424 -160.47   55.35    11.3     2.9     7.1     7.8     0.0    28.08 C    18.6     1.9     9.7    95.4    57.0    77.0 -99.000 -99.000 -99.000 -99.000 -99.000 -9999.0 -9999.0 -9999.0 -9999.0 -9999.0
25630 20160515  2.424 -160.47   55.35    13.0     6.2     9.6     9.7     0.0    28.23 C    20.8     4.8    12.2    77.0    48.7    64.6 -99.000 -99.000 -99.000 -99.000 -99.000 -9999.0 -9999.0 -9999.0 -9999.0 -9999.0
25630 20160516  2.424 -160.47   55.35    12.9     6.9     9.9     9.6     0.0    21.62 C    17.9     6.5    11.2    82.7    52.7    69.0 -99.000 -99.000 -99.000 -99.000 -99.000 -9999.0 -9999.0 -9999.0 -9999.0 -9999.0
25630 20160517  2.424 -160.47   55.35    14.2     5.7     9.9     8.9     0.0    27.10 C    20.2     5.2    11.5    92.0    58.8    78.7 -99.000 -99.000 -99.000 -99.000 -99.000 -9999.0 -9999.0 -9999.0 -9999.0 -9999.0
25630 20160518  2.424 -160.47   55.35    10.0     4.9     7.4     6.3     0.0    11.41 C    13.6     4.8     7.0    89.4    53.7    75.6 -99.000 -99.000 -99.000 -99.000 -99.000 -9999.0 -9999.0 -9999.0 -9999.0 -9999.0
25630 20160519  2.424 -160.47   55.35     6.2     4.8     5.5     5.5     6.0     6.66 C     7.1     4.3     5.4    99.6    79.0    91.8 -99.000 -99.000 -99.000 -99.000 -99.000 -9999.0 -9999.0 -9999.0 -9999.0 -9999.0
25630 20160520  2.424 -160.47   55.35     8.4     3.5     5.9     6.2    18.5    10.72 C    10.3     2.9     6.5   100.0    70.8    91.4 -99.000 -99.000 -99.000 -99.000 -99.000 -9999.0 -9999.0 -9999.0 -9999.0 -9999.0
25630 20160521  2.424 -160.47   55.35    10.2     2.8     6.5     6.0     0.3    14.05 C    13.7     2.1     6.5    97.2    59.1    80.6 -99.000 -99.000 -99.000 -99.000 -99.000 -9999.0 -9999.0 -9999.0 -9999.0 -9999.0
25630 20160522  2.424 -160.47   55.35     9.4     5.4     7.4     7.1     0.6    12.47 C    11.6     5.2     7.5    97.4    84.9    91.9 -99.000 -99.000 -99.000 -99.000 -99.000 -9999.0 -9999.0 -9999.0 -9999.0 -9999.0
25630 20160523  2.424 -160.47   55.35     9.7     4.5     7.1     7.1     0.0    10.97 C    14.8     4.7     8.0    96.6    76.5    88.2 -99.000 -99.000 -99.000 -99.000 -99.000 -9999.0 -9999.0 -9999.0 -9999.0 -9999.0
25630 20160524  2.424 -160.47   55.35    10.6     4.5     7.5     7.3     0.0    15.30 C    14.2     3.6     9.0    98.9    71.5    86.4 -99.000 -99.000 -99.000 -99.000 -99.000 -9999.0 -9999.0 -9999.0 -9999.0 -9999.0
25630 20160525  2.424 -160.47   55.35    11.6     4.5     8.0     7.5     0.0    22.88 C    20.2     3.3     9.7    88.3    58.5    76.1 -99.000 -99.000 -99.000 -99.000 -99.000 -9999.0 -9999.0 -9999.0 -9999.0 -9999.0
25630 20160526  2.424 -160.47   55.35     9.3     2.9     6.1     6.7     0.0    18.02 C    16.4     2.2     8.9    94.2    76.1    85.7 -99.000 -99.000 -99.000 -99.000 -99.000 -9999.0 -9999.0 -9999.0 -9999.0 -9999.0
25630 20160527  2.424 -160.47   55.35     9.0     6.4     7.7     7.3     0.5    11.41 C    12.3     6.3     7.8    98.5    82.0    90.4 -99.000 -99.000 -99.000 -99.000 -99.000 -9999.0 -9999.0 -9999.0 -9999.0 -9999.0
25630 20160528  2.424 -160.47   55.35     9.3     6.0     7.7     7.1     0.0    18.46 C    14.3     5.7     8.3    97.7    71.8    86.7 -99.000 -99.000 -99.000 -99.000 -99.000 -9999.0 -9999.0 -9999.0 -9999.0 -9999.0
25630 20160529  2.424 -160.47   55.35    12.4     6.7     9.5     7.8     0.0    11.69 C    17.4     6.6     9.0    91.4    66.3    86.2 -99.000 -99.000 -99.000 -99.000 -99.000 -9999.0 -9999.0 -9999.0 -9999.0 -9999.0
25630 20160530  2.424 -160.47   55.35     8.8     6.1     7.5     7.1     0.4    10.94 C    11.2     5.7     7.4    90.2    72.4    82.8 -99.000 -99.000 -99.000 -99.000 -99.000 -9999.0 -9999.0 -9999.0 -9999.0 -9999.0
25630 20160531  2.424 -160.47   55.35     7.5     6.2     6.9     7.0     2.7     7.09 C     8.2     5.7     6.9    99.9    80.8    91.4 -99.000 -99.000 -99.000 -99.000 -99.000 -9999.0 -9999.0 -9999.0 -9999.0 -9999.0
25630 20160601  2.424 -160.47   55.35     8.8     6.4     7.6     7.3     5.6     8.39 C    12.7     6.3     8.0   100.0    99.6   100.0 -99.000 -99.000 -99.000 -99.000 -99.000 -9999.0 -9999.0 -9999.0 -9999.0 -9999.0
25630 20160602  2.424 -160.47   55.35    12.7     6.3     9.5     8.8     1.4    18.90 C    19.6     6.3    10.8   100.0    80.5    95.0 -99.000 -99.000 -99.000 -99.000 -99.000 -9999.0 -9999.0 -9999.0 -9999.0 -9999.0
25630 20160603  2.424 -160.47   55.35    14.2     7.0    10.6     9.5     0.0    18.89 C    20.1     6.6    11.4    94.6    66.3    84.2 -99.000 -99.000 -99.000 -99.000 -99.000 -9999.0 -9999.0 -9999.0 -9999.0 -9999.0
25630 20160604  2.424 -160.47   55.35    10.8     8.0     9.4     9.1     0.0     7.90 C    12.6     7.9     9.7    98.6    77.0    89.8 -99.000 -99.000 -99.000 -99.000 -99.000 -9999.0 -9999.0 -9999.0 -9999.0 -9999.0
25630 20160605  2.424 -160.47   55.35    10.4     7.2     8.8     8.3     0.6    12.45 C    14.0     7.2     9.1    99.0    78.1    89.4 -99.000 -99.000 -99.000 -99.000 -99.000 -9999.0 -9999.0 -9999.0 -9999.0 -9999.0
25630 20160606  2.424 -160.47   55.35    16.3     6.7    11.5    10.7     0.0    23.97 C    23.1     6.6    12.9    90.8    56.6    77.2 -99.000 -99.000 -99.000 -99.000 -99.000 -9999.0 -9999.0 -9999.0 -9999.0 -9999.0
25630 20160607  2.424 -160.47   55.35    15.2     5.2    10.2    10.0     0.0    31.02 C    21.9     4.7    12.8    90.3    58.8    78.6 -99.000 -99.000 -99.000 -99.000 -99.000 -9999.0 -9999.0 -9999.0 -9999.0 -9999.0
25630 20160608  2.424 -160.47   55.35    12.2     5.8     9.0     9.2     0.0     9.40 C    15.3     5.1     9.8    99.1    71.2    83.4 -99.000 -99.000 -99.000 -99.000 -99.000 -9999.0 -9999.0 -9999.0 -9999.0 -9999.0
25630 20160609  2.424 -160.47   55.35    11.4     6.0     8.7     8.5     1.4     9.46 C    14.0     5.5     8.8    98.5    79.3    88.4 -99.000 -99.000 -99.000 -99.000 -99.000 -9999.0 -9999.0 -9999.0 -9999.0 -9999.0
25630 20160610  2.424 -160.47   55.35    10.7     5.9     8.3     7.8     0.6    14.50 C    13.1     5.6     8.3    93.3    75.1    86.0 -99.000 -99.000 -99.000 -99.000 -99.000 -9999.0 -9999.0 -9999.0 -9999.0 -9999.0
25630 20160611  2.424 -160.47   55.35     9.7     6.0     7.9     7.6     7.6    14.29 C    14.3     5.6     8.4    94.3    74.3    86.9 -99.000 -99.000 -99.000 -99.000 -99.000 -9999.0 -9999.0 -9999.0 -9999.0 -9999.0
25630 20160612  2.424 -160.47   55.35    13.3     5.3     9.3     9.1     0.0    20.27 C    16.8     5.0     9.9    94.2    58.3    75.0 -99.000 -99.000 -99.000 -99.000 -99.000 -9999.0 -9999.0 -9999.0 -9999.0 -9999.0
25630 20160613  2.424 -160.47   55.35    14.7     4.1     9.4     9.7     0.0    28.13 C    20.1     3.5    11.7    91.3    55.1    72.5 -99.000 -99.000 -99.000 -99.000 -99.000 -9999.0 -9999.0 -9999.0 -9999.0 -9999.0
25630 20160614  2.424 -160.47   55.35    14.5     6.1    10.3    10.5     0.0    25.83 C    20.4     5.5    13.1    88.7    57.3    72.9 -99.000 -99.000 -99.000 -99.000 -99.000 -9999.0 -9999.0 -9999.0 -9999.0 -9999.0
25630 20160615  2.424 -160.47   55.35    12.7     5.6     9.2     9.8     0.0    16.42 C    19.1     5.8    11.5    98.5    78.7    86.9 -99.000 -99.000 -99.000 -99.000 -99.000 -9999.0 -9999.0 -9999.0 -9999.0 -9999.0
25630 20160616  2.424 -160.47   55.35    14.5     9.1    11.8    10.9    12.6    15.52 C    18.3     9.1    11.7    99.8    76.8    92.9 -99.000 -99.000 -99.000 -99.000 -99.000 -9999.0 -9999.0 -9999.0 -9999.0 -9999.0
25630 20160617  2.424 -160.47   55.35    13.6     7.4    10.5    10.7     0.0    18.39 C    21.4     6.9    12.3    94.2    66.1    79.8 -99.000 -99.000 -99.000 -99.000 -99.000 -9999.0 -9999.0 -9999.0 -9999.0 -9999.0
25630 20160618  2.424 -160.47   55.35    10.4     8.7     9.6     9.3     3.8    11.11 C    11.3     8.4     9.4    98.5    80.0    92.6 -99.000 -99.000 -99.000 -99.000 -99.000 -9999.0 -9999.0 -9999.0 -9999.0 -9999.0
25630 20160619  2.424 -160.47   55.35    12.0     5.6     8.8     9.6     0.0    12.02 C    14.4     5.0    10.4    93.0    66.1    79.3 -99.000 -99.000 -99.000 -99.000 -99.000 -9999.0 -9999.0 -9999.0 -9999.0 -9999.0
25630 20160620  2.424 -160.47   55.35    13.1     5.5     9.3     9.4     0.0    13.01 C    17.4     4.9    10.4    94.1    76.1    86.0 -99.000 -99.000 -99.000 -99.000 -99.000 -9999.0 -9999.0 -9999.0 -9999.0 -9999.0
25630 20160621  2.424 -160.47   55.35    15.1     8.5    11.8    10.8     0.0    24.47 C    21.3     8.4    13.2    96.8    67.6    82.5 -99.000 -99.000 -99.000 -99.000 -99.000 -9999.0 -9999.0 -9999.0 -9999.0 -9999.0
25630 20160622  2.424 -160.47   55.35    13.1     8.6    10.9    10.3     0.0    17.06 C    16.9     8.4    11.0    99.6    72.7    91.5 -99.000 -99.000 -99.000 -99.000 -99.000 -9999.0 -9999.0 -9999.0 -9999.0 -9999.0
25630 20160623  2.424 -160.47   55.35    12.1     7.8    10.0     9.6     0.3     8.72 C    13.9     7.7     9.9    97.8    77.1    88.2 -99.000 -99.000 -99.000 -99.000 -99.000 -9999.0 -9999.0 -9999.0 -9999.0 -9999.0
25630 20160624  2.424 -160.47   55.35    12.9     8.4    10.7    10.2     0.0    13.22 C    15.0     8.2    10.6    89.9    75.7    83.3 -99.000 -99.000 -99.000 -99.000 -99.000 -9999.0 -9999.0 -9999.0 -9999.0 -9999.0
25630 20160625  2.424 -160.47   55.35    15.9     7.8    11.9    11.7     0.0    24.17 C    20.9     7.6    13.4    93.9    71.5    83.0 -99.000 -99.000 -99.000 -99.000 -99.000 -9999.0 -9999.0 -9999.0 -9999.0 -9999.0
25630 20160626  2.424 -160.47   55.35    17.1     8.9    13.0    12.1     0.0    21.64 C    26.4     8.7    14.1    94.9    67.3    84.2 -99.000 -99.000 -99.000 -99.000 -99.000 -9999.0 -9999.0 -9999.0 -9999.0 -9999.0
25630 20160627  2.424 -160.47   55.35    16.1     9.6    12.9    12.6     0.0    29.22 C    23.4     9.4    16.1    96.4    68.1    86.2 -99.000 -99.000 -99.000 -99.000 -99.000 -9999.0 -9999.0 -9999.0 -9999.0 -9999.0
25630 20160628  2.424 -160.47   55.35    15.5     9.8    12.6    12.4     0.0    24.72 C    23.2     8.8    14.3   100.0    76.6    87.9 -99.000 -99.000 -99.000 -99.000 -99.000 -9999.0 -9999.0 -9999.0 -9999.0 -9999.0
25630 20160629  2.424 -160.47   55.35    13.1     9.7    11.4    11.2     0.5    17.18 C    16.6     9.1    11.9    94.9    75.2    86.9 -99.000 -99.000 -99.000 -99.000 -99.000 -9999.0 -9999.0 -9999.0 -9999.0 -9999.0
25630 20160630  2.424 -160.47   55.35    13.9     9.4    11.6    11.3     0.2    19.02 C    19.5     8.4    12.7    98.3    73.9    88.3 -99.000 -99.000 -99.000 -99.000 -99.000 -9999.0 -9999.0 -9999.0 -9999.0 -9999.0
25630 20160701  2.424 -160.47   55.35    19.6     7.8    13.7    13.6     0.0    30.25 C    25.3     6.9    15.8    98.6    51.3    74.1 -99.000 -99.000 -99.000 -99.000 -99.000 -9999.0 -9999.0 -9999.0 -9999.0 -9999.0
25630 20160702  2.424 -160.47   55.35    16.4     7.3    11.8    11.8     0.0    15.97 C    20.8     7.0    12.7    93.5    71.0    84.0 -99.000 -99.000 -99.000 -99.000 -99.000 -9999.0 -9999.0 -9999.0 -9999.0 -9999.0
25630 20160703  2.424 -160.47   55.35    13.5    10.0    11.7    11.6     1.5     8.90 C    16.6     9.4    12.3    96.7    79.2    88.5 -99.000 -99.000 -99.000 -99.000 -99.000 -9999.0 -9999.0 -9999.0 -9999.0 -9999.0
25630 20160704  2.424 -160.47   55.35    15.7     9.4    12.6    11.8     0.6    12.29 C    19.6     9.2    12.5    99.2    70.4    88.4 -99.000 -99.000 -99.000 -99.000 -99.000 -9999.0 -9999.0 -9999.0 -9999.0 -9999.0
25630 20160705  2.424 -160.47   55.35    14.1     9.4    11.7    11.4     0.8    16.56 C    21.1     9.1    12.9    98.9    76.9    89.4 -99.000 -99.000 -99.000 -99.000 -99.000 -9999.0 -9999.0 -9999.0 -9999.0 -9999.0
25630 20160706  2.424 -160.47   55.35    15.3     8.8    12.0    11.5     0.0    16.44 C    19.2     8.3    12.2    95.8    65.4    80.5 -99.000 -99.000 -99.000 -99.000 -99.000 -9999.0 -9999.0 -9999.0 -9999.0 -9999.0
25630 20160707  2.424 -160.47   55.35    14.2     5.9    10.1    10.6     1.2    14.40 C    17.7     5.8    11.7    95.7    70.3    84.3 -99.000 -99.000 -99.000 -99.000 -99.000 -9999.0 -9999.0 -9999.0 -9999.0 -9999.0
25630 20160708  2.424 -160.47   55.35    14.1     9.7    11.9    11.7     0.0     8.49 C    16.0     9.6    12.1   100.0    86.1    94.5 -99.000 -99.000 -99.000 -99.000 -99.000 -9999.0 -9999.0 -9999.0 -9999.0 -9999.0
25630 20160709  2.424 -160.47   55.35    15.8     9.9    12.9    11.7     0.8    16.53 C    18.9     9.9    12.3    97.2    70.1    85.9 -99.000 -99.000 -99.000 -99.000 -99.000 -9999.0 -9999.0 -9999.0 -9999.0 -9999.0
25630 20160710  2.424 -160.47   55.35    16.1    10.0    13.1    12.4     0.0    26.18 C    20.8     9.8    14.4    91.1    68.8    80.8 -99.000 -99.000 -99.000 -99.000 -99.000 -9999.0 -9999.0 -9999.0 -9999.0 -9999.0
25630 20160711  2.424 -160.47   55.35    18.7     8.2    13.4    13.9     0.0    29.95 C    26.6     7.7    17.3    89.3    55.4    73.3 -99.000 -99.000 -99.000 -99.000 -99.000 -9999.0 -9999.0 -9999.0 -9999.0 -9999.0
25630 20160712  2.424 -160.47   55.35    18.7    11.0    14.8    14.6     0.0    28.80 C    25.8    10.8    17.4    84.7    58.3    72.8 -99.000 -99.000 -99.000 -99.000 -99.000 -9999.0 -9999.0 -9999.0 -9999.0 -9999.0
25630 20160713  2.424 -160.47   55.35    13.9    11.4    12.7    12.4     1.7     9.39 C    16.1    11.2    12.6    98.7    76.9    92.5 -99.000 -99.000 -99.000 -99.000 -99.000 -9999.0 -9999.0 -9999.0 -9999.0 -9999.0
25630 20160714  2.424 -160.47   55.35    13.0    11.2    12.1    11.9     4.4     9.66 C    15.3    11.2    11.8    99.8    83.2    94.9 -99.000 -99.000 -99.000 -99.000 -99.000 -9999.0 -9999.0 -9999.0 -9999.0 -9999.0
25630 20160715  2.424 -160.47   55.35    12.2    10.3    11.3    11.5     2.6     6.85 C    12.9    10.0    11.5    98.7    94.4    97.3 -99.000 -99.000 -99.000 -99.000 -99.000 -9999.0 -9999.0 -9999.0 -9999.0 -9999.0
25630 20160716  2.424 -160.47   55.35    12.3    10.2    11.2    11.2     2.5     4.51 C    12.3     9.5    11.1   100.0    80.6    95.0 -99.000 -99.000 -99.000 -99.000 -99.000 -9999.0 -9999.0 -9999.0 -9999.0 -9999.0
25630 20160717  2.424 -160.47   55.35    16.0     9.7    12.8    12.4     0.0    15.22 C    20.3     9.3    13.3   100.0    79.4    92.7 -99.000 -99.000 -99.000 -99.000 -99.000 -9999.0 -9999.0 -9999.0 -9999.0 -9999.0
25630 20160718  2.424 -160.47   55.35    20.2     9.0    14.6    14.3     0.0    24.87 C    24.5     8.8    16.2    98.4    61.7    84.2 -99.000 -99.000 -99.000 -99.000 -99.000 -9999.0 -9999.0 -9999.0 -9999.0 -9999.0
25630 20160719  2.424 -160.47   55.35    19.9    12.7    16.3    15.3     1.1    20.79 C    24.0    12.6    16.7    99.0    70.7    87.5 -99.000 -99.000 -99.000 -99.000 -99.000 -9999.0 -9999.0 -9999.0 -9999.0 -9999.0
25630 20160720  2.424 -160.47   55.35    20.6    13.6    17.1    16.0     2.6    15.61 C    25.8    13.6    17.2    99.7    81.2    92.6 -99.000 -99.000 -99.000 -99.000 -99.000 -9999.0 -9999.0 -9999.0 -9999.0 -9999.0
25630 20160721  2.424 -160.47   55.35    19.9    10.9    15.4    14.5     0.0    18.64 C    25.7    10.9    15.9    97.3    63.9    86.7 -99.000 -99.000 -99.000 -99.000 -99.000 -9999.0 -9999.0 -9999.0 -9999.0 -9999.0
25630 20160722  2.424 -160.47   55.35    16.8    11.2    14.0    13.5     0.0    21.07 C    19.9    11.0    14.4    98.6    70.8    84.5 -99.000 -99.000 -99.000 -99.000 -99.000 -9999.0 -9999.0 -9999.0 -9999.0 -9999.0
25630 20160723  2.424 -160.47   55.35    16.3     9.8    13.0    12.8     0.0    19.53 C    20.7     9.7    13.8    91.2    69.0    78.9 -99.000 -99.000 -99.000 -99.000 -99.000 -9999.0 -9999.0 -9999.0 -9999.0 -9999.0
25630 20160724  2.424 -160.47   55.35    15.2    10.6    12.9    12.5     1.9     7.83 C    16.9    10.5    12.6    94.4    75.3    86.9 -99.000 -99.000 -99.000 -99.000 -99.000 -9999.0 -9999.0 -9999.0 -9999.0 -9999.0
25630 20160725  2.424 -160.47   55.35    15.9    10.2    13.0    12.4     0.8    16.97 C    22.5     9.6    14.0    98.3    76.4    88.6 -99.000 -99.000 -99.000 -99.000 -99.000 -9999.0 -9999.0 -9999.0 -9999.0 -9999.0
25630 20160726  2.424 -160.47   55.35    16.9    11.1    14.0    13.2     3.7    15.31 C    23.9    10.8    14.4    99.2    80.3    91.4 -99.000 -99.000 -99.000 -99.000 -99.000 -9999.0 -9999.0 -9999.0 -9999.0 -9999.0
25630 20160727  2.424 -160.47   55.35    16.7    11.4    14.1    13.3     0.8    11.15 C    20.7    11.3    14.2   100.0    79.4    93.5 -99.000 -99.000 -99.000 -99.000 -99.000 -9999.0 -9999.0 -9999.0 -9999.0 -9999.0
25630 20160728  2.424 -160.47   55.35    17.1     9.0    13.0    13.4     0.0    18.24 C    22.3     8.5    15.5    95.0    70.4    83.5 -99.000 -99.000 -99.000 -99.000 -99.000 -9999.0 -9999.0 -9999.0 -9999.0 -9999.0
25630 20160729  2.424 -160.47   55.35    16.5     9.5    13.0    12.6     0.0    11.07 C    21.2     9.1    13.6    94.9    71.7    85.6 -99.000 -99.000 -99.000 -99.000 -99.000 -9999.0 -9999.0 -9999.0 -9999.0 -9999.0
25630 20160730  2.424 -160.47   55.35    16.4    10.2    13.3    12.6     0.3    11.45 C    20.1    10.1    13.0    98.7    75.8    88.4 -99.000 -99.000 -99.000 -99.000 -99.000 -9999.0 -9999.0 -9999.0 -9999.0 -9999.0
25630 20160731  2.424 -160.47   55.35    13.5    11.9    12.7    12.8     8.2     3.94 C    13.6    11.7    12.6    98.3    93.0    96.4 -99.000 -99.000 -99.000 -99.000 -99.000 -9999.0 -9999.0 -9999.0 -9999.0 -9999.0
25630 20160801  2.424 -160.47   55.35    16.7     9.9    13.3    12.6     0.3    19.93 C    20.4     9.5    13.5    99.2    65.5    82.0 -99.000 -99.000 -99.000 -99.000 -99.000 -9999.0 -9999.0 -9999.0 -9999.0 -9999.0
25630 20160802  2.424 -160.47   55.35    17.0     8.8    12.9    12.7     1.1    23.62 C    24.8     8.4    15.0    92.7    63.4    79.9 -99.000 -99.000 -99.000 -99.000 -99.000 -9999.0 -9999.0 -9999.0 -9999.0 -9999.0
25630 20160803  2.424 -160.47   55.35    14.5    11.3    12.9    13.2     6.9     5.22 C    14.9    10.6    13.2    99.6    89.7    97.5 -99.000 -99.000 -99.000 -99.000 -99.000 -9999.0 -9999.0 -9999.0 -9999.0 -9999.0
25630 20160804  2.424 -160.47   55.35    15.2    12.6    13.9    13.3     2.1     9.34 C    16.7    12.5    13.5    99.5    82.5    96.5 -99.000 -99.000 -99.000 -99.000 -99.000 -9999.0 -9999.0 -9999.0 -9999.0 -9999.0
25630 20160805  2.424 -160.47   55.35    14.2    11.2    12.7    13.2     4.7     6.36 C    14.9    11.0    13.2    99.1    91.3    97.7 -99.000 -99.000 -99.000 -99.000 -99.000 -9999.0 -9999.0 -9999.0 -9999.0 -9999.0
25630 20160806  2.424 -160.47   55.35    14.7    10.9    12.8    12.0     3.6    11.47 C    18.8    10.5    12.5    99.4    83.6    94.7 -99.000 -99.000 -99.000 -99.000 -99.000 -9999.0 -9999.0 -9999.0 -9999.0 -9999.0
25630 20160807  2.424 -160.47   55.35    16.8    10.1    13.4    12.8     0.0    15.02 C    21.7     9.8    14.1    96.6    67.2    84.0 -99.000 -99.000 -99.000 -99.000 -99.000 -9999.0 -9999.0 -9999.0 -9999.0 -9999.0
25630 20160808  2.424 -160.47   55.35    17.2     9.4    13.3    12.7     0.0    20.93 C    22.1     9.1    14.2    95.0    65.1    80.7 -99.000 -99.000 -99.000 -99.000 -99.000 -9999.0 -9999.0 -9999.0 -9999.0 -9999.0
25630 20160809  2.424 -160.47   55.35    16.1     9.1    12.6    12.7     0.0    20.06 C    21.5     8.7    14.3    94.9    69.1    82.1 -99.000 -99.000 -99.000 -99.000 -99.000 -9999.0 -9999.0 -9999.0 -9999.0 -9999.0
25630 20160810  2.424 -160.47   55.35    13.4    10.3    11.9    11.7     7.0     6.96 C    14.8    10.0    11.7    97.2    84.0    92.4 -99.000 -99.000 -99.000 -99.000 -99.000 -9999.0 -9999.0 -9999.0 -9999.0 -9999.0
25630 20160811  2.424 -160.47   55.35    15.8    10.7    13.3    12.9     1.4    17.26 C    23.2    10.5    14.8    98.4    80.9    90.5 -99.000 -99.000 -99.000 -99.000 -99.000 -9999.0 -9999.0 -9999.0 -9999.0 -9999.0
25630 20160812  2.424 -160.47   55.35    13.2    11.1    12.1    12.0     2.6     4.80 C    13.4    10.9    11.9    97.8    84.6    94.2 -99.000 -99.000 -99.000 -99.000 -99.000 -9999.0 -9999.0 -9999.0 -9999.0 -9999.0
25630 20160813  2.424 -160.47   55.35    16.0    10.1    13.0    12.3     5.2    11.40 C    19.6     9.8    13.0    97.9    77.7    91.2 -99.000 -99.000 -99.000 -99.000 -99.000 -9999.0 -9999.0 -9999.0 -9999.0 -9999.0
25630 20160814  2.424 -160.47   55.35    17.5    11.8    14.7    14.4     0.3    18.48 C    21.7    11.5    15.4    94.6    71.9    85.6 -99.000 -99.000 -99.000 -99.000 -99.000 -9999.0 -9999.0 -9999.0 -9999.0 -9999.0
25630 20160815  2.424 -160.47   55.35    17.8    10.6    14.2    13.9     0.0    16.17 C    24.6    10.5    15.8    97.5    70.1    85.6 -99.000 -99.000 -99.000 -99.000 -99.000 -9999.0 -9999.0 -9999.0 -9999.0 -9999.0
25630 20160816  2.424 -160.47   55.35    12.9    11.4    12.1    12.2    10.4     5.15 C    12.8    11.0    12.0    99.4    87.9    95.1 -99.000 -99.000 -99.000 -99.000 -99.000 -9999.0 -9999.0 -9999.0 -9999.0 -9999.0
25630 20160817  2.424 -160.47   55.35    13.5    11.6    12.6    12.2     1.9     9.29 C    15.7    11.5    12.4    99.8    89.0    96.3 -99.000 -99.000 -99.000 -99.000 -99.000 -9999.0 -9999.0 -9999.0 -9999.0 -9999.0
25630 20160818  2.424 -160.47   55.35    15.8    11.9    13.9    12.9     3.3     9.08 C    18.8    11.8    13.2    99.7    89.3    96.0 -99.000 -99.000 -99.000 -99.000 -99.000 -9999.0 -9999.0 -9999.0 -9999.0 -9999.0
25630 20160819  2.424 -160.47   55.35    17.4    12.0    14.7    13.6     1.9    14.80 C    23.0    11.3    15.1    98.4    78.0    92.0 -99.000 -99.000 -99.000 -99.000 -99.000 -9999.0 -9999.0 -9999.0 -9999.0 -9999.0
25630 20160820  2.424 -160.47   55.35    15.1    10.5    12.8    12.0     1.3     8.27 C    18.4     9.9    12.2   100.0    75.3    90.6 -99.000 -99.000 -99.000 -99.000 -99.000 -9999.0 -9999.0 -9999.0 -9999.0 -9999.0
25630 20160821  2.424 -160.47   55.35    17.2    11.1    14.2    13.2     3.5    11.72 C    20.4    10.9    13.7    97.9    75.1    89.7 -99.000 -99.000 -99.000 -99.000 -99.000 -9999.0 -9999.0 -9999.0 -9999.0 -9999.0
25630 20160822  2.424 -160.47   55.35    15.2    11.3    13.2    13.3     0.0     9.70 C    18.4    11.1    14.3    95.9    79.9    87.7 -99.000 -99.000 -99.000 -99.000 -99.000 -9999.0 -9999.0 -9999.0 -9999.0 -9999.0
25630 20160823  2.424 -160.47   55.35    14.7    11.9    13.3    12.5    10.6     3.69 C    18.3    11.8    12.6    99.5    89.9    95.4 -99.000 -99.000 -99.000 -99.000 -99.000 -9999.0 -9999.0 -9999.0 -9999.0 -9999.0
25630 20160824  2.424 -160.47   55.35    14.2    12.1    13.1    12.9     0.5     6.43 C    15.5    12.1    13.3   100.0    92.4    98.5 -99.000 -99.000 -99.000 -99.000 -99.000 -9999.0 -9999.0 -9999.0 -9999.0 -9999.0
25630 20160825  2.424 -160.47   55.35    14.9    12.6    13.7    13.4     1.4     7.70 C    18.3    12.5    14.1   100.0    94.8    99.2 -99.000 -99.000 -99.000 -99.000 -99.000 -9999.0 -9999.0 -9999.0 -9999.0 -9999.0
25630 20160826  2.424 -160.47   55.35    19.7    13.0    16.4    15.2     0.9    17.24 C    25.3    12.7    17.4   100.0    73.3    93.5 -99.000 -99.000 -99.000 -99.000 -99.000 -9999.0 -9999.0 -9999.0 -9999.0 -9999.0
25630 20160827  2.424 -160.47   55.35    20.6    10.2    15.4    15.3     0.0    21.23 C    27.1    10.3    17.7    99.8    66.2    87.6 -99.000 -99.000 -99.000 -99.000 -99.000 -9999.0 -9999.0 -9999.0 -9999.0 -9999.0
25630 20160828  2.424 -160.47   55.35    19.7    10.0    14.8    15.0     0.0    20.06 C    23.2    10.8    16.0    91.8    53.4    75.1 -99.000 -99.000 -99.000 -99.000 -99.000 -9999.0 -9999.0 -9999.0 -9999.0 -9999.0
25630 20160829  2.424 -160.47   55.35    19.0    12.4    15.7    14.9     0.0    19.93 C    25.2    11.9    16.9    91.7    72.3    83.0 -99.000 -99.000 -99.000 -99.000 -99.000 -9999.0 -9999.0 -9999.0 -9999.0 -9999.0
25630 20160830  2.424 -160.47   55.35    17.1    11.3    14.2    13.9     0.0    16.84 C    24.6    10.8    15.4    98.2    80.7    91.0 -99.000 -99.000 -99.000 -99.000 -99.000 -9999.0 -9999.0 -9999.0 -9999.0 -9999.0
25630 20160831  2.424 -160.47   55.35    13.6    12.2    12.9    12.8     0.0     4.71 C    14.1    12.1    12.9    98.5    82.7    92.1 -99.000 -99.000 -99.000 -99.000 -99.000 -9999.0 -9999.0 -9999.0 -9999.0 -9999.0
25630 20160901  2.424 -160.47   55.35    14.2    12.3    13.2    13.1     1.6     6.51 C    15.6    12.3    13.4   100.0    95.0    98.7 -99.000 -99.000 -99.000 -99.000 -99.000 -9999.0 -9999.0 -9999.0 -9999.0 -9999.0
25630 20160902  2.424 -160.47   55.35    14.0    12.9    13.5    13.3     0.8     3.58 C    14.5    12.9    13.5   100.0    99.7   100.0 -99.000 -99.000 -99.000 -99.000 -99.000 -9999.0 -9999.0 -9999.0 -9999.0 -9999.0
25630 20160903  2.424 -160.47   55.35    17.9    12.5    15.2    14.2     1.7    12.40 C    22.7    12.2    15.0   100.0    73.9    93.6 -99.000 -99.000 -99.000 -99.000 -99.000 -9999.0 -9999.0 -9999.0 -9999.0 -9999.0
25630 20160904  2.424 -160.47   55.35    15.7    11.4    13.5    12.7     2.3     6.55 C    16.8    10.8    12.6    97.2    81.4    91.4 -99.000 -99.000 -99.000 -99.000 -99.000 -9999.0 -9999.0 -9999.0 -9999.0 -9999.0
25630 20160905  2.424 -160.47   55.35    15.1     9.0    12.0    12.3     0.0     9.41 C    17.1     8.5    12.6    95.6    74.8    85.7 -99.000 -99.000 -99.000 -99.000 -99.000 -9999.0 -9999.0 -9999.0 -9999.0 -9999.0
25630 20160906  2.424 -160.47   55.35    17.1     6.3    11.7    11.9     0.0    14.04 C    19.9     6.5    12.4    97.8    65.8    82.9 -99.000 -99.000 -99.000 -99.000 -99.000 -9999.0 -9999.0 -9999.0 -9999.0 -9999.0
25630 20160907  2.424 -160.47   55.35    15.2     8.7    12.0    11.6     0.0    11.42 C    18.7     8.2    12.5    93.3    62.3    77.4 -99.000 -99.000 -99.000 -99.000 -99.000 -9999.0 -9999.0 -9999.0 -9999.0 -9999.0
25630 20160908  2.424 -160.47   55.35    15.4     6.8    11.1    11.2     0.0    17.78 C    19.1     6.4    12.2    88.1    57.1    73.1 -99.000 -99.000 -99.000 -99.000 -99.000 -9999.0 -9999.0 -9999.0 -9999.0 -9999.0
25630 20160909  2.424 -160.47   55.35    15.9     7.7    11.8    11.2     0.0    15.03 C    20.2     7.2    12.1    87.8    54.9    74.9 -99.000 -99.000 -99.000 -99.000 -99.000 -9999.0 -9999.0 -9999.0 -9999.0 -9999.0
25630 20160910  2.424 -160.47   55.35    15.5     8.6    12.1    11.9    10.2     3.52 C    15.2     8.4    11.5    98.1    73.7    88.0 -99.000 -99.000 -99.000 -99.000 -99.000 -9999.0 -9999.0 -9999.0 -9999.0 -9999.0
25630 20160911  2.424 -160.47   55.35    15.0    12.5    13.7    13.6     5.0     6.80 C    16.8    12.4    13.7    99.5    84.8    95.4 -99.000 -99.000 -99.000 -99.000 -99.000 -9999.0 -9999.0 -9999.0 -9999.0 -9999.0
25630 20160912  2.424 -160.47   55.35    16.8     9.6    13.2    12.7     0.4    15.02 C    20.1     8.9    13.5    99.2    65.0    85.3 -99.000 -99.000 -99.000 -99.000 -99.000 -9999.0 -9999.0 -9999.0 -9999.0 -9999.0
25630 20160913  2.424 -160.47   55.35    13.2     7.0    10.1    10.7     1.7     7.35 C    17.5     6.4    10.9    94.6    69.6    85.2 -99.000 -99.000 -99.000 -99.000 -99.000 -9999.0 -9999.0 -9999.0 -9999.0 -9999.0
25630 20160914  2.424 -160.47   55.35    14.4     9.7    12.0    11.7     4.0     9.56 C    17.4     9.1    11.8    96.9    74.9    88.9 -99.000 -99.000 -99.000 -99.000 -99.000 -9999.0 -9999.0 -9999.0 -9999.0 -9999.0
25630 20160915  2.424 -160.47   55.35    14.1     8.7    11.4    11.1     2.0    10.19 C    16.8     8.2    11.1    97.3    78.0    90.2 -99.000 -99.000 -99.000 -99.000 -99.000 -9999.0 -9999.0 -9999.0 -9999.0 -9999.0
25630 20160916  2.424 -160.47   55.35    15.6     6.9    11.2    10.1     0.0     9.98 C    18.1     6.5    10.3    99.9    59.1    83.2 -99.000 -99.000 -99.000 -99.000 -99.000 -9999.0 -9999.0 -9999.0 -9999.0 -9999.0
25630 20160917  2.424 -160.47   55.35    12.2     6.2     9.2     8.1     4.0    11.98 C    14.6     5.7     8.1    90.3    60.4    77.5 -99.000 -99.000 -99.000 -99.000 -99.000 -9999.0 -9999.0 -9999.0 -9999.0 -9999.0
25630 20160918  2.424 -160.47   55.35    14.5     7.8    11.2    10.6     0.0    11.11 C    17.9     7.8    11.1    87.7    59.7    73.6 -99.000 -99.000 -99.000 -99.000 -99.000 -9999.0 -9999.0 -9999.0 -9999.0 -9999.0
25630 20160919  2.424 -160.47   55.35    12.3     9.9    11.1    11.1     7.7     4.43 C    12.9     9.6    11.1    98.4    71.0    84.1 -99.000 -99.000 -99.000 -99.000 -99.000 -9999.0 -9999.0 -9999.0 -9999.0 -9999.0
25630 20160920  2.424 -160.47   55.35    12.8     7.1    10.0    10.6     3.0    11.66 C    16.5     6.9    11.1    99.7    58.4    82.1 -99.000 -99.000 -99.000 -99.000 -99.000 -9999.0 -9999.0 -9999.0 -9999.0 -9999.0
25630 20160921  2.424 -160.47   55.35    13.2     5.3     9.3     8.4     1.3    11.55 C    16.3     4.5     8.7    94.0    59.7    80.8 -99.000 -99.000 -99.000 -99.000 -99.000 -9999.0 -9999.0 -9999.0 -9999.0 -9999.0
25630 20160922  2.424 -160.47   55.35    13.0     5.7     9.4     9.0     0.0    10.97 C    15.5     5.0     9.2    91.1    55.2    74.0 -99.000 -99.000 -99.000 -99.000 -99.000 -9999.0 -9999.0 -9999.0 -9999.0 -9999.0
25630 20160923  2.424 -160.47   55.35    13.3     4.5     8.9     8.4     0.3    10.42 C    17.6     4.0     8.8    89.5    55.1    77.8 -99.000 -99.000 -99.000 -99.000 -99.000 -9999.0 -9999.0 -9999.0 -9999.0 -9999.0
25630 20160924  2.424 -160.47   55.35    11.5     5.1     8.3     8.0     0.2     9.90 C    15.6     4.5     8.5    85.3    58.9    76.0 -99.000 -99.000 -99.000 -99.000 -99.000 -9999.0 -9999.0 -9999.0 -9999.0 -9999.0
25630 20160925  2.424 -160.47   55.35    11.6     3.3     7.5     7.3     0.2    11.50 C    14.8     2.5     7.7    91.4    53.5    76.4 -99.000 -99.000 -99.000 -99.000 -99.000 -9999.0 -9999.0 -9999.0 -9999.0 -9999.0
25630 20160926  2.424 -160.47   55.35    11.8     6.4     9.1     9.0     4.5     8.15 C    13.7     6.2     9.0    95.7    65.5    84.5 -99.000 -99.000 -99.000 -99.000 -99.000 -9999.0 -9999.0 -9999.0 -9999.0 -9999.0
25630 20160927  2.424 -160.47   55.35    14.2     7.3    10.8    10.1     0.0    13.81 C    20.0     6.8    11.4    90.2    55.2    74.4 -99.000 -99.000 -99.000 -99.000 -99.000 -9999.0 -9999.0 -9999.0 -9999.0 -9999.0
25630 20160928  2.424 -160.47   55.35    12.5     6.1     9.3     9.5     0.0    10.40 C    19.2     5.5    10.8    93.0    63.0    79.3 -99.000 -99.000 -99.000 -99.000 -99.000 -9999.0 -9999.0 -9999.0 -9999.0 -9999.0
25630 20160929  2.424 -160.47   55.35    12.5     6.6     9.5    10.0     0.0     4.93 C    13.8     5.5    10.0    88.7    62.5    74.2 -99.000 -99.000 -99.000 -99.000 -99.000 -9999.0 -9999.0 -9999.0 -9999.0 -9999.0
25630 20160930  2.424 -160.47   55.35    13.3    10.3    11.8    11.7     8.5     1.35 C    12.7     9.9    11.4    98.4    77.6    89.8 -99.000 -99.000 -99.000 -99.000 -99.000 -9999.0 -9999.0 -9999.0 -9999.0 -9999.0
25630 20161001  2.424 -160.47   55.35    12.0     7.4     9.7     9.7     3.3     3.82 C    11.9     6.5     9.2    98.9    70.6    88.4 -99.000 -99.000 -99.000 -99.000 -99.000 -9999.0 -9999.0 -9999.0 -9999.0 -9999.0
25630 20161002  2.424 -160.47   55.35    14.0     6.9    10.4     9.9     1.0     8.81 C    17.0     5.9     9.9    93.5    61.6    79.5 -99.000 -99.000 -99.000 -99.000 -99.000 -9999.0 -9999.0 -9999.0 -9999.0 -9999.0
25630 20161003  2.424 -160.47   55.35    12.8     5.8     9.3     8.5     0.0     9.70 C    18.0     4.6     9.1    98.2    64.6    87.3 -99.000 -99.000 -99.000 -99.000 -99.000 -9999.0 -9999.0 -9999.0 -9999.0 -9999.0
25630 20161004  2.424 -160.47   55.35    11.6     6.5     9.1     9.1     1.4     4.53 C    13.3     5.4     8.8    93.0    68.2    82.4 -99.000 -99.000 -99.000 -99.000 -99.000 -9999.0 -9999.0 -9999.0 -9999.0 -9999.0
25630 20161005  2.424 -160.47   55.35    11.7     8.0     9.9    10.2     0.0     3.70 C    12.3     7.0     9.9    95.1    70.3    84.2 -99.000 -99.000 -99.000 -99.000 -99.000 -9999.0 -9999.0 -9999.0 -9999.0 -9999.0
25630 20161006  2.424 -160.47   55.35    11.4     9.8    10.6    10.6     0.0     2.72 C    11.3     9.3    10.2    93.6    74.9    83.2 -99.000 -99.000 -99.000 -99.000 -99.000 -9999.0 -9999.0 -9999.0 -9999.0 -9999.0
25630 20161007  2.424 -160.47   55.35    11.5     9.3    10.4    10.6     1.5     1.85 C    11.3     8.9    10.2    98.4    84.3    92.8 -99.000 -99.000 -99.000 -99.000 -99.000 -9999.0 -9999.0 -9999.0 -9999.0 -9999.0
25630 20161008  2.424 -160.47   55.35    12.3     5.9     9.1     9.4     6.1     3.37 C    14.2     5.2     9.0    98.1    71.6    87.9 -99.000 -99.000 -99.000 -99.000 -99.000 -9999.0 -9999.0 -9999.0 -9999.0 -9999.0
25630 20161009  2.424 -160.47   55.35    11.2     5.5     8.3     9.2     3.6     7.97 C    14.3     4.5     9.1    97.9    71.9    84.5 -99.000 -99.000 -99.000 -99.000 -99.000 -9999.0 -9999.0 -9999.0 -9999.0 -9999.0
25630 20161010  2.424 -160.47   55.35    11.4     9.0    10.2    10.4    13.6     1.55 C    11.0     8.1     9.9    98.3    73.6    90.8 -99.000 -99.000 -99.000 -99.000 -99.000 -9999.0 -9999.0 -9999.0 -9999.0 -9999.0
25630 20161011  2.424 -160.47   55.35    11.3     9.3    10.3    10.2    12.5     3.79 C    12.1     8.8     9.9    97.9    78.3    93.0 -99.000 -99.000 -99.000 -99.000 -99.000 -9999.0 -9999.0 -9999.0 -9999.0 -9999.0
25630 20161012  2.424 -160.47   55.35    10.6     9.7    10.2    10.1     0.3     4.35 C    11.5     9.0     9.8    98.0    86.1    92.7 -99.000 -99.000 -99.000 -99.000 -99.000 -9999.0 -9999.0 -9999.0 -9999.0 -9999.0
25630 20161013  2.424 -160.47   55.35    11.4     7.2     9.3    10.0     0.0     5.14 C    14.8     6.3    10.1    99.5    79.9    92.3 -99.000 -99.000 -99.000 -99.000 -99.000 -9999.0 -9999.0 -9999.0 -9999.0 -9999.0
25630 20161014  2.424 -160.47   55.35    13.2     7.3    10.3     9.5     0.0     6.75 C    17.5     6.2     9.6    99.8    64.3    83.9 -99.000 -99.000 -99.000 -99.000 -99.000 -9999.0 -9999.0 -9999.0 -9999.0 -9999.0
25630 20161015  2.424 -160.47   55.35    11.7     6.9     9.3     8.7     0.0     5.91 C    14.2     6.1     8.8    92.6    66.6    81.2 -99.000 -99.000 -99.000 -99.000 -99.000 -9999.0 -9999.0 -9999.0 -9999.0 -9999.0
25630 20161016  2.424 -160.47   55.35     9.7     3.9     6.8     6.3     0.0     7.36 C    12.7     3.2     6.5    81.2    54.5    66.6 -99.000 -99.000 -99.000 -99.000 -99.000 -9999.0 -9999.0 -9999.0 -9999.0 -9999.0
25630 20161017  2.424 -160.47   55.35     4.4    -1.5     1.4     2.1     0.0     7.34 C     8.8    -2.9     2.2    77.3    54.8    64.2 -99.000 -99.000 -99.000 -99.000 -99.000 -9999.0 -9999.0 -9999.0 -9999.0 -9999.0
25630 20161018  2.424 -160.47   55.35     8.9    -2.0     3.5     2.7     1.4     6.06 C     8.1    -2.4     2.3    93.4    46.0    68.1 -99.000 -99.000 -99.000 -99.000 -99.000 -9999.0 -9999.0 -9999.0 -9999.0 -9999.0
25630 20161019  2.424 -160.47   55.35    10.9     6.5     8.7     8.2     0.0     8.85 C    15.1     5.2     8.5    87.5    53.0    69.2 -99.000 -99.000 -99.000 -99.000 -99.000 -9999.0 -9999.0 -9999.0 -9999.0 -9999.0
25630 20161020  2.424 -160.47   55.35     8.1     4.0     6.1     6.0     0.0     8.32 C    10.3     3.1     5.9    80.1    52.9    66.2 -99.000 -99.000 -99.000 -99.000 -99.000 -9999.0 -9999.0 -9999.0 -9999.0 -9999.0
25630 20161021  2.424 -160.47   55.35     6.3     2.0     4.1     4.2     0.4     5.97 C     9.1     1.2     4.0    86.4    46.2    58.4 -99.000 -99.000 -99.000 -99.000 -99.000 -9999.0 -9999.0 -9999.0 -9999.0 -9999.0
25630 20161022  2.424 -160.47   55.35     8.1     2.6     5.3     4.6     0.0     8.45 C    11.2     0.3     4.1    71.9    38.1    58.2 -99.000 -99.000 -99.000 -99.000 -99.000 -9999.0 -9999.0 -9999.0 -9999.0 -9999.0
25630 20161023  2.424 -160.47   55.35     8.9     3.2     6.0     6.6     1.2     4.92 C    10.9     0.9     6.0    95.6    61.8    74.4 -99.000 -99.000 -99.000 -99.000 -99.000 -9999.0 -9999.0 -9999.0 -9999.0 -9999.0
25630 20161024  2.424 -160.47   55.35    10.0     7.2     8.6     8.1     1.1     4.87 C    13.8     5.9     8.4   100.0    77.9    94.4 -99.000 -99.000 -99.000 -99.000 -99.000 -9999.0 -9999.0 -9999.0 -9999.0 -9999.0
25630 20161025  2.424 -160.47   55.35     8.5     7.2     7.8     8.0     5.3     1.57 C     8.5     6.3     7.7    98.6    84.1    92.9 -99.000 -99.000 -99.000 -99.000 -99.000 -9999.0 -9999.0 -9999.0 -9999.0 -9999.0
25630 20161026  2.424 -160.47   55.35     8.0     5.8     6.9     6.9     7.5     1.86 C     7.8     5.3     6.3    98.7    65.1    82.6 -99.000 -99.000 -99.000 -99.000 -99.000 -9999.0 -9999.0 -9999.0 -9999.0 -9999.0
25630 20161027  2.424 -160.47   55.35     9.5     3.9     6.7     7.0     0.0     7.50 C    12.4     2.9     6.8    92.7    54.3    71.3 -99.000 -99.000 -99.000 -99.000 -99.000 -9999.0 -9999.0 -9999.0 -9999.0 -9999.0
25630 20161028  2.424 -160.47   55.35    10.0     6.1     8.1     8.4     3.9     1.33 C     9.9     4.9     8.0    99.0    74.6    91.3 -99.000 -99.000 -99.000 -99.000 -99.000 -9999.0 -9999.0 -9999.0 -9999.0 -9999.0
25630 20161029  2.424 -160.47   55.35     9.3     2.9     6.1     5.4     1.1     5.68 C    11.7     1.8     4.6    93.9    62.5    81.0 -99.000 -99.000 -99.000 -99.000 -99.000 -9999.0 -9999.0 -9999.0 -9999.0 -9999.0
25630 20161030  2.424 -160.47   55.35     8.1     4.0     6.0     5.9     5.0     2.51 C     7.9     2.9     5.2    97.0    68.7    82.9 -99.000 -99.000 -99.000 -99.000 -99.000 -9999.0 -9999.0 -9999.0 -9999.0 -9999.0
25630 20161031  2.424 -160.47   55.35     7.5     1.9     4.7     5.0     3.2     5.11 C     8.9     0.2     4.2    93.2    67.3    81.1 -99.000 -99.000 -99.000 -99.000 -99.000 -9999.0 -9999.0 -9999.0 -9999.0 -9999.0
25630 20161101  2.424 -160.47   55.35     7.5     2.4     4.9     4.6     1.6     3.87 C     9.7     0.4     3.9    93.2    72.7    85.9 -99.000 -99.000 -99.000 -99.000 -99.000 -9999.0 -9999.0 -9999.0 -9999.0 -9999.0
25630 20161102  2.424 -160.47   55.35     6.6     1.4     4.0     3.3     0.0     4.80 C     9.1    -0.6     2.5    93.3    56.3    78.4 -99.000 -99.000 -99.000 -99.000 -99.000 -9999.0 -9999.0 -9999.0 -9999.0 -9999.0
25630 20161103  2.424 -160.47   55.35     5.7     0.4     3.0     2.8     0.8     3.24 C     7.6    -0.5     2.0    96.3    69.2    85.2 -99.000 -99.000 -99.000 -99.000 -99.000 -9999.0 -9999.0 -9999.0 -9999.0 -9999.0
25630 20161104  2.424 -160.47   55.35     6.4     0.8     3.6     3.1     0.0     6.16 C     8.1    -0.8     2.3    92.2    53.5    75.2 -99.000 -99.000 -99.000 -99.000 -99.000 -9999.0 -9999.0 -9999.0 -9999.0 -9999.0
25630 20161105  2.424 -160.47   55.35     5.3     1.5     3.4     3.6     2.6     3.76 C     7.5    -0.3     2.7    90.2    74.8    84.0 -99.000 -99.000 -99.000 -99.000 -99.000 -9999.0 -9999.0 -9999.0 -9999.0 -9999.0
25630 20161106  2.424 -160.47   55.35     5.4     1.8     3.6     3.8     0.0     5.41 C     6.8     1.0     3.2    85.0    55.9    68.5 -99.000 -99.000 -99.000 -99.000 -99.000 -9999.0 -9999.0 -9999.0 -9999.0 -9999.0
25630 20161107  2.424 -160.47   55.35     4.0     0.4     2.2     2.1     0.0     4.43 C     6.1    -1.5     1.5    83.3    63.2    72.3 -99.000 -99.000 -99.000 -99.000 -99.000 -9999.0 -9999.0 -9999.0 -9999.0 -9999.0
25630 20161108  2.424 -160.47   55.35     6.1     2.0     4.1     4.8     0.0     1.80 C     5.7     0.8     4.3    97.0    64.1    74.2 -99.000 -99.000 -99.000 -99.000 -99.000 -9999.0 -9999.0 -9999.0 -9999.0 -9999.0
25630 20161109  2.424 -160.47   55.35     7.7     4.8     6.2     6.4     2.0     5.33 C     9.0     4.0     6.0    99.2    71.4    81.9 -99.000 -99.000 -99.000 -99.000 -99.000 -9999.0 -9999.0 -9999.0 -9999.0 -9999.0
25630 20161110  2.424 -160.47   55.35     6.5     2.1     4.3     4.7     0.7     2.31 C     6.1     1.1     4.2    89.6    79.5    84.8 -99.000 -99.000 -99.000 -99.000 -99.000 -9999.0 -9999.0 -9999.0 -9999.0 -9999.0
25630 20161111  2.424 -160.47   55.35     4.6     0.4     2.5     2.6     1.0     3.09 C     6.2    -1.7     1.4    94.5    68.3    82.4 -99.000 -99.000 -99.000 -99.000 -99.000 -9999.0 -9999.0 -9999.0 -9999.0 -9999.0
25630 20161112  2.424 -160.47   55.35     5.2     3.1     4.2     4.1    13.6     2.41 C     5.8     2.2     3.5    93.9    80.7    88.9 -99.000 -99.000 -99.000 -99.000 -99.000 -9999.0 -9999.0 -9999.0 -9999.0 -9999.0
25630 20161113  2.424 -160.47   55.35     6.8     3.9     5.4     5.2     2.4     2.12 C     7.2     3.2     4.5    90.7    66.2    80.3 -99.000 -99.000 -99.000 -99.000 -99.000 -9999.0 -9999.0 -9999.0 -9999.0 -9999.0
25630 20161114  2.424 -160.47   55.35     4.1    -0.5     1.8     1.6     2.0     1.98 C     3.3    -0.9     1.1    92.9    62.5    83.2 -99.000 -99.000 -99.000 -99.000 -99.000 -9999.0 -9999.0 -9999.0 -9999.0 -9999.0
25630 20161115  2.424 -160.47   55.35     1.0    -0.9     0.1     0.2     0.0     4.14 C     1.3    -2.3    -0.6    80.1    47.8    57.6 -99.000 -99.000 -99.000 -99.000 -99.000 -9999.0 -9999.0 -9999.0 -9999.0 -9999.0
25630 20161116  2.424 -160.47   55.35     2.8    -3.1    -0.2     0.7     0.0     4.49 C     4.8    -4.4    -0.4    63.6    42.0    53.1 -99.000 -99.000 -99.000 -99.000 -99.000 -9999.0 -9999.0 -9999.0 -9999.0 -9999.0
25630 20161117  2.424 -160.47   55.35     4.2    -0.7     1.8     2.1     0.0     2.99 C     6.1    -2.8     0.7    80.6    38.5    62.2 -99.000 -99.000 -99.000 -99.000 -99.000 -9999.0 -9999.0 -9999.0 -9999.0 -9999.0
25630 20161118  2.424 -160.47   55.35     5.7     2.0     3.8     4.1     4.9     2.27 C     5.9     0.5     3.3    98.3    64.7    85.0 -99.000 -99.000 -99.000 -99.000 -99.000 -9999.0 -9999.0 -9999.0 -9999.0 -9999.0
25630 20161119  2.424 -160.47   55.35     4.3    -0.3     2.0     2.3     5.5     1.53 C     4.0    -1.6     1.1    97.8    68.7    83.0 -99.000 -99.000 -99.000 -99.000 -99.000 -9999.0 -9999.0 -9999.0 -9999.0 -9999.0
25630 20161120  2.424 -160.47   55.35     4.6     1.4     3.0     2.8     5.1     2.73 C     4.1     0.6     2.1    96.7    54.1    73.8 -99.000 -99.000 -99.000 -99.000 -99.000 -9999.0 -9999.0 -9999.0 -9999.0 -9999.0
25630 20161121  2.424 -160.47   55.35     3.3    -1.0     1.1     1.7     0.0     2.14 C     2.4    -2.5     0.9    76.0    52.7    63.7 -99.000 -99.000 -99.000 -99.000 -99.000 -9999.0 -9999.0 -9999.0 -9999.0 -9999.0
25630 20161122  2.424 -160.47   55.35     4.3    -1.3     1.5     2.1     6.0     2.16 C     3.1    -2.4     1.4    95.7    70.5    84.9 -99.000 -99.000 -99.000 -99.000 -99.000 -9999.0 -9999.0 -9999.0 -9999.0 -9999.0
25630 20161123  2.424 -160.47   55.35     4.5     2.0     3.2     3.2     0.0     3.68 C     5.6     0.8     2.5    85.7    70.8    79.2 -99.000 -99.000 -99.000 -99.000 -99.000 -9999.0 -9999.0 -9999.0 -9999.0 -9999.0
25630 20161124  2.424 -160.47   55.35     6.3    -1.2     2.6     3.2     1.5     0.95 C     5.4    -2.2     2.0    95.9    65.5    83.6 -99.000 -99.000 -99.000 -99.000 -99.000 -9999.0 -9999.0 -9999.0 -9999.0 -9999.0
25630 20161125  2.424 -160.47   55.35     4.4     1.2     2.8     3.0     2.1     2.14 C     4.5     0.3     2.2    94.3    60.8    77.3 -99.000 -99.000 -99.000 -99.000 -99.000 -9999.0 -9999.0 -9999.0 -9999.0 -9999.0
25630 20161126  2.424 -160.47   55.35     7.0     1.8     4.4     4.5     8.2     1.17 C     6.5     1.0     3.9    96.6    74.0    90.3 -99.000 -99.000 -99.000 -99.000 -99.000 -9999.0 -9999.0 -9999.0 -9999.0 -9999.0
25630 20161127  2.424 -160.47   55.35     4.6     1.1     2.9     2.6     1.1     1.94 C     5.1     0.3     1.8    92.9    61.2    79.4 -99.000 -99.000 -99.000 -99.000 -99.000 -9999.0 -9999.0 -9999.0 -9999.0 -9999.0
25630 20161128  2.424 -160.47   55.35     2.4    -0.9     0.8     1.2     2.0     1.96 C     2.9    -2.8     0.0    96.8    72.2    89.3 -99.000 -99.000 -99.000 -99.000 -99.000 -9999.0 -9999.0 -9999.0 -9999.0 -9999.0
25630 20161129  2.424 -160.47   55.35     3.3    -1.7     0.8     0.9     4.6     2.11 C     3.5    -4.4    -0.2    95.8    78.1    86.7 -99.000 -99.000 -99.000 -99.000 -99.000 -9999.0 -9999.0 -9999.0 -9999.0 -9999.0
25630 20161130  2.424 -160.47   55.35     4.2     0.8     2.5     2.9     7.7     1.26 C     4.2    -0.2     2.0    96.3    81.9    91.6 -99.000 -99.000 -99.000 -99.000 -99.000 -9999.0 -9999.0 -9999.0 -9999.0 -9999.0
25630 20161201  2.424 -160.47   55.35     0.8    -3.3    -1.3    -1.4     0.0     1.98 C    -0.2    -3.9    -2.1    83.4    43.8    67.9 -99.000 -99.000 -99.000 -99.000 -99.000 -9999.0 -9999.0 -9999.0 -9999.0 -9999.0
25630 20161202  2.424 -160.47   55.35     1.3    -3.9    -1.3    -1.5     0.3     2.63 C     1.6    -4.5    -2.5    94.7    53.6    72.7 -99.000 -99.000 -99.000 -99.000 -99.000 -9999.0 -9999.0 -9999.0 -9999.0 -9999.0
25630 20161203  2.424 -160.47   55.35     0.5    -4.9    -2.2    -1.9     0.0     3.69 C     0.8    -6.5    -2.8    92.5    57.0    67.6 -99.000 -99.000 -99.000 -99.000 -99.000 -9999.0 -9999.0 -9999.0 -9999.0 -9999.0
25630 20161204  2.424 -160.47   55.35     3.6    -3.6     0.0     0.8     1.6     1.24 C     2.5    -6.2    -0.3    94.3    54.4    79.8 -99.000 -99.000 -99.000 -99.000 -99.000 -9999.0 -9999.0 -9999.0 -9999.0 -9999.0
25630 20161205  2.424 -160.47   55.35     4.3     0.9     2.6     2.9     5.3     2.32 C     4.5     0.4     2.1    97.4    75.4    87.1 -99.000 -99.000 -99.000 -99.000 -99.000 -9999.0 -9999.0 -9999.0 -9999.0 -9999.0
25630 20161206  2.424 -160.47   55.35     2.9    -4.9    -1.0    -0.6     0.0     1.03 C     1.9    -5.2    -1.1    93.5    71.7    80.4 -99.000 -99.000 -99.000 -99.000 -99.000 -9999.0 -9999.0 -9999.0 -9999.0 -9999.0
25630 20161207  2.424 -160.47   55.35    -1.7    -5.0    -3.3    -3.6     0.0     3.06 C    -0.7    -5.8    -4.1    84.7    61.3    73.1 -99.000 -99.000 -99.000 -99.000 -99.000 -9999.0 -9999.0 -9999.0 -9999.0 -9999.0
25630 20161208  2.424 -160.47   55.35    -1.9    -5.1    -3.5    -3.5     0.5     2.43 C    -0.8    -6.2    -4.0    92.3    66.1    74.2 -99.000 -99.000 -99.000 -99.000 -99.000 -9999.0 -9999.0 -9999.0 -9999.0 -9999.0
25630 20161209  2.424 -160.47   55.35     0.6    -2.7    -1.1    -0.6     1.9     2.69 C     0.1    -2.9    -1.4    95.6    68.5    79.6 -99.000 -99.000 -99.000 -99.000 -99.000 -9999.0 -9999.0 -9999.0 -9999.0 -9999.0
25630 20161210  2.424 -160.47   55.35     4.2     0.1     2.1     2.3     0.8     2.07 C     4.7    -1.4     1.4    92.6    68.9    80.5 -99.000 -99.000 -99.000 -99.000 -99.000 -9999.0 -9999.0 -9999.0 -9999.0 -9999.0
25630 20161211  2.424 -160.47   55.35     4.8     2.4     3.6     3.5     0.4     1.90 C     5.4     0.7     2.3    88.6    70.0    81.8 -99.000 -99.000 -99.000 -99.000 -99.000 -9999.0 -9999.0 -9999.0 -9999.0 -9999.0
25630 20161212  2.424 -160.47   55.35     5.3     2.0     3.6     3.7     3.3     1.17 C     4.8     1.3     3.0    98.8    68.7    87.0 -99.000 -99.000 -99.000 -99.000 -99.000 -9999.0 -9999.0 -9999.0 -9999.0 -9999.0
25630 20161213  2.424 -160.47   55.35     5.7     4.6     5.2     5.2     0.8     1.41 C     5.5     4.0     4.6    98.3    88.6    93.6 -99.000 -99.000 -99.000 -99.000 -99.000 -9999.0 -9999.0 -9999.0 -9999.0 -9999.0
25630 20161214  2.424 -160.47   55.35     5.8     2.4     4.1     5.1     6.2     1.24 C     5.9     1.2     4.6    99.1    85.6    95.2 -99.000 -99.000 -99.000 -99.000 -99.000 -9999.0 -9999.0 -9999.0 -9999.0 -9999.0
25630 20161215  2.424 -160.47   55.35     4.8     1.9     3.3     3.6     0.9     1.18 C     4.4     1.0     2.7    96.0    66.7    79.3 -99.000 -99.000 -99.000 -99.000 -99.000 -9999.0 -9999.0 -9999.0 -9999.0 -9999.0
25630 20161216  2.424 -160.47   55.35     5.5     1.3     3.4     3.4     3.3     1.83 C     5.2     0.5     2.6    97.7    70.6    85.6 -99.000 -99.000 -99.000 -99.000 -99.000 -9999.0 -9999.0 -9999.0 -9999.0 -9999.0
25630 20161217  2.424 -160.47   55.35     3.7    -0.7     1.5     1.8    12.7     2.15 C     3.6    -2.5     0.6    98.6    61.6    79.2 -99.000 -99.000 -99.000 -99.000 -99.000 -9999.0 -9999.0 -9999.0 -9999.0 -9999.0
25630 20161218  2.424 -160.47   55.35     4.0     0.5     2.2     2.6    10.5     1.57 C     3.4     0.0     1.8    97.7    69.5    85.2 -99.000 -99.000 -99.000 -99.000 -99.000 -9999.0 -9999.0 -9999.0 -9999.0 -9999.0
25630 20161219  2.424 -160.47   55.35     4.4     0.2     2.3     2.7     8.1     1.19 C     3.4    -0.1     1.7    97.5    72.2    88.8 -99.000 -99.000 -99.000 -99.000 -99.000 -9999.0 -9999.0 -9999.0 -9999.0 -9999.0
25630 20161220  2.424 -160.47   55.35     3.7    -2.0     0.9     1.4     0.3     2.44 C     4.0    -2.6     0.7    97.0    66.3    83.8 -99.000 -99.000 -99.000 -99.000 -99.000 -9999.0 -9999.0 -9999.0 -9999.0 -9999.0
25630 20161221  2.424 -160.47   55.35    -1.0    -2.8    -1.9    -1.9     0.0     3.39 C     0.2    -3.5    -2.3    87.2    53.5    64.0 -99.000 -99.000 -99.000 -99.000 -99.000 -9999.0 -9999.0 -9999.0 -9999.0 -9999.0
25630 20161222  2.424 -160.47   55.35     0.4    -3.0    -1.3    -1.5     0.0     2.77 C     0.9    -4.6    -2.7    86.5    53.6    64.6 -99.000 -99.000 -99.000 -99.000 -99.000 -9999.0 -9999.0 -9999.0 -9999.0 -9999.0
25630 20161223  2.424 -160.47   55.35     3.6    -0.8     1.4     1.9     5.7     0.77 C     2.9    -3.4     0.6    92.7    62.6    76.4 -99.000 -99.000 -99.000 -99.000 -99.000 -9999.0 -9999.0 -9999.0 -9999.0 -9999.0
25630 20161224  2.424 -160.47   55.35     5.3     1.8     3.5     3.7    29.9     1.05 C     4.8     1.1     3.1    98.4    90.0    93.3 -99.000 -99.000 -99.000 -99.000 -99.000 -9999.0 -9999.0 -9999.0 -9999.0 -9999.0
25630 20161225  2.424 -160.47   55.35     3.8     1.9     2.8     2.8     2.2     1.77 C     3.2     0.8     1.8    93.8    71.0    80.1 -99.000 -99.000 -99.000 -99.000 -99.000 -9999.0 -9999.0 -9999.0 -9999.0 -9999.0
25630 20161226  2.424 -160.47   55.35     3.1     0.1     1.6     2.0     0.9     1.56 C     2.8    -0.4     1.1    97.8    62.7    78.4 -99.000 -99.000 -99.000 -99.000 -99.000 -9999.0 -9999.0 -9999.0 -9999.0 -9999.0
25630 20161227  2.424 -160.47   55.35     3.7    -1.7     1.0     2.2     0.0     1.84 C     3.6    -2.0     1.5    94.4    76.5    86.5 -99.000 -99.000 -99.000 -99.000 -99.000 -9999.0 -9999.0 -9999.0 -9999.0 -9999.0
25630 20161228  2.424 -160.47   55.35     5.3    -2.0     1.6     0.9     0.0     1.39 C     4.4    -2.7     0.3    99.0    69.5    83.9 -99.000 -99.000 -99.000 -99.000 -99.000 -9999.0 -9999.0 -9999.0 -9999.0 -9999.0
25630 20161229  2.424 -160.47   55.35     6.4     3.2     4.8     5.4     5.3     0.57 C     5.8     2.1     4.8    97.0    76.0    89.4 -99.000 -99.000 -99.000 -99.000 -99.000 -9999.0 -9999.0 -9999.0 -9999.0 -9999.0
25630 20161230  2.424 -160.47   55.35     4.4    -0.1     2.2     2.3     0.0     2.85 C     5.1    -1.6     1.0    83.4    60.1    71.6 -99.000 -99.000 -99.000 -99.000 -99.000 -9999.0 -9999.0 -9999.0 -9999.0 -9999.0
25630 20161231  2.424 -160.47   55.35     4.7     2.5     3.6     4.0     0.0     1.28 C     4.5     0.8     3.2    92.3    65.6    77.5 -99.000 -99.000 -99.000 -99.000 -99.000 -9999.0 -9999.0 -9999.0 -9999.0 -9999.0
