63858 20160101  2.422  -87.24   32.46     8.0     3.2     5.6     5.7     0.0     3.16 C     9.8     3.2     6.5    81.3    63.9    71.8   0.653   0.637   0.603 -99.000 -99.000    11.2    12.7    14.3    16.4    17.4
63858 20160102  2.422  -87.24   32.46     9.8    -0.5     4.7     4.4     0.0     9.91 C    13.5     1.3     5.6    93.6    43.4    71.2   0.647   0.633   0.599 -99.000 -99.000     9.9    11.2    12.7    15.5    17.3
63858 20160103  2.422  -87.24   32.46    10.2    -0.6     4.8     5.1     0.0     7.85 C    14.7     1.2     6.1    94.6    48.5    74.4   0.622   0.632   0.598 -99.000 -99.000     9.5    10.6    11.9    14.7    17.0
63858 20160104  2.422  -87.24   32.46     8.8    -2.6     3.1     3.6     0.0    13.53 C    11.7    -2.1     3.3    85.3    43.9    66.0   0.590   0.625   0.596 -99.000 -99.000     8.4     9.8    11.2    14.1    16.7
63858 20160105  2.422  -87.24   32.46     8.8    -4.7     2.1     0.8     0.0    13.62 C    11.8    -3.3     1.2    89.5    28.0    63.3   0.551   0.611   0.588 -99.000 -99.000     6.9     8.4    10.0    13.4    16.4
63858 20160106  2.422  -87.24   32.46    11.9    -4.5     3.7     4.4     0.0    12.97 C    14.8    -3.8     3.5    86.6    44.3    58.6   0.534   0.596   0.582 -99.000 -99.000     6.9     8.0     9.3    12.6    16.1
63858 20160107  2.422  -87.24   32.46    13.2     3.7     8.5     9.6     0.2     4.81 C    14.7     0.9     8.6    88.4    53.5    67.6   0.530   0.592   0.581 -99.000 -99.000     8.7     9.1     9.8    12.2    15.7
63858 20160108  2.422  -87.24   32.46    14.4     6.1    10.3    11.8     0.2     3.12 C    15.6     4.6    11.2    95.8    77.2    88.5   0.534   0.595   0.582 -99.000 -99.000    10.6    10.7    10.8    12.2    15.4
63858 20160109  2.422  -87.24   32.46    15.1     9.4    12.2    13.0     6.7     2.29 C    16.2     7.5    12.3    96.3    75.5    89.3   0.570   0.614   0.588 -99.000 -99.000    11.9    11.9    11.8    12.5    15.2
63858 20160110  2.422  -87.24   32.46     9.9    -3.9     3.0     4.1     0.0     5.52 C    10.8    -2.7     4.7    87.1    57.6    71.6   0.610   0.633   0.595 -99.000 -99.000     9.6    10.8    11.6    12.9    15.1
63858 20160111  2.422  -87.24   32.46     8.0    -6.4     0.8    -0.3     0.0    13.97 C    12.8    -4.1     1.4    89.2    24.6    66.6   0.562   0.618   0.590 -99.000 -99.000     6.9     8.3     9.8    12.5    15.0
63858 20160112  2.422  -87.24   32.46    13.4    -6.2     3.6     3.0     0.0    13.80 C    15.6    -4.5     2.7    92.3    33.4    68.5   0.540   0.609   0.584 -99.000 -99.000     6.5     7.6     8.9    11.8    14.9
63858 20160113  2.422  -87.24   32.46    14.5    -4.2     5.2     3.8     0.0    13.97 C    17.6    -3.6     3.9    93.4    35.3    72.4   0.529   0.592   0.580 -99.000 -99.000     6.9     7.7     8.7    11.3    14.7
63858 20160114  2.422  -87.24   32.46    15.9    -3.5     6.2     6.9     0.0    10.46 C    17.9    -3.1     5.7    93.7    41.7    67.0   0.520   0.581   0.573 -99.000 -99.000     7.2     7.9     8.7    11.1    14.4
63858 20160115  2.422  -87.24   32.46    13.3     6.2     9.7     9.0    15.8     3.50 C    14.3     5.0     8.8   100.0    56.2    91.8   0.623   0.621   0.586 -99.000 -99.000     9.0     9.2     9.5    11.0    14.2
63858 20160116  2.422  -87.24   32.46    15.1     2.6     8.8     9.1     0.0    12.63 C    17.5     1.6     8.6   100.0    42.4    79.2   0.640   0.628   0.590 -99.000 -99.000     9.3     9.6    10.0    11.2    14.0
63858 20160117  2.422  -87.24   32.46     9.9    -1.8     4.1     5.4     0.9    13.95 C    13.4    -0.3     5.8    90.9    41.4    69.5   0.640   0.631   0.593 -99.000 -99.000     8.8     9.5    10.1    11.4    13.9
63858 20160118  2.422  -87.24   32.46     7.3    -4.3     1.5     0.6     0.0    12.95 C    12.2    -2.9     1.9    93.4    45.6    70.4   0.608   0.627   0.592 -99.000 -99.000     6.6     7.8     9.0    11.3    13.9
63858 20160119  2.422  -87.24   32.46     6.6    -6.8    -0.1    -0.4     0.0    11.80 C    13.5    -4.2     1.2    90.6    27.3    61.3   0.568   0.615   0.588 -99.000 -99.000     5.3     6.6     7.9    10.8    13.8
63858 20160120  2.422  -87.24   32.46    16.1     0.0     8.1     8.0     3.2     7.13 C    16.5    -0.9     7.2   100.0    44.1    74.4   0.579   0.619   0.589 -99.000 -99.000     6.8     7.1     7.8    10.3    13.6
63858 20160121  2.422  -87.24   32.46    16.0     9.5    12.8    12.5    14.8     3.50 C    16.8     9.3    12.4   100.0    82.6    94.1   0.629   0.632   0.594 -99.000 -99.000     9.9     9.6     9.4    10.3    13.4
63858 20160122  2.422  -87.24   32.46    13.9     0.7     7.3     5.8     7.7     2.56 C    13.1     1.5     6.9    95.5    76.0    87.7   0.642   0.634   0.597 -99.000 -99.000     9.5    10.2    10.5    10.9    13.3
63858 20160123  2.422  -87.24   32.46     5.4    -3.3     1.0     1.1     0.0    11.30 C    10.0    -2.4     2.0    84.2    48.5    64.9   0.637   0.633   0.593 -99.000 -99.000     5.9     7.3     8.7    11.0    13.3
63858 20160124  2.422  -87.24   32.46     9.6    -6.6     1.5     0.7     0.0    14.83 C    13.6    -3.8     2.2    91.8    33.9    72.0   0.629   0.628   0.593 -99.000 -99.000     5.4     6.4     7.6    10.3    13.2
63858 20160125  2.422  -87.24   32.46    18.8    -3.6     7.6     7.6     0.0    11.96 C    18.3    -2.6     6.3    93.1    48.7    74.5   0.626   0.631   0.593 -99.000 -99.000     6.6     7.0     7.6     9.9    13.1
63858 20160126  2.422  -87.24   32.46    18.8     6.5    12.7    12.2    23.4     3.24 C    18.6     4.8    11.0    94.9    69.4    88.0   0.630   0.636   0.598 -99.000 -99.000     9.3     9.1     9.0     9.9    12.9
63858 20160127  2.422  -87.24   32.46     9.7     3.9     6.8     6.7     3.3     5.78 C    12.7     3.5     7.7    93.9    63.0    83.0   0.645   0.638   0.597 -99.000 -99.000     9.2     9.7     9.8    10.4    12.8
63858 20160128  2.422  -87.24   32.46    13.5     1.0     7.3     6.8     0.0    12.87 C    16.2     1.6     6.3    87.7    30.4    62.3   0.646   0.640   0.598 -99.000 -99.000     8.2     8.8     9.4    10.6    12.8
63858 20160129  2.422  -87.24   32.46    16.5    -0.4     8.0     7.4     0.0    15.52 C    18.2    -0.1     6.4    92.3    38.3    68.2   0.644   0.639   0.596 -99.000 -99.000     8.1     8.7     9.2    10.5    12.8
63858 20160130  2.422  -87.24   32.46    21.1     0.4    10.8    11.4     0.0    15.46 C    20.1     0.3     8.8    95.0    39.7    69.6   0.640   0.639   0.598 -99.000 -99.000     9.0     9.1     9.3    10.5    12.8
63858 20160131  2.422  -87.24   32.46    22.6     8.3    15.4    16.1     0.0     8.96 C    23.6     5.8    13.6    93.1    55.9    78.3   0.630   0.642   0.600 -99.000 -99.000    11.3    10.8    10.4    10.7    12.7
63858 20160201  2.422  -87.24   32.46    23.8    14.6    19.2    18.3     0.7    10.57 C    26.5    12.4    16.8    95.4    59.8    83.7   0.640   0.648   0.605 -99.000 -99.000    14.0    13.2    12.2    11.3    12.8
63858 20160202  2.422  -87.24   32.46    24.1    16.5    20.3    20.1    18.5     8.16 C    24.7    14.7    18.9    93.6    67.1    84.8   0.643   0.652   0.607 -99.000 -99.000    15.5    14.6    13.5    12.2    12.9
63858 20160203  2.422  -87.24   32.46    22.0     8.3    15.2    14.4    77.4     9.40 C    21.9     6.3    14.5    93.7    36.2    69.1   0.672   0.656   0.607 -99.000 -99.000    15.2    15.2    14.6    13.1    13.1
63858 20160204  2.422  -87.24   32.46    11.4     0.7     6.0     6.4     0.0    16.76 C    15.0    -0.2     5.9    73.5    34.7    55.5   0.664   0.647   0.606 -99.000 -99.000    10.9    12.2    13.0    13.4    13.4
63858 20160205  2.422  -87.24   32.46    11.5    -4.0     3.7     3.3     0.0    17.14 C    15.7    -3.1     3.5    91.1    24.8    60.0   0.633   0.643   0.601 -99.000 -99.000     8.4     9.8    11.0    12.9    13.6
63858 20160206  2.422  -87.24   32.46    12.6    -4.3     4.1     3.3     0.0    15.12 C    16.7    -3.6     3.3    93.7    21.7    63.3   0.584   0.632   0.598 -99.000 -99.000     7.4     8.6     9.7    12.1    13.6
63858 20160207  2.422  -87.24   32.46    14.1    -4.5     4.8     4.3     0.0    17.03 C    20.2    -3.7     4.4    91.1    28.1    63.4   0.556   0.624   0.593 -99.000 -99.000     7.2     8.1     9.1    11.4    13.5
63858 20160208  2.422  -87.24   32.46    12.9     1.3     7.1     6.7     0.0    10.45 C    16.7    -0.9     4.7    69.6    30.0    51.0   0.544   0.612   0.588 -99.000 -99.000     7.2     8.1     8.9    11.0    13.3
63858 20160209  2.422  -87.24   32.46     8.8    -2.4     3.2     3.2     0.0    17.40 C    13.1    -4.4     2.3    76.0    24.7    47.6   0.527   0.588   0.579 -99.000 -99.000     6.3     7.5     8.5    10.7    13.2
63858 20160210  2.422  -87.24   32.46     8.0    -5.4     1.3     0.6     0.0    17.59 C    14.1    -6.5     0.9    84.7    25.0    54.9   0.515   0.574   0.566 -99.000 -99.000     5.2     6.4     7.6    10.3    13.0
63858 20160211  2.422  -87.24   32.46    19.1    -3.6     7.8     7.0     0.0    16.62 C    23.2    -3.6     6.6    90.3    42.4    70.0   0.511   0.570   0.562 -99.000 -99.000     6.7     7.1     7.6     9.8    12.8
63858 20160212  2.422  -87.24   32.46    19.6     0.8    10.2    10.7     0.0    15.82 C    23.5     0.9     9.3    91.0    29.1    59.3   0.506   0.566   0.556 -99.000 -99.000     8.7     8.8     8.8     9.9    12.6
63858 20160213  2.422  -87.24   32.46    10.5    -1.6     4.4     4.7     0.0    17.71 C    18.6    -2.6     4.8    70.2    21.8    42.7   0.492   0.557   0.553 -99.000 -99.000     7.8     8.7     9.2    10.2    12.4
63858 20160214  2.422  -87.24   32.46    16.6    -4.1     6.2     6.8     0.0    16.69 C    21.6    -4.0     6.2    80.2    18.9    42.4   0.478   0.552   0.548 -99.000 -99.000     7.2     7.9     8.6    10.2    12.4
63858 20160215  2.422  -87.24   32.46    17.9     7.3    12.6    11.1    24.8     2.40 C    16.5     4.6     9.9    93.0    47.8    75.2   0.538   0.576   0.563 -99.000 -99.000     9.2     9.2     9.3    10.1    12.4
63858 20160216  2.422  -87.24   32.46    18.3     6.2    12.2    12.1     0.0    17.55 C    21.1     3.4    11.2    95.1    42.2    69.7   0.618   0.619   0.592 -99.000 -99.000    10.8    10.6    10.3    10.4    12.3
63858 20160217  2.422  -87.24   32.46    15.1     2.1     8.6     7.7     0.0    15.75 C    20.1     1.2     7.7    92.9    41.2    73.5   0.612   0.620   0.599 -99.000 -99.000    10.0    10.4    10.6    10.9    12.4
63858 20160218  2.422  -87.24   32.46    19.0     0.3     9.7     8.7     0.0    18.31 C    23.1     0.2     8.4    93.6    29.3    66.4   0.570   0.611   0.595 -99.000 -99.000     9.5     9.9    10.2    11.0    12.4
63858 20160219  2.422  -87.24   32.46    22.7     2.4    12.5    13.4     0.0    18.50 C    24.0     1.0    11.2    91.5    27.0    62.4   0.544   0.603   0.593 -99.000 -99.000    10.5    10.5    10.5    11.1    12.5
63858 20160220  2.422  -87.24   32.46    22.3    10.7    16.5    17.1     0.0     8.80 C    23.6     8.6    15.6    94.4    56.7    78.2   0.538   0.595   0.594 -99.000 -99.000    12.9    12.3    11.7    11.3    12.5
63858 20160221  2.422  -87.24   32.46    21.5    13.3    17.4    17.0     0.0     5.14 C    22.1    11.9    15.8    94.1    66.1    84.9   0.536   0.596   0.591 -99.000 -99.000    13.9    13.4    12.8    11.9    12.6
63858 20160222  2.422  -87.24   32.46    17.4    14.0    15.7    15.7    52.8     1.41 C    18.9    13.4    15.3    95.9    89.9    93.6   0.592   0.620   0.596 -99.000 -99.000    14.2    13.9    13.4    12.5    12.8
63858 20160223  2.422  -87.24   32.46    22.7    15.3    19.0    17.6    41.4     6.24 C    25.3    15.1    17.5    95.6    64.5    89.6   0.642   0.642   0.602 -99.000 -99.000    15.4    14.8    14.0    13.0    13.0
63858 20160224  2.422  -87.24   32.46    17.3     6.9    12.1    10.6     0.0     8.10 C    16.4     4.8    10.3    91.9    64.0    73.2   0.643   0.646   0.605 -99.000 -99.000    13.4    14.1    14.2    13.5    13.2
63858 20160225  2.422  -87.24   32.46    14.8     3.0     8.9     8.5     0.0    19.47 C    18.5     1.3     7.8    82.7    37.7    58.3   0.634   0.640   0.605 -99.000 -99.000    11.1    11.9    12.5    13.4    13.5
63858 20160226  2.422  -87.24   32.46    13.1    -1.1     6.0     5.7     0.0    20.29 C    19.2    -1.1     6.0    92.4    31.4    61.3   0.607   0.635   0.603 -99.000 -99.000     9.8    10.8    11.6    12.9    13.6
63858 20160227  2.422  -87.24   32.46    16.0    -2.6     6.7     6.2     0.0    20.34 C    23.2    -2.3     7.1    94.1    33.0    69.6   0.575   0.624   0.595 -99.000 -99.000     9.5    10.2    10.9    12.4    13.5
63858 20160228  2.422  -87.24   32.46    21.1    -0.8    10.2    11.0     0.0    20.43 C    24.1    -1.0     9.6    95.0    20.7    59.5   0.554   0.609   0.596 -99.000 -99.000    10.1    10.5    10.8    12.1    13.5
63858 20160229  2.422  -87.24   32.46    22.7     5.3    14.0    14.9     0.0    17.72 C    28.0     4.4    14.3    92.8    46.2    72.7   0.544   0.599   0.587 -99.000 -99.000    12.3    12.0    11.7    12.1    13.3
63858 20160301  2.422  -87.24   32.46    23.3     9.6    16.5    16.4     6.0     9.06 C    25.4     7.5    15.1    96.4    52.9    79.2   0.555   0.598   0.586 -99.000 -99.000    13.7    13.4    12.9    12.5    13.3
63858 20160302  2.422  -87.24   32.46    15.7     3.4     9.5     8.8     0.0    21.13 C    21.3     2.1     9.3    90.4    31.9    66.6   0.565   0.617   0.596 -99.000 -99.000    12.5    13.1    13.2    12.9    13.4
63858 20160303  2.422  -87.24   32.46    15.1     2.1     8.6     6.5    28.4     3.27 C    18.4     0.9     6.5    94.7    45.6    81.2   0.578   0.612   0.592 -99.000 -99.000    10.0    11.1    12.0    13.0    13.5
63858 20160304  2.422  -87.24   32.46    13.7     2.9     8.3     8.5     0.0    11.57 C    19.2     2.0     8.9    94.5    62.5    82.7   0.628   0.635   0.602 -99.000 -99.000    10.4    10.9    11.3    12.5    13.5
63858 20160305  2.422  -87.24   32.46    18.2     0.6     9.4     9.1     0.0    21.12 C    23.3     0.4     9.3    96.0    42.9    75.1   0.632   0.633   0.600 -99.000 -99.000    10.5    10.9    11.3    12.3    13.5
63858 20160306  2.422  -87.24   32.46    21.2     1.3    11.2    10.7     0.0    21.92 C    25.9     0.7    10.0    95.4    23.5    65.0   0.611   0.636   0.605 -99.000 -99.000    11.1    11.4    11.6    12.3    13.4
63858 20160307  2.422  -87.24   32.46    23.9     2.6    13.3    14.5     0.0    20.86 C    26.1     1.3    12.2    87.9    33.0    58.9   0.575   0.621   0.601 -99.000 -99.000    11.8    11.8    11.9    12.4    13.4
63858 20160308  2.422  -87.24   32.46    24.6    10.0    17.3    17.0     0.0    16.50 C    28.9     6.9    14.8    85.0    41.2    63.5   0.556   0.609   0.598 -99.000 -99.000    13.4    13.1    12.7    12.6    13.4
63858 20160309  2.422  -87.24   32.46    26.1    11.7    18.9    19.7     0.0    14.22 C    29.7     8.6    17.1    83.9    49.7    63.6   0.543   0.593   0.584 -99.000 -99.000    14.7    14.2    13.6    13.0    13.5
63858 20160310  2.422  -87.24   32.46    24.6    17.9    21.2    20.9    33.8     6.79 C    24.5    14.6    18.8    94.4    61.7    72.7   0.550   0.595   0.582 -99.000 -99.000    16.2    15.6    14.7    13.5    13.6
63858 20160311  2.422  -87.24   32.46    22.8    16.5    19.6    18.8     4.6     5.82 C    25.2    15.9    18.6    94.8    70.4    87.1   0.653   0.638   0.612 -99.000 -99.000    17.0    16.6    15.7    14.2    13.7
63858 20160312  2.422  -87.24   32.46    22.4    16.0    19.2    19.4     4.8     5.65 C    23.6    15.0    18.8    94.8    71.7    85.3   0.661   0.640   0.614 -99.000 -99.000    17.1    16.8    16.1    14.7    14.0
63858 20160313  2.422  -87.24   32.46    24.2    14.7    19.4    19.1     0.0    19.90 C    27.4    13.5    18.6   100.0    52.8    78.9   0.662   0.645   0.618 -99.000 -99.000    17.6    17.3    16.6    15.1    14.2
63858 20160314  2.422  -87.24   32.46    26.6    13.5    20.1    20.1     0.0    17.37 C    27.4    12.5    18.4    91.4    42.6    73.7   0.656   0.645   0.618 -99.000 -99.000    17.8    17.6    17.0    15.6    14.5
63858 20160315  2.422  -87.24   32.46    29.7    11.2    20.4    20.7     0.0    21.05 C    29.5     9.9    18.9   100.0    32.6    70.0   0.619   0.641   0.617 -99.000 -99.000    17.7    17.5    17.0    15.9    14.7
63858 20160316  2.422  -87.24   32.46    25.5    14.6    20.1    20.3     0.0    16.57 C    27.0    13.8    18.8    93.3    29.8    68.9   0.586   0.627   0.614 -99.000 -99.000    18.5    18.2    17.6    16.1    15.0
63858 20160317  2.422  -87.24   32.46    25.6    11.3    18.4    17.3     4.2    15.52 C    28.1    10.6    16.6    95.0    31.6    68.8   0.575   0.606   0.597 -99.000 -99.000    17.6    17.8    17.5    16.5    15.2
63858 20160318  2.422  -87.24   32.46    21.9    10.9    16.4    15.8    27.0    11.53 C    27.8    10.4    16.6    93.8    59.4    85.6   0.618   0.629   0.606 -99.000 -99.000    17.0    17.2    17.1    16.5    15.4
63858 20160319  2.422  -87.24   32.46    19.4     7.6    13.5    14.7     0.0     9.75 C    24.9     6.6    14.9    95.2    62.3    79.2   0.649   0.641   0.620 -99.000 -99.000    16.8    17.1    17.0    16.5    15.5
63858 20160320  2.422  -87.24   32.46    13.7     3.9     8.8     8.3     0.0    19.93 C    18.2     2.7     8.0    82.9    33.5    55.7   0.640   0.642   0.612 -99.000 -99.000    14.1    15.2    15.9    16.4    15.6
63858 20160321  2.422  -87.24   32.46    14.6     1.5     8.0     7.4     0.0    23.98 C    20.3     0.3     7.8    91.7    36.1    63.5   0.597   0.628   0.610 -99.000 -99.000    12.5    13.5    14.4    15.8    15.7
63858 20160322  2.422  -87.24   32.46    20.5     0.4    10.5    11.4     0.0    23.94 C    24.2     0.0    10.8    95.4    26.1    60.4   0.563   0.608   0.601 -99.000 -99.000    12.5    13.2    13.8    15.2    15.7
63858 20160323  2.422  -87.24   32.46    24.6    10.2    17.4    16.9     0.0    15.31 C    27.5     7.2    16.1    82.9    42.2    67.2   0.546   0.593   0.588 -99.000 -99.000    14.4    14.4    14.4    14.8    15.5
63858 20160324  2.422  -87.24   32.46    20.1    15.1    17.6    17.3    10.9     2.47 C    20.1    13.7    16.4    94.8    71.4    85.0   0.567   0.597   0.589 -99.000 -99.000    15.6    15.5    15.3    15.1    15.4
63858 20160325  2.422  -87.24   32.46    20.9    10.4    15.6    14.6     0.0    23.21 C    25.0     8.8    14.8    87.6    38.3    68.7   0.631   0.636   0.611 -99.000 -99.000    16.0    16.1    15.7    15.3    15.4
63858 20160326  2.422  -87.24   32.46    22.7     8.7    15.7    16.5     0.0     7.51 C    27.1     7.8    16.0    91.4    72.2    83.2   0.603   0.630   0.612 -99.000 -99.000    15.5    15.6    15.7    15.5    15.4
63858 20160327  2.422  -87.24   32.46    19.8    17.2    18.5    18.3     6.7     2.31 C    20.9    16.2    18.0    94.9    85.9    90.7   0.621   0.639   0.613 -99.000 -99.000    16.8    16.6    16.2    15.7    15.5
63858 20160328  2.422  -87.24   32.46    21.3     8.3    14.8    16.2     0.0    21.05 C    24.3     7.8    16.4    95.2    39.6    76.6   0.648   0.644   0.615 -99.000 -99.000    17.3    17.2    16.8    15.9    15.6
63858 20160329  2.422  -87.24   32.46    23.0     5.5    14.2    14.0     0.0    24.91 C    26.3     5.1    13.5    92.8    25.5    63.6   0.608   0.636   0.612 -99.000 -99.000    15.8    16.3    16.4    16.1    15.7
63858 20160330  2.422  -87.24   32.46    24.9     8.2    16.6    17.8     0.0    15.09 C    24.9     7.9    16.3    90.1    44.0    63.3   0.572   0.619   0.604 -99.000 -99.000    15.9    16.1    16.1    16.1    15.8
63858 20160331  2.422  -87.24   32.46    24.0    15.8    19.9    19.5    61.1     9.22 C    25.9    14.4    19.0    94.8    67.9    83.8   0.625   0.633   0.609 -99.000 -99.000    17.5    17.1    16.7    16.1    15.8
63858 20160401  2.422  -87.24   32.46    21.1    13.1    17.1    18.3    35.7     6.42 C    22.2    11.4    17.8    95.9    59.1    81.8   0.654   0.646   0.616 -99.000 -99.000    18.3    18.2    17.6    16.5    15.9
63858 20160402  2.422  -87.24   32.46    18.4     9.0    13.7    13.7     0.0    25.80 C    21.6     7.4    13.1    76.1    32.3    54.6   0.651   0.647   0.615 -99.000 -99.000    16.4    17.0    17.1    16.7    16.0
63858 20160403  2.422  -87.24   32.46    22.2     4.9    13.6    13.3     0.0    25.89 C    23.8     4.2    12.7    92.9    26.1    60.0   0.612   0.638   0.613 -99.000 -99.000    15.4    16.0    16.3    16.6    16.1
63858 20160404  2.422  -87.24   32.46    24.6     5.0    14.8    15.0     0.0    25.75 C    26.4     4.7    14.4    95.3    29.8    66.8   0.568   0.615   0.605 -99.000 -99.000    15.6    16.0    16.1    16.4    16.2
63858 20160405  2.422  -87.24   32.46    23.9     8.1    16.0    15.6     0.0    25.57 C    25.6     7.3    14.4    92.1    23.1    57.9   0.535   0.595   0.581 -99.000 -99.000    16.0    16.3    16.4    16.3    16.2
63858 20160406  2.422  -87.24   32.46    24.7     7.8    16.2    16.5     6.4    16.35 C    25.9     6.9    15.4    93.3    43.2    63.1   0.520   0.579   0.569 -99.000 -99.000    15.7    16.0    16.2    16.4    16.2
63858 20160407  2.422  -87.24   32.46    25.0     8.3    16.6    17.8     0.0    25.81 C    26.2     8.3    16.8   100.0    28.6    60.8   0.535   0.582   0.574 -99.000 -99.000    16.8    16.9    16.6    16.4    16.2
63858 20160408  2.422  -87.24   32.46    20.4     5.8    13.1    14.4     0.0    26.63 C    23.6     5.1    13.9    86.6    25.3    49.2   0.473   0.557   0.566 -99.000 -99.000    16.3    16.8    16.8    16.6    16.2
63858 20160409  2.422  -87.24   32.46    21.7     3.1    12.4    13.0     0.0    25.38 C    24.9     2.9    12.8    93.6    29.4    60.7   0.427   0.536   0.553 -99.000 -99.000    15.2    15.8    16.2    16.5    16.3
63858 20160410  2.422  -87.24   32.46    24.3     9.0    16.6    16.2     0.0    23.27 C    26.8     8.4    15.4    82.7    28.0    49.8   0.385   0.517   0.548 -99.000 -99.000    15.9    16.2    16.3    16.5    16.3
63858 20160411  2.422  -87.24   32.46    21.2     8.1    14.7    14.9    50.9     8.15 C    24.6     7.3    14.5    95.0    55.3    80.1   0.457   0.531   0.552 -99.000 -99.000    15.6    16.0    16.3    16.5    16.3
63858 20160412  2.422  -87.24   32.46    22.4    12.5    17.5    17.3     1.3    14.84 C    25.4    12.3    17.4    95.7    62.0    83.0   0.658   0.640   0.605 -99.000 -99.000    17.2    17.1    16.7    16.5    16.3
63858 20160413  2.422  -87.24   32.46    18.4     9.6    14.0    15.2     3.8     7.35 C    19.3     9.5    15.4    95.7    68.7    86.7   0.654   0.640   0.602 -99.000 -99.000    16.5    16.8    16.8    16.6    16.3
63858 20160414  2.422  -87.24   32.46    21.1    15.2    18.2    17.4    25.3    12.90 C    25.0    14.7    17.8    94.6    68.9    83.1   0.663   0.645   0.605 -99.000 -99.000    17.6    17.5    17.1    16.7    16.4
63858 20160415  2.422  -87.24   32.46    18.8    13.8    16.3    15.7     0.0    10.91 C    21.3    13.6    16.0    82.2    65.9    74.8   0.663   0.644   0.607 -99.000 -99.000    16.8    17.2    17.2    16.8    16.5
63858 20160416  2.422  -87.24   32.46    22.4    14.3    18.4    17.7     0.0    18.15 C    26.4    13.4    17.6    85.2    57.1    72.7   0.635   0.642   0.607 -99.000 -99.000    17.3    17.3    17.1    16.9    16.6
63858 20160417  2.422  -87.24   32.46    24.5    11.5    18.0    17.9     0.0    26.86 C    27.9    10.3    17.4    83.0    30.6    60.2   0.574   0.619   0.595 -99.000 -99.000    17.8    17.9    17.6    17.0    16.6
63858 20160418  2.422  -87.24   32.46    25.0     8.4    16.7    16.8     0.0    26.14 C    28.4     7.8    16.4    90.4    29.4    61.3   0.512   0.592   0.582 -99.000 -99.000    17.4    17.7    17.6    17.2    16.7
63858 20160419  2.422  -87.24   32.46    26.8     7.8    17.3    18.0     0.0    24.59 C    30.7     7.6    18.2    94.3    34.1    69.2   0.453   0.571   0.571 -99.000 -99.000    17.9    17.8    17.6    17.3    16.7
63858 20160420  2.422  -87.24   32.46    27.3    15.5    21.4    21.0     0.0    20.19 C    29.4    13.9    20.7    91.7    37.6    63.8   0.416   0.556   0.567 -99.000 -99.000    19.4    19.1    18.5    17.5    16.8
63858 20160421  2.422  -87.24   32.46    24.7    11.8    18.2    18.1     6.2    13.09 C    29.1    11.6    18.4    94.8    53.9    83.1   0.427   0.538   0.560 -99.000 -99.000    18.9    18.9    18.7    17.8    16.9
63858 20160422  2.422  -87.24   32.46    25.8    15.8    20.8    19.2    22.0    21.42 C    30.1    15.1    20.3    95.6    56.6    84.3   0.641   0.631   0.601 -99.000 -99.000    20.0    19.7    19.1    18.0    17.1
63858 20160423  2.422  -87.24   32.46    25.8    11.2    18.5    18.4     0.0    27.43 C    27.5    11.0    18.3    94.2    37.8    70.9   0.630   0.639   0.605 -99.000 -99.000    19.7    19.8    19.4    18.3    17.2
63858 20160424  2.422  -87.24   32.46    27.4    10.4    18.9    19.7     0.0    26.47 C    31.8    10.4    20.0    94.2    39.8    68.6   0.557   0.616   0.595 -99.000 -99.000    19.7    19.6    19.4    18.5    17.4
63858 20160425  2.422  -87.24   32.46    27.3    13.2    20.2    20.8     0.0    23.69 C    32.4    13.1    21.3    94.7    46.4    72.2   0.503   0.593   0.587 -99.000 -99.000    20.5    20.3    19.8    18.7    17.5
63858 20160426  2.422  -87.24   32.46    28.5    14.6    21.6    21.8     0.0    25.87 C    34.4    14.3    22.5    95.7    47.0    74.7   0.450   0.578   0.576 -99.000 -99.000    21.3    21.0    20.3    19.0    17.6
63858 20160427  2.422  -87.24   32.46    27.5    16.2    21.9    20.6     6.3    14.19 C    32.3    15.7    21.4    96.0    61.5    86.5   0.479   0.570   0.572 -99.000 -99.000    21.3    21.2    20.7    19.3    17.7
63858 20160428  2.422  -87.24   32.46    29.0    18.5    23.8    23.1     0.0    19.94 C    35.3    18.5    24.1    95.6    57.9    81.7   0.514   0.575   0.565 -99.000 -99.000    22.3    21.8    21.0    19.6    18.0
63858 20160429  2.422  -87.24   32.46    29.4    16.4    22.9    22.8     0.0    21.54 C    34.4    16.3    24.1    95.8    59.5    80.2   0.456   0.561   0.560 -99.000 -99.000    22.8    22.4    21.6    19.9    18.1
63858 20160430  2.422  -87.24   32.46    27.9    16.1    22.0    22.4     0.0    16.50 C    32.1    16.1    23.1    94.7    58.7    79.2   0.419   0.551   0.561 -99.000 -99.000    22.5    22.4    21.8    20.3    18.3
63858 20160501  2.422  -87.24   32.46    26.8    16.5    21.6    21.1     5.7     8.38 C    29.6    16.5    21.7    95.8    71.0    88.3   0.464   0.546   0.556 -99.000 -99.000    22.0    22.1    21.7    20.5    18.5
63858 20160502  2.422  -87.24   32.46    27.0    16.7    21.9    20.4    21.1    11.86 C    32.4    17.0    21.6   100.0    64.1    91.9   0.571   0.585   0.575 -99.000 -99.000    21.7    21.8    21.5    20.6    18.7
63858 20160503  2.422  -87.24   32.46    23.7    15.3    19.5    19.5     2.0    16.17 C    27.9    15.1    20.6    95.6    61.2    80.8   0.647   0.650   0.617 -99.000 -99.000    21.6    21.7    21.4    20.6    18.9
63858 20160504  2.422  -87.24   32.46    23.1    11.9    17.5    17.5     0.0    26.11 C    28.7    12.1    19.1    93.2    41.0    67.7   0.619   0.645   0.618 -99.000 -99.000    20.6    21.0    21.0    20.5    18.9
63858 20160505  2.422  -87.24   32.46    22.3    10.6    16.4    16.3     0.0    28.09 C    29.0    10.3    17.8    95.1    33.0    58.3   0.566   0.615   0.601 -99.000 -99.000    19.9    20.4    20.5    20.4    19.0
63858 20160506  2.422  -87.24   32.46    23.4     7.5    15.4    15.2     0.0    27.29 C    29.6     8.1    16.8    92.6    38.4    65.3   0.513   0.595   0.577 -99.000 -99.000    19.1    19.7    19.9    20.1    19.0
63858 20160507  2.422  -87.24   32.46    26.2     7.5    16.9    17.3     0.0    28.33 C    33.6     7.9    19.6    94.8    35.2    69.8   0.470   0.578   0.569 -99.000 -99.000    19.5    19.7    19.7    19.9    19.1
63858 20160508  2.422  -87.24   32.46    29.1    10.1    19.6    20.6     0.0    28.61 C    36.9    10.3    22.4    94.5    36.9    63.9   0.440   0.567   0.562 -99.000 -99.000    20.6    20.5    20.2    19.8    19.0
63858 20160509  2.422  -87.24   32.46    24.4    15.0    19.7    20.2     0.0    13.29 C    30.6    15.6    21.1    91.9    57.7    73.0   0.417   0.553   0.556 -99.000 -99.000    20.8    20.9    20.7    20.1    19.0
63858 20160510  2.422  -87.24   32.46    28.8    17.3    23.0    23.4     0.0    23.79 C    37.2    16.9    25.0    91.2    56.8    74.3   0.402   0.538   0.557 -99.000 -99.000    22.1    21.8    21.1    20.2    19.1
63858 20160511  2.422  -87.24   32.46    28.8    16.4    22.6    23.0     0.0    21.09 C    37.8    16.1    25.0    96.0    55.3    80.8   0.390   0.530   0.552 -99.000 -99.000    22.9    22.6    21.9    20.5    19.1
63858 20160512  2.422  -87.24   32.46    30.1    19.2    24.7    24.1    16.5    24.03 C    39.1    19.6    26.6    94.5    48.6    76.6   0.418   0.523   0.545 -99.000 -99.000    24.0    23.6    22.7    20.9    19.2
63858 20160513  2.422  -87.24   32.46    26.6    13.5    20.1    21.0     0.0    27.82 C    33.6    13.8    23.0    95.9    43.4    75.0   0.518   0.549   0.552 -99.000 -99.000    23.6    23.6    23.0    21.4    19.4
63858 20160514  2.422  -87.24   32.46    27.5    10.7    19.1    20.0     0.0    26.44 C    35.5    11.0    22.1    95.5    41.7    67.6   0.456   0.534   0.534 -99.000 -99.000    22.2    22.5    22.4    21.6    19.7
63858 20160515  2.422  -87.24   32.46    23.4    12.5    18.0    17.1     0.0    27.68 C    31.9    13.0    20.0    89.5    34.6    61.1   0.422   0.525   0.521 -99.000 -99.000    21.5    22.0    22.0    21.5    19.8
63858 20160516  2.422  -87.24   32.46    24.2    11.1    17.7    18.7     0.0    18.92 C    30.5    12.2    20.5    89.6    44.7    65.8   0.398   0.514   0.510 -99.000 -99.000    20.8    21.3    21.4    21.3    19.9
63858 20160517  2.422  -87.24   32.46    24.4    18.6    21.5    21.0     1.8     8.36 C    32.3    18.2    21.7    94.8    69.9    82.0   0.392   0.510   0.505 -99.000 -99.000    21.5    21.7    21.5    21.2    19.9
63858 20160518  2.422  -87.24   32.46    27.5    18.4    23.0    22.2     1.8    12.84 C    33.4    18.3    23.1    95.1    66.9    85.6   0.405   0.508   0.507 -99.000 -99.000    22.1    22.0    21.7    21.1    19.9
63858 20160519  2.422  -87.24   32.46    29.1    16.0    22.5    22.0     0.0    27.64 C    37.5    16.3    24.9    92.1    48.6    75.0   0.400   0.506   0.505 -99.000 -99.000    23.1    22.9    22.3    21.2    19.9
63858 20160520  2.422  -87.24   32.46    26.3    19.0    22.7    22.1     7.8    10.87 C    30.8    19.4    23.0    93.0    72.0    84.8   0.497   0.516   0.506 -99.000 -99.000    22.8    22.9    22.6    21.5    20.0
63858 20160521  2.422  -87.24   32.46    28.5    16.1    22.3    23.3     0.0    24.60 C    37.6    15.7    25.2    92.8    46.4    74.1   0.466   0.514   0.504 -99.000 -99.000    23.9    23.6    22.9    21.6    20.1
63858 20160522  2.422  -87.24   32.46    26.6    13.1    19.8    19.5     0.0    29.48 C    34.8    13.2    21.8    93.3    37.2    68.6   0.420   0.500   0.499 -99.000 -99.000    22.6    22.9    22.8    21.9    20.2
63858 20160523  2.422  -87.24   32.46    28.7    10.9    19.8    19.9     0.0    28.92 C    37.9    11.0    22.7    95.3    33.6    68.7   0.394   0.488   0.491 -99.000 -99.000    22.2    22.5    22.3    21.9    20.3
63858 20160524  2.422  -87.24   32.46    29.9    13.0    21.4    21.6     0.0    27.90 C    39.2    13.3    24.4    94.8    35.9    71.1   0.379   0.488   0.484 -99.000 -99.000    22.9    22.9    22.5    21.8    20.4
63858 20160525  2.422  -87.24   32.46    29.4    15.1    22.2    22.6     0.0    26.84 C    38.5    15.0    25.1    94.0    43.0    72.8   0.367   0.483   0.476 -99.000 -99.000    23.5    23.5    23.0    22.0    20.4
63858 20160526  2.422  -87.24   32.46    30.9    17.0    24.0    24.1     0.0    28.40 C    41.7    17.3    27.6    94.3    40.8    72.0   0.360   0.480   0.469 -99.000 -99.000    24.5    24.2    23.5    22.2    20.5
63858 20160527  2.422  -87.24   32.46    29.6    18.9    24.3    24.4     0.0    20.30 C    40.5    18.8    27.0    93.2    53.3    74.6   0.355   0.474   0.467 -99.000 -99.000    24.7    24.6    24.0    22.5    20.6
63858 20160528  2.422  -87.24   32.46    29.3    19.6    24.5    23.9     0.4    18.38 C    42.2    19.9    26.4    94.2    54.8    78.2   0.354   0.467   0.462 -99.000 -99.000    24.9    24.7    24.1    22.7    20.8
63858 20160529  2.422  -87.24   32.46    32.4    18.2    25.3    24.9     0.0    25.21 C    44.8    18.4    28.8    95.1    44.3    73.8   0.353   0.469   0.464 -99.000 -99.000    25.3    25.1    24.4    22.9    20.9
63858 20160530  2.422  -87.24   32.46    33.8    17.8    25.8    25.7     0.0    27.39 C    48.5    17.9    30.2    94.7    37.3    69.9   0.348   0.470   0.466 -99.000 -99.000    25.9    25.6    24.8    23.2    21.1
63858 20160531  2.422  -87.24   32.46    34.7    19.0    26.8    25.9     0.0    25.52 C    49.2    19.7    30.7    93.9    33.2    68.1   0.341   0.469   0.461 -99.000 -99.000    26.4    26.1    25.3    23.5    21.2
63858 20160601  2.422  -87.24   32.46    32.4    20.1    26.2    26.0     0.0    24.46 C    47.6    21.4    31.3    92.6    45.7    72.7   0.334   0.465   0.462 -99.000 -99.000    26.8    26.5    25.6    23.9    21.4
63858 20160602  2.422  -87.24   32.46    31.8    20.7    26.3    25.7     0.0    22.81 C    46.6    21.8    30.5    93.9    42.8    73.8   0.328   0.464   0.465 -99.000 -99.000    27.0    26.8    26.0    24.2    21.6
63858 20160603  2.422  -87.24   32.46    32.6    19.2    25.9    26.1     0.2    25.96 C    47.9    20.0    31.3    93.8    42.8    72.2   0.320   0.461   0.463 -99.000 -99.000    27.2    27.0    26.2    24.4    21.8
63858 20160604  2.422  -87.24   32.46    30.5    21.0    25.7    24.3    18.3    17.48 C    44.1    22.2    27.4    94.7    62.4    85.1   0.364   0.487   0.476 -99.000 -99.000    26.5    26.7    26.2    24.7    22.0
63858 20160605  2.422  -87.24   32.46    29.2    21.7    25.4    24.3     2.0    17.87 C    40.5    22.4    27.2    94.8    61.7    83.4   0.466   0.536   0.492 -99.000 -99.000    25.9    26.0    25.7    24.7    22.2
63858 20160606  2.422  -87.24   32.46    30.7    21.4    26.1    24.8     0.0    15.39 C    40.9    21.8    27.4    94.9    57.1    82.8   0.442   0.516   0.487 -99.000 -99.000    25.8    26.0    25.6    24.6    22.3
63858 20160607  2.422  -87.24   32.46    33.6    19.8    26.7    26.1     0.0    29.78 C    47.1    19.9    30.5    95.9    32.7    66.8   0.422   0.507   0.487 -99.000 -99.000    26.4    26.3    25.8    24.5    22.4
63858 20160608  2.422  -87.24   32.46    31.2    17.3    24.2    24.1     0.0    30.63 C    45.8    18.0    29.1    90.3    29.8    61.5   0.403   0.494   0.486 -99.000 -99.000    26.1    26.3    25.9    24.7    22.5
63858 20160609  2.422  -87.24   32.46    31.8    15.2    23.5    23.0     0.0    23.33 C    49.1    15.9    27.5    93.7    33.2    66.9   0.389   0.488   0.485 -99.000 -99.000    25.3    25.6    25.5    24.7    22.6
63858 20160610  2.422  -87.24   32.46    33.6    16.1    24.9    25.1     0.0    26.99 C    49.1    16.1    30.6    94.8    33.8    69.0   0.378   0.482   0.480 -99.000 -99.000    25.9    25.9    25.5    24.6    22.6
63858 20160611  2.422  -87.24   32.46    34.5    20.8    27.7    26.7     0.0    24.21 C    52.8    21.7    32.7    93.8    42.1    73.0   0.374   0.479   0.482 -99.000 -99.000    27.5    27.2    26.3    24.8    22.7
63858 20160612  2.422  -87.24   32.46    34.3    21.2    27.7    27.6     0.0    25.27 C    51.5    22.2    33.4    92.9    46.0    70.6   0.363   0.481   0.480 -99.000 -99.000    27.9    27.7    26.8    25.1    22.8
63858 20160613  2.422  -87.24   32.46    35.2    21.1    28.2    27.2    12.9    24.01 C    52.7    22.5    32.9    93.6    44.3    74.8   0.400   0.482   0.486 -99.000 -99.000    28.3    28.1    27.3    25.5    23.0
63858 20160614  2.422  -87.24   32.46    31.7    22.1    26.9    24.9     3.8    18.13 C    43.5    23.4    28.2    95.3    57.8    85.6   0.494   0.495   0.493 -99.000 -99.000    27.3    27.5    27.1    25.7    23.1
63858 20160615  2.422  -87.24   32.46    30.1    22.5    26.3    25.1    24.8     6.83 C    33.3    23.0    26.2    96.1    75.0    90.9   0.541   0.553   0.546 -99.000 -99.000    26.1    26.4    26.4    25.7    23.3
63858 20160616  2.422  -87.24   32.46    34.5    21.5    28.0    27.6     1.3    27.19 C    45.0    22.0    31.2    96.7    53.8    76.0   0.513   0.561   0.589 -99.000 -99.000    27.7    27.3    26.6    25.5    23.4
63858 20160617  2.422  -87.24   32.46    34.7    20.5    27.6    25.4    10.8    21.51 C    46.7    21.5    29.2    95.5    53.5    82.3   0.513   0.545   0.579 -99.000 -99.000    27.5    27.6    27.1    25.7    23.5
63858 20160618  2.422  -87.24   32.46    29.0    20.0    24.5    23.8     0.0    20.82 C    40.7    21.5    26.8   100.0    66.0    84.8   0.518   0.548   0.582 -99.000 -99.000    26.5    26.7    26.6    25.7    23.5
63858 20160619  2.422  -87.24   32.46    30.3    20.3    25.3    24.9     0.0    25.68 C    41.5    20.8    28.4    94.1    49.2    73.5   0.489   0.533   0.572 -99.000 -99.000    26.6    26.8    26.4    25.6    23.6
63858 20160620  2.422  -87.24   32.46    30.1    18.3    24.2    23.9     0.0    26.91 C    46.7    18.6    28.5    93.9    43.5    71.4   0.464   0.519   0.565 -99.000 -99.000    26.3    26.5    26.3    25.5    23.6
63858 20160621  2.422  -87.24   32.46    31.9    16.9    24.4    24.4     0.0    29.20 C    48.1    17.5    30.2    95.3    35.6    69.2   0.450   0.509   0.557 -99.000 -99.000    26.4    26.5    26.2    25.4    23.7
63858 20160622  2.422  -87.24   32.46    33.0    18.8    25.9    26.2     0.0    28.53 C    50.9    19.7    32.0    93.7    38.0    67.8   0.443   0.504   0.555 -99.000 -99.000    27.2    27.2    26.6    25.5    23.7
63858 20160623  2.422  -87.24   32.46    33.1    18.8    25.9    26.2     0.0    29.22 C    52.5    19.7    32.9    93.8    41.7    68.9   0.433   0.500   0.548 -99.000 -99.000    27.9    27.8    27.0    25.7    23.7
63858 20160624  2.422  -87.24   32.46    35.2    20.2    27.7    27.5     0.0    27.57 C    53.0    21.4    34.1    92.3    46.4    72.1   0.433   0.493   0.544 -99.000 -99.000    28.6    28.3    27.4    26.0    23.8
63858 20160625  2.422  -87.24   32.46    35.9    21.6    28.7    28.8     0.0    27.94 C    54.7    23.0    35.6    93.3    41.4    71.3   0.424   0.491   0.540 -99.000 -99.000    29.5    29.1    28.1    26.3    23.9
63858 20160626  2.422  -87.24   32.46    36.1    22.4    29.3    28.3     0.0    25.32 C    55.0    23.7    34.8    94.7    38.7    72.0   0.424   0.491   0.530 -99.000 -99.000    29.7    29.5    28.6    26.7    24.1
63858 20160627  2.422  -87.24   32.46    34.0    21.9    27.9    26.4    37.9    25.09 C    53.5    23.1    33.6    95.1    49.5    78.1   0.479   0.534   0.556 -99.000 -99.000    29.1    29.2    28.6    27.0    24.3
63858 20160628  2.422  -87.24   32.46    31.7    22.8    27.2    26.2     0.0    19.64 C    43.3    23.9    29.4    95.2    57.2    81.9   0.557   0.635   0.631 -99.000 -99.000    28.2    28.4    28.2    27.2    24.5
63858 20160629  2.422  -87.24   32.46    31.9    21.6    26.8    25.3    35.7    17.40 C    45.8    20.9    28.7    94.8    56.5    84.1   0.590   0.624   0.614 -99.000 -99.000    27.9    28.1    27.9    27.1    24.6
63858 20160630  2.422  -87.24   32.46    32.8    19.8    26.3    25.7     0.0    29.40 C    43.3    21.2    29.7    95.4    35.6    70.1   0.597   0.651   0.631 -99.000 -99.000    27.6    27.7    27.4    26.8    24.6
63858 20160701  2.422  -87.24   32.46    33.9    18.7    26.3    25.9     0.0    27.85 C    45.4    19.9    30.7   100.0    36.6    74.6   0.530   0.600   0.605 -99.000 -99.000    27.7    27.8    27.4    26.7    24.7
63858 20160702  2.422  -87.24   32.46    35.1    20.5    27.8    28.0     0.0    28.51 C    49.0    22.0    33.2    94.3    40.9    72.5   0.504   0.580   0.592 -99.000 -99.000    28.5    28.4    27.7    26.7    24.7
63858 20160703  2.422  -87.24   32.46    34.7    22.6    28.6    28.6     0.0    27.65 C    51.2    23.6    34.1    94.3    41.8    70.3   0.481   0.571   0.585 -99.000 -99.000    29.2    29.0    28.2    26.8    24.8
63858 20160704  2.422  -87.24   32.46    34.4    23.7    29.0    29.0     0.0    25.53 C    52.6    24.2    34.2    93.6    46.2    71.2   0.461   0.560   0.578 -99.000 -99.000    29.4    29.3    28.6    27.0    24.8
63858 20160705  2.422  -87.24   32.46    31.7    23.5    27.6    26.3     0.0    13.85 C    47.5    24.1    30.0    94.2    59.7    81.5   0.450   0.546   0.572 -99.000 -99.000    28.6    28.8    28.5    27.2    24.9
63858 20160706  2.422  -87.24   32.46    32.0    22.2    27.1    26.7     0.0    19.99 C    51.7    23.1    31.4    96.1    62.3    81.2   0.446   0.539   0.567 -99.000 -99.000    28.4    28.4    28.0    27.1    25.0
63858 20160707  2.422  -87.24   32.46    34.3    22.4    28.3    28.5     0.0    26.14 C    52.5    23.0    34.3    95.8    49.9    73.1   0.443   0.530   0.565 -99.000 -99.000    29.2    29.0    28.3    27.1    25.0
63858 20160708  2.422  -87.24   32.46    35.1    23.6    29.3    29.1     0.0    25.83 C    54.6    24.4    35.4    93.0    43.9    71.5   0.435   0.521   0.562 -99.000 -99.000    30.0    29.7    28.9    27.3    25.1
63858 20160709  2.422  -87.24   32.46    32.4    23.0    27.7    25.3    13.8    10.87 C    53.4    24.0    28.5    94.3    60.6    85.9   0.479   0.553   0.567 -99.000 -99.000    28.4    28.8    28.7    27.6    25.2
63858 20160710  2.422  -87.24   32.46    33.3    21.4    27.3    25.2     3.9    24.13 C    46.8    22.6    30.3    96.4    47.7    83.6   0.505   0.570   0.571 -99.000 -99.000    28.2    28.3    28.0    27.4    25.3
63858 20160711  2.422  -87.24   32.46    32.9    22.0    27.4    26.0     0.0    24.77 C    47.8    23.0    31.0    95.1    54.7    81.9   0.501   0.556   0.567 -99.000 -99.000    28.5    28.4    28.1    27.2    25.3
63858 20160712  2.422  -87.24   32.46    32.7    20.9    26.8    25.0     0.5    18.30 C    50.8    22.2    29.3    95.2    54.0    82.8   0.475   0.546   0.562 -99.000 -99.000    28.1    28.3    28.1    27.2    25.3
63858 20160713  2.422  -87.24   32.46    33.6    20.5    27.0    25.2     0.0    22.39 C    52.9    21.4    31.1    95.1    52.8    80.7   0.461   0.540   0.558 -99.000 -99.000    27.9    27.9    27.7    27.1    25.3
63858 20160714  2.422  -87.24   32.46    32.6    21.2    26.9    25.5     0.2    20.38 C    54.1    22.0    31.0    95.2    58.9    80.2   0.449   0.536   0.554 -99.000 -99.000    28.0    28.1    27.8    27.1    25.3
63858 20160715  2.422  -87.24   32.46    31.6    20.1    25.8    25.0     0.0    21.60 C    51.2    21.2    31.3    93.5    55.1    78.7   0.439   0.528   0.551 -99.000 -99.000    27.7    27.9    27.7    27.1    25.4
63858 20160716  2.422  -87.24   32.46    33.0    21.6    27.3    25.5     2.3    21.39 C    52.6    23.1    30.9    94.9    52.7    83.5   0.429   0.530   0.549 -99.000 -99.000    28.3    28.3    27.9    27.1    25.4
63858 20160717  2.422  -87.24   32.46    32.8    21.0    26.9    26.3     0.0    26.68 C    55.8    22.0    33.2    95.5    54.4    79.5   0.422   0.517   0.545 -99.000 -99.000    28.6    28.5    28.0    27.1    25.4
63858 20160718  2.422  -87.24   32.46    34.1    21.2    27.6    27.2     0.0    26.31 C    56.6    22.4    34.8    95.4    48.2    76.2   0.406   0.505   0.541 -99.000 -99.000    29.2    29.0    28.4    27.3    25.4
63858 20160719  2.422  -87.24   32.46    34.5    22.1    28.3    28.0     0.0    23.83 C    57.3    23.4    34.9    94.9    50.3    75.6   0.384   0.491   0.534 -99.000 -99.000    29.5    29.4    28.8    27.5    25.5
63858 20160720  2.422  -87.24   32.46    33.9    22.0    27.9    26.8     0.0    18.22 C    56.6    23.5    32.6    94.8    52.6    80.6   0.361   0.477   0.532 -99.000 -99.000    29.3    29.3    28.9    27.7    25.6
63858 20160721  2.422  -87.24   32.46    36.1    22.0    29.0    28.0     0.0    22.41 C    58.7    22.9    34.6    95.2    41.8    74.2   0.341   0.467   0.525 -99.000 -99.000    29.5    29.3    28.8    27.8    25.7
63858 20160722  2.422  -87.24   32.46    32.9    22.9    27.9    27.1     1.3    21.48 C    50.9    24.0    32.5    95.0    60.3    81.2   0.328   0.460   0.521 -99.000 -99.000    29.3    29.4    28.9    27.9    25.7
63858 20160723  2.422  -87.24   32.46    33.6    22.2    27.9    27.5     0.0    22.71 C    56.1    23.2    34.4    95.9    53.3    79.8   0.315   0.455   0.515 -99.000 -99.000    29.6    29.5    29.0    27.9    25.9
63858 20160724  2.422  -87.24   32.46    34.5    22.7    28.6    28.3     0.0    24.86 C    57.9    23.9    35.2    94.5    45.7    73.5   0.299   0.450   0.510 -99.000 -99.000    30.1    30.0    29.3    28.1    25.9
63858 20160725  2.422  -87.24   32.46    34.6    21.5    28.0    27.9     0.0    25.05 C    55.9    22.4    34.8    96.2    42.9    71.9   0.280   0.440   0.505 -99.000 -99.000    30.0    30.0    29.5    28.3    26.0
63858 20160726  2.422  -87.24   32.46    33.5    22.6    28.0    26.3     5.6    20.37 C    55.2    23.2    31.2    92.5    53.7    81.8   0.289   0.440   0.499 -99.000 -99.000    29.3    29.6    29.3    28.3    26.1
63858 20160727  2.422  -87.24   32.46    31.7    22.0    26.8    26.2     0.0    16.36 C    46.8    22.7    29.5    94.8    59.7    80.0   0.297   0.432   0.495 -99.000 -99.000    28.4    28.8    28.7    28.3    26.1
63858 20160728  2.422  -87.24   32.46    33.6    21.0    27.3    26.1     4.3    23.84 C    51.0    21.6    31.3    95.7    48.2    79.3   0.292   0.438   0.491 -99.000 -99.000    28.3    28.5    28.3    28.0    26.1
63858 20160729  2.422  -87.24   32.46    33.6    21.8    27.7    27.4     0.0    25.33 C    49.7    22.8    31.9    95.1    46.5    72.8   0.298   0.436   0.493 -99.000 -99.000    29.2    29.1    28.6    27.9    26.2
63858 20160730  2.422  -87.24   32.46    34.9    22.4    28.6    27.1    14.3    22.66 C    55.3    22.9    33.4    95.1    43.9    77.3   0.330   0.467   0.498 -99.000 -99.000    29.8    29.7    29.1    28.0    26.2
63858 20160731  2.422  -87.24   32.46    34.1    22.3    28.2    27.6     0.0    26.06 C    49.2    23.4    32.6    96.1    48.6    78.0   0.388   0.511   0.511 -99.000 -99.000    30.0    29.8    29.2    28.1    26.2
63858 20160801  2.422  -87.24   32.46    35.1    22.9    29.0    27.3     0.0    23.38 C    58.1    24.0    33.7    94.2    45.4    77.4   0.356   0.485   0.512 -99.000 -99.000    30.5    30.4    29.6    28.2    26.3
63858 20160802  2.422  -87.24   32.46    36.4    21.9    29.2    26.8     0.0    23.74 C    58.2    23.2    34.1    94.7    44.3    80.0   0.333   0.471   0.512 -99.000 -99.000    30.7    30.5    29.8    28.5    26.3
63858 20160803  2.422  -87.24   32.46    34.8    21.7    28.2    27.0     5.3    24.18 C    57.8    22.8    34.1    96.1    50.7    81.2   0.335   0.476   0.511 -99.000 -99.000    30.7    30.6    29.9    28.6    26.3
63858 20160804  2.422  -87.24   32.46    35.6    22.8    29.2    27.9     0.0    22.94 C    52.7    24.1    33.2    95.6    45.3    76.9   0.335   0.483   0.506 -99.000 -99.000    30.6    30.6    30.0    28.8    26.4
63858 20160805  2.422  -87.24   32.46    35.6    22.7    29.1    27.4     0.0    25.06 C    56.3    23.5    34.6    95.5    47.9    77.2   0.305   0.453   0.506 -99.000 -99.000    30.8    30.7    30.0    28.8    26.5
63858 20160806  2.422  -87.24   32.46    35.8    22.0    28.9    28.2     0.0    25.26 C    57.2    23.0    35.5    94.4    41.1    72.4   0.286   0.442   0.502 -99.000 -99.000    31.1    30.9    30.2    28.9    26.6
63858 20160807  2.422  -87.24   32.46    33.8    23.6    28.7    28.1     0.0    23.17 C    55.3    24.4    35.1    92.5    52.9    76.4   0.275   0.430   0.501 -99.000 -99.000    31.2    31.2    30.4    29.1    26.7
63858 20160808  2.422  -87.24   32.46    32.0    23.2    27.6    26.1    16.5    11.57 C    52.6    24.3    29.8    94.5    62.5    87.4   0.346   0.488   0.507 -99.000 -99.000    29.9    30.3    30.2    29.2    26.8
63858 20160809  2.422  -87.24   32.46    32.0    23.7    27.8    26.4     0.0    14.24 C    46.5    24.7    29.4    95.8    64.4    86.7   0.382   0.511   0.520 -99.000 -99.000    29.2    29.5    29.4    29.0    26.9
63858 20160810  2.422  -87.24   32.46    30.2    24.7    27.4    26.2     3.4    12.51 C    39.8    24.9    28.1    93.4    70.4    88.1   0.353   0.484   0.518 -99.000 -99.000    28.8    29.1    29.1    28.7    26.9
63858 20160811  2.422  -87.24   32.46    29.2    24.7    26.9    26.1    11.7     9.47 C    35.8    24.6    27.2    93.4    76.4    88.0   0.432   0.539   0.541 -99.000 -99.000    28.2    28.6    28.7    28.5    26.9
63858 20160812  2.422  -87.24   32.46    29.7    24.0    26.8    26.0     8.9    11.95 C    39.0    24.3    27.4    93.0    72.9    86.6   0.486   0.576   0.574 -99.000 -99.000    28.0    28.4    28.4    28.2    26.8
63858 20160813  2.422  -87.24   32.46    31.2    22.9    27.1    25.1     5.4    13.59 C    42.0    23.2    26.8    92.4    60.3    85.8   0.503   0.596   0.590 -99.000 -99.000    27.6    28.1    28.2    28.0    26.7
63858 20160814  2.422  -87.24   32.46    32.6    22.0    27.3    26.7     0.0    19.49 C    42.3    22.8    28.9    95.3    53.4    80.1   0.468   0.579   0.584 -99.000 -99.000    28.1    28.2    28.0    27.8    26.7
63858 20160815  2.422  -87.24   32.46    32.6    21.6    27.1    25.6     0.2    21.27 C    42.9    22.0    28.6    94.8    52.8    81.4   0.412   0.551   0.571 -99.000 -99.000    28.1    28.4    28.2    27.8    26.6
63858 20160816  2.422  -87.24   32.46    33.4    21.3    27.3    26.8     0.7    23.66 C    46.9    21.4    30.7    96.0    51.0    77.8   0.345   0.522   0.565 -99.000 -99.000    28.6    28.7    28.3    27.7    26.5
63858 20160817  2.422  -87.24   32.46    33.2    21.6    27.4    27.1     0.0    23.63 C    49.6    22.3    31.4    95.7    48.7    76.3   0.300   0.495   0.551 -99.000 -99.000    29.0    29.1    28.6    27.8    26.5
63858 20160818  2.422  -87.24   32.46    33.5    21.9    27.7    27.0     4.6    21.18 C    49.5    22.9    31.3    94.8    51.3    77.9   0.288   0.468   0.547 -99.000 -99.000    29.2    29.3    28.8    28.0    26.5
63858 20160819  2.422  -87.24   32.46    33.0    21.7    27.4    26.0    15.5    19.23 C    44.6    20.8    28.6    95.9    55.4    82.3   0.364   0.508   0.551 -99.000 -99.000    28.7    29.0    28.8    28.1    26.6
63858 20160820  2.422  -87.24   32.46    32.0    22.2    27.1    25.8    10.3    19.88 C    40.0    22.2    28.0    95.8    61.1    85.3   0.525   0.610   0.590 -99.000 -99.000    28.5    28.7    28.5    28.1    26.6
63858 20160821  2.422  -87.24   32.46    31.7    21.4    26.5    25.2    11.4    17.59 C    39.1    22.2    27.4    96.1    63.5    86.8   0.546   0.619   0.596 -99.000 -99.000    28.2    28.5    28.4    28.1    26.6
63858 20160822  2.422  -87.24   32.46    31.9    22.0    27.0    25.9     0.0    18.68 C    40.3    22.9    28.1    95.4    57.0    84.5   0.531   0.609   0.596 -99.000 -99.000    28.3    28.4    28.2    27.9    26.6
63858 20160823  2.422  -87.24   32.46    32.8    22.5    27.7    27.0     0.0    23.61 C    40.8    23.3    29.6   100.0    54.9    81.5   0.459   0.576   0.587 -99.000 -99.000    28.7    28.7    28.4    27.9    26.6
63858 20160824  2.422  -87.24   32.46    33.1    23.3    28.2    27.4     0.0    24.29 C    41.7    23.7    30.0    95.4    57.0    80.7   0.385   0.535   0.574 -99.000 -99.000    29.0    29.1    28.6    28.0    26.5
63858 20160825  2.422  -87.24   32.46    32.9    23.1    28.0    27.2     0.0    22.50 C    42.5    23.3    29.9    96.0    56.9    81.9   0.324   0.494   0.561 -99.000 -99.000    29.1    29.2    28.8    28.0    26.5
63858 20160826  2.422  -87.24   32.46    33.1    21.8    27.4    27.0     0.0    23.33 C    41.8    22.1    29.2    95.9    45.6    76.6   0.285   0.457   0.548 -99.000 -99.000    28.9    29.1    28.9    28.1    26.6
63858 20160827  2.422  -87.24   32.46    33.0    20.9    27.0    26.2     0.0    24.34 C    42.8    20.9    28.5    95.3    41.4    75.8   0.259   0.422   0.530 -99.000 -99.000    28.5    28.8    28.6    28.1    26.6
63858 20160828  2.422  -87.24   32.46    32.8    20.2    26.5    26.0     0.0    20.15 C    42.1    20.5    27.9    94.2    47.3    76.8   0.242   0.399   0.505 -99.000 -99.000    28.1    28.4    28.3    28.1    26.6
63858 20160829  2.422  -87.24   32.46    33.6    22.9    28.3    27.5     0.0    23.84 C    43.1    22.2    29.4    89.3    45.5    71.9   0.230   0.385   0.479 -99.000 -99.000    28.6    28.7    28.4    27.9    26.6
63858 20160830  2.422  -87.24   32.46    33.1    21.2    27.1    26.6     0.0    22.49 C    41.5    21.2    28.5    93.0    45.4    75.7   0.219   0.373   0.454 -99.000 -99.000    28.5    28.7    28.5    28.0    26.6
63858 20160831  2.422  -87.24   32.46    33.5    21.2    27.3    26.7     0.0    23.64 C    43.1    21.1    28.7    92.9    44.9    74.1   0.211   0.363   0.433 -99.000 -99.000    28.4    28.6    28.4    28.0    26.6
63858 20160901  2.422  -87.24   32.46    33.7    20.7    27.2    26.9     2.0    21.18 C    42.1    21.0    28.5    93.9    49.7    79.2   0.208   0.361   0.410 -99.000 -99.000    28.4    28.6    28.4    27.9    26.6
63858 20160902  2.422  -87.24   32.46    32.2    22.2    27.2    26.3     0.0    19.89 C    39.6    21.8    27.6    92.2    53.5    78.2   0.215   0.355   0.399 -99.000 -99.000    28.2    28.4    28.3    27.9    26.6
63858 20160903  2.422  -87.24   32.46    30.7    22.7    26.7    26.0     0.0    20.23 C    38.5    22.8    28.0    92.5    60.4    76.6   0.220   0.349   0.391 -99.000 -99.000    27.9    28.2    28.1    27.8    26.6
63858 20160904  2.422  -87.24   32.46    32.2    21.8    27.0    26.3     0.0    20.47 C    39.6    21.6    28.0    93.0    52.4    76.9   0.225   0.346   0.384 -99.000 -99.000    27.9    28.1    28.0    27.7    26.6
63858 20160905  2.422  -87.24   32.46    32.8    19.5    26.2    25.7     0.0    20.38 C    41.4    19.1    27.4    94.3    39.1    75.0   0.223   0.344   0.377 -99.000 -99.000    27.8    28.1    28.0    27.7    26.5
63858 20160906  2.422  -87.24   32.46    33.0    17.9    25.5    24.6     0.0    23.21 C    41.6    17.5    26.1    95.2    35.0    73.1   0.225   0.339   0.370 -99.000 -99.000    27.1    27.5    27.7    27.6    26.5
63858 20160907  2.422  -87.24   32.46    33.8    17.0    25.4    24.7     0.0    23.37 C    41.6    16.9    26.2    95.4    28.9    71.4   0.219   0.336   0.365 -99.000 -99.000    26.8    27.2    27.3    27.5    26.5
63858 20160908  2.422  -87.24   32.46    33.9    17.8    25.8    24.7     0.0    21.27 C    40.7    17.6    25.6    95.1    26.6    70.1   0.214   0.334   0.362 -99.000 -99.000    26.7    27.0    27.1    27.2    26.4
63858 20160909  2.422  -87.24   32.46    33.6    15.7    24.6    24.4     0.0    22.68 C    41.9    15.5    25.7    95.5    31.8    71.0   0.209   0.334   0.357 -99.000 -99.000    26.5    26.7    26.9    27.1    26.4
63858 20160910  2.422  -87.24   32.46    33.7    18.1    25.9    26.0     0.0    18.61 C    42.1    18.0    26.9    94.4    42.0    72.0   0.205   0.336   0.354 -99.000 -99.000    26.7    26.9    26.9    26.9    26.3
63858 20160911  2.422  -87.24   32.46    32.9    21.0    26.9    24.4     0.4    12.40 C    42.9    20.9    25.7    95.2    53.3    84.5   0.201   0.337   0.353 -99.000 -99.000    26.8    27.0    27.0    26.9    26.3
63858 20160912  2.422  -87.24   32.46    31.4    20.7    26.0    24.6     0.0    13.31 C    37.2    20.2    25.7    95.6    54.8    81.4   0.200   0.336   0.350 -99.000 -99.000    26.4    26.7    26.8    26.8    26.2
63858 20160913  2.422  -87.24   32.46    32.9    19.9    26.4    25.4     0.0    17.56 C    41.3    19.6    27.4    94.5    48.7    78.1   0.198   0.336   0.348 -99.000 -99.000    26.6    26.8    26.7    26.7    26.1
63858 20160914  2.422  -87.24   32.46    33.6    19.7    26.6    25.9     0.0    20.46 C    41.2    19.2    28.0    94.2    42.5    73.6   0.196   0.338   0.346 -99.000 -99.000    26.8    26.9    26.9    26.6    26.1
63858 20160915  2.422  -87.24   32.46    35.1    18.7    26.9    26.3     0.0    21.88 C    41.6    18.4    28.3    95.1    36.2    70.4   0.194   0.337   0.345 -99.000 -99.000    27.0    27.1    26.9    26.6    26.0
63858 20160916  2.422  -87.24   32.46    34.3    20.1    27.2    26.6     0.0    20.26 C    39.7    19.8    28.1    92.5    38.5    68.1   0.189   0.335   0.345 -99.000 -99.000    27.2    27.3    27.1    26.7    26.0
63858 20160917  2.422  -87.24   32.46    29.5    22.6    26.0    24.4     7.4     5.78 C    33.7    22.1    25.1    95.4    77.8    88.6   0.190   0.332   0.344 -99.000 -99.000    26.7    27.0    27.1    26.8    26.0
63858 20160918  2.422  -87.24   32.46    31.7    22.5    27.1    25.4     0.0    14.24 C    38.9    22.5    27.4    95.5    57.1    84.8   0.217   0.337   0.343 -99.000 -99.000    26.9    27.0    26.9    26.7    26.0
63858 20160919  2.422  -87.24   32.46    34.3    20.7    27.5    26.3     0.0    21.90 C    41.5    20.6    28.7    95.9    40.1    74.5   0.210   0.338   0.344 -99.000 -99.000    27.3    27.4    27.1    26.7    25.9
63858 20160920  2.422  -87.24   32.46    35.0    19.7    27.4    26.2     0.0    22.00 C    48.2    19.9    29.6    94.2    29.3    67.2   0.204   0.338   0.344 -99.000 -99.000    27.2    27.4    27.2    26.8    26.0
63858 20160921  2.422  -87.24   32.46    34.9    18.5    26.7    25.5     0.0    18.81 C    44.8    18.6    27.9    94.0    31.8    70.4   0.201   0.338   0.344 -99.000 -99.000    27.1    27.3    27.1    26.8    25.9
63858 20160922  2.422  -87.24   32.46    34.6    18.2    26.4    25.4     0.0    19.79 C    51.1    18.8    29.5    95.7    36.3    71.1   0.197   0.338   0.344 -99.000 -99.000    27.2    27.3    27.1    26.8    25.9
63858 20160923  2.422  -87.24   32.46    36.1    19.3    27.7    26.7     0.0    17.73 C    53.6    19.9    30.5    94.2    33.3    68.4   0.193   0.338   0.344 -99.000 -99.000    27.5    27.5    27.2    26.9    25.9
63858 20160924  2.422  -87.24   32.46    36.2    19.3    27.8    25.6     0.0    16.85 C    54.1    19.4    29.3    95.0    31.3    72.3   0.188   0.337   0.345 -99.000 -99.000    27.5    27.6    27.4    26.9    25.9
63858 20160925  2.422  -87.24   32.46    36.3    18.8    27.6    25.9     0.0    16.66 C    53.0    18.8    28.8    94.7    31.2    70.1   0.182   0.336   0.345 -99.000 -99.000    27.3    27.4    27.2    26.9    26.0
63858 20160926  2.422  -87.24   32.46    34.2    19.0    26.6    26.1     0.0    20.87 C    45.1    19.3    29.2    94.2    37.1    69.7   0.176   0.335   0.344 -99.000 -99.000    27.6    27.5    27.3    26.9    25.9
63858 20160927  2.422  -87.24   32.46    32.7    19.4    26.1    24.6     0.0    16.29 C    41.6    19.5    27.6    94.8    49.1    76.1   0.170   0.334   0.344 -99.000 -99.000    27.5    27.7    27.5    27.0    25.9
63858 20160928  2.422  -87.24   32.46    31.5    14.2    22.8    22.3     0.0    21.08 C    39.8    14.4    25.2    94.6    24.9    64.6   0.163   0.331   0.343 -99.000 -99.000    26.3    26.8    27.0    27.0    25.9
63858 20160929  2.422  -87.24   32.46    26.1    12.0    19.0    18.4     0.0    21.46 C    33.3    12.2    21.0    92.5    30.8    62.8   0.153   0.325   0.340 -99.000 -99.000    24.5    25.4    25.9    26.7    25.9
63858 20160930  2.422  -87.24   32.46    26.0     8.5    17.2    16.6     0.0    20.41 C    36.3     8.1    19.7    93.9    36.2    68.8   0.146   0.322   0.338 -99.000 -99.000    23.2    24.1    24.9    26.2    25.9
63858 20161001  2.422  -87.24   32.46    28.1     8.9    18.5    17.8     0.0    16.82 C    37.0     9.0    20.5    95.2    36.4    71.1   0.141   0.319   0.335 -99.000 -99.000    22.8    23.5    24.2    25.6    25.7
63858 20161002  2.422  -87.24   32.46    29.8    12.4    21.1    19.7     0.0    16.61 C    37.5    12.9    22.1    93.2    30.0    68.1   0.140   0.318   0.336 -99.000 -99.000    23.3    23.8    24.1    25.2    25.5
63858 20161003  2.422  -87.24   32.46    31.4    11.6    21.5    20.6     0.0    19.55 C    40.0    11.8    22.9    91.5    30.5    65.6   0.136   0.317   0.335 -99.000 -99.000    23.5    23.8    24.1    25.0    25.3
63858 20161004  2.422  -87.24   32.46    32.8    12.6    22.7    22.7     0.0    19.03 C    48.0    12.5    25.8    93.1    35.3    68.3   0.132   0.317   0.335 -99.000 -99.000    24.1    24.2    24.3    24.9    25.2
63858 20161005  2.422  -87.24   32.46    31.4    16.2    23.8    22.7     0.0    19.98 C    46.2    15.6    25.3    79.9    27.3    56.9   0.128   0.316   0.336 -99.000 -99.000    24.4    24.7    24.7    25.0    25.0
63858 20161006  2.422  -87.24   32.46    31.8    16.9    24.4    23.4     0.0    19.17 C    46.8    15.7    26.1    86.4    35.9    62.1   0.124   0.315   0.336 -99.000 -99.000    24.5    24.6    24.6    25.0    24.9
63858 20161007  2.422  -87.24   32.46    33.2    17.4    25.3    23.8     0.0    19.35 C    46.5    15.8    26.0    84.4    26.4    57.3   0.119   0.314   0.336 -99.000 -99.000    24.5    24.7    24.7    25.0    24.9
63858 20161008  2.422  -87.24   32.46    30.9    14.5    22.7    23.3     0.0    19.57 C    44.7    11.0    25.1    83.0    30.5    50.1   0.112   0.312   0.335 -99.000 -99.000    24.0    24.5    24.6    25.0    24.9
63858 20161009  2.422  -87.24   32.46    30.4     6.5    18.4    18.3     0.0    20.37 C    44.1     6.2    20.0    81.9    15.1    44.3   0.105   0.307   0.333 -99.000 -99.000    22.1    23.0    23.7    24.8    24.8
63858 20161010  2.422  -87.24   32.46    26.6     7.6    17.1    16.4     0.0    15.00 C    40.6     7.7    18.4    87.7    29.0    59.7   0.101   0.303   0.330 -99.000 -99.000    21.1    22.0    22.8    24.3    24.7
63858 20161011  2.422  -87.24   32.46    27.0     8.6    17.8    16.6     0.0    19.86 C    41.4     7.5    19.1    88.7    25.8    60.6   0.100   0.300   0.329 -99.000 -99.000    21.0    21.7    22.3    23.8    24.5
63858 20161012  2.422  -87.24   32.46    28.1     8.5    18.3    17.4     0.0    19.24 C    43.4     8.6    20.2    89.1    33.5    61.7   0.099   0.298   0.328 -99.000 -99.000    21.0    21.5    22.0    23.5    24.3
63858 20161013  2.422  -87.24   32.46    30.5     9.2    19.8    18.9     0.0    18.61 C    45.2     9.3    22.1    93.0    32.1    65.9   0.098   0.297   0.327 -99.000 -99.000    21.6    21.8    22.1    23.3    24.1
63858 20161014  2.422  -87.24   32.46    30.9    11.5    21.2    20.1     0.0    17.57 C    45.7    11.7    22.9    92.7    23.8    62.7   0.099   0.297   0.327 -99.000 -99.000    22.1    22.3    22.5    23.2    24.0
63858 20161015  2.422  -87.24   32.46    28.6    14.3    21.4    21.5     0.0    13.24 C    42.1    12.7    23.1    86.0    44.3    68.2   0.097   0.296   0.328 -99.000 -99.000    22.4    22.5    22.7    23.3    23.8
63858 20161016  2.422  -87.24   32.46    25.7    15.5    20.6    20.6     9.4     6.48 C    32.5    15.5    21.0    96.1    63.6    84.8   0.118   0.319   0.323 -99.000 -99.000    22.4    22.8    22.9    23.3    23.8
63858 20161017  2.422  -87.24   32.46    31.0    14.9    23.0    22.2     0.0    17.32 C    40.2    14.9    23.5    96.4    38.6    73.0   0.127   0.314   0.323 -99.000 -99.000    22.5    22.7    22.8    23.3    23.7
63858 20161018  2.422  -87.24   32.46    32.1    16.2    24.2    23.9     0.0    16.76 C    44.6    15.8    25.7    93.7    39.2    70.4   0.128   0.312   0.325 -99.000 -99.000    23.4    23.4    23.2    23.4    23.7
63858 20161019  2.422  -87.24   32.46    31.1    15.8    23.4    22.7     0.0    11.83 C    45.5    15.7    24.2    95.5    41.3    74.7   0.125   0.311   0.326 -99.000 -99.000    23.4    23.7    23.6    23.5    23.7
63858 20161020  2.422  -87.24   32.46    31.5    14.5    23.0    22.9     0.0    13.68 C    43.6    14.2    24.7    95.3    32.7    68.5   0.122   0.308   0.326 -99.000 -99.000    22.9    23.2    23.3    23.6    23.6
63858 20161021  2.422  -87.24   32.46    23.4     9.4    16.4    17.3     0.0    18.04 C    36.5     6.4    19.2    76.7    30.7    53.5   0.117   0.305   0.325 -99.000 -99.000    21.3    22.3    22.9    23.6    23.6
63858 20161022  2.422  -87.24   32.46    22.9     4.0    13.4    11.9     0.0    18.35 C    35.7     3.4    14.0    88.8    18.5    59.0   0.109   0.299   0.320 -99.000 -99.000    18.6    20.0    21.2    23.1    23.6
63858 20161023  2.422  -87.24   32.46    26.0     2.5    14.3    12.9     0.0    18.05 C    39.2     2.8    15.3    94.4    17.9    61.0   0.106   0.297   0.318 -99.000 -99.000    18.1    19.1    20.1    22.4    23.4
63858 20161024  2.422  -87.24   32.46    26.9     5.1    16.0    15.0     0.0    14.09 C    40.7     5.5    17.2    93.2    25.2    63.2   0.104   0.295   0.317 -99.000 -99.000    18.4    19.2    19.9    21.8    23.2
63858 20161025  2.422  -87.24   32.46    30.0     7.1    18.5    17.5     0.0    16.87 C    41.1     7.1    18.9    92.1    26.3    61.3   0.103   0.296   0.318 -99.000 -99.000    19.2    19.6    20.1    21.5    23.0
63858 20161026  2.422  -87.24   32.46    29.2    10.5    19.9    19.6     0.0    15.61 C    40.8     8.5    20.9    86.8    32.1    62.4   0.102   0.296   0.320 -99.000 -99.000    19.9    20.2    20.4    21.5    22.7
63858 20161027  2.422  -87.24   32.46    29.5    12.9    21.2    19.6     0.0    14.23 C    43.4    12.3    21.6    91.1    33.8    69.7   0.100   0.298   0.321 -99.000 -99.000    20.9    21.0    21.0    21.6    22.6
63858 20161028  2.422  -87.24   32.46    30.9    10.4    20.6    19.3     0.0    14.74 C    43.1    10.3    21.1    93.9    32.1    69.1   0.096   0.296   0.322 -99.000 -99.000    20.8    21.0    21.1    21.7    22.5
63858 20161029  2.422  -87.24   32.46    30.5    10.2    20.3    19.1     0.0    15.47 C    42.5    10.0    20.8    92.9    29.6    66.7   0.093   0.296   0.322 -99.000 -99.000    20.9    21.1    21.2    21.7    22.5
63858 20161030  2.422  -87.24   32.46    31.0     9.5    20.2    18.7     0.0    16.05 C    43.1     9.2    20.6    93.0    27.3    65.5   0.091   0.294   0.322 -99.000 -99.000    20.7    21.0    21.2    21.8    22.4
63858 20161031  2.422  -87.24   32.46    31.3     9.9    20.6    19.1     0.0    15.64 C    43.4     9.9    21.0    92.5    31.3    66.6   0.089   0.294   0.321 -99.000 -99.000    20.8    21.0    21.1    21.7    22.4
63858 20161101  2.422  -87.24   32.46    31.1    10.1    20.6    19.3     0.0    14.64 C    42.3     9.6    20.6    94.0    27.8    64.7   0.088   0.293   0.322 -99.000 -99.000    20.8    21.0    21.2    21.7    22.3
63858 20161102  2.422  -87.24   32.46    28.2    12.2    20.2    19.4     0.0    12.03 C    39.8    11.6    20.4    93.3    46.2    73.6   0.087   0.291   0.321 -99.000 -99.000    20.8    21.0    21.2    21.7    22.3
63858 20161103  2.422  -87.24   32.46    30.5    11.3    20.9    19.6     0.0    14.07 C    44.1    11.1    21.5    94.6    32.9    69.7   0.086   0.291   0.321 -99.000 -99.000    21.0    21.1    21.2    21.7    22.3
63858 20161104  2.422  -87.24   32.46    28.5    12.3    20.4    19.4     0.0    15.31 C    39.2     8.6    20.1    88.6    25.3    60.0   0.085   0.289   0.321 -99.000 -99.000    20.9    21.2    21.3    21.8    22.3
63858 20161105  2.422  -87.24   32.46    25.6     6.8    16.2    15.6     0.0    12.77 C    35.4     6.3    16.4    84.9    30.6    60.1   0.082   0.285   0.319 -99.000 -99.000    19.2    19.9    20.5    21.6    22.2
63858 20161106  2.422  -87.24   32.46    23.3     6.6    14.9    13.9     0.0    12.42 C    32.1     5.5    15.3    92.7    25.9    62.4   0.081   0.281   0.317 -99.000 -99.000    18.4    19.2    19.9    21.3    22.1
63858 20161107  2.422  -87.24   32.46    27.2     7.6    17.4    17.5     0.0    14.48 C    35.9     7.4    18.3    87.1    35.5    57.9   0.081   0.280   0.316 -99.000 -99.000    18.7    19.0    19.5    20.9    22.0
63858 20161108  2.422  -87.24   32.46    22.2    10.8    16.5    16.6     0.0     8.98 C    35.5    10.3    17.8    80.6    37.5    51.3   0.081   0.279   0.316 -99.000 -99.000    18.6    19.2    19.7    20.8    21.9
63858 20161109  2.422  -87.24   32.46    23.5     7.3    15.4    15.1     0.0    11.25 C    35.1     6.7    16.5    83.2    39.0    64.1   0.080   0.278   0.315 -99.000 -99.000    18.5    19.0    19.5    20.7    21.8
63858 20161110  2.422  -87.24   32.46    23.2     1.2    12.2    10.9     0.0    15.54 C    33.3     0.9    12.0    93.9    17.6    61.2   0.077   0.274   0.312 -99.000 -99.000    16.8    17.7    18.6    20.4    21.7
63858 20161111  2.422  -87.24   32.46    18.8     0.3     9.5     9.3     0.0     7.80 C    25.3     0.0    10.2    93.4    38.6    69.2   0.077   0.269   0.309 -99.000 -99.000    15.2    16.3    17.5    19.9    21.5
63858 20161112  2.422  -87.24   32.46    22.2     5.3    13.8    12.4     0.0    12.34 C    31.3     4.9    13.1    89.7    30.5    62.9   0.077   0.269   0.308 -99.000 -99.000    15.7    16.4    17.2    19.3    21.3
63858 20161113  2.422  -87.24   32.46    20.6     6.1    13.4    12.6     0.0    10.00 C    29.3     4.3    13.4    85.4    41.8    64.4   0.077   0.268   0.307 -99.000 -99.000    15.7    16.3    17.0    19.0    21.1
63858 20161114  2.422  -87.24   32.46    21.7     3.4    12.5    10.8     0.0    14.09 C    32.8     3.1    12.4    94.1    29.6    68.1   0.076   0.267   0.307 -99.000 -99.000    15.7    16.3    17.0    18.8    20.8
63858 20161115  2.422  -87.24   32.46    17.7     2.1     9.9     8.8     0.9     6.18 C    22.3     2.3     9.7   100.0    66.7    87.4   0.076   0.264   0.305 -99.000 -99.000    14.5    15.4    16.4    18.6    20.6
63858 20161116  2.422  -87.24   32.46    24.8     5.0    14.9    12.0     0.0    12.27 C    31.4     4.2    13.4   100.0    28.4    79.9   0.078   0.265   0.305 -99.000 -99.000    15.5    15.9    16.5    18.2    20.5
63858 20161117  2.422  -87.24   32.46    26.7     2.5    14.6    13.0     0.0    14.24 C    34.2     2.3    13.4    95.1    22.1    64.3   0.078   0.265   0.304 -99.000 -99.000    15.3    15.8    16.4    18.2    20.2
63858 20161118  2.422  -87.24   32.46    26.0     4.0    15.0    14.8     0.0    13.30 C    34.6     3.5    15.2    93.6    37.2    69.9   0.078   0.264   0.305 -99.000 -99.000    15.9    16.1    16.6    18.1    20.1
63858 20161119  2.422  -87.24   32.46    18.1     1.9    10.0    11.6     0.0    14.66 C    26.1    -1.2    12.2    87.5    17.5    48.6   0.076   0.264   0.305 -99.000 -99.000    15.2    16.1    16.8    18.1    19.9
63858 20161120  2.422  -87.24   32.46    15.1    -3.4     5.9     4.7     0.0    14.55 C    26.2    -4.0     6.0    91.2    16.0    54.1   0.072   0.258   0.301 -99.000 -99.000    12.5    13.8    15.1    17.8    19.8
63858 20161121  2.422  -87.24   32.46    18.8    -4.2     7.3     5.4     0.0    14.36 C    27.3    -4.0     6.5    91.6     9.5    53.6   0.070   0.256   0.298 -99.000 -99.000    11.7    12.8    14.1    17.2    19.7
63858 20161122  2.422  -87.24   32.46    20.8    -3.5     8.7     7.8     0.0    14.25 C    28.9    -3.6     8.3    89.2    10.6    47.3   0.070   0.255   0.297 -99.000 -99.000    11.8    12.6    13.7    16.6    19.4
63858 20161123  2.422  -87.24   32.46    23.8     0.2    12.0    13.5     0.0    10.43 C    33.7    -1.5    13.2    75.8    34.8    54.4   0.072   0.255   0.297 -99.000 -99.000    13.3    13.4    14.0    16.3    19.1
63858 20161124  2.422  -87.24   32.46    25.0     6.4    15.7    14.8     0.0    11.67 C    36.5     5.9    15.7    91.9    45.4    74.2   0.075   0.259   0.299 -99.000 -99.000    15.5    15.4    15.4    16.4    18.9
63858 20161125  2.422  -87.24   32.46    21.8     3.6    12.7    11.9     0.0    13.16 C    33.3     2.4    12.8    96.2    36.2    71.5   0.074   0.258   0.299 -99.000 -99.000    14.9    15.2    15.6    16.8    18.8
63858 20161126  2.422  -87.24   32.46    17.6    -2.3     7.6     7.0     0.0    11.93 C    26.1    -2.9     7.3    93.8    26.5    66.3   0.072   0.255   0.297 -99.000 -99.000    12.9    14.0    14.9    16.7    18.7
63858 20161127  2.422  -87.24   32.46    18.1    -5.7     6.2     7.3     0.0    10.97 C    25.7    -5.6     8.0    93.8    26.3    60.1   0.070   0.251   0.294 -99.000 -99.000    11.6    12.5    13.7    16.3    18.6
63858 20161128  2.422  -87.24   32.46    24.9     9.6    17.3    18.3    25.2     8.39 C    30.5     5.5    18.2    92.1    42.7    60.6   0.077   0.256   0.306 -99.000 -99.000    15.2    14.6    14.6    16.0    18.4
63858 20161129  2.422  -87.24   32.46    24.4    12.4    18.4    18.8    41.8     7.00 C    28.8    12.2    18.5    94.4    69.8    82.9   0.222   0.346   0.514 -99.000 -99.000    16.7    16.5    16.2    16.3    18.3
63858 20161130  2.422  -87.24   32.46    23.1     4.1    13.6    17.6    29.0     3.22 C    21.7     4.3    16.2    93.4    47.3    73.8   0.250   0.432   0.558 -99.000 -99.000    17.6    17.7    17.4    16.9    18.2
63858 20161201  2.422  -87.24   32.46    15.8    -0.7     7.6     6.0     0.0    13.53 C    21.3     0.2     7.2    95.3    30.3    71.2   0.239   0.443   0.541 -99.000 -99.000    13.3    14.6    15.9    17.2    18.3
63858 20161202  2.422  -87.24   32.46    18.3    -2.6     7.8     7.1     0.0    12.65 C    22.5    -1.3     7.6    95.3    24.5    68.1   0.228   0.421   0.514 -99.000 -99.000    11.8    12.9    14.2    16.6    18.4
63858 20161203  2.422  -87.24   32.46    13.0     6.8     9.9     8.9     4.0     1.71 C    14.4     6.0     9.4    89.4    52.8    75.9   0.235   0.420   0.504 -99.000 -99.000    12.1    13.0    14.0    16.1    18.2
63858 20161204  2.422  -87.24   32.46    14.4     7.9    11.2    11.7    21.2     0.70 C    14.4     8.3    11.9    95.9    72.3    91.2   0.336   0.602   0.582 -99.000 -99.000    12.4    12.9    13.7    15.7    18.0
63858 20161205  2.422  -87.24   32.46    13.8    11.5    12.6    12.7    18.0     1.12 C    15.1    12.0    13.1    95.9    90.9    93.9   0.472   0.637   0.604 -99.000 -99.000    13.6    13.9    14.2    15.5    17.8
63858 20161206  2.422  -87.24   32.46    17.3    10.6    14.0    13.7     2.4     4.41 C    20.4    11.3    14.5    95.3    70.5    83.8   0.568   0.646   0.606 -99.000 -99.000    14.3    14.5    14.7    15.6    17.7
63858 20161207  2.422  -87.24   32.46    12.5     9.7    11.1    10.8     0.0     2.82 C    17.2    10.2    12.3    92.1    73.1    80.5   0.388   0.635   0.609 -99.000 -99.000    13.7    14.2    14.7    15.8    17.6
63858 20161208  2.422  -87.24   32.46    11.4     1.4     6.4     6.3     0.0     9.72 C    17.1     0.7     6.9    92.3    31.4    63.8   0.338   0.556   0.603 -99.000 -99.000    11.7    12.9    14.0    15.7    17.6
63858 20161209  2.422  -87.24   32.46     8.0    -3.5     2.3     1.2     0.0    13.19 C    13.4    -3.2     2.1    77.7    30.2    56.0   0.310   0.498   0.576 -99.000 -99.000     8.9    10.5    12.3    15.2    17.5
63858 20161210  2.422  -87.24   32.46    11.4    -6.7     2.3     1.3     0.0    12.87 C    16.7    -5.3     2.3    89.9    17.9    60.9   0.297   0.473   0.550 -99.000 -99.000     7.9     9.3    11.0    14.4    17.3
63858 20161211  2.422  -87.24   32.46    17.7    -4.9     6.4     7.3     0.0    12.46 C    20.4    -4.0     6.7    89.3    41.1    68.6   0.292   0.462   0.536 -99.000 -99.000     8.5     9.4    10.6    13.7    17.0
63858 20161212  2.422  -87.24   32.46    19.1    11.4    15.3    15.3     3.5     2.35 C    20.9     9.9    14.6    95.9    76.1    89.8   0.300   0.467   0.531 -99.000 -99.000    12.1    11.9    12.0    13.5    16.7
63858 20161213  2.422  -87.24   32.46    19.2    14.9    17.1    16.9    12.6     1.41 C    20.3    14.4    16.5    96.1    89.1    94.4   0.470   0.584   0.581 -99.000 -99.000    14.3    14.0    13.6    14.0    16.5
63858 20161214  2.422  -87.24   32.46    15.3     6.9    11.1    11.5     0.0     3.26 C    17.5     6.1    12.3    90.1    71.5    81.7   0.524   0.637   0.599 -99.000 -99.000    13.9    14.2    14.3    14.5    16.4
63858 20161215  2.422  -87.24   32.46     9.2    -1.5     3.9     4.4     0.0    12.03 C    14.9    -0.6     5.5    88.9    29.2    60.4   0.376   0.606   0.601 -99.000 -99.000    11.0    12.2    13.3    14.7    16.4
63858 20161216  2.422  -87.24   32.46    14.0    -2.8     5.6     7.0     0.0     7.61 C    16.3    -1.6     7.1    85.1    33.9    55.2   0.339   0.541   0.592 -99.000 -99.000     9.4    10.5    11.7    14.3    16.4
63858 20161217  2.422  -87.24   32.46    25.4    13.8    19.6    19.4     0.4     6.07 C    26.7    12.0    17.9    90.6    59.8    77.2   0.337   0.528   0.591 -99.000 -99.000    13.6    13.0    12.8    13.9    16.3
63858 20161218  2.422  -87.24   32.46    21.6    -0.4    10.6     8.3    13.8     0.86 C    18.8     1.3     9.3    91.4    79.0    87.0   0.452   0.569   0.594 -99.000 -99.000    13.2    13.9    14.2    14.4    16.3
63858 20161219  2.422  -87.24   32.46     5.5    -2.2     1.7     1.5     0.0     7.53 C    12.2    -0.7     3.9    89.3    59.8    73.9   0.596   0.630   0.600 -99.000 -99.000     8.6    10.1    11.8    14.3    16.3
63858 20161220  2.422  -87.24   32.46     9.4    -0.4     4.5     4.4     0.0     3.83 C    14.2     0.4     5.8    96.6    71.4    90.0   0.477   0.630   0.599 -99.000 -99.000     9.2    10.1    11.1    13.7    16.2
63858 20161221  2.422  -87.24   32.46    12.0    -1.0     5.5     6.5     0.0     6.04 C    17.1     0.5     8.2   100.0    58.8    85.3   0.400   0.623   0.598 -99.000 -99.000     9.4    10.0    10.9    13.3    16.0
63858 20161222  2.422  -87.24   32.46    17.3     1.9     9.6    11.1     0.0     5.73 C    20.6     2.3    11.1    95.6    46.3    74.9   0.376   0.604   0.601 -99.000 -99.000    11.4    11.6    11.8    13.1    15.8
63858 20161223  2.422  -87.24   32.46    19.7     0.7    10.2    10.1     0.0    10.90 C    23.2     0.8     9.5    95.0    39.7    68.7   0.356   0.557   0.594 -99.000 -99.000    10.6    11.1    11.7    13.3    15.6
63858 20161224  2.422  -87.24   32.46    24.1     7.3    15.7    14.4     0.0     8.89 C    26.9     6.3    13.7    95.2    56.5    79.4   0.348   0.537   0.591 -99.000 -99.000    12.5    12.4    12.4    13.3    15.6
63858 20161225  2.422  -87.24   32.46    26.8    11.2    19.0    17.6     0.0     9.68 C    30.3     9.4    16.2   100.0    50.2    82.5   0.344   0.524   0.590 -99.000 -99.000    14.1    13.8    13.4    13.6    15.5
63858 20161226  2.422  -87.24   32.46    24.9    12.5    18.7    17.8     0.0     7.63 C    29.7    11.2    17.2    96.3    63.9    84.0   0.340   0.515   0.580 -99.000 -99.000    15.4    15.0    14.5    14.1    15.5
63858 20161227  2.422  -87.24   32.46    24.4    13.8    19.1    18.8    11.8     6.09 C    29.5    11.4    18.7    96.5    67.7    90.6   0.466   0.566   0.588 -99.000 -99.000    16.3    15.9    15.3    14.7    15.6
63858 20161228  2.422  -87.24   32.46    20.2    13.6    16.9    17.0     0.0     4.80 C    23.5    13.3    17.3    96.1    81.9    91.7   0.596   0.646   0.604 -99.000 -99.000    16.4    16.3    15.9    15.3    15.8
63858 20161229  2.422  -87.24   32.46    20.7     4.4    12.6    14.1     0.4    10.34 C    19.9     1.2    12.7    92.5    24.5    54.6   0.488   0.643   0.611 -99.000 -99.000    15.5    16.0    16.1    15.7    16.0
63858 20161230  2.422  -87.24   32.46    13.0    -3.3     4.8     4.9     0.0    13.21 C    18.5    -1.9     5.5    90.2    17.8    53.9   0.389   0.606   0.604 -99.000 -99.000    11.3    12.6    14.0    15.6    16.1
63858 20161231  2.422  -87.24   32.46    12.3     1.2     6.8     7.4    17.6     1.68 C    11.9     3.3     8.1    93.2    61.2    80.6   0.459   0.595   0.603 -99.000 -99.000    10.5    11.5    12.7    14.9    16.2
