53926 20160101  2.422  -97.09   36.12     5.1    -5.3    -0.1    -0.6     0.0    11.53 C    11.1    -5.9    -0.5    93.0    48.5    76.1   0.385   0.407   0.422   0.452   0.440     4.0     4.6     6.4     8.2    10.2
53926 20160102  2.422  -97.09   36.12    10.1    -3.9     3.1     1.9     0.0    10.91 C    14.3    -5.0     0.9    91.8    42.6    68.8   0.368   0.394   0.412   0.452   0.439     3.8     4.2     5.9     7.9    10.0
53926 20160103  2.422  -97.09   36.12     7.7    -4.4     1.6     0.7     0.0    11.52 C    12.7    -5.6     0.0    92.5    48.1    75.0   0.358   0.383   0.401   0.447   0.437     3.5     4.0     5.7     7.7     9.7
53926 20160104  2.422  -97.09   36.12     4.5    -5.7    -0.6    -1.6     0.0    11.40 C     9.5    -6.7    -1.2    91.2    51.0    77.4   0.350   0.376   0.397   0.442   0.439     3.1     3.6     5.4     7.4     9.5
53926 20160105  2.422  -97.09   36.12     6.6    -7.1    -0.2     0.2     0.0    10.12 C     9.5    -6.9     0.5    91.1    50.4    71.0   0.346   0.372   0.392   0.437   0.433     3.0     3.4     5.0     7.2     9.3
53926 20160106  2.422  -97.09   36.12     5.7     1.7     3.7     4.1     2.3     2.46 C     7.3     1.2     4.2    90.9    63.3    79.8   0.347   0.373   0.393   0.435   0.421     4.6     4.7     5.7     7.1     9.2
53926 20160107  2.422  -97.09   36.12    10.4     2.1     6.3     7.1     0.7     1.91 C    11.5     0.3     6.2    96.2    79.8    90.4   0.365   0.381   0.394   0.434   0.418     6.1     6.0     6.7     7.3     9.0
53926 20160108  2.422  -97.09   36.12     5.7     1.7     3.7     4.1     0.0     1.83 C     8.3     0.2     4.7    96.2    77.4    85.0   0.363   0.383   0.395   0.435   0.414     5.9     6.1     7.1     7.6     9.1
53926 20160109  2.422  -97.09   36.12     2.3    -6.1    -1.9    -0.4     0.5     5.32 C     6.9    -5.6     1.0    88.2    58.8    75.2   0.357   0.380   0.394   0.434   0.413     4.9     5.4     6.9     7.7     9.2
53926 20160110  2.422  -97.09   36.12    -1.2   -10.9    -6.0    -6.1     0.0    11.99 C     5.3    -9.5    -4.2    78.6    31.1    60.1   0.346   0.374   0.392   0.435   0.409     2.4     3.2     5.4     7.5     9.2
53926 20160111  2.422  -97.09   36.12     9.2    -5.6     1.8     2.1     0.0    11.32 C    13.0    -6.6     0.7    82.2    40.9    60.9   0.341   0.371   0.391   0.433   0.409     2.6     3.0     4.7     7.0     9.0
53926 20160112  2.422  -97.09   36.12    11.0    -2.5     4.3     3.8     0.0    11.97 C    14.4    -5.4     2.0    80.7    33.1    59.9   0.341   0.371   0.391   0.430   0.408     3.6     3.8     5.1     6.7     8.7
53926 20160113  2.422  -97.09   36.12    13.3    -4.4     4.4     2.4     0.0    11.79 C    17.0    -5.2     1.7    89.8    35.0    71.8   0.340   0.371   0.390   0.432   0.407     3.7     4.0     5.3     6.7     8.6
53926 20160114  2.422  -97.09   36.12    18.8    -4.6     7.1     6.1     0.0    12.07 C    19.6    -5.4     3.9    91.2    30.0    69.5   0.339   0.370   0.390   0.432   0.406     4.3     4.4     5.5     6.7     8.5
53926 20160115  2.422  -97.09   36.12    10.1     0.2     5.2     5.0     0.0    11.90 C    16.5    -2.3     4.2    90.6    43.0    62.3   0.337   0.370   0.390   0.431   0.403     4.9     5.1     6.2     6.8     8.4
53926 20160116  2.422  -97.09   36.12     4.3    -5.6    -0.7    -0.4     0.0     6.90 C    13.1    -6.2     0.8    84.0    30.0    61.4   0.333   0.367   0.390   0.432   0.404     4.5     4.9     6.2     7.0     8.5
53926 20160117  2.422  -97.09   36.12    -1.1    -7.1    -4.1    -4.4     0.0     5.86 C     6.5    -6.4    -2.5    86.8    42.0    66.7   0.328   0.364   0.390   0.432   0.403     2.9     3.5     5.3     6.9     8.5
53926 20160118  2.422  -97.09   36.12     1.4    -8.8    -3.7    -4.0     0.0    10.73 C     7.3    -8.3    -2.0    63.6    29.8    48.5   0.324   0.362   0.387   0.432   0.404     2.4     2.9     4.6     6.5     8.4
53926 20160119  2.422  -97.09   36.12     4.3    -2.5     0.9     0.3     0.2     1.33 C     5.2    -3.0     0.7    93.0    55.9    80.6   0.322   0.361   0.388   0.431   0.401     2.8     3.2     4.6     6.2     8.2
53926 20160120  2.422  -97.09   36.12     0.1    -2.8    -1.3    -1.1     0.0     2.18 C     2.6    -1.1     0.4    91.3    83.8    87.3   0.321   0.360   0.388   0.431   0.400     3.3     3.6     4.9     6.2     8.0
53926 20160121  2.422  -97.09   36.12     1.7    -0.8     0.4     0.5     0.0     1.82 C     4.4    -0.1     1.5    96.1    69.8    84.2   0.320   0.360   0.388   0.430   0.400     3.6     3.9     5.1     6.2     7.9
53926 20160122  2.422  -97.09   36.12    -0.5    -4.0    -2.3    -1.6     0.0     2.48 C     2.7    -4.6    -0.6    78.9    69.3    73.8   0.317   0.359   0.387   0.431   0.400     2.8     3.2     4.8     6.2     7.9
53926 20160123  2.422  -97.09   36.12     8.0    -3.2     2.4     1.0     0.0    10.84 C    11.8    -1.7     2.2    80.6    42.1    65.4   0.316   0.358   0.387   0.430   0.399     3.4     3.6     4.8     6.0     7.8
53926 20160124  2.422  -97.09   36.12    16.2     1.8     9.0     8.5     0.0    11.18 C    17.6     0.3     6.9    73.1    31.2    54.6   0.316   0.358   0.388   0.430   0.399     4.7     4.7     5.4     6.1     7.7
53926 20160125  2.422  -97.09   36.12    11.8    -2.9     4.4     5.5     0.0     3.91 C    11.5    -4.0     4.2    85.6    49.6    69.3   0.315   0.359   0.388   0.431   0.397     5.3     5.5     6.4     6.4     7.7
53926 20160126  2.422  -97.09   36.12    10.0    -5.2     2.4     0.9     0.0    13.35 C    16.5    -6.4     0.8    90.7    33.6    69.1   0.310   0.356   0.386   0.432   0.398     4.0     4.4     5.8     6.6     7.9
53926 20160127  2.422  -97.09   36.12    14.9    -7.5     3.7     3.7     0.0    13.29 C    19.5    -7.5     2.2    90.1    20.9    56.9   0.307   0.354   0.386   0.433   0.397     3.6     3.9     5.3     6.4     7.9
53926 20160128  2.422  -97.09   36.12    18.1    -2.2     8.0     7.3     0.0    13.25 C    24.4    -4.5     5.2    82.6    26.0    54.9   0.306   0.354   0.387   0.431   0.397     4.8     4.9     5.8     6.4     7.8
53926 20160129  2.422  -97.09   36.12    25.0    -2.9    11.0    10.3     0.0    13.57 C    24.0    -3.5     7.3    88.1    13.5    51.5   0.304   0.354   0.388   0.432   0.395     5.7     5.6     6.3     6.5     7.8
53926 20160130  2.422  -97.09   36.12    24.0    -1.2    11.4    12.2     0.0    12.01 C    24.4    -2.6     9.5    88.9    17.2    50.7   0.303   0.354   0.389   0.433   0.396     6.7     6.6     7.1     6.9     7.9
53926 20160131  2.422  -97.09   36.12    17.5     3.6    10.5    11.0     0.0    13.01 C    21.6     0.4    10.0    73.4    26.6    52.1   0.302   0.354   0.390   0.433   0.396     8.1     7.9     8.2     7.3     8.1
53926 20160201  2.422  -97.09   36.12    17.2    -0.1     8.6     9.5    16.5    12.83 C    21.2    -1.6     8.4    90.2    36.4    60.8   0.308   0.358   0.392   0.434   0.399     7.5     7.5     8.1     7.7     8.3
53926 20160202  2.422  -97.09   36.12    10.7     2.4     6.6     6.9     1.3    11.19 C    17.1     1.6     6.6    91.3    42.8    61.4   0.453   0.441   0.435   0.455   0.425     7.7     7.8     8.6     8.0     8.5
53926 20160203  2.422  -97.09   36.12     5.8    -2.1     1.8     1.7     0.0    14.48 C    13.7    -3.9     3.0    74.5    37.5    56.8   0.395   0.414   0.425   0.456   0.425     5.6     6.1     7.6     8.1     8.7
53926 20160204  2.422  -97.09   36.12    10.0    -5.8     2.1     1.3     0.0    14.88 C    17.0    -6.6     1.4    87.0    20.9    59.6   0.369   0.390   0.410   0.455   0.426     4.4     4.8     6.5     7.7     8.7
53926 20160205  2.422  -97.09   36.12    13.4    -3.1     5.2     5.5     0.0    12.44 C    18.5    -3.8     5.2    84.2    27.8    54.4   0.361   0.383   0.401   0.454   0.429     5.0     5.1     6.3     7.3     8.6
53926 20160206  2.422  -97.09   36.12    10.7     0.5     5.6     5.5     0.3    14.82 C    18.9    -0.5     5.7    91.9    36.8    64.3   0.358   0.382   0.400   0.453   0.428     6.2     6.3     7.1     7.3     8.4
53926 20160207  2.422  -97.09   36.12    14.9    -1.4     6.7     7.0     0.0    12.72 C    20.3    -2.4     5.9    82.1    24.2    47.9   0.352   0.380   0.398   0.449   0.429     6.0     6.1     7.1     7.5     8.5
53926 20160208  2.422  -97.09   36.12     9.4     0.4     4.9     4.6     0.0    15.44 C    15.5    -3.6     3.6    49.8    19.6    35.3   0.344   0.376   0.395   0.443   0.429     5.3     5.7     6.9     7.5     8.5
53926 20160209  2.422  -97.09   36.12     8.8    -1.6     3.6     3.3     0.0    11.91 C    17.6    -4.4     3.5    61.0    26.8    44.0   0.337   0.371   0.393   0.441   0.428     4.9     5.2     6.5     7.3     8.4
53926 20160210  2.422  -97.09   36.12    23.5    -3.1    10.2     8.1     0.0    15.55 C    24.5    -4.1     6.4    65.7    17.4    44.3   0.332   0.369   0.392   0.442   0.430     5.7     5.7     6.6     7.2     8.4
53926 20160211  2.422  -97.09   36.12    14.0    -0.6     6.7     5.8     0.0    15.35 C    21.2    -1.4     5.6    84.1    30.9    59.6   0.329   0.368   0.392   0.439   0.425     6.5     6.5     7.3     7.3     8.4
53926 20160212  2.422  -97.09   36.12    12.0    -2.9     4.6     4.7     0.0    15.35 C    19.8    -3.0     5.5    90.8    36.7    62.7   0.324   0.366   0.393   0.441   0.418     6.2     6.3     7.3     7.5     8.4
53926 20160213  2.422  -97.09   36.12    12.3    -2.0     5.1     4.9     0.0    15.39 C    16.6    -2.1     5.5    55.9    32.7    45.8   0.320   0.365   0.393   0.441   0.412     6.4     6.5     7.4     7.5     8.4
53926 20160214  2.422  -97.09   36.12    14.3     1.8     8.1     7.3     0.0    13.01 C    21.4     0.6     7.7    82.3    34.9    56.6   0.317   0.363   0.393   0.441   0.411     7.2     7.2     7.8     7.6     8.5
53926 20160215  2.422  -97.09   36.12    17.3     2.0     9.6    10.0     0.0    16.15 C    25.8     0.5     9.5    82.6    23.4    49.8   0.313   0.363   0.394   0.442   0.407     7.7     7.6     8.2     7.8     8.5
53926 20160216  2.422  -97.09   36.12    15.0     0.7     7.8     9.7     0.0    16.43 C    22.0    -0.5     8.9    82.3    29.3    48.6   0.309   0.362   0.394   0.441   0.406     8.2     8.2     8.7     8.1     8.7
53926 20160217  2.422  -97.09   36.12    22.6    -1.7    10.4    11.1     0.0    15.80 C    26.2    -1.9     9.5    86.7    18.2    48.3   0.304   0.359   0.393   0.443   0.405     7.9     7.9     8.6     8.3     8.9
53926 20160218  2.422  -97.09   36.12    25.9    10.4    18.2    18.1     0.0    15.86 C    28.0     7.1    15.7    52.0    29.4    41.5   0.302   0.359   0.396   0.441   0.403    10.1     9.6     9.6     8.5     9.0
53926 20160219  2.422  -97.09   36.12    24.0    10.1    17.1    18.6     0.0    16.01 C    31.5     8.1    16.9    69.9     9.1    37.1   0.299   0.359   0.396   0.445   0.404    12.2    11.7    11.3     9.1     9.2
53926 20160220  2.422  -97.09   36.12    26.4     8.5    17.5    17.1     0.0    16.34 C    33.4     6.0    15.9    89.8    27.5    58.3   0.293   0.357   0.396   0.446   0.403    12.3    11.9    11.8     9.8     9.5
53926 20160221  2.422  -97.09   36.12    18.8     4.2    11.5    11.6     0.0    13.14 C    24.0     1.6    11.1    88.8    27.3    58.6   0.286   0.354   0.395   0.445   0.404    11.3    11.3    11.8    10.2     9.9
53926 20160222  2.422  -97.09   36.12    14.6    -0.8     6.9     8.1     0.0    16.05 C    23.2    -1.2     8.9    86.2    28.5    53.8   0.277   0.350   0.394   0.446   0.404    10.1    10.2    11.0    10.3    10.2
53926 20160223  2.422  -97.09   36.12     9.3     4.9     7.1     6.3     6.3     2.51 C     8.3     3.2     6.3    86.2    53.9    74.6   0.286   0.348   0.391   0.445   0.405     9.4     9.7    10.7    10.2    10.3
53926 20160224  2.422  -97.09   36.12    13.7     0.4     7.0     6.3     0.0    18.22 C    22.3    -0.9     6.9    70.5    24.7    50.5   0.308   0.351   0.392   0.445   0.404     8.2     8.5     9.7     9.9    10.3
53926 20160225  2.422  -97.09   36.12    10.0    -3.3     3.4     4.0     0.0    17.56 C    20.9    -4.0     5.1    80.1    29.4    51.8   0.302   0.350   0.390   0.446   0.401     7.6     8.0     9.3     9.6    10.3
53926 20160226  2.422  -97.09   36.12    16.8    -6.5     5.2     5.3     0.0    18.19 C    24.5    -6.4     5.3    90.5    22.3    55.9   0.296   0.348   0.388   0.444   0.400     6.9     7.2     8.5     9.3    10.1
53926 20160227  2.422  -97.09   36.12    24.0    -1.9    11.0    12.0     0.0    18.69 C    30.1    -2.9    10.9    87.7    15.8    49.6   0.294   0.348   0.390   0.446   0.400     8.4     8.3     9.0     9.1     9.9
53926 20160228  2.422  -97.09   36.12    23.0     4.8    13.9    16.0     0.0    17.66 C    30.4     1.8    14.9    71.2    23.3    43.8   0.291   0.348   0.392   0.445   0.400    10.8    10.4    10.4     9.3     9.8
53926 20160229  2.422  -97.09   36.12    24.8    -0.4    12.2    13.3     0.0    18.55 C    29.7    -1.2    12.2    86.8    17.3    50.5   0.284   0.345   0.391   0.445   0.398    10.3    10.2    10.7     9.7    10.0
53926 20160301  2.422  -97.09   36.12    15.6     0.3     8.0     9.3     0.0    18.92 C    25.0    -0.5    10.8    78.6    27.6    51.2   0.277   0.344   0.392   0.447   0.401    10.9    10.9    11.3    10.1    10.2
53926 20160302  2.422  -97.09   36.12    20.8    -0.1    10.3    11.6     0.0    16.29 C    24.1    -1.0    10.3    82.5    14.1    41.3   0.269   0.339   0.389   0.445   0.400     9.8     9.8    10.6    10.2    10.4
53926 20160303  2.422  -97.09   36.12    17.7     2.2    10.0    10.5     0.0    19.35 C    27.2     1.2    10.4    80.9    23.9    51.6   0.260   0.337   0.389   0.445   0.400    10.3    10.3    10.9    10.2    10.4
53926 20160304  2.422  -97.09   36.12    23.2    -0.4    11.4    11.5     0.0    18.67 C    29.1    -1.4    10.7    89.7    18.0    51.1   0.249   0.332   0.390   0.447   0.401    10.2    10.1    10.7    10.2    10.5
53926 20160305  2.422  -97.09   36.12    23.3     2.1    12.7    13.2     0.0    19.72 C    31.0     0.0    12.1    84.5    10.5    42.3   0.241   0.329   0.389   0.448   0.400    10.9    10.8    11.2    10.3    10.6
53926 20160306  2.422  -97.09   36.12    23.5     8.8    16.2    16.9     0.0    14.63 C    29.1     4.7    15.7    68.5    18.7    46.7   0.231   0.323   0.390   0.446   0.400    11.9    11.6    11.7    10.6    10.7
53926 20160307  2.422  -97.09   36.12    19.7    16.7    18.2    18.2     0.0     3.73 C    21.9    13.9    17.1    84.0    64.0    72.0   0.227   0.320   0.390   0.448   0.401    13.4    13.0    12.8    11.0    10.9
53926 20160308  2.422  -97.09   36.12    17.4     9.9    13.6    15.3    22.9     3.80 C    21.0     8.4    14.7    92.4    64.0    82.5   0.356   0.390   0.419   0.461   0.418    13.6    13.4    13.4    11.5    11.1
53926 20160309  2.422  -97.09   36.12    16.8     9.4    13.1    13.0     0.0     5.70 C    19.5     8.3    13.5    95.4    74.2    87.6   0.410   0.427   0.434   0.472   0.433    13.2    13.1    13.3    11.8    11.4
53926 20160310  2.422  -97.09   36.12    21.1     8.3    14.7    14.8     0.0    17.62 C    27.7     5.8    15.4    91.6    27.1    61.8   0.381   0.404   0.420   0.471   0.434    14.0    13.7    13.6    11.9    11.6
53926 20160311  2.422  -97.09   36.12    20.3     6.3    13.3    13.0     2.8    14.67 C    28.1     4.1    13.9    92.2    44.4    67.0   0.364   0.391   0.410   0.471   0.436    13.6    13.4    13.7    12.2    11.8
53926 20160312  2.422  -97.09   36.12    20.3    12.0    16.2    14.5     0.0     7.60 C    24.9    10.1    14.7    95.6    60.9    85.9   0.371   0.393   0.408   0.465   0.427    14.2    14.0    14.1    12.4    12.0
53926 20160313  2.422  -97.09   36.12    16.1     8.1    12.1    12.8    41.9     2.77 C    18.2     7.0    12.0    95.7    72.7    88.4   0.447   0.432   0.426   0.465   0.426    13.0    13.1    13.7    12.6    12.2
53926 20160314  2.422  -97.09   36.12    28.7     6.0    17.4    17.3     0.0    19.98 C    30.4     5.3    15.9    95.9    19.6    60.6   0.467   0.459   0.442   0.472   0.434    13.5    13.2    13.4    12.4    12.3
53926 20160315  2.422  -97.09   36.12    21.5     5.9    13.7    15.5     0.0    20.83 C    28.5     3.3    14.6    70.8    17.3    44.3   0.411   0.434   0.434   0.476   0.434    13.9    13.8    14.1    12.6    12.3
53926 20160316  2.422  -97.09   36.12    17.7     2.5    10.1     9.1     0.0    13.61 C    26.9     1.8    10.0    85.5    19.3    56.7   0.375   0.404   0.425   0.469   0.434    12.2    12.4    13.3    12.6    12.4
53926 20160317  2.422  -97.09   36.12    21.1     3.6    12.3    12.9     0.0    19.40 C    28.9     2.9    13.6    84.7    16.6    47.6   0.361   0.392   0.416   0.471   0.435    12.9    12.8    13.2    12.4    12.5
53926 20160318  2.422  -97.09   36.12    12.8     2.4     7.6     8.1     0.0     9.64 C    19.4     1.4     8.6    82.9    36.8    57.4   0.350   0.381   0.411   0.466   0.427    11.7    12.0    13.0    12.4    12.4
53926 20160319  2.422  -97.09   36.12    12.7    -1.3     5.7     5.1     0.0    21.16 C    29.0    -2.3     7.9    83.2    22.8    52.9   0.340   0.375   0.405   0.461   0.427    10.4    10.7    11.9    12.1    12.4
53926 20160320  2.422  -97.09   36.12    10.7    -1.7     4.5     3.8     0.0    21.51 C    25.4    -2.8     6.7    83.7    30.4    53.4   0.330   0.369   0.404   0.458   0.422     9.6     9.9    11.2    11.7    12.2
53926 20160321  2.422  -97.09   36.12    20.2    -1.6     9.3    10.7     0.0    22.02 C    26.4    -2.1    10.8    85.4    21.3    43.5   0.321   0.364   0.402   0.457   0.421    10.0    10.1    11.0    11.3    12.0
53926 20160322  2.422  -97.09   36.12    25.5    11.8    18.7    18.1     0.0    17.14 C    29.4     8.5    16.6    57.2    26.2    41.0   0.313   0.361   0.403   0.458   0.420    12.3    12.0    12.1    11.3    11.8
53926 20160323  2.422  -97.09   36.12    27.4     7.5    17.4    20.0     0.0    19.85 C    33.5     6.4    19.0    70.4     8.9    43.8   0.301   0.358   0.404   0.459   0.418    14.4    13.9    13.7    11.8    11.8
53926 20160324  2.422  -97.09   36.12    14.2     0.5     7.3     7.5     0.0    22.06 C    27.0    -0.6    10.9    77.2    22.4    48.1   0.280   0.347   0.402   0.459   0.414    12.3    12.6    13.4    12.3    12.1
53926 20160325  2.422  -97.09   36.12    20.1    -2.2     9.0     9.8     0.0    21.98 C    28.9    -2.3    11.3    89.1    22.0    51.9   0.265   0.340   0.398   0.458   0.414    11.7    11.7    12.5    12.2    12.2
53926 20160326  2.422  -97.09   36.12    22.8     8.8    15.8    15.0     0.0    19.70 C    34.2     8.0    17.1    65.5    34.6    50.4   0.250   0.332   0.398   0.456   0.413    13.7    13.3    13.4    12.1    12.3
53926 20160327  2.422  -97.09   36.12    13.3     0.8     7.1     6.6     7.0    19.63 C    27.0     0.6    10.1    91.4    33.8    70.3   0.248   0.325   0.398   0.457   0.411    12.4    12.6    13.5    12.5    12.3
53926 20160328  2.422  -97.09   36.12    22.0    -1.2    10.4    11.0     0.0    23.99 C    30.1    -1.6    12.1    93.3    12.3    49.2   0.252   0.321   0.395   0.456   0.411    12.0    12.0    12.7    12.3    12.4
53926 20160329  2.422  -97.09   36.12    24.0     8.7    16.4    16.4     0.0    16.89 C    29.6     6.1    16.1    61.3    33.3    47.4   0.249   0.318   0.395   0.458   0.411    13.4    13.1    13.3    12.3    12.4
53926 20160330  2.422  -97.09   36.12    29.8    16.6    23.2    21.6     0.0    12.27 C    35.0    11.1    20.2    83.9    23.5    61.8   0.246   0.315   0.395   0.457   0.408    15.8    15.2    14.7    12.6    12.5
53926 20160331  2.422  -97.09   36.12    19.3     8.2    13.7    14.0     0.0    22.41 C    32.4     5.8    15.6    64.0    27.2    44.1   0.236   0.307   0.393   0.457   0.411    14.9    14.8    15.1    13.2    12.7
53926 20160401  2.422  -97.09   36.12    16.9     2.6     9.7     9.3     0.0    19.85 C    28.3     1.0    11.2    79.6    23.5    50.3   0.224   0.298   0.387   0.460   0.409    13.4    13.6    14.5    13.3    13.0
53926 20160402  2.422  -97.09   36.12    22.2    -1.0    10.6    10.5     0.0    24.57 C    33.4    -2.0    12.5    88.3    16.3    50.4   0.213   0.289   0.382   0.459   0.409    12.9    12.9    13.8    13.2    13.1
53926 20160403  2.422  -97.09   36.12    27.0     3.7    15.3    17.0     0.0    24.52 C    35.2     2.0    16.5    76.6    13.3    37.0   0.201   0.279   0.378   0.459   0.408    14.1    13.8    14.1    13.1    13.1
53926 20160404  2.422  -97.09   36.12    27.5     5.9    16.7    18.1     0.0    23.84 C    35.0     3.8    17.2    77.6    15.5    38.0   0.189   0.267   0.371   0.457   0.406    15.3    15.0    15.0    13.3    13.1
53926 20160405  2.422  -97.09   36.12    31.1    10.1    20.6    21.7     0.0    22.73 C    37.0     6.0    20.4    62.6    15.7    33.6   0.176   0.255   0.360   0.455   0.405    16.1    15.6    15.6    13.6    13.2
53926 20160406  2.422  -97.09   36.12    22.6     6.1    14.3    16.9     0.0    25.01 C    32.8     4.7    18.2    75.2    15.8    36.5   0.166   0.243   0.350   0.459   0.407    16.4    16.2    16.3    14.1    13.4
53926 20160407  2.422  -97.09   36.12    24.7     3.2    13.9    14.4     0.0    25.00 C    35.0     2.8    15.4    85.5    13.9    45.1   0.156   0.230   0.335   0.460   0.406    15.5    15.3    15.8    14.3    13.7
53926 20160408  2.422  -97.09   36.12    21.3     1.7    11.5    11.8     0.0    18.89 C    35.1     1.0    13.3    82.4    16.4    47.9   0.148   0.218   0.327   0.460   0.406    14.7    14.7    15.4    14.2    13.8
53926 20160409  2.422  -97.09   36.12    24.8     4.7    14.7    15.0     0.0    14.77 C    32.2     3.4    15.4    80.1    25.0    48.6   0.144   0.212   0.318   0.461   0.408    14.7    14.6    15.2    14.2    13.9
53926 20160410  2.422  -97.09   36.12    31.0    14.5    22.8    21.7    14.8    21.69 C    38.8    13.4    23.1    92.4    31.8    59.0   0.150   0.211   0.311   0.460   0.407    17.5    16.8    16.3    14.2    13.9
53926 20160411  2.422  -97.09   36.12    18.2     8.9    13.5    14.9     5.7    12.18 C    27.2     7.1    15.7    93.6    37.3    67.8   0.346   0.330   0.317   0.460   0.403    17.1    16.9    17.1    14.8    14.1
53926 20160412  2.422  -97.09   36.12    20.5     4.6    12.6    13.4     0.0    25.23 C    31.1     3.6    15.6    87.4    25.4    51.9   0.316   0.317   0.311   0.459   0.405    16.1    15.9    16.3    14.9    14.3
53926 20160413  2.422  -97.09   36.12    17.2     9.5    13.3    13.6     3.7     9.05 C    24.8     8.1    14.7    92.7    64.4    78.3   0.323   0.308   0.310   0.459   0.403    16.1    16.0    16.4    14.9    14.4
53926 20160414  2.422  -97.09   36.12    21.3     6.0    13.6    14.3     0.0    17.70 C    30.3     5.7    15.6    95.1    49.0    72.2   0.320   0.305   0.310   0.461   0.406    15.8    15.6    16.0    14.8    14.5
53926 20160415  2.422  -97.09   36.12    24.7     9.0    16.8    17.4     0.0    24.34 C    31.4     7.3    18.4    93.6    40.8    67.7   0.301   0.297   0.307   0.460   0.405    16.8    16.4    16.4    14.8    14.5
53926 20160416  2.422  -97.09   36.12    22.7    16.0    19.3    18.8     0.0    11.53 C    28.1    15.5    19.3    84.3    59.2    73.1   0.280   0.286   0.308   0.461   0.404    17.5    17.2    17.2    15.1    14.6
53926 20160417  2.422  -97.09   36.12    19.1    15.5    17.3    17.0    49.7     4.90 C    22.3    15.6    17.3    93.2    75.6    86.7   0.443   0.407   0.390   0.473   0.431    17.0    16.9    17.1    15.4    14.8
53926 20160418  2.422  -97.09   36.12    17.9    11.8    14.9    15.0     6.4     9.41 C    27.2    12.9    16.8    94.4    71.0    85.1   0.496   0.458   0.431   0.483   0.446    17.1    16.9    17.2    15.5    14.9
53926 20160419  2.422  -97.09   36.12 -9999.0 -9999.0 -9999.0 -9999.0 -9999.0 -9999.00 U -9999.0 -9999.0 -9999.0 -9999.0 -9999.0 -9999.0 -99.000 -99.000 -99.000 -99.000 -99.000 -9999.0 -9999.0 -9999.0 -9999.0 -9999.0
53926 20160420  2.422  -97.09   36.12    19.8    11.8    15.8    15.1     0.3    16.75 C    29.5    11.2    17.3    93.0    49.9    77.5   0.485   0.464   0.436   0.487   0.449    17.6    17.4    17.5    15.8    15.2
53926 20160421  2.422  -97.09   36.12    22.8     9.1    15.9    15.8     0.2    24.64 C    32.9     8.3    17.9    95.3    39.8    71.2   0.423   0.429   0.425   0.488   0.451    17.8    17.6    17.7    15.9    15.3
53926 20160422  2.422  -97.09   36.12    25.2     9.1    17.1    17.1     0.0    26.00 C    34.7     8.2    18.9    92.6    36.0    68.0   0.380   0.393   0.411   0.487   0.453    18.2    17.9    17.9    16.0    15.4
53926 20160423  2.422  -97.09   36.12    27.9     8.6    18.2    19.1     0.0    26.10 C    34.6     8.0    19.7    94.1    28.5    59.3   0.350   0.372   0.403   0.480   0.452    18.6    18.3    18.2    16.2    15.6
53926 20160424  2.422  -97.09   36.12    27.1    15.7    21.4    21.0     0.0    21.61 C    32.8    13.6    20.8    72.3    42.6    58.5   0.323   0.359   0.401   0.473   0.446    19.2    18.8    18.7    16.4    15.7
53926 20160425  2.422  -97.09   36.12    29.0    18.7    23.9    23.1     0.0    16.48 C    35.6    16.7    23.3    81.8    48.7    68.7   0.299   0.348   0.399   0.472   0.428    20.3    19.7    19.3    16.7    15.9
53926 20160426  2.422  -97.09   36.12    26.3    14.3    20.3    22.2    35.5    12.37 C    31.3    14.8    22.5    91.1    63.3    76.9   0.314   0.359   0.406   0.473   0.429    20.7    20.2    20.0    17.2    16.1
53926 20160427  2.422  -97.09   36.12    22.1    10.4    16.3    16.5     0.0    25.35 C    31.9    10.0    19.1    92.6    33.6    70.3   0.451   0.451   0.449   0.488   0.451    19.6    19.4    19.6    17.5    16.4
53926 20160428  2.422  -97.09   36.12    22.5     7.6    15.0    15.7     0.0    23.79 C    33.1     7.4    18.2    93.8    38.9    62.6   0.385   0.403   0.432   0.488   0.452    18.9    18.8    19.2    17.5    16.6
53926 20160429  2.422  -97.09   36.12    19.7    12.5    16.1    15.5     3.9     3.77 C    20.0    13.0    15.9    92.4    65.1    83.9   0.384   0.391   0.417   0.483   0.453    18.2    18.3    18.9    17.4    16.7
53926 20160430  2.422  -97.09   36.12    20.4     8.7    14.5    13.7     0.0    22.84 C    31.7     8.4    17.4    92.9    40.9    72.5   0.373   0.387   0.412   0.477   0.452    18.3    18.2    18.5    17.2    16.7
53926 20160501  2.422  -97.09   36.12    16.9     7.4    12.1    11.9     0.0    20.41 C    29.1     7.4    15.0    91.8    51.6    67.7   0.351   0.376   0.408   0.473   0.431    17.2    17.3    18.2    17.1    16.6
53926 20160502  2.422  -97.09   36.12    17.7     6.5    12.1    11.7     0.0    15.75 C    30.0     5.8    14.0    93.4    45.1    70.0   0.335   0.369   0.405   0.471   0.428    16.6    16.7    17.7    16.9    16.6
53926 20160503  2.422  -97.09   36.12    22.8     3.9    13.3    13.9     0.0    26.02 C    33.5     3.7    16.4    94.2    28.9    62.8   0.311   0.361   0.401   0.468   0.423    16.7    16.6    17.2    16.5    16.5
53926 20160504  2.422  -97.09   36.12    26.0     9.1    17.5    17.4     0.0    27.76 C    34.1     7.7    18.5    83.2    20.7    53.0   0.282   0.351   0.398   0.468   0.421    17.9    17.7    17.9    16.5    16.3
53926 20160505  2.422  -97.09   36.12    26.5     5.9    16.2    16.6     0.0    28.23 C    36.1     5.2    18.7    92.0    22.0    58.9   0.253   0.336   0.397   0.468   0.418    18.2    18.0    18.2    16.7    16.3
53926 20160506  2.422  -97.09   36.12    28.6     7.6    18.1    19.4     0.0    27.47 C    36.9     6.9    20.4    92.5    24.7    56.5   0.229   0.317   0.394   0.466   0.416    19.2    18.8    18.8    16.8    16.4
53926 20160507  2.422  -97.09   36.12    28.2    13.2    20.7    21.6     0.0    23.44 C    37.2    11.0    21.5    80.1    26.7    53.6   0.209   0.297   0.389   0.467   0.414    20.1    19.7    19.5    17.2    16.6
53926 20160508  2.422  -97.09   36.12    23.0    17.2    20.1    20.2     1.4     9.30 C    27.9    15.4    19.6    82.8    65.7    73.9   0.199   0.284   0.384   0.469   0.414    19.6    19.4    19.6    17.5    16.7
53926 20160509  2.422  -97.09   36.12    26.2    16.8    21.5    21.2     0.0    19.00 C    34.0    13.8    21.9    84.0    52.4    70.3   0.195   0.277   0.383   0.468   0.413    20.4    20.0    19.8    17.6    16.9
53926 20160510  2.422  -97.09   36.12    32.1    10.0    21.0    22.9     0.0    27.88 C    39.1     8.9    24.0    94.7    25.5    62.0   0.185   0.260   0.376   0.467   0.413    21.2    20.6    20.3    17.8    17.0
53926 20160511  2.422  -97.09   36.12    27.2    19.5    23.3    23.8     0.0    22.71 C    39.5    15.9    25.3    75.0    48.5    56.8   0.174   0.241   0.368   0.468   0.411    22.5    21.9    21.4    18.2    17.2
53926 20160512  2.422  -97.09   36.12    25.1    11.7    18.4    19.6     0.2    28.28 C    37.0    10.3    22.3    87.9    26.1    55.9   0.165   0.227   0.357   0.470   0.411    22.4    22.0    21.8    18.7    17.5
53926 20160513  2.422  -97.09   36.12    29.3    10.1    19.7    20.0     2.2    27.42 C    38.5     8.4    22.1    88.7    20.7    55.4   0.158   0.214   0.342   0.466   0.411    21.6    21.3    21.4    18.9    17.8
53926 20160514  2.422  -97.09   36.12    17.5     9.8    13.6    13.1     0.0    23.00 C    30.6     9.1    16.7    68.2    31.6    49.1   0.153   0.204   0.330   0.464   0.411    20.1    20.2    20.9    18.9    17.9
53926 20160515  2.422  -97.09   36.12    20.4    11.6    16.0    15.7     1.1    17.80 C    31.1    11.4    18.6    88.2    29.2    49.4   0.147   0.200   0.318   0.464   0.411    19.4    19.4    20.0    18.6    18.0
53926 20160516  2.422  -97.09   36.12    19.1    13.1    16.1    16.0    18.1     4.75 C    21.2    13.7    16.8    92.4    83.0    89.6   0.298   0.273   0.314   0.464   0.412    18.6    18.7    19.5    18.4    17.9
53926 20160517  2.422  -97.09   36.12    18.0    12.9    15.5    14.8     5.4    10.82 C    24.0    13.8    16.2    92.5    67.5    80.3   0.363   0.347   0.316   0.461   0.411    18.4    18.4    19.1    18.1    17.8
53926 20160518  2.422  -97.09   36.12    19.6     9.9    14.8    14.5     0.0    22.73 C    30.2     9.8    17.2    92.5    46.0    65.9   0.334   0.337   0.313   0.459   0.410    19.0    18.9    19.1    17.9    17.7
53926 20160519  2.422  -97.09   36.12    16.6     8.9    12.8    13.1     4.4     5.96 C    20.3     8.6    14.2    93.8    69.9    86.5   0.327   0.327   0.311   0.456   0.407    17.5    17.7    18.7    17.9    17.7
53926 20160520  2.422  -97.09   36.12    22.1    13.3    17.7    17.0     0.0    14.67 C    31.4    13.6    19.0    93.0    57.1    77.7   0.351   0.337   0.312   0.459   0.406    18.6    18.3    18.6    17.6    17.6
53926 20160521  2.422  -97.09   36.12    27.3    15.9    21.6    21.0     0.0    20.52 C    35.7    14.9    22.7    88.9    55.0    73.6   0.323   0.327   0.312   0.456   0.406    20.8    20.3    19.9    17.7    17.5
53926 20160522  2.422  -97.09   36.12    28.1    17.9    23.0    23.0     0.0    21.92 C    35.2    16.6    24.2    83.8    55.1    68.7   0.287   0.310   0.313   0.457   0.410    22.2    21.6    21.2    18.3    17.7
53926 20160523  2.422  -97.09   36.12    28.1    19.6    23.8    21.6     4.1    12.02 C    34.9    19.1    22.2    90.8    53.1    77.0   0.271   0.295   0.311   0.457   0.409    22.0    21.7    21.6    18.8    17.8
53926 20160524  2.422  -97.09   36.12    30.5    18.9    24.7    23.1    28.3    15.14 C    37.0    18.2    23.5    91.4    47.8    78.5   0.334   0.334   0.326   0.462   0.412    22.3    21.9    21.7    19.0    18.1
53926 20160525  2.422  -97.09   36.12    31.7    18.7    25.2    25.4     0.0    23.70 C    36.6    18.3    26.1    89.6    55.6    76.4   0.447   0.453   0.423   0.489   0.449    23.5    22.8    22.3    19.4    18.4
53926 20160526  2.422  -97.09   36.12    30.7    22.2    26.4    26.5     0.0    21.34 C    36.2    21.3    26.9    88.7    42.8    69.8   0.378   0.399   0.411   0.489   0.450    24.8    24.1    23.5    19.9    18.6
53926 20160527  2.422  -97.09   36.12    27.9    18.8    23.3    22.6     2.0    19.78 C    34.6    17.2    23.7    87.5    48.3    69.3   0.343   0.373   0.404   0.485   0.454    23.9    23.5    23.4    20.4    18.9
53926 20160528  2.422  -97.09   36.12    28.8    16.4    22.6    22.5     0.0    28.81 C    36.4    15.3    24.3    89.0    34.9    62.8   0.318   0.357   0.400   0.477   0.452    23.7    23.3    23.2    20.5    19.2
53926 20160529  2.422  -97.09   36.12    31.5    18.0    24.7    24.4     0.0    26.05 C    38.4    16.9    26.0    93.5    34.4    67.2   0.286   0.339   0.397   0.473   0.425    24.4    23.9    23.7    20.6    19.3
53926 20160530  2.422  -97.09   36.12    27.4    18.7    23.1    22.4     0.0    24.38 C    37.5    18.5    24.6    86.6    50.5    69.8   0.259   0.319   0.392   0.470   0.420    24.6    24.2    24.0    20.9    19.6
53926 20160531  2.422  -97.09   36.12    27.8    18.2    23.0    22.3     5.9    20.38 C    35.6    18.1    24.1    92.9    58.0    77.8   0.273   0.303   0.389   0.472   0.421    24.3    24.0    23.9    21.1    19.8
53926 20160601  2.422  -97.09   36.12    26.5    19.2    22.8    22.1     0.6    13.85 C    34.3    18.4    23.4    93.8    59.5    79.9   0.270   0.297   0.386   0.472   0.418    24.1    23.8    23.9    21.2    20.0
53926 20160602  2.422  -97.09   36.12    27.4    19.2    23.3    21.7     8.1    12.93 C    34.3    18.9    22.6    94.1    55.2    83.4   0.300   0.306   0.383   0.471   0.418    23.5    23.3    23.5    21.2    20.1
53926 20160603  2.422  -97.09   36.12    27.3    18.4    22.9    22.2     2.3    16.45 C    33.4    17.5    22.8    94.4    59.1    79.9   0.368   0.331   0.380   0.471   0.417    23.3    23.0    23.2    21.2    20.2
53926 20160604  2.422  -97.09   36.12    30.8    15.5    23.2    23.1     0.0    27.17 C    36.8    14.1    24.1    95.0    21.7    66.0   0.342   0.327   0.376   0.468   0.416    23.7    23.4    23.4    21.2    20.2
53926 20160605  2.422  -97.09   36.12    28.7    13.2    21.0    21.7     0.0    29.80 C    36.1    12.4    22.6    90.7    27.9    58.5   0.298   0.309   0.370   0.467   0.415    22.9    22.7    23.2    21.2    20.3
53926 20160606  2.422  -97.09   36.12    31.3    13.0    22.2    22.3     0.0    29.39 C    37.9    12.0    23.6    93.4    21.2    61.4   0.263   0.294   0.363   0.466   0.413    23.1    22.8    23.1    21.1    20.3
53926 20160607  2.422  -97.09   36.12    32.7    14.9    23.8    24.4     0.0    27.49 C    41.3    13.4    25.6    92.2    32.2    59.8   0.235   0.281   0.354   0.465   0.414    23.8    23.4    23.4    21.2    20.3
53926 20160608  2.422  -97.09   36.12    33.8    17.4    25.6    26.5     0.0    28.50 C    43.7    16.0    28.2    89.4    29.2    55.9   0.210   0.266   0.345   0.462   0.412    25.0    24.4    24.2    21.4    20.4
53926 20160609  2.422  -97.09   36.12    33.0    19.8    26.4    26.7     0.0    27.88 C    44.0    17.8    29.0    78.3    32.8    56.3   0.189   0.249   0.330   0.459   0.413    25.6    25.1    24.9    21.7    20.6
53926 20160610  2.422  -97.09   36.12    33.9    22.1    28.0    27.9     0.0    25.53 C    45.3    21.1    30.3    77.1    40.1    58.1   0.173   0.236   0.318   0.453   0.411    26.4    25.8    25.5    22.1    20.8
53926 20160611  2.422  -97.09   36.12    34.1    21.7    27.9    28.0     0.0    26.93 C    46.4    20.3    30.8    84.6    38.6    62.4   0.161   0.224   0.304   0.427   0.410    26.9    26.4    26.0    22.4    21.0
53926 20160612  2.422  -97.09   36.12    31.4    21.8    26.6    26.3     0.0    27.42 C    45.8    20.3    30.4    88.9    45.3    68.5   0.152   0.214   0.291   0.418   0.409    27.3    26.8    26.4    22.9    21.3
53926 20160613  2.422  -97.09   36.12    29.9    21.6    25.7    24.9     0.0    16.04 C    39.7    20.9    26.8    92.1    57.3    76.9   0.146   0.208   0.283   0.412   0.408    26.5    26.3    26.3    23.1    21.5
53926 20160614  2.422  -97.09   36.12    33.9    22.2    28.1    27.8     0.0    21.65 C    48.1    21.3    30.8    89.6    39.4    67.0   0.143   0.203   0.275   0.409   0.409    27.0    26.5    26.3    23.1    21.8
53926 20160615  2.422  -97.09   36.12    37.6    24.7    31.1    30.9     0.0    27.63 C    50.2    23.4    34.3    87.1    39.5    65.0   0.140   0.198   0.267   0.402   0.405    28.8    28.0    27.3    23.4    21.9
53926 20160616  2.422  -97.09   36.12    37.5    25.0    31.2    30.7     0.0    26.85 C    50.5    24.4    34.3    86.6    33.3    62.8   0.138   0.194   0.260   0.394   0.404    29.4    28.7    28.1    23.9    22.2
53926 20160617  2.422  -97.09   36.12    38.4    25.0    31.7    31.4     0.0    27.18 C    51.0    24.1    34.7    77.3    34.3    59.6   0.134   0.190   0.254   0.385   0.402    29.9    29.2    28.6    24.4    22.5
53926 20160618  2.422  -97.09   36.12    34.2    20.3    27.3    27.7     2.7    18.22 C    46.8    21.1    29.6    87.5    40.4    66.7   0.131   0.186   0.251   0.379   0.400    28.7    28.4    28.5    24.7    22.8
53926 20160619  2.422  -97.09   36.12    34.2    22.2    28.2    27.9     0.0    23.81 C    48.1    21.9    30.9    89.5    44.0    65.3   0.131   0.184   0.248   0.373   0.400    28.1    27.8    27.8    24.7    23.0
53926 20160620  2.422  -97.09   36.12    35.5    22.6    29.0    28.8     0.0    27.12 C    49.8    21.0    32.6    80.5    36.3    58.1   0.131   0.184   0.245   0.366   0.396    28.6    28.2    27.9    24.7    23.1
53926 20160621  2.422  -97.09   36.12    37.0    23.2    30.1    29.7     0.0    25.56 C    52.1    21.5    33.5    81.5    28.7    54.9   0.130   0.183   0.243   0.357   0.391    29.0    28.6    28.3    24.8    23.3
53926 20160622  2.422  -97.09   36.12    36.9    25.0    30.9    31.0     0.0    28.41 C    52.0    22.8    35.0    72.3    31.9    51.1   0.128   0.181   0.241   0.350   0.389    29.5    29.0    28.7    25.0    23.4
53926 20160623  2.422  -97.09   36.12    37.1    25.7    31.4    30.9     0.0    24.67 C    52.9    25.0    35.2    73.3    39.0    57.9   0.127   0.181   0.240   0.344   0.385    30.2    29.6    29.2    25.3    23.6
53926 20160624  2.422  -97.09   36.12    34.6    23.6    29.1    29.1     0.0    20.47 C    49.0    23.0    32.2    82.0    38.6    60.1   0.124   0.178   0.237   0.338   0.383    29.7    29.3    29.2    25.6    23.8
53926 20160625  2.422  -97.09   36.12    35.8    23.1    29.5    29.5     0.0    26.26 C    52.2    22.7    34.0    78.3    34.1    56.4   0.121   0.177   0.236   0.333   0.380    29.7    29.2    29.1    25.6    24.0
53926 20160626  2.422  -97.09   36.12    35.9    22.0    28.9    27.1    20.8    18.65 C    52.4    22.3    31.1    90.8    39.5    70.9   0.163   0.200   0.251   0.328   0.374    29.1    28.9    29.1    25.7    24.1
53926 20160627  2.422  -97.09   36.12    32.9    22.3    27.6    26.7     0.4    16.54 C    39.2    22.9    28.1    91.2    46.5    71.7   0.243   0.249   0.277   0.328   0.371    27.8    27.7    28.1    25.7    24.2
53926 20160628  2.422  -97.09   36.12    34.0    21.0    27.5    28.1     0.0    24.74 C    41.1    19.8    29.4    94.0    39.9    63.9   0.222   0.237   0.266   0.326   0.370    28.4    28.1    28.2    25.4    24.2
53926 20160629  2.422  -97.09   36.12    34.3    18.9    26.6    26.9     0.0    24.75 C    42.3    18.2    28.6    92.3    27.9    59.4   0.197   0.226   0.258   0.325   0.366    27.5    27.4    27.8    25.4    24.2
53926 20160630  2.422  -97.09   36.12    34.9    22.1    28.5    27.0     4.4    21.38 C    46.5    20.7    29.1    92.0    39.1    65.5   0.179   0.216   0.253   0.324   0.364    27.7    27.5    27.8    25.3    24.2
53926 20160701  2.422  -97.09   36.12    25.7    21.3    23.5    23.4     3.6     6.07 C    27.2    21.6    23.7    92.0    69.4    83.6   0.179   0.209   0.250   0.325   0.363    26.0    26.1    27.1    25.2    24.2
53926 20160702  2.422  -97.09   36.12    35.2    22.9    29.1    29.0     0.0    25.85 C    42.5    22.3    30.5    91.5    37.2    62.4   0.188   0.206   0.249   0.324   0.361    27.4    27.0    27.0    24.8    24.1
53926 20160703  2.422  -97.09   36.12    31.0    21.1    26.1    24.9    41.4    12.01 C    37.3    21.3    25.7    92.8    59.7    84.5   0.336   0.353   0.340   0.347   0.361    26.7    26.6    27.1    25.0    24.1
53926 20160704  2.422  -97.09   36.12    34.3    21.6    27.9    27.4     0.0    25.29 C    39.6    21.1    29.2    93.9    46.8    73.9   0.328   0.365   0.379   0.367   0.366    27.5    27.1    27.0    24.9    24.1
53926 20160705  2.422  -97.09   36.12    35.8    25.0    30.4    29.9     0.0    27.40 C    40.5    23.9    30.9    88.6    37.9    64.8   0.296   0.346   0.373   0.368   0.365    28.7    28.2    28.0    25.1    24.1
53926 20160706  2.422  -97.09   36.12    35.8    24.8    30.3    30.4     0.0    26.29 C    40.5    23.7    31.0    85.9    46.8    64.6   0.269   0.330   0.365   0.369   0.365    29.0    28.6    28.4    25.4    24.2
53926 20160707  2.422  -97.09   36.12    35.9    27.5    31.7    31.0     0.0    23.36 C    40.6    24.9    30.8    67.5    46.8    57.8   0.240   0.313   0.357   0.366   0.364    29.0    28.6    28.6    25.7    24.3
53926 20160708  2.422  -97.09   36.12    30.2    20.8    25.5    26.3    20.5     9.65 C    34.9    20.4    26.0    87.5    64.6    76.7   0.323   0.366   0.366   0.366   0.364    27.4    27.4    28.0    25.8    24.5
53926 20160709  2.422  -97.09   36.12    32.8    22.1    27.5    27.4     0.0    25.05 C    38.8    21.2    28.0    92.1    49.2    70.7   0.325   0.366   0.376   0.368   0.363    27.7    27.4    27.5    25.5    24.5
53926 20160710  2.422  -97.09   36.12    33.8    21.0    27.4    28.1     0.0    27.95 C    38.0    20.3    28.7    88.5    43.6    65.6   0.294   0.350   0.371   0.367   0.364    28.0    27.7    27.8    25.5    24.4
53926 20160711  2.422  -97.09   36.12    33.4    25.0    29.2    28.7     0.0    17.24 C    37.4    24.0    28.5    78.4    55.3    66.6   0.269   0.339   0.366   0.368   0.363    27.7    27.5    27.8    25.5    24.5
53926 20160712  2.422  -97.09   36.12    33.7    25.8    29.8    29.1     0.0    20.68 C    36.0    24.5    28.6    68.0    49.2    59.3   0.248   0.327   0.360   0.368   0.363    27.5    27.3    27.6    25.5    24.5
53926 20160713  2.422  -97.09   36.12    35.4    20.2    27.8    30.2    13.7    25.15 C    38.3    19.6    30.0    84.6    44.5    59.7   0.225   0.311   0.352   0.367   0.363    28.2    27.8    27.8    25.5    24.5
53926 20160714  2.422  -97.09   36.12    29.4    20.0    24.7    23.8    15.7    13.29 C    32.0    19.5    23.1    88.2    51.2    71.9   0.342   0.346   0.345   0.367   0.361    26.1    26.3    27.2    25.5    24.5
53926 20160715  2.422  -97.09   36.12    31.1    20.1    25.6    25.6     0.5    26.67 C    35.2    19.2    26.0    90.6    44.3    71.0   0.370   0.389   0.360   0.371   0.362    26.3    26.0    26.4    25.1    24.5
53926 20160716  2.422  -97.09   36.12    33.3    23.1    28.2    27.9     0.0    26.56 C    36.6    22.3    28.3    88.0    41.9    67.8   0.327   0.367   0.363   0.371   0.360    27.4    27.0    27.0    25.1    24.4
53926 20160717  2.422  -97.09   36.12    34.8    24.6    29.7    29.5     0.0    27.66 C    36.9    22.6    28.7    81.1    37.4    58.1   0.296   0.351   0.362   0.371   0.357    27.8    27.5    27.5    25.2    24.4
53926 20160718  2.422  -97.09   36.12    35.5    22.4    29.0    29.1     0.0    27.55 C    37.5    21.0    28.8    82.2    41.5    60.9   0.263   0.336   0.356   0.370   0.355    27.8    27.5    27.6    25.3    24.4
53926 20160719  2.422  -97.09   36.12    35.3    23.8    29.5    29.5     0.0    24.42 C    37.2    22.3    29.1    90.3    38.8    64.4   0.235   0.318   0.350   0.369   0.353    28.0    27.7    27.8    25.4    24.5
53926 20160720  2.422  -97.09   36.12    36.2    24.5    30.3    30.5     0.0    27.36 C    39.1    22.5    30.0    84.5    39.8    59.2   0.207   0.299   0.344   0.368   0.351    28.5    28.1    28.1    25.6    24.6
53926 20160721  2.422  -97.09   36.12    37.8    24.2    31.0    31.3     0.0    27.17 C    40.5    22.4    30.8    78.8    33.5    53.7   0.183   0.274   0.334   0.368   0.351    28.7    28.4    28.3    25.7    24.7
53926 20160722  2.422  -97.09   36.12    39.0    24.4    31.7    31.8     0.0    27.53 C    41.7    21.5    31.1    72.8    26.8    49.1   0.164   0.246   0.319   0.363   0.347    28.9    28.5    28.5    25.9    24.8
53926 20160723  2.422  -97.09   36.12    38.6    23.3    31.0    31.8     0.0    27.28 C    42.4    20.8    31.4    77.8    26.4    48.8   0.152   0.220   0.303   0.358   0.347    28.9    28.6    28.6    26.0    24.9
53926 20160724  2.422  -97.09   36.12    39.0    25.0    32.0    32.1     0.0    26.25 C    43.4    23.5    32.5    76.6    29.5    51.5   0.145   0.202   0.285   0.353   0.343    29.4    29.0    28.9    26.1    25.0
53926 20160725  2.422  -97.09   36.12    35.3    25.6    30.4    29.5     7.7    22.41 C    40.1    23.7    30.1    81.9    39.6    61.4   0.144   0.196   0.273   0.348   0.343    29.3    29.0    29.1    26.2    25.1
53926 20160726  2.422  -97.09   36.12    32.9    22.9    27.9    27.1     0.4    19.11 C    37.7    23.1    27.9    91.2    45.7    74.9   0.160   0.201   0.265   0.345   0.344    28.5    28.4    28.7    26.3    25.2
53926 20160727  2.422  -97.09   36.12    33.3    23.5    28.4    26.6     1.3    17.23 C    37.6    22.5    27.0    91.4    45.7    76.4   0.152   0.194   0.262   0.345   0.341    28.0    27.9    28.3    26.2    25.3
53926 20160728  2.422  -97.09   36.12    35.5    21.5    28.5    26.6    25.9    22.69 C    40.4    20.9    27.4    94.1    39.6    73.6   0.195   0.227   0.260   0.347   0.342    27.3    27.3    27.9    26.1    25.3
53926 20160729  2.422  -97.09   36.12    29.6    19.4    24.5    24.5     4.9    18.02 C    33.4    19.2    24.5    90.4    50.1    73.0   0.288   0.312   0.261   0.362   0.345    26.3    26.3    27.1    25.9    25.2
53926 20160730  2.422  -97.09   36.12    31.2    21.2    26.2    25.3     3.0    17.08 C    33.3    20.3    25.4    93.1    56.5    78.1   0.281   0.311   0.261   0.360   0.343    26.2    26.1    26.8    25.6    25.1
53926 20160731  2.422  -97.09   36.12    35.4    23.6    29.5    29.4     0.0    25.94 C    36.8    22.6    29.1    83.6    43.4    62.7   0.265   0.304   0.262   0.355   0.344    27.4    27.1    27.2    25.4    25.0
53926 20160801  2.422  -97.09   36.12    36.1    24.9    30.5    30.6     0.0    26.32 C    37.1    23.0    30.0    74.6    39.9    55.7   0.241   0.290   0.264   0.353   0.342    28.1    27.8    27.8    25.6    24.9
53926 20160802  2.422  -97.09   36.12    36.8    24.3    30.6    30.5     0.0    23.28 C    38.5    21.5    29.5    64.5    37.6    52.0   0.217   0.276   0.264   0.351   0.341    28.0    27.8    28.0    25.7    25.0
53926 20160803  2.422  -97.09   36.12    37.3    26.0    31.6    31.2     0.0    24.81 C    39.0    23.9    30.5    64.9    32.9    50.4   0.198   0.260   0.264   0.349   0.341    28.3    28.1    28.1    25.8    25.1
53926 20160804  2.422  -97.09   36.12    35.6    25.7    30.6    30.7     0.0    24.26 C    39.2    22.9    30.4    68.4    37.1    53.5   0.178   0.243   0.262   0.345   0.355    28.4    28.2    28.3    25.9    25.1
53926 20160805  2.422  -97.09   36.12    35.7    26.5    31.1    30.3     0.0    17.01 C    39.0    24.6    30.0    73.0    36.5    56.6   0.164   0.225   0.260   0.342   0.401    28.3    28.1    28.3    26.0    25.2
53926 20160806  2.422  -97.09   36.12    32.2    22.6    27.4    27.2     0.0    15.26 C    34.5    22.7    27.5    85.1    47.4    68.6   0.154   0.211   0.258   0.339   0.398    27.7    27.7    28.1    26.0    25.2
53926 20160807  2.422  -97.09   36.12    37.5    24.3    30.9    29.5     0.0    21.50 C    41.6    23.9    30.3    89.0    37.9    64.9   0.147   0.202   0.255   0.335   0.396    28.1    27.8    28.0    26.0    25.3
53926 20160808  2.422  -97.09   36.12    34.5    23.6    29.1    28.1     0.0    16.05 C    39.5    22.4    28.6    83.2    45.0    65.8   0.140   0.194   0.252   0.330   0.395    27.9    27.8    28.1    26.0    25.3
53926 20160809  2.422  -97.09   36.12    35.9    22.8    29.3    27.9     3.9    17.68 C    37.7    21.4    27.8    86.6    40.8    69.6   0.136   0.191   0.249   0.327   0.397    27.7    27.6    28.0    26.0    25.3
53926 20160810  2.422  -97.09   36.12    37.3    24.6    31.0    30.5     0.0    23.59 C    41.2    23.9    31.1    82.3    37.3    61.3   0.136   0.188   0.247   0.323   0.396    28.2    27.9    28.1    25.9    25.2
53926 20160811  2.422  -97.09   36.12    38.7    25.7    32.2    32.1     0.0    24.62 C    41.9    24.7    32.5    79.8    34.5    54.3   0.133   0.185   0.245   0.318   0.395    28.8    28.5    28.5    26.0    25.3
53926 20160812  2.422  -97.09   36.12    32.5    23.6    28.0    27.9     0.0    12.29 C    37.9    22.3    28.0    84.3    54.8    68.7   0.130   0.181   0.242   0.314   0.393    28.1    28.0    28.5    26.2    25.3
53926 20160813  2.422  -97.09   36.12    33.2    19.7    26.4    26.3     0.0    26.18 C    38.3    17.3    26.6    93.1    26.5    61.0   0.128   0.178   0.239   0.310   0.393    27.3    27.4    28.0    26.1    25.4
53926 20160814  2.422  -97.09   36.12    31.5    18.0    24.8    25.0     0.0    17.29 C    35.1    16.0    24.6    88.8    39.9    63.0   0.124   0.175   0.236   0.306   0.393    26.2    26.3    27.3    25.8    25.4
53926 20160815  2.422  -97.09   36.12    33.0    20.9    26.9    25.9     0.0    19.94 C    39.8    20.1    26.7    86.9    25.0    60.5   0.123   0.173   0.234   0.304   0.391    26.5    26.4    27.1    25.6    25.3
53926 20160816  2.422  -97.09   36.12    34.2    17.5    25.8    26.3     0.0    25.49 C    41.6    16.1    27.2    88.7    28.7    55.6   0.120   0.172   0.231   0.300   0.388    26.5    26.4    27.1    25.5    25.1
53926 20160817  2.422  -97.09   36.12    33.3    20.1    26.7    26.4     0.0    22.29 C    40.0    19.1    27.6    91.9    35.4    63.9   0.119   0.171   0.231   0.297   0.386    26.9    26.8    27.3    25.4    25.0
53926 20160818  2.422  -97.09   36.12    33.4    21.3    27.4    26.7     0.0    18.84 C    42.1    20.9    28.0    92.8    38.7    68.7   0.117   0.170   0.229   0.295   0.384    27.3    27.1    27.5    25.5    24.9
53926 20160819  2.422  -97.09   36.12    33.3    21.1    27.2    26.6     0.0    22.43 C    39.2    20.3    27.8    89.1    45.9    67.0   0.116   0.170   0.229   0.293   0.385    27.4    27.2    27.6    25.5    24.9
53926 20160820  2.422  -97.09   36.12    29.3    17.3    23.3    23.5     4.9    17.89 C    34.4    14.8    23.6    91.5    38.0    67.6   0.115   0.168   0.237   0.294   0.382    26.1    26.3    27.3    25.6    25.0
53926 20160821  2.422  -97.09   36.12    30.1    12.6    21.3    21.7     0.0    25.99 C    36.0    11.5    22.4    93.5    25.3    55.5   0.115   0.166   0.231   0.293   0.381    24.2    24.5    25.9    25.2    24.9
53926 20160822  2.422  -97.09   36.12    32.3    12.2    22.2    23.6     0.0    25.06 C    38.2    11.0    24.7    89.5    30.3    61.6   0.116   0.166   0.227   0.290   0.379    24.1    24.2    25.3    24.7    24.8
53926 20160823  2.422  -97.09   36.12    33.6    23.6    28.6    27.7     0.0    13.51 C    37.6    23.0    28.1    85.4    48.1    69.1   0.117   0.168   0.227   0.288   0.375    26.0    25.7    26.1    24.6    24.5
53926 20160824  2.422  -97.09   36.12    36.7    25.9    31.3    30.8     0.0    21.75 C    42.7    23.5    31.5    65.2    31.8    48.9   0.117   0.169   0.227   0.287   0.372    27.1    26.7    26.8    24.8    24.5
53926 20160825  2.422  -97.09   36.12    34.4    20.0    27.2    26.7    16.3    17.12 C    43.5    19.3    27.5    88.0    40.4    65.7   0.123   0.169   0.231   0.286   0.373    26.8    26.7    27.2    25.1    24.5
53926 20160826  2.422  -97.09   36.12    32.8    19.4    26.1    24.7     0.0    21.61 C    39.1    19.1    25.8    91.9    42.3    72.5   0.204   0.181   0.269   0.286   0.373    25.8    25.8    26.6    25.1    24.6
53926 20160827  2.422  -97.09   36.12    33.5    20.6    27.0    26.0     4.1    17.10 C    37.2    19.8    26.0    92.1    42.5    72.3   0.204   0.180   0.259   0.287   0.371    25.9    25.8    26.5    25.0    24.6
53926 20160828  2.422  -97.09   36.12    33.8    21.8    27.8    26.5     0.0    16.71 C    38.2    20.9    26.7    91.1    39.4    71.9   0.199   0.180   0.253   0.287   0.368    26.3    26.2    26.7    25.0    24.6
53926 20160829  2.422  -97.09   36.12    31.7    20.8    26.2    24.8     1.8    14.78 C    37.4    19.9    24.9    92.4    50.6    78.7   0.186   0.180   0.248   0.288   0.368    25.8    25.8    26.5    25.0    24.6
53926 20160830  2.422  -97.09   36.12    33.7    20.4    27.1    27.1     0.0    21.72 C    38.5    19.6    27.5    94.1    39.9    67.7   0.177   0.180   0.244   0.288   0.367    26.0    25.9    26.5    24.9    24.5
53926 20160831  2.422  -97.09   36.12    31.6    20.7    26.1    23.7    30.3    12.70 C    39.1    19.9    24.2    92.9    53.6    83.2   0.216   0.232   0.274   0.300   0.365    25.4    25.5    26.3    24.9    24.5
53926 20160901  2.422  -97.09   36.12    27.4    21.0    24.2    24.0     0.0    12.15 C    32.7    19.9    24.2    92.7    60.4    77.8   0.248   0.291   0.302   0.313   0.367    25.1    25.1    25.9    24.8    24.5
53926 20160902  2.422  -97.09   36.12    28.6    18.4    23.5    23.2     0.0    22.41 C    34.7    17.6    23.9    81.6    40.1    61.2   0.230   0.282   0.300   0.309   0.366    24.8    24.9    25.7    24.6    24.5
53926 20160903  2.422  -97.09   36.12    30.2    16.2    23.2    23.4     0.0    20.18 C    34.3    15.4    23.6    86.7    43.1    61.5   0.217   0.274   0.297   0.306   0.366    24.1    24.2    25.1    24.5    24.3
53926 20160904  2.422  -97.09   36.12    32.6    19.3    26.0    26.0     0.0    20.22 C    35.4    18.4    26.1    78.6    45.7    60.5   0.205   0.265   0.297   0.304   0.365    24.6    24.5    25.2    24.3    24.2
53926 20160905  2.422  -97.09   36.12    34.8    22.7    28.8    28.6     0.0    21.98 C    36.9    21.7    28.5    79.7    36.7    57.6   0.194   0.257   0.295   0.302   0.362    25.5    25.3    25.7    24.3    24.2
53926 20160906  2.422  -97.09   36.12    34.3    24.2    29.3    28.8     0.0    20.63 C    36.9    22.4    28.7    81.4    44.2    61.8   0.182   0.249   0.295   0.301   0.363    26.1    25.8    26.1    24.5    24.3
53926 20160907  2.422  -97.09   36.12    34.4    25.3    29.8    29.0     0.0    12.77 C    35.6    24.6    28.8    77.2    42.3    62.3   0.172   0.240   0.293   0.299   0.362    26.2    26.0    26.3    24.6    24.3
53926 20160908  2.422  -97.09   36.12    35.7    26.5    31.1    30.3     0.0    14.85 C    39.5    25.6    30.1    68.8    37.9    55.1   0.163   0.230   0.290   0.299   0.362    26.6    26.3    26.5    24.7    24.4
53926 20160909  2.422  -97.09   36.12    34.0    19.8    26.9    27.5    34.6    20.37 C    36.3    19.3    27.6    91.5    46.3    67.1   0.228   0.263   0.315   0.300   0.362    26.4    26.2    26.6    24.8    24.4
53926 20160910  2.422  -97.09   36.12    25.7    13.6    19.6    20.1     4.4    21.74 C    30.4    12.4    20.2    93.4    32.4    66.5   0.292   0.356   0.319   0.335   0.363    24.3    24.6    25.7    24.8    24.5
53926 20160911  2.422  -97.09   36.12    29.1    11.5    20.3    20.6     0.0    22.75 C    32.7    10.3    20.4    93.5    33.0    62.9   0.264   0.335   0.311   0.328   0.362    22.5    22.8    24.1    24.3    24.4
53926 20160912  2.422  -97.09   36.12    32.5    17.3    24.9    25.0     0.0    20.64 C    34.7    15.7    24.4    80.3    27.7    54.8   0.250   0.325   0.308   0.321   0.359    23.4    23.3    24.1    23.8    24.2
53926 20160913  2.422  -97.09   36.12    33.0    20.6    26.8    25.7     0.0    13.29 C    36.4    19.4    25.1    83.8    37.4    66.0   0.240   0.317   0.309   0.319   0.359    24.2    24.0    24.5    23.7    24.0
53926 20160914  2.422  -97.09   36.12    26.8    17.6    22.2    21.3     1.3    10.44 C    29.5    18.4    21.7    92.9    62.9    83.6   0.231   0.312   0.309   0.318   0.362    23.7    23.8    24.6    23.8    23.9
53926 20160915  2.422  -97.09   36.12    30.9    18.7    24.8    23.3     0.3    11.43 C    35.7    17.8    23.2    94.0    52.7    79.8   0.227   0.307   0.307   0.317   0.360    23.8    23.7    24.4    23.6    23.8
53926 20160916  2.422  -97.09   36.12    27.3    19.0    23.1    22.1     0.0    11.38 C    32.9    17.9    22.6    94.3    58.4    82.6   0.223   0.304   0.307   0.316   0.361    23.8    23.8    24.4    23.5    23.8
53926 20160917  2.422  -97.09   36.12    29.7    16.6    23.2    21.3     7.6    15.51 C    35.4    15.8    21.8    94.1    51.6    78.9   0.236   0.300   0.306   0.314   0.360    23.3    23.4    24.2    23.5    23.7
53926 20160918  2.422  -97.09   36.12    32.0    17.1    24.5    24.4     0.4    20.94 C    35.2    15.6    24.4    94.7    43.7    71.2   0.269   0.304   0.306   0.313   0.363    23.4    23.3    24.0    23.4    23.6
53926 20160919  2.422  -97.09   36.12    36.4    21.4    28.9    28.4     0.0    20.51 C    39.4    19.4    27.8    89.5    33.4    65.3   0.255   0.300   0.308   0.311   0.360    24.7    24.4    24.6    23.4    23.5
53926 20160920  2.422  -97.09   36.12    35.9    23.2    29.6    28.5     0.0    17.17 C    39.7    21.1    27.8    91.2    33.4    65.8   0.240   0.293   0.308   0.312   0.361    25.4    25.1    25.2    23.6    23.6
53926 20160921  2.422  -97.09   36.12    34.0    22.6    28.3    27.5     0.0    17.37 C    38.2    20.8    27.4    87.9    44.5    67.2   0.228   0.287   0.309   0.310   0.361    25.6    25.4    25.6    23.9    23.7
53926 20160922  2.422  -97.09   36.12    33.8    19.8    26.8    26.2     0.0    20.43 C    37.4    17.6    25.5    84.3    32.2    58.7   0.215   0.279   0.307   0.311   0.360    24.9    24.8    25.4    24.1    23.8
53926 20160923  2.422  -97.09   36.12    33.7    18.3    26.0    26.4     0.0    19.66 C    37.9    16.8    26.2    87.3    32.4    61.9   0.203   0.270   0.307   0.310   0.360    24.6    24.5    25.0    24.0    23.9
53926 20160924  2.422  -97.09   36.12    32.6    20.1    26.3    26.2     9.6    15.11 C    36.5    19.8    26.3    91.5    46.4    70.1   0.208   0.262   0.309   0.308   0.359    24.9    24.8    25.3    24.0    23.9
53926 20160925  2.422  -97.09   36.12    22.5    16.7    19.6    19.5     5.8     4.40 C    23.1    15.9    19.4    93.3    67.3    84.1   0.302   0.282   0.330   0.308   0.360    23.5    23.8    24.8    24.0    23.9
53926 20160926  2.422  -97.09   36.12    24.7    11.0    17.9    17.2     0.0    20.69 C    28.9     9.4    16.8    89.1    22.4    60.5   0.291   0.297   0.320   0.307   0.358    21.2    21.7    23.3    23.5    23.8
53926 20160927  2.422  -97.09   36.12    28.6     8.9    18.7    18.3     0.0    20.28 C    33.9     7.6    18.0    94.3    26.6    61.9   0.272   0.294   0.313   0.306   0.359    20.0    20.4    21.9    22.8    23.5
53926 20160928  2.422  -97.09   36.12    29.9    13.1    21.5    20.5     0.0    20.21 C    33.5    10.5    19.2    78.5    22.7    50.3   0.259   0.289   0.311   0.303   0.357    20.2    20.5    21.7    22.3    23.2
53926 20160929  2.422  -97.09   36.12    23.4     9.4    16.4    15.3     0.0    20.12 C    28.7     7.5    15.5    90.2    35.4    67.0   0.246   0.283   0.310   0.302   0.358    19.2    19.7    21.2    21.9    22.9
53926 20160930  2.422  -97.09   36.12    24.7     7.8    16.2    15.7     0.0    19.53 C    32.3     6.3    15.9    94.2    29.4    68.8   0.235   0.277   0.307   0.300   0.357    18.5    18.9    20.4    21.5    22.6
53926 20161001  2.422  -97.09   36.12    27.8    11.1    19.5    19.2     0.0    17.62 C    34.1     9.8    19.5    90.4    27.4    60.2   0.226   0.272   0.306   0.300   0.355    19.1    19.3    20.4    21.1    22.2
53926 20161002  2.422  -97.09   36.12    29.6    13.1    21.3    21.3     0.0    18.37 C    36.1    11.1    21.1    89.8    32.1    59.5   0.216   0.266   0.306   0.300   0.356    20.0    20.0    20.8    21.0    21.9
53926 20161003  2.422  -97.09   36.12    29.2    13.9    21.6    22.1     0.0    18.24 C    35.7    11.9    22.1    88.5    35.0    58.3   0.207   0.259   0.305   0.300   0.355    20.3    20.3    21.1    21.0    21.8
53926 20161004  2.422  -97.09   36.12    29.2    19.0    24.1    23.7     2.7    10.27 C    32.1    18.2    23.5    84.3    49.4    60.3   0.199   0.253   0.306   0.300   0.355    21.0    20.9    21.6    21.1    21.7
53926 20161005  2.422  -97.09   36.12    33.2    17.9    25.5    25.0     3.1    17.79 C    37.5    17.2    25.2    91.1    28.7    67.1   0.194   0.249   0.306   0.299   0.354    21.9    21.7    22.2    21.3    21.7
53926 20161006  2.422  -97.09   36.12    30.2    11.8    21.0    23.9    70.6    14.10 C    33.5    11.4    23.7    90.9    53.5    73.7   0.375   0.399   0.402   0.410   0.406    22.2    22.0    22.5    21.6    21.8
53926 20161007  2.422  -97.09   36.12    20.3     7.5    13.9    13.2     0.0    17.74 C    24.8     6.0    13.7    89.0    39.5    67.4   0.404   0.428   0.443   0.456   0.432    19.1    19.8    21.3    21.5    21.9
53926 20161008  2.422  -97.09   36.12    22.8     5.1    14.0    13.4     0.0    18.66 C    28.6     3.5    13.6    92.6    25.3    67.2   0.336   0.375   0.409   0.460   0.436    17.4    18.0    19.7    20.9    21.8
53926 20161009  2.422  -97.09   36.12    25.6    10.9    18.2    17.6     0.0    16.92 C    32.1     9.7    18.1    89.4    25.7    57.8   0.316   0.359   0.388   0.451   0.436    18.1    18.3    19.5    20.4    21.5
53926 20161010  2.422  -97.09   36.12    25.7    14.5    20.1    18.9     0.0    11.80 C    30.6    11.9    18.1    68.4    28.3    49.7   0.305   0.352   0.384   0.437   0.435    18.4    18.6    19.7    20.2    21.2
53926 20161011  2.422  -97.09   36.12    31.0    13.9    22.4    22.0     0.0    16.87 C    35.8    12.2    21.6    76.1    33.0    50.0   0.297   0.348   0.382   0.431   0.431    19.1    19.0    19.9    20.1    21.0
53926 20161012  2.422  -97.09   36.12    22.5    11.4    17.0    15.7     0.0     5.15 C    24.4    10.5    15.7    88.3    46.7    75.8   0.289   0.344   0.381   0.433   0.429    18.8    19.1    20.2    20.1    20.9
53926 20161013  2.422  -97.09   36.12    13.4     8.0    10.7    10.8     0.0     3.67 C    16.1     7.8    11.7    91.9    67.4    80.7   0.283   0.340   0.380   0.432   0.432    17.1    17.6    19.2    20.0    20.8
53926 20161014  2.422  -97.09   36.12    26.3    11.8    19.1    18.8     0.0    14.73 C    32.4    12.3    20.1    92.3    49.9    72.5   0.281   0.340   0.380   0.430   0.430    18.2    18.2    19.1    19.5    20.7
53926 20161015  2.422  -97.09   36.12    30.4    18.7    24.5    24.2     0.0    14.45 C    33.4    17.5    23.9    86.6    48.2    68.4   0.277   0.337   0.378   0.428   0.427    20.1    19.8    20.2    19.6    20.5
53926 20161016  2.422  -97.09   36.12    32.2    21.0    26.6    26.1     0.0    16.71 C    35.1    19.0    25.6    81.0    42.9    62.6   0.270   0.333   0.380   0.429   0.430    21.2    20.9    21.1    20.0    20.5
53926 20161017  2.422  -97.09   36.12    33.1    22.8    28.0    27.6     0.0    16.17 C    35.4    21.0    26.7    67.2    31.9    52.5   0.262   0.327   0.379   0.430   0.428    21.8    21.5    21.8    20.4    20.7
53926 20161018  2.422  -97.09   36.12    27.6    14.5    21.1    21.4     0.0    16.45 C    31.1    11.9    20.2    81.4    23.9    46.9   0.251   0.320   0.376   0.426   0.430    20.8    21.0    21.8    20.8    20.9
53926 20161019  2.422  -97.09   36.12    28.3    14.5    21.4    20.6     0.0    13.85 C    36.2    12.2    21.2    81.3    45.7    61.7   0.241   0.313   0.376   0.421   0.431    20.2    20.3    21.1    20.7    20.9
53926 20161020  2.422  -97.09   36.12    21.2     6.3    13.7    14.5     0.0    15.60 C    27.0     4.3    14.1    88.3    35.8    62.5   0.233   0.307   0.374   0.422   0.432    18.8    19.3    20.7    20.6    20.9
53926 20161021  2.422  -97.09   36.12    22.1     3.0    12.5    12.4     0.0    16.42 C    27.1     1.5    11.9    93.4    21.5    58.3   0.225   0.299   0.372   0.420   0.425    16.6    17.3    19.0    20.1    20.9
53926 20161022  2.422  -97.09   36.12    27.6     8.4    18.0    17.4     0.0    16.20 C    31.6     6.0    16.8    76.4    23.5    49.4   0.219   0.295   0.369   0.417   0.429    17.0    17.2    18.5    19.5    20.6
53926 20161023  2.422  -97.09   36.12    28.2    12.7    20.4    18.7     0.0    12.83 C    31.1    10.0    17.5    84.2    27.9    52.6   0.214   0.291   0.367   0.416   0.428    17.8    17.9    18.9    19.3    20.3
53926 20161024  2.422  -97.09   36.12    28.3    10.2    19.2    19.2     0.0    14.98 C    32.4     8.3    18.6    92.4    40.3    68.2   0.209   0.287   0.366   0.414   0.425    17.9    18.0    18.9    19.2    20.2
53926 20161025  2.422  -97.09   36.12    28.2    16.1    22.1    21.2     0.0    10.56 C    31.5    12.9    20.7    90.5    47.5    69.6   0.206   0.283   0.367   0.418   0.432    19.0    18.9    19.5    19.3    20.1
53926 20161026  2.422  -97.09   36.12    25.1    14.2    19.7    19.5    25.9     9.50 C    29.2    12.5    19.0    95.5    61.5    79.6   0.332   0.373   0.415   0.448   0.443    19.1    19.1    19.8    19.4    20.0
53926 20161027  2.422  -97.09   36.12    24.4    13.1    18.7    17.5     0.0     9.39 C    28.1    12.5    17.7    99.8    62.7    88.7   0.330   0.366   0.399   0.457   0.444    18.7    18.8    19.6    19.4    20.0
53926 20161028  2.422  -97.09   36.12    30.0    15.6    22.8    22.8     0.0    13.27 C    32.8    13.4    22.0    94.2    40.2    63.1   0.317   0.358   0.391   0.440   0.447    19.4    19.3    19.8    19.4    20.0
53926 20161029  2.422  -97.09   36.12    29.2    17.7    23.4    23.1     0.0    13.73 C    31.5    14.8    21.9    71.6    33.7    53.3   0.306   0.352   0.391   0.437   0.446    19.7    19.6    20.2    19.6    20.1
53926 20161030  2.422  -97.09   36.12    18.1    12.2    15.1    15.4     0.0     4.42 C    21.0    10.9    14.8    92.0    70.8    82.4   0.297   0.348   0.386   0.437   0.449    18.6    18.9    19.9    19.7    20.1
53926 20161031  2.422  -97.09   36.12    29.8    10.9    20.4    20.6     0.0    12.40 C    31.9     9.6    20.3    95.8    31.4    63.6   0.293   0.344   0.386   0.440   0.447    18.5    18.5    19.5    19.5    20.1
53926 20161101  2.422  -97.09   36.12    29.1    19.3    24.2    23.5     0.0    13.16 C    32.0    16.9    22.7    73.6    38.6    60.3   0.287   0.342   0.385   0.436   0.447    19.5    19.4    19.9    19.5    20.0
53926 20161102  2.422  -97.09   36.12    28.8    18.8    23.8    23.7    24.5     9.22 C    32.3    18.3    23.2    89.3    54.9    73.9   0.310   0.354   0.390   0.440   0.444    20.5    20.3    20.6    19.7    20.0
53926 20161103  2.422  -97.09   36.12    23.5    13.4    18.5    18.5     0.0    10.09 C    26.3    11.0    18.0    91.9    56.3    77.2   0.405   0.430   0.443   0.466   0.446    19.8    19.9    20.7    19.9    20.1
53926 20161104  2.422  -97.09   36.12    23.2    12.8    18.0    16.4     0.0    11.70 C    27.2    11.0    16.9    95.7    34.3    75.7   0.343   0.378   0.406   0.458   0.446    19.0    19.1    20.1    19.9    20.2
53926 20161105  2.422  -97.09   36.12    23.4    11.8    17.6    16.9     0.0    10.58 C    28.1    10.3    17.0    91.6    40.1    66.5   0.329   0.368   0.397   0.445   0.444    18.3    18.5    19.6    19.6    20.2
53926 20161106  2.422  -97.09   36.12    21.4     9.5    15.5    15.8     0.2    11.74 C    25.4     8.6    16.0    83.8    32.9    59.1   0.319   0.362   0.393   0.441   0.441    17.9    18.1    19.2    19.4    20.1
53926 20161107  2.422  -97.09   36.12    17.7    14.8    16.3    16.1     2.2     3.34 C    20.2    14.3    16.2    95.0    73.4    85.5   0.318   0.361   0.391   0.440   0.438    18.1    18.3    19.2    19.2    20.0
53926 20161108  2.422  -97.09   36.12    18.0    12.2    15.1    15.2     0.0     2.86 C    18.4    10.7    15.1    95.7    63.3    81.7   0.321   0.367   0.390   0.438   0.440    17.8    18.0    19.1    19.2    19.8
53926 20161109  2.422  -97.09   36.12    19.1     4.0    11.6    11.4     0.0    13.84 C    22.8     2.1    10.9    93.1    28.6    65.3   0.313   0.361   0.389   0.438   0.439    16.2    16.7    18.3    18.9    19.7
53926 20161110  2.422  -97.09   36.12    21.5     1.7    11.6    10.9     0.0    13.56 C    26.0     0.5    10.1    95.2    38.6    73.2   0.305   0.355   0.386   0.438   0.437    14.4    14.9    16.8    18.4    19.5
53926 20161111  2.422  -97.09   36.12    19.9     5.7    12.8    12.3     0.0    12.96 C    22.9     3.3    11.5    94.9    40.8    70.0   0.302   0.353   0.384   0.437   0.438    14.6    15.0    16.5    17.9    19.2
53926 20161112  2.422  -97.09   36.12    17.1     2.5     9.8     8.2     0.0    13.39 C    21.5     0.2     7.7    92.4    36.6    69.2   0.296   0.350   0.383   0.436   0.437    13.5    14.1    15.9    17.5    18.9
53926 20161113  2.422  -97.09   36.12    20.0     1.0    10.5    10.4     0.0    12.26 C    24.5     0.0     9.8    93.5    42.9    73.2   0.291   0.347   0.381   0.435   0.434    12.8    13.3    15.0    17.0    18.6
53926 20161114  2.422  -97.09   36.12    18.9     5.7    12.3    11.5     0.0    11.15 C    25.4     4.0    10.7    94.8    59.1    81.9   0.288   0.345   0.379   0.434   0.433    13.6    13.9    15.2    16.6    18.2
53926 20161115  2.422  -97.09   36.12    26.1     3.6    14.8    12.7     0.0    12.52 C    29.1     2.0    11.4    94.7    25.5    71.1   0.285   0.344   0.381   0.434   0.437    13.2    13.6    15.0    16.5    18.0
53926 20161116  2.422  -97.09   36.12    30.3     4.4    17.3    17.2     0.0    12.60 C    31.6     2.6    15.5    93.1    16.8    55.6   0.283   0.342   0.380   0.432   0.432    13.7    13.9    15.1    16.3    17.7
53926 20161117  2.422  -97.09   36.12    26.3    16.6    21.5    21.2     0.0    10.87 C    28.2    14.5    20.1    57.0    30.5    44.4   0.280   0.340   0.380   0.432   0.435    15.4    15.3    16.0    16.3    17.6
53926 20161118  2.422  -97.09   36.12    21.8     3.3    12.6     8.9     0.0    11.51 C    19.8    -0.3     8.7    67.3    34.1    52.4   0.269   0.338   0.379   0.434   0.430    14.0    14.6    16.1    16.6    17.6
53926 20161119  2.422  -97.09   36.12    10.0    -2.8     3.6     3.0     0.0    12.58 C    15.3    -4.9     2.5    81.9    29.7    58.2   0.262   0.332   0.377   0.433   0.429    11.2    12.1    14.4    16.2    17.5
53926 20161120  2.422  -97.09   36.12    17.9    -0.8     8.5     7.8     0.0    12.22 C    20.0    -2.7     6.2    75.9    21.6    47.5   0.255   0.330   0.375   0.433   0.434    10.4    11.1    13.1    15.5    17.2
53926 20161121  2.422  -97.09   36.12    19.2     1.9    10.5    11.2     0.0    10.71 C    22.0    -0.2    10.4    74.8    31.2    50.8   0.254   0.329   0.374   0.430   0.430    11.3    11.6    13.2    15.0    16.9
53926 20161122  2.422  -97.09   36.12    24.7     8.3    16.5    16.8     0.7    10.68 C    26.1     5.8    15.7    87.1    26.1    58.2   0.255   0.329   0.375   0.429   0.431    13.4    13.4    14.2    14.9    16.6
53926 20161123  2.422  -97.09   36.12    13.9     0.7     7.3     8.8     0.0     7.56 C    18.9    -1.1     8.6    91.2    49.8    68.8   0.248   0.327   0.374   0.427   0.431    12.6    13.1    14.5    15.1    16.5
53926 20161124  2.422  -97.09   36.12    20.3     0.6    10.4     9.2     0.0    11.17 C    22.9    -1.3     8.2    94.0    32.4    67.9   0.243   0.323   0.372   0.423   0.429    11.4    11.9    13.5    15.0    16.4
53926 20161125  2.422  -97.09   36.12    13.2    -1.4     5.9     5.1     0.0    11.28 C    18.0    -3.4     4.4    90.0    42.7    72.4   0.240   0.322   0.374   0.422   0.424    11.0    11.6    13.3    14.7    16.3
53926 20161126  2.422  -97.09   36.12    17.6    -4.4     6.6     7.0     0.0    11.72 C    21.3    -5.8     6.5    91.2    28.0    64.6   0.236   0.318   0.369   0.422   0.429     9.7    10.3    12.2    14.3    16.0
53926 20161127  2.422  -97.09   36.12    16.6     8.9    12.8    12.7     0.7     0.82 C    15.7     8.3    12.3    88.3    75.6    83.0   0.236   0.319   0.370   0.420   0.423    11.8    11.8    12.9    14.0    15.8
53926 20161128  2.422  -97.09   36.12    18.0     5.5    11.8    13.1     0.0     8.63 C    21.2     1.5    11.4    84.0    23.3    52.2   0.235   0.319   0.372   0.419   0.425    12.5    12.7    13.7    14.2    15.6
53926 20161129  2.422  -97.09   36.12    15.7     2.0     8.8     8.5     0.0    11.58 C    20.1    -1.6     6.1    70.6    24.0    45.4   0.229   0.316   0.370   0.419   0.423    10.8    11.4    13.0    14.2    15.6
53926 20161130  2.422  -97.09   36.12    12.3    -1.7     5.3     4.8     0.0    11.45 C    17.9    -5.1     3.1    69.5    19.9    48.0   0.225   0.312   0.368   0.419   0.422     9.5    10.2    12.2    13.9    15.5
53926 20161201  2.422  -97.09   36.12    16.5    -5.0     5.8     4.2     0.0    10.74 C    21.1    -6.4     2.9    85.9    23.1    57.8   0.221   0.309   0.366   0.419   0.422     8.4     9.2    11.2    13.4    15.3
53926 20161202  2.422  -97.09   36.12    14.2    -3.2     5.5     6.1     0.7     7.85 C    17.9    -4.7     5.9    87.6    34.2    61.5   0.219   0.308   0.365   0.415   0.426     8.7     9.2    10.9    13.0    14.9
53926 20161203  2.422  -97.09   36.12     8.7     6.0     7.3     7.1     3.7     1.73 C     9.9     5.4     7.0    92.5    66.2    82.2   0.219   0.309   0.368   0.415   0.419    10.1    10.4    11.6    12.8    14.7
53926 20161204  2.422  -97.09   36.12    12.3     0.1     6.2     6.8     2.0     8.75 C    17.0    -1.9     6.5    94.8    50.2    82.4   0.228   0.326   0.380   0.414   0.419    10.3    10.6    11.9    12.8    14.5
53926 20161205  2.422  -97.09   36.12    11.9    -1.3     5.3     4.8     0.0    11.06 C    15.4    -3.5     4.2    95.9    58.8    84.2   0.234   0.320   0.373   0.413   0.422     8.8     9.4    11.1    12.8    14.4
53926 20161206  2.422  -97.09   36.12     7.6     0.7     4.2     3.7     0.0     8.53 C    11.1    -3.0     3.7    94.9    32.6    61.7   0.237   0.319   0.372   0.414   0.423     8.7     9.2    10.9    12.5    14.3
53926 20161207  2.422  -97.09   36.12     2.8    -3.6    -0.4     0.5     0.0     1.19 C     3.1    -4.3     0.5    82.3    43.4    60.5   0.237   0.315   0.368   0.409   0.413     7.7     8.4    10.3    12.2    14.1
53926 20161208  2.422  -97.09   36.12     0.7    -8.8    -4.1    -4.3     0.0    10.97 C     5.8   -10.8    -4.7    80.3    30.3    59.2   0.236   0.313   0.366   0.410   0.422     5.9     6.8     9.3    11.7    13.8
53926 20161209  2.422  -97.09   36.12     0.5   -11.0    -5.3    -4.3     0.0     3.49 C     2.8   -12.0    -3.8    86.4    38.4    61.9   0.234   0.311   0.366   0.411   0.418     4.4     5.2     7.8    11.1    13.5
53926 20161210  2.422  -97.09   36.12     8.5     0.5     4.5     4.2     0.0     3.94 C     9.1     0.7     4.2    71.7    38.3    50.1   0.234   0.311   0.364   0.410   0.419     6.0     6.4     8.1    10.4    13.0
53926 20161211  2.422  -97.09   36.12    15.9    -0.9     7.5     9.0     0.0     2.66 C    16.9    -2.5     8.7    83.0    58.1    69.9   0.236   0.313   0.365   0.408   0.417     8.1     8.2     9.2    10.4    12.7
53926 20161212  2.422  -97.09   36.12     3.8    -6.8    -1.5    -0.1     0.0     4.67 C     6.6    -8.1     0.3    88.1    51.4    68.4   0.234   0.311   0.363   0.408   0.419     6.7     7.2     9.1    10.6    12.5
53926 20161213  2.422  -97.09   36.12     2.5    -4.8    -1.1    -1.2     0.0    10.28 C     6.5    -6.5    -1.6    81.8    46.0    65.6   0.232   0.310   0.363   0.406   0.418     6.0     6.6     8.6    10.4    12.4
53926 20161214  2.422  -97.09   36.12     5.9    -6.3    -0.2    -1.5     0.0     5.96 C     8.0    -7.5    -1.3    74.6    31.3    55.0   0.230   0.309   0.363   0.406   0.414     5.2     5.8     7.9    10.1    12.3
53926 20161215  2.422  -97.09   36.12     2.4    -6.7    -2.2    -1.9     0.0     3.89 C     2.6    -8.3    -1.6    77.6    28.8    53.3   0.227   0.307   0.360   0.404   0.416     4.6     5.2     7.4     9.7    12.0
53926 20161216  2.422  -97.09   36.12    16.2     2.4     9.3     8.7     0.0     2.74 C    14.6     2.6     8.2    92.8    62.2    82.2   0.229   0.309   0.361   0.406   0.413     6.6     6.7     7.8     9.5    11.7
53926 20161217  2.422  -97.09   36.12     7.7   -13.2    -2.7    -3.8     0.9     0.89 C     7.8   -13.8    -3.2    90.0    67.4    79.8   0.227   0.307   0.362   0.405   0.413     6.2     6.8     8.6     9.7    11.6
53926 20161218  2.422  -97.09   36.12    -7.2   -17.5   -12.3   -12.8     0.0    11.16 C    -1.9   -18.4   -12.3    74.7    41.5    62.5   0.223   0.303   0.358   0.402   0.410     3.0     3.9     6.7     9.4    11.5
53926 20161219  2.422  -97.09   36.12     2.3   -16.4    -7.1    -7.0     0.0    11.46 C     4.6   -17.3    -7.2    81.9    17.1    49.3   0.221   0.301   0.355   0.403   0.412     1.8     2.7     5.3     8.7    11.2
53926 20161220  2.422  -97.09   36.12    11.6    -5.5     3.0     0.8     0.0    10.99 C    14.9    -7.7    -0.5    75.7    21.8    41.8   0.221   0.301   0.356   0.401   0.411     2.7     3.3     5.2     8.1    10.8
53926 20161221  2.422  -97.09   36.12    13.7    -6.4     3.6     2.5     0.0     8.65 C    17.7    -8.0     1.5    81.2    28.7    57.9   0.220   0.302   0.356   0.399   0.413     3.6     4.0     5.7     7.9    10.4
53926 20161222  2.422  -97.09   36.12     6.3    -4.3     1.0     2.8     0.0     4.12 C     8.8    -7.0     1.9    78.4    42.2    60.5   0.222   0.302   0.357   0.402   0.410     4.5     4.8     6.3     8.0    10.2
53926 20161223  2.422  -97.09   36.12    13.0     1.5     7.2     6.7     1.2     4.55 C    14.8    -1.8     5.2    86.3    54.0    67.8   0.223   0.304   0.359   0.400   0.410     5.9     6.0     7.1     8.1    10.2
53926 20161224  2.422  -97.09   36.12    13.1    -2.5     5.3     5.1     0.0     6.04 C    15.0    -3.9     5.3    97.2    71.2    90.4   0.222   0.303   0.359   0.400   0.405     6.0     6.2     7.4     8.4    10.2
53926 20161225  2.422  -97.09   36.12    22.7    13.1    17.9    17.3     0.4     2.51 C    24.1    10.4    15.7    95.2    29.8    66.9   0.225   0.307   0.362   0.404   0.409     9.5     9.1     9.1     8.7    10.2
53926 20161226  2.422  -97.09   36.12    14.9    -1.6     6.7    10.2     0.0    10.06 C    19.9    -4.6     9.0    75.1    19.4    35.9   0.225   0.308   0.363   0.402   0.409     9.2     9.3    10.1     9.5    10.5
53926 20161227  2.422  -97.09   36.12    12.9    -5.3     3.8     3.3     0.0    10.83 C    15.8    -7.0     1.8    89.5    26.7    59.9   0.223   0.304   0.361   0.403   0.413     6.7     7.2     8.9     9.7    10.8
53926 20161228  2.422  -97.09   36.12    17.5     3.7    10.6    10.1     0.0    10.77 C    18.8    -0.5     7.8    77.1    25.8    46.2   0.222   0.304   0.360   0.403   0.410     7.3     7.5     8.7     9.5    10.9
53926 20161229  2.422  -97.09   36.12    12.1    -4.5     3.8     4.2     0.0    10.77 C    14.7    -8.1     1.6    64.9    12.2    36.6   0.222   0.303   0.359   0.403   0.411     6.7     7.1     8.6     9.5    10.9
53926 20161230  2.422  -97.09   36.12    15.6    -6.8     4.4     5.3     0.0    10.91 C    17.4    -9.2     3.8    76.2    12.1    41.4   0.219   0.301   0.357   0.402   0.411     5.4     5.9     7.6     9.3    10.8
53926 20161231  2.422  -97.09   36.12    13.2     0.0     6.6     7.1     0.0    10.60 C    16.1    -3.7     5.6    64.0    31.7    42.8   0.219   0.301   0.357   0.404   0.410     6.6     6.9     8.1     9.1    10.7
