63831 20160101  2.422  -89.07   32.34     7.5     3.1     5.3     5.0     0.4     3.96 C     9.8     3.5     6.2    89.0    54.0    70.0   0.290   0.277   0.314   0.421   0.528    11.9    12.8    13.1    15.8    17.0
63831 20160102  2.422  -89.07   32.34     9.3     1.1     5.2     4.5     0.0     8.24 C    16.5     1.8     6.5    95.1    41.0    73.9   0.285   0.272   0.313   0.416   0.523    10.9    11.5    11.8    14.7    16.4
63831 20160103  2.422  -89.07   32.34    11.6     1.4     6.5     6.2     0.0     6.29 C    17.2     1.9     7.2    96.4    45.6    73.7   0.281   0.269   0.312   0.413   0.518    10.9    11.4    11.6    14.0    15.8
63831 20160104  2.422  -89.07   32.34     9.1    -1.1     4.0     3.5     0.0    14.09 C    15.6    -1.6     4.4    90.0    42.7    68.1   0.277   0.266   0.308   0.410   0.516     9.8    10.6    10.8    13.5    15.3
63831 20160105  2.422  -89.07   32.34    10.1    -3.4     3.4     2.4     0.0    14.29 C    16.1    -3.7     3.2    82.5    39.5    63.5   0.272   0.262   0.306   0.406   0.516     8.5     9.3     9.6    12.7    14.8
63831 20160106  2.422  -89.07   32.34    13.8    -2.3     5.7     4.4     0.0    13.57 C    19.3    -2.2     5.1    97.4    39.9    68.1   0.269   0.260   0.303   0.404   0.511     8.5     9.1     9.3    12.0    14.3
63831 20160107  2.422  -89.07   32.34    11.0    -0.9     5.1     6.0     0.4     3.92 C    13.3    -0.5     6.3    99.9    75.4    90.3   0.267   0.258   0.300   0.401   0.511     8.8     9.1     9.4    11.8    13.8
63831 20160108  2.422  -89.07   32.34    19.5     5.3    12.4    12.1     0.0    12.08 C    23.6     6.6    13.4    99.5    59.7    88.0   0.265   0.258   0.301   0.401   0.508    11.3    11.1    11.1    11.9    13.6
63831 20160109  2.422  -89.07   32.34    16.0     6.6    11.3    12.4     4.3     4.01 C    18.5     7.2    12.4    98.1    79.8    90.8   0.279   0.268   0.304   0.401   0.504    12.5    12.5    12.6    12.7    13.7
63831 20160110  2.422  -89.07   32.34     6.6    -2.9     1.8     3.1     0.0     7.89 C    12.2    -3.0     4.2    87.1    46.6    70.7   0.280   0.268   0.305   0.402   0.505     9.9    10.8    11.1    12.9    13.8
63831 20160111  2.422  -89.07   32.34     8.7    -5.3     1.7    -0.3     0.0    14.47 C    16.6    -4.9     2.3    93.9    20.0    67.4   0.275   0.263   0.303   0.400   0.502     7.8     8.6     8.9    11.9    13.7
63831 20160112  2.422  -89.07   32.34    14.1    -4.8     4.6     3.4     0.0    14.64 C    17.9    -3.9     3.8    96.7    30.0    72.3   0.270   0.260   0.301   0.399   0.500     7.5     8.2     8.4    11.1    13.2
63831 20160113  2.422  -89.07   32.34    16.1    -3.4     6.4     4.7     0.0    14.92 C    21.2    -3.3     5.4    98.0    26.4    73.4   0.266   0.257   0.299   0.397   0.501     7.9     8.4     8.6    10.8    12.8
63831 20160114  2.422  -89.07   32.34    17.4    -2.6     7.4     8.2     0.0    10.40 C    20.4    -1.8     7.7    97.3    51.1    75.1   0.263   0.255   0.297   0.396   0.499     8.5     8.8     9.0    10.7    12.5
63831 20160115  2.422  -89.07   32.34    18.8     4.6    11.7    10.7     0.7     6.86 C    23.7     3.4    10.4    99.7    53.4    86.3   0.262   0.254   0.298   0.396   0.498    10.4    10.4    10.5    11.1    12.4
63831 20160116  2.422  -89.07   32.34    15.0     0.1     7.5     8.0     2.0    14.07 C    21.7     0.0     8.8   100.0    38.7    74.6   0.260   0.253   0.297   0.395   0.499    10.0    10.2    10.4    11.4    12.6
63831 20160117  2.422  -89.07   32.34    10.3    -1.5     4.4     4.5     0.6    15.00 C    16.4    -1.1     6.0    94.4    37.9    72.0   0.268   0.258   0.298   0.396   0.500     9.5    10.0    10.2    11.5    12.6
63831 20160118  2.422  -89.07   32.34     8.0    -3.0     2.5     1.5     0.0    15.05 C    16.5    -2.5     3.7    97.6    45.9    73.5   0.262   0.254   0.297   0.395   0.497     8.0     8.7     9.0    11.1    12.5
63831 20160119  2.422  -89.07   32.34    10.3    -4.8     2.8     2.0     0.0    15.07 C    16.9    -4.0     3.8    88.0    32.0    57.2   0.257   0.251   0.295   0.392   0.499     7.3     7.9     8.2    10.5    12.3
63831 20160120  2.422  -89.07   32.34    16.7     4.5    10.6     9.8     2.4     5.79 C    20.3     2.5     9.1    99.3    50.9    77.4   0.260   0.253   0.295   0.391   0.497     8.6     8.6     8.8    10.3    12.0
63831 20160121  2.422  -89.07   32.34    18.2     9.4    13.8    12.2    29.9     4.43 C    20.6     9.9    12.6    99.2    75.3    94.2   0.281   0.266   0.302   0.411   0.499    10.8    10.6    10.6    10.8    11.9
63831 20160122  2.422  -89.07   32.34     9.9    -0.1     4.9     2.6     0.6     1.54 C    10.1    -0.4     3.5    97.4    70.8    86.0   0.320   0.297   0.316   0.474   0.512     8.5     9.5     9.7    11.2    12.0
63831 20160123  2.422  -89.07   32.34     4.1    -3.9     0.1     0.1     0.0    11.47 C    10.9    -4.4     1.4    94.3    53.2    69.7   0.297   0.284   0.307   0.438   0.515     6.0     6.9     7.2    10.2    12.0
63831 20160124  2.422  -89.07   32.34    12.2    -6.3     2.9     1.3     0.0    15.23 C    17.8    -5.7     3.0    96.8    27.1    74.0   0.287   0.277   0.306   0.411   0.511     5.9     6.5     6.7     9.3    11.5
63831 20160125  2.422  -89.07   32.34    19.1    -2.2     8.5     9.1     0.0     6.85 C    19.6    -2.3     8.1    97.7    52.2    78.8   0.283   0.273   0.305   0.404   0.511     7.4     7.4     7.6     9.2    11.1
63831 20160126  2.422  -89.07   32.34    14.6     4.7     9.7    10.1    33.7     0.86 C    14.4     5.9    10.0    97.6    81.7    93.0   0.309   0.291   0.316   0.448   0.512     9.6     9.5     9.7     9.8    10.9
63831 20160127  2.422  -89.07   32.34    12.3     2.8     7.5     6.1     0.0    13.31 C    17.6     3.0     7.7    89.0    38.7    69.8   0.317   0.300   0.320   0.470   0.510     9.1     9.3     9.5    10.2    11.1
63831 20160128  2.422  -89.07   32.34    14.3    -2.4     6.0     5.2     0.0    16.11 C    18.3    -1.5     5.9    97.4    25.7    68.6   0.297   0.286   0.311   0.447   0.513     8.5     8.9     9.1    10.2    11.3
63831 20160129  2.422  -89.07   32.34    20.2     0.1    10.2     8.4     0.0    16.43 C    23.0    -0.9     7.8    95.7    26.0    67.1   0.287   0.276   0.308   0.423   0.513     8.7     8.9     9.0    10.1    11.2
63831 20160130  2.422  -89.07   32.34    21.9     0.2    11.0    11.9     0.0    16.12 C    23.4    -0.1    10.5    98.3    44.0    73.8   0.280   0.270   0.307   0.410   0.512     9.7     9.6     9.8    10.3    11.2
63831 20160131  2.422  -89.07   32.34    22.9    13.2    18.0    17.7     0.0     7.54 C    23.7     9.7    15.5    90.7    56.6    76.6   0.276   0.267   0.306   0.409   0.512    12.1    11.6    11.7    11.0    11.4
63831 20160201  2.422  -89.07   32.34    24.3    16.2    20.2    18.9     0.0    10.19 C    29.1    13.0    17.6    95.7    52.9    82.1   0.274   0.264   0.305   0.408   0.507    14.1    13.6    13.6    12.0    11.8
63831 20160202  2.422  -89.07   32.34    23.1    13.8    18.5    20.1    71.0     2.22 C    23.0    14.1    19.0    96.4    76.6    89.4   0.301   0.283   0.313   0.437   0.509    15.6    15.0    15.1    13.2    12.5
63831 20160203  2.422  -89.07   32.34    15.8     4.0     9.9    11.4    14.8     8.63 C    20.0     2.6    11.5    99.2    32.7    70.9   0.331   0.304   0.325   0.486   0.520    14.3    14.6    14.7    14.1    13.3
63831 20160204  2.422  -89.07   32.34    10.0    -0.4     4.8     4.7     0.0    17.62 C    16.1    -0.4     5.4    95.7    33.8    61.8   0.301   0.287   0.314   0.446   0.520    10.7    11.5    11.8    13.4    13.5
63831 20160205  2.422  -89.07   32.34    11.6    -4.2     3.7     2.8     0.0    18.11 C    19.8    -4.4     4.5    97.2    22.0    64.6   0.288   0.276   0.310   0.418   0.518     9.0     9.8    10.0    12.2    13.2
63831 20160206  2.422  -89.07   32.34    12.6    -2.2     5.2     3.9     0.0    17.11 C    19.5    -1.7     5.7    97.0    19.0    64.4   0.281   0.270   0.309   0.412   0.517     9.1     9.6     9.8    11.5    12.8
63831 20160207  2.422  -89.07   32.34    15.0    -4.4     5.3     4.5     0.0    18.11 C    21.8    -4.0     5.6    96.4    20.7    64.1   0.275   0.264   0.307   0.408   0.507     8.7     9.2     9.4    11.1    12.4
63831 20160208  2.422  -89.07   32.34    12.1    -1.6     5.3     6.0     0.0    12.65 C    18.3    -2.9     4.6    80.7    27.8    52.9   0.269   0.260   0.303   0.406   0.505     8.1     8.8     9.0    10.9    12.1
63831 20160209  2.422  -89.07   32.34     9.3    -2.8     3.3     3.0     0.0    18.34 C    14.4    -4.2     2.4    81.6    25.3    49.2   0.263   0.256   0.299   0.401   0.504     6.6     7.4     7.7    10.2    11.8
63831 20160210  2.422  -89.07   32.34    10.8    -6.2     2.3     1.8     0.0    18.16 C    17.6    -6.7     2.7    90.3    25.2    58.6   0.258   0.252   0.296   0.399   0.502     6.2     6.8     7.1     9.5    11.4
63831 20160211  2.422  -89.07   32.34    22.8    -1.4    10.7    10.0     0.0    17.69 C    25.7    -1.9     8.8    92.8    27.3    66.2   0.254   0.249   0.295   0.397   0.495     8.1     8.1     8.2     9.4    11.0
63831 20160212  2.422  -89.07   32.34    20.3     2.4    11.4    11.3     0.0    17.11 C    24.1     1.7    10.6    97.9    28.8    64.0   0.249   0.245   0.293   0.396   0.498     9.7     9.7     9.8    10.0    11.0
63831 20160213  2.422  -89.07   32.34    10.8    -1.6     4.6     5.0     0.0    18.39 C    20.8    -1.5     6.2    75.4    18.5    44.6   0.243   0.242   0.290   0.396   0.496     9.1     9.4     9.6    10.4    11.2
63831 20160214  2.422  -89.07   32.34    17.2    -2.5     7.3     8.7     0.0    13.40 C    23.7    -2.2     9.0    77.3    27.7    52.2   0.239   0.238   0.288   0.395   0.496     8.8     8.9     9.1    10.2    11.2
63831 20160215  2.422  -89.07   32.34    17.4     8.3    12.9    12.2    27.4     1.03 C    16.7     6.8    11.4    97.7    77.4    91.2   0.289   0.269   0.302   0.435   0.501    10.7    10.5    10.7    10.6    11.2
63831 20160216  2.422  -89.07   32.34    20.8     1.9    11.4    11.2     0.0    17.05 C    22.9     1.9    10.8   100.0    31.7    72.4   0.307   0.290   0.310   0.465   0.511    11.0    10.9    11.0    11.0    11.4
63831 20160217  2.422  -89.07   32.34    15.6     2.2     8.9     7.6     0.0    17.46 C    23.4     1.1     8.8    98.8    36.4    74.9   0.290   0.278   0.304   0.442   0.511    10.7    10.9    11.0    11.2    11.6
63831 20160218  2.422  -89.07   32.34    20.3    -0.6     9.8     9.4     0.0    18.92 C    24.2     0.2     9.6    98.6    30.1    68.6   0.282   0.270   0.303   0.417   0.512    10.7    10.8    10.9    11.3    11.7
63831 20160219  2.422  -89.07   32.34    23.2     3.6    13.4    14.4     0.0    18.86 C    25.9     2.3    13.2    97.8    38.7    70.1   0.275   0.263   0.301   0.408   0.508    11.7    11.5    11.6    11.5    11.9
63831 20160220  2.422  -89.07   32.34    21.9    12.0    17.0    17.5     0.0     6.80 C    22.5     9.2    15.8    98.2    57.1    79.2   0.270   0.259   0.300   0.408   0.505    13.5    13.1    13.2    12.2    12.1
63831 20160221  2.422  -89.07   32.34    22.5    14.1    18.3    17.6     0.2     6.95 C    25.2    13.5    16.8    98.3    62.8    85.5   0.269   0.258   0.299   0.407   0.505    14.5    14.1    14.1    12.9    12.5
63831 20160222  2.422  -89.07   32.34    18.1    14.6    16.3    16.1    32.7     3.21 C    22.5    14.1    16.3    98.8    89.9    96.6   0.315   0.287   0.313   0.464   0.514    15.1    14.7    14.9    13.7    13.0
63831 20160223  2.422  -89.07   32.34    20.3    12.9    16.6    15.7    23.5     4.01 C    22.7    12.3    16.1    98.8    77.7    94.4   0.332   0.300   0.320   0.485   0.518    15.3    15.0    15.2    14.2    13.5
63831 20160224  2.422  -89.07   32.34    13.5     4.9     9.2     8.1     0.8     4.59 C    12.7     2.9     8.6    93.7    66.8    80.3   0.332   0.302   0.320   0.483   0.519    12.7    13.4    13.6    14.3    13.8
63831 20160225  2.422  -89.07   32.34    14.8    -0.1     7.3     6.7     0.0    20.31 C    19.5    -0.6     6.9    98.8    29.8    65.9   0.305   0.286   0.311   0.448   0.519    10.8    11.4    11.6    13.2    13.7
63831 20160226  2.422  -89.07   32.34    13.3    -2.2     5.6     4.9     0.0    20.92 C    22.1    -2.5     6.7    97.9    31.3    68.9   0.291   0.274   0.308   0.420   0.519    10.3    10.8    11.0    12.5    13.3
63831 20160227  2.422  -89.07   32.34    18.1    -2.5     7.8     7.0     0.0    21.22 C    25.6    -2.4     8.5    98.4    20.8    64.2   0.283   0.267   0.306   0.413   0.515    10.7    11.0    11.1    12.1    13.0
63831 20160228  2.422  -89.07   32.34    21.1    -0.5    10.3    11.4     0.0    21.18 C    24.5    -0.3    10.8    97.7    21.3    60.0   0.275   0.261   0.303   0.410   0.507    11.3    11.4    11.5    12.1    12.8
63831 20160229  2.422  -89.07   32.34    23.3    10.2    16.8    16.1     0.0    16.12 C    29.3     8.0    15.9    95.4    47.2    75.0   0.268   0.256   0.300   0.409   0.508    13.6    13.2    13.2    12.5    12.8
63831 20160301  2.422  -89.07   32.34    23.1     8.7    15.9    16.4     1.0     8.28 C    27.1     6.7    15.4    97.7    58.1    81.7   0.265   0.253   0.297   0.408   0.506    14.5    14.2    14.3    13.4    13.1
63831 20160302  2.422  -89.07   32.34    17.3     3.6    10.4     9.3     0.0    21.76 C    25.3     2.1    10.8    97.6    25.7    65.6   0.262   0.251   0.296   0.406   0.509    13.5    13.6    13.8    13.6    13.4
63831 20160303  2.422  -89.07   32.34    14.1     3.6     8.9     8.9    28.0     1.52 C    15.7     2.8     9.4    97.7    56.0    84.0   0.292   0.270   0.306   0.438   0.512    11.8    12.3    12.4    13.4    13.5
63831 20160304  2.422  -89.07   32.34    17.3     4.5    10.9    10.7     0.0    19.33 C    25.7     4.1    12.2    99.1    46.1    77.9   0.314   0.290   0.313   0.466   0.519    12.6    12.6    12.7    13.0    13.4
63831 20160305  2.422  -89.07   32.34    21.1     0.8    10.9    10.9     0.0    21.58 C    27.2     1.2    11.8    99.6    34.2    73.0   0.294   0.277   0.307   0.436   0.517    13.0    13.0    13.1    13.2    13.4
63831 20160306  2.422  -89.07   32.34    22.4     1.9    12.2    11.8     0.0    21.91 C    27.3     1.8    12.0    99.5    23.5    65.4   0.282   0.266   0.304   0.417   0.519    13.5    13.5    13.6    13.4    13.4
63831 20160307  2.422  -89.07   32.34    24.4     2.9    13.7    14.6     0.0    21.49 C    27.0     2.4    14.1    97.1    37.2    67.3   0.272   0.258   0.300   0.412   0.510    13.9    13.7    13.8    13.6    13.6
63831 20160308  2.422  -89.07   32.34    24.9    11.8    18.3    18.5     0.0    15.06 C    28.4     9.9    17.5    97.3    46.7    70.5   0.263   0.251   0.297   0.411   0.509    15.3    15.0    15.0    14.0    13.8
63831 20160309  2.422  -89.07   32.34    26.7    15.9    21.3    19.9    14.5    12.80 C    29.5    13.6    19.3    95.5    52.6    78.9   0.274   0.258   0.300   0.417   0.512    16.7    16.1    16.1    14.7    14.1
63831 20160310  2.422  -89.07   32.34    23.5    18.0    20.8    19.8    81.0     3.93 C    23.6    17.0    19.2    97.3    77.7    89.0   0.323   0.296   0.318   0.471   0.521    17.5    17.0    17.1    15.6    14.6
63831 20160311  2.422  -89.07   32.34    18.4    15.6    17.0    17.6    54.4     1.65 C    18.9    15.2    17.5    98.4    90.6    95.1   0.342   0.305   0.324   0.496   0.525    17.1    17.0    17.1    16.2    15.3
63831 20160312  2.422  -89.07   32.34    20.6    14.3    17.4    17.2     1.6     4.51 C    23.3    13.8    17.6    98.9    84.1    95.8   0.329   0.301   0.321   0.479   0.527    17.0    16.8    16.8    16.2    15.4
63831 20160313  2.422  -89.07   32.34    24.3    15.1    19.7    18.7     0.0    14.83 C    29.0    13.9    18.7    98.5    47.5    78.4   0.310   0.290   0.314   0.460   0.527    17.9    17.5    17.5    16.4    15.6
63831 20160314  2.422  -89.07   32.34    27.5    13.1    20.3    20.4     0.0    21.42 C    29.4    11.6    19.4    93.5    32.9    68.5   0.290   0.273   0.309   0.431   0.528    18.6    18.2    18.2    16.8    15.8
63831 20160315  2.422  -89.07   32.34    29.1    11.7    20.4    20.6     0.0    21.79 C    30.2     9.6    19.0    98.8    38.9    71.1   0.275   0.261   0.304   0.423   0.525    18.5    18.2    18.2    17.1    16.1
63831 20160316  2.422  -89.07   32.34    24.6    13.4    19.0    19.6     0.0    18.15 C    27.8    12.6    19.1    98.3    26.4    62.8   0.264   0.253   0.300   0.419   0.518    19.2    18.9    18.9    17.5    16.4
63831 20160317  2.422  -89.07   32.34    23.5     9.3    16.4    15.2     4.3    11.95 C    28.3     9.5    15.5    98.7    29.9    69.5   0.262   0.250   0.297   0.416   0.518    18.0    18.1    18.2    17.7    16.7
63831 20160318  2.422  -89.07   32.34    19.8     9.6    14.7    14.6    32.5     9.59 C    26.5     9.6    16.0    98.7    70.1    92.1   0.306   0.281   0.310   0.439   0.520    17.2    17.3    17.3    17.4    16.8
63831 20160319  2.422  -89.07   32.34    15.5     4.8    10.1    12.3     0.2     8.04 C    18.7     4.1    13.0    98.4    64.0    83.4   0.323   0.296   0.317   0.472   0.530    16.5    16.8    16.9    17.2    16.8
63831 20160320  2.422  -89.07   32.34    12.8     2.1     7.4     6.7     0.0    21.20 C    20.3     1.5     7.9    95.2    32.5    62.9   0.297   0.278   0.310   0.433   0.528    13.9    14.6    14.8    16.4    16.6
63831 20160321  2.422  -89.07   32.34    15.6    -1.0     7.3     7.1     0.0    24.75 C    24.9    -1.1     9.1    96.0    27.5    62.9   0.283   0.266   0.306   0.418   0.520    13.5    13.8    14.0    15.5    16.1
63831 20160322  2.422  -89.07   32.34    20.6    -0.8     9.9    10.9     0.0    24.84 C    27.1    -0.8    11.7    98.5    27.6    61.9   0.272   0.259   0.302   0.414   0.517    13.9    14.1    14.1    15.2    15.7
63831 20160323  2.422  -89.07   32.34    24.5     7.7    16.1    17.0     0.0    18.71 C    30.5     5.3    16.1    92.2    43.3    66.1   0.261   0.251   0.297   0.413   0.518    15.3    15.0    15.1    15.2    15.5
63831 20160324  2.422  -89.07   32.34    22.4     9.6    16.0    17.7    10.2     7.75 C    26.1     7.8    17.3    98.0    68.8    84.2   0.293   0.274   0.306   0.414   0.517    16.8    16.5    16.5    15.8    15.5
63831 20160325  2.422  -89.07   32.34    19.2     4.2    11.7    11.3     0.0    25.02 C    28.7     3.6    13.6    98.1    43.6    73.3   0.289   0.273   0.306   0.416   0.516    16.2    16.2    16.2    16.0    15.8
63831 20160326  2.422  -89.07   32.34    24.6     5.2    14.9    15.9     0.0    19.90 C    32.3     5.4    17.2    98.2    41.1    75.3   0.276   0.262   0.302   0.413   0.511    17.0    16.6    16.7    16.2    15.9
63831 20160327  2.422  -89.07   32.34    19.1    15.3    17.2    18.1    14.9     2.79 C    21.7    13.8    18.0    98.3    87.7    94.1   0.311   0.285   0.315   0.452   0.517    17.8    17.6    17.7    16.8    16.1
63831 20160328  2.422  -89.07   32.34    21.6     8.5    15.0    15.5     0.0    25.30 C    30.4     8.0    17.5    94.4    35.6    69.5   0.307   0.285   0.313   0.469   0.526    18.3    18.0    18.0    17.0    16.4
63831 20160329  2.422  -89.07   32.34    23.4     5.2    14.3    14.4     0.0    24.41 C    28.7     5.4    15.7    97.0    26.9    62.1   0.284   0.268   0.307   0.439   0.526    17.8    17.7    17.7    17.2    16.6
63831 20160330  2.422  -89.07   32.34    24.3    10.6    17.4    18.0     0.0    11.39 C    25.7    11.0    17.5    90.3    55.6    71.6   0.273   0.260   0.303   0.422   0.522    17.8    17.6    17.7    17.3    16.7
63831 20160331  2.422  -89.07   32.34    27.5    18.2    22.8    20.5    65.9    11.38 C    31.1    17.5    20.9    97.9    65.0    89.0   0.323   0.293   0.321   0.485   0.525    19.2    18.6    18.7    17.6    16.9
63831 20160401  2.422  -89.07   32.34    21.2    11.4    16.3    15.6     0.2     8.66 C    25.0    10.2    16.3    98.8    53.4    78.5   0.325   0.298   0.322   0.484   0.529    18.6    18.6    18.7    18.2    17.2
63831 20160402  2.422  -89.07   32.34    18.2     4.7    11.4    12.0     0.0    26.68 C    24.0     4.2    12.6    94.3    26.7    57.0   0.296   0.279   0.312   0.439   0.530    16.7    17.2    17.2    17.7    17.3
63831 20160403  2.422  -89.07   32.34    22.3     3.1    12.7    12.6     0.0    26.47 C    30.7     2.9    14.3    98.1    24.4    65.0   0.279   0.264   0.307   0.424   0.523    16.8    16.9    16.9    17.2    17.1
63831 20160404  2.422  -89.07   32.34    24.6     4.7    14.6    14.8     0.0    26.46 C    30.3     4.2    15.3    98.4    25.3    64.7   0.265   0.254   0.301   0.419   0.519    17.5    17.4    17.5    17.3    17.1
63831 20160405  2.422  -89.07   32.34    24.8     7.2    16.0    15.9     0.0    25.96 C    31.5     7.0    16.7    97.7    29.5    63.9   0.252   0.245   0.295   0.416   0.517    18.2    18.0    18.1    17.5    17.1
63831 20160406  2.422  -89.07   32.34    25.1    10.4    17.7    17.6     0.0    17.58 C    28.6    10.2    17.0    87.6    32.9    63.2   0.239   0.237   0.290   0.414   0.515    18.3    18.1    18.2    17.7    17.2
63831 20160407  2.422  -89.07   32.34    25.7     7.9    16.8    18.0     0.0    25.71 C    31.8     6.1    17.2    99.4    22.4    55.3   0.228   0.230   0.285   0.413   0.515    18.4    18.2    18.3    17.8    17.3
63831 20160408  2.422  -89.07   32.34    20.4     5.8    13.1    14.2     0.0    26.06 C    26.8     4.7    14.2    91.1    23.8    50.6   0.212   0.221   0.278   0.411   0.513    17.6    17.9    18.0    17.9    17.4
63831 20160409  2.422  -89.07   32.34    23.4     3.0    13.2    13.7     0.0    25.94 C    30.5     2.4    15.0    97.6    26.1    63.4   0.199   0.213   0.272   0.410   0.513    17.2    17.3    17.4    17.6    17.4
63831 20160410  2.422  -89.07   32.34    26.2    11.0    18.6    18.5     0.0    26.09 C    30.3    10.7    18.6    89.8    28.3    55.3   0.187   0.206   0.265   0.409   0.512    18.7    18.4    18.3    17.8    17.4
63831 20160411  2.422  -89.07   32.34    20.4    10.8    15.6    15.9    70.2     5.01 C    25.5     9.6    16.0    97.4    76.1    92.1   0.245   0.241   0.280   0.447   0.519    17.7    17.8    17.9    18.0    17.5
63831 20160412  2.422  -89.07   32.34    20.6    12.1    16.4    16.7     3.5    12.24 C    26.2    11.0    18.1    98.5    69.1    86.9   0.316   0.291   0.308   0.482   0.528    18.3    18.1    18.1    17.8    17.6
63831 20160413  2.422  -89.07   32.34    19.3    11.2    15.2    14.5     1.8     6.55 C    23.8    10.6    15.8    98.8    78.8    92.1   0.303   0.288   0.307   0.452   0.528    17.7    17.8    17.8    17.9    17.6
63831 20160414  2.422  -89.07   32.34    22.1    14.5    18.3    17.6     0.0     9.73 C    29.2    15.4    18.9    98.5    75.0    90.0   0.297   0.285   0.307   0.429   0.528    18.6    18.3    18.4    17.9    17.6
63831 20160415  2.422  -89.07   32.34    17.8    15.1    16.4    15.9     0.0     5.93 C    21.0    15.2    16.5    95.2    73.6    85.1   0.289   0.276   0.305   0.424   0.523    18.2    18.2    18.2    18.1    17.7
63831 20160416  2.422  -89.07   32.34    19.2    14.7    16.9    16.5     0.0     6.47 C    21.7    13.4    16.7    94.3    76.1    85.4   0.283   0.271   0.305   0.420   0.520    17.8    17.7    17.8    17.9    17.7
63831 20160417  2.422  -89.07   32.34    25.8    14.6    20.2    19.6     0.0    26.14 C    31.9    12.4    19.6    87.2    42.8    66.2   0.272   0.263   0.302   0.418   0.519    19.2    18.7    18.7    18.0    17.6
63831 20160418  2.422  -89.07   32.34    25.2    10.5    17.9    17.4     0.0    22.99 C    30.7     9.4    17.7    94.9    34.6    66.7   0.258   0.253   0.297   0.417   0.518    19.4    19.1    19.2    18.4    17.8
63831 20160419  2.422  -89.07   32.34    24.2     8.6    16.4    16.9     0.3    12.92 C    30.2     7.9    17.7    98.2    51.7    82.9   0.249   0.247   0.293   0.415   0.516    19.0    18.8    18.9    18.6    18.0
63831 20160420  2.422  -89.07   32.34    27.3    15.4    21.4    20.3     0.0    19.99 C    35.3    15.2    21.2    98.4    30.6    69.5   0.242   0.242   0.290   0.413   0.517    20.4    19.9    20.0    18.8    18.1
63831 20160421  2.422  -89.07   32.34    26.5    15.1    20.8    19.7    26.6    20.04 C    34.3    14.7    21.8    97.8    48.6    81.0   0.292   0.273   0.303   0.430   0.518    21.0    20.5    20.5    19.3    18.4
63831 20160422  2.422  -89.07   32.34    25.9    13.4    19.7    19.6     5.9    23.42 C    35.3    13.4    21.6    97.7    46.4    79.3   0.323   0.298   0.317   0.481   0.529    21.8    21.4    21.4    19.9    18.7
63831 20160423  2.422  -89.07   32.34    25.7     9.7    17.7    17.8     0.0    27.04 C    35.0    10.2    20.1    98.2    37.2    71.9   0.296   0.282   0.310   0.455   0.531    21.5    21.2    21.3    20.2    19.0
63831 20160424  2.422  -89.07   32.34    27.6     9.5    18.6    18.9     0.0    27.28 C    35.6    10.0    21.3    98.0    36.3    71.4   0.276   0.265   0.304   0.431   0.529    21.8    21.3    21.4    20.3    19.2
63831 20160425  2.422  -89.07   32.34    27.8    12.4    20.1    19.9     0.0    22.84 C    35.5    12.7    22.0    97.9    43.7    77.1   0.263   0.255   0.300   0.424   0.526    22.4    21.9    21.9    20.7    19.4
63831 20160426  2.422  -89.07   32.34    28.6    15.3    22.0    21.7     0.0    22.06 C    37.7    14.9    23.7    98.7    51.0    79.1   0.251   0.248   0.296   0.421   0.525    23.1    22.5    22.5    21.0    19.7
63831 20160427  2.422  -89.07   32.34    26.2    16.5    21.3    20.3     0.0    11.53 C    30.3    16.1    21.4    98.0    67.1    88.8   0.243   0.242   0.293   0.419   0.523    22.6    22.3    22.4    21.4    20.0
63831 20160428  2.422  -89.07   32.34    29.2    16.2    22.7    21.6     9.5    19.36 C    38.9    15.8    24.1   100.0    53.4    89.1   0.254   0.248   0.294   0.418   0.523    23.2    22.6    22.6    21.4    20.2
63831 20160429  2.422  -89.07   32.34    28.6    17.5    23.0    22.8     0.0    18.79 C    33.7    17.8    24.0    98.7    59.9    82.9   0.270   0.258   0.299   0.417   0.521    23.6    23.1    23.2    21.7    20.4
63831 20160430  2.422  -89.07   32.34    26.0    15.8    20.9    20.6    16.5     6.47 C    29.6    15.9    21.2    98.7    72.2    89.8   0.286   0.269   0.306   0.443   0.528    22.7    22.6    22.7    22.0    20.7
63831 20160501  2.422  -89.07   32.34    24.6    16.5    20.5    19.9    46.2     6.02 C    27.9     0.0    20.5    98.5    84.1    94.9   0.330   0.300   0.322   0.455 -99.000    21.5    21.4    21.5    22.0 -9999.0
63831 20160502  2.422  -89.07   32.34    25.7    18.6    22.2    21.5     0.4    13.68 C    32.3    19.1    23.2    98.3    64.9    88.3   0.311   0.293   0.318   0.394 -99.000    22.6    22.2    22.3    22.3 -9999.0
63831 20160503  2.422  -89.07   32.34    23.9    11.0    17.4    18.5     0.0    19.71 C    34.6    11.7    21.2    94.6    51.0    75.7   0.289   0.276   0.312   0.343 -99.000    22.6    22.4    22.5    22.4 -9999.0
63831 20160504  2.422  -89.07   32.34    23.8     8.4    16.1    17.0     0.0    27.59 C    33.9     8.9    19.2    98.0    37.9    65.9   0.273   0.262   0.306   0.332 -99.000    21.4    21.5    21.5    22.3 -9999.0
63831 20160505  2.422  -89.07   32.34    22.9    11.7    17.3    16.8     0.0    29.45 C    32.3    10.4    19.1    93.3    29.3    55.4   0.259   0.251   0.300   0.324 -99.000    21.2    21.3    21.3    22.1 -9999.0
63831 20160506  2.422  -89.07   32.34    23.4     6.7    15.0    15.3     0.0    29.01 C    35.7     7.0    19.0    96.9    36.2    65.4   0.246   0.241   0.293   0.315 -99.000    20.8    20.8    20.8    21.8 -9999.0
63831 20160507  2.422  -89.07   32.34    26.9     7.8    17.3    17.4     0.0    28.68 C    38.7     8.3    21.4    97.6    31.0    68.8   0.234   0.233   0.287   0.312 -99.000    21.6    21.3    21.3    21.7 -9999.0
63831 20160508  2.422  -89.07   32.34    27.8     9.7    18.8    19.6     0.0    28.42 C    38.2    10.2    22.5    98.3    34.7    66.0   0.222   0.224   0.281   0.311 -99.000    22.4    22.0    22.1    22.0 -9999.0
63831 20160509  2.422  -89.07   32.34    23.5    15.5    19.5    19.3     0.4     6.33 C    24.9    16.2    19.7    92.7    65.7    81.3   0.215   0.218   0.275   0.306 -99.000    21.4    21.4    21.5    22.2 -9999.0
63831 20160510  2.422  -89.07   32.34    30.1    16.3    23.2    23.7     0.0    22.29 C    38.5    15.3    24.9    98.4    47.4    73.9   0.210   0.215   0.273   0.300 -99.000    22.7    22.1    22.1    22.1 -9999.0
63831 20160511  2.422  -89.07   32.34    28.7    18.3    23.5    23.3     0.0    18.71 C    40.0    17.3    25.5    98.4    54.5    80.4   0.199   0.209   0.268   0.298 -99.000    23.8    23.3    23.3    22.6 -9999.0
63831 20160512  2.422  -89.07   32.34    30.1    17.7    23.9    23.3    21.5    21.07 C    40.7    17.6    25.8    98.7    48.8    79.5   0.212   0.219   0.270   0.323 -99.000    24.3    23.8    23.8    23.2 -9999.0
63831 20160513  2.422  -89.07   32.34    26.9    13.7    20.3    20.8     0.0    28.76 C    37.6    13.9    24.1    98.6    40.1    74.5   0.280   0.264   0.295   0.358 -99.000    24.3    23.9    23.9    23.5 -9999.0
63831 20160514  2.422  -89.07   32.34    27.8    10.3    19.0    19.9     0.0    27.07 C    37.4    10.6    22.5    98.4    39.1    68.6   0.256   0.247   0.291   0.320 -99.000    23.4    23.3    23.4    23.5 -9999.0
63831 20160515  2.422  -89.07   32.34    21.6    13.1    17.4    16.9     0.0    22.73 C    35.9    14.0    21.0    93.6    38.4    60.6   0.238   0.235   0.284   0.314 -99.000    22.8    22.8    22.8    23.4 -9999.0
63831 20160516  2.422  -89.07   32.34    22.6    12.8    17.7    17.9     0.0    12.62 C    31.6    14.3    20.2    94.1    48.9    73.4   0.226   0.228   0.278   0.307 -99.000    21.9    22.0    22.0    23.0 -9999.0
63831 20160517  2.422  -89.07   32.34    21.3    16.8    19.1    19.3     0.9     6.46 C    27.3    17.3    20.9    96.5    80.8    91.3   0.221   0.225   0.276   0.300 -99.000    21.9    21.8    21.8    22.6 -9999.0
63831 20160518  2.422  -89.07   32.34    26.4    17.6    22.0    21.2     0.0    13.16 C    37.7    18.2    23.4    97.5    61.4    84.5   0.219   0.223   0.276   0.297 -99.000    22.6    22.4    22.3    22.6 -9999.0
63831 20160519  2.422  -89.07   32.34    27.3    14.6    20.9    20.3     0.0    24.00 C    41.0    16.2    25.4    92.1    49.6    77.2   0.209   0.217   0.272   0.299 -99.000    23.5    23.0    23.0    22.8 -9999.0
63831 20160520  2.422  -89.07   32.34    28.7    19.2    23.9    22.8     5.9    18.60 C    39.1    19.3    25.5    97.1    57.5    82.6   0.218   0.221   0.273   0.297 -99.000    24.4    23.9    23.9    23.4 -9999.0
63831 20160521  2.422  -89.07   32.34    28.0    16.8    22.4    22.3     0.0    26.21 C    39.0    16.9    25.3    98.3    47.0    74.7   0.208   0.217   0.271   0.294 -99.000    24.7    24.4    24.4    23.8 -9999.0
63831 20160522  2.422  -89.07   32.34    26.7    13.1    19.9    19.7     0.0    28.99 C    40.5    13.3    24.0    96.6    35.8    66.8   0.192   0.207   0.264   0.291 -99.000    24.3    24.1    24.0    24.0 -9999.0
63831 20160523  2.422  -89.07   32.34    28.5    10.5    19.5    19.5     0.0    29.03 C    42.4    10.8    24.2    97.7    30.7    68.1   0.177   0.197   0.256   0.286 -99.000    24.1    23.9    23.9    23.9 -9999.0
63831 20160524  2.422  -89.07   32.34    29.9    13.3    21.6    22.1     0.0    28.69 C    43.6    13.9    26.4    97.1    37.8    69.4   0.163   0.188   0.248   0.283 -99.000    24.8    24.4    24.4    24.1 -9999.0
63831 20160525  2.422  -89.07   32.34    30.4    14.8    22.6    23.3     0.0    24.52 C    43.3    14.7    26.8    98.0    48.4    74.8   0.149   0.179   0.241   0.280 -99.000    25.2    24.8    24.8    24.4 -9999.0
63831 20160526  2.422  -89.07   32.34    29.9    18.2    24.0    24.2     0.0    23.76 C    45.7    18.0    27.7    96.8    49.1    75.1   0.137   0.171   0.234   0.279 -99.000    25.8    25.4    25.3    24.7 -9999.0
63831 20160527  2.422  -89.07   32.34    29.0    19.4    24.2    23.7     0.0    14.48 C    40.1    18.5    25.7    95.2    49.5    80.0   0.128   0.163   0.229   0.275 -99.000    25.2    25.0    25.0    24.9 -9999.0
63831 20160528  2.422  -89.07   32.34    29.8    18.4    24.1    23.5     0.0    20.91 C    47.8    17.8    26.6    98.1    45.2    78.4   0.119   0.154   0.223   0.269 -99.000    25.4    25.1    25.0    24.9 -9999.0
63831 20160529  2.422  -89.07   32.34    31.6    16.1    23.9    24.1     0.0    26.36 C    47.6    16.3    28.6    98.8    45.1    76.1   0.109   0.143   0.218   0.262 -99.000    25.8    25.4    25.4    25.0 -9999.0
63831 20160530  2.422  -89.07   32.34    32.5    17.2    24.9    25.1     0.0    26.17 C    50.1    17.3    29.9    98.5    37.1    72.7   0.099   0.131   0.211   0.260 -99.000    26.7    26.2    26.1    25.3 -9999.0
63831 20160531  2.422  -89.07   32.34    32.8    18.6    25.7    24.0    27.7    23.20 C    48.6    18.3    28.8    97.5    42.2    78.0   0.148   0.165   0.226   0.324 -99.000    26.3    26.1    26.1    25.7 -9999.0
63831 20160601  2.422  -89.07   32.34    30.5    18.6    24.6    24.5     0.0    23.21 C    42.9    19.2    28.3    97.9    51.2    80.0   0.227   0.231   0.271   0.381 -99.000    26.6    26.1    26.1    25.7 -9999.0
63831 20160602  2.422  -89.07   32.34    31.6    21.2    26.4    25.3     0.0    22.77 C    45.1    22.0    29.6    97.1    45.9    78.0   0.204   0.217   0.264   0.360 -99.000    27.5    27.0    26.9    26.0 -9999.0
63831 20160603  2.422  -89.07   32.34    31.8    19.6    25.7    25.2     6.3    22.17 C    47.3    19.6    29.4    97.7    47.5    78.5   0.188   0.204   0.255   0.355 -99.000    27.4    27.1    27.0    26.4 -9999.0
63831 20160604  2.422  -89.07   32.34    29.1    20.5    24.8    23.2    17.0    13.24 C    44.5    21.2    26.0    98.0    68.1    91.4   0.233   0.229   0.267   0.398 -99.000    26.5    26.5    26.5    26.5 -9999.0
63831 20160605  2.422  -89.07   32.34    29.6    20.9    25.3    24.3     0.0    22.52 C    44.5    21.5    28.6    97.9    56.5    83.6   0.255   0.247   0.286   0.397 -99.000    27.2    26.7    26.7    26.3 -9999.0
63831 20160606  2.422  -89.07   32.34    30.6    20.6    25.6    25.1     0.0    21.32 C    44.6    21.1    29.1    97.6    55.7    82.2   0.232   0.235   0.278   0.364 -99.000    27.6    27.3    27.3    26.7 -9999.0
63831 20160607  2.422  -89.07   32.34    32.1    18.9    25.5    25.4     0.0    29.67 C    47.1    19.3    30.4    96.6    34.3    69.4   0.212   0.222   0.270   0.359 -99.000    27.6    27.5    27.4    26.9 -9999.0
63831 20160608  2.422  -89.07   32.34    30.6    16.9    23.7    23.9     0.0    29.06 C    47.3    16.9    29.1    97.1    36.2    67.9   0.194   0.208   0.259   0.357 -99.000    27.3    27.4    27.2    27.0 -9999.0
63831 20160609  2.422  -89.07   32.34    30.8    15.6    23.2    23.1     0.0    26.76 C    48.6    15.9    28.6    96.8    33.9    70.2   0.178   0.196   0.251   0.350 -99.000    27.0    27.0    26.9    26.9 -9999.0
63831 20160610  2.422  -89.07   32.34    32.2    15.3    23.8    24.3     0.0    26.24 C    48.9    15.2    30.0    97.6    38.6    73.0   0.163   0.185   0.243   0.349 -99.000    27.2    27.1    27.0    26.9 -9999.0
63831 20160611  2.422  -89.07   32.34    32.2    20.4    26.3    24.4    27.4    16.50 C    51.8    20.7    28.2    97.8    51.7    87.0   0.210   0.213   0.258   0.416 -99.000    27.1    27.2    27.2    27.1 -9999.0
63831 20160612  2.422  -89.07   32.34    31.6    20.4    26.0    26.1     0.0    22.21 C    43.0    21.1    29.3    98.5    55.6    82.5   0.247   0.246   0.283   0.397 -99.000    27.5    27.4    27.3    27.0 -9999.0
63831 20160613  2.422  -89.07   32.34    32.5    20.7    26.6    25.3     0.0    23.50 C    46.8    21.3    29.5    97.2    52.7    81.4   0.227   0.233   0.277   0.365 -99.000    28.2    28.2    28.1    27.4 -9999.0
63831 20160614  2.422  -89.07   32.34    31.1    19.5    25.3    23.9     0.3    16.20 C    46.6    20.1    27.4    97.7    64.7    88.8   0.213   0.223   0.269   0.360 -99.000    27.6    27.7    27.6    27.6 -9999.0
63831 20160615  2.422  -89.07   32.34    32.5    22.5    27.5    26.7     0.0    17.79 C    46.9    22.9    30.1    96.9    57.9    83.9   0.204   0.217   0.265   0.354 -99.000    27.8    27.7    27.6    27.5 -9999.0
63831 20160616  2.422  -89.07   32.34    33.8    22.5    28.2    27.9     0.0    25.95 C    47.9    22.4    32.0    97.1    52.1    78.3   0.189   0.207   0.258   0.351 -99.000    28.5    28.3    28.3    27.7 -9999.0
63831 20160617  2.422  -89.07   32.34    34.3    20.6    27.5    25.5     4.8    22.96 C    48.7    21.5    29.6    97.1    49.5    82.0   0.174   0.195   0.249   0.352 -99.000    28.1    28.3    28.2    28.0 -9999.0
63831 20160618  2.422  -89.07   32.34    29.8    19.8    24.8    24.7     0.0    22.50 C    44.5    20.6    28.7    98.1    62.8    81.5   0.170   0.191   0.245   0.351 -99.000    27.8    27.8    27.7    27.8 -9999.0
63831 20160619  2.422  -89.07   32.34    30.1    21.3    25.7    25.0     4.3    17.71 C    41.0    21.1    27.2    94.9    59.6    80.8   0.170   0.189   0.241   0.346 -99.000    27.5    27.4    27.4    27.7 -9999.0
63831 20160620  2.422  -89.07   32.34    30.7    19.5    25.1    25.0     0.0    27.40 C    47.2    19.6    29.8    97.3    44.9    73.9   0.164   0.185   0.240   0.349 -99.000    28.0    27.8    27.8    27.6 -9999.0
63831 20160621  2.422  -89.07   32.34    32.0    18.6    25.3    25.2     0.0    24.29 C    49.1    18.9    30.3    97.3    46.7    77.7   0.151   0.176   0.233   0.347 -99.000    28.2    28.1    28.0    27.8 -9999.0
63831 20160622  2.422  -89.07   32.34    32.2    20.1    26.2    26.2     0.0    25.95 C    51.0    20.3    31.8    97.6    50.6    77.7   0.136   0.166   0.226   0.345 -99.000    28.6    28.5    28.4    28.0 -9999.0
63831 20160623  2.422  -89.07   32.34    32.1    20.6    26.3    26.4     0.0    24.32 C    52.5    20.7    31.9    93.9    49.8    74.6   0.122   0.153   0.218   0.344 -99.000    28.8    28.8    28.6    28.3 -9999.0
63831 20160624  2.422  -89.07   32.34    33.6    20.9    27.2    27.5     0.0    27.18 C    56.0    21.3    33.8    94.9    44.7    72.0   0.111   0.139   0.209   0.342 -99.000    29.2    29.1    28.9    28.5 -9999.0
63831 20160625  2.422  -89.07   32.34    34.6    22.2    28.4    28.2     0.0    27.28 C    54.6    22.6    34.9    96.6    40.5    74.6   0.102   0.124   0.199   0.339 -99.000    29.7    29.6    29.4    28.7 -9999.0
63831 20160626  2.422  -89.07   32.34    35.2    22.5    28.8    28.8     0.0    26.64 C    54.8    22.8    35.0    97.5    43.4    71.1   0.095   0.110   0.187   0.335 -99.000    30.0    29.9    29.7    29.0 -9999.0
63831 20160627  2.422  -89.07   32.34    33.9    21.6    27.8    25.6    10.8    16.59 C    55.9    22.3    30.1    97.3    52.7    84.1   0.097   0.099   0.175   0.330 -99.000    29.1    29.3    29.2    29.1 -9999.0
63831 20160628  2.422  -89.07   32.34    29.8    22.5    26.2    24.9     1.1    11.93 C    40.7    23.3    27.6    98.0    68.9    88.8   0.136   0.098   0.172   0.326 -99.000    28.2    28.3    28.2    28.7 -9999.0
63831 20160629  2.422  -89.07   32.34    33.3    21.4    27.3    26.9     0.0    26.82 C    46.2    21.8    31.2    97.9    40.9    73.8   0.127   0.103   0.172   0.323 -99.000    29.2    28.9    28.8    28.6 -9999.0
63831 20160630  2.422  -89.07   32.34    32.7    18.1    25.4    25.5     0.0    29.27 C    48.6    18.5    30.8    96.8    31.3    64.7   0.109   0.100   0.170   0.318 -99.000    29.0    29.0    28.8    28.8 -9999.0
63831 20160701  2.422  -89.07   32.34    33.9    16.3    25.1    26.1     0.0    28.09 C    51.5    16.5    31.8    97.1    38.3    67.2   0.096   0.093   0.166   0.311 -99.000    28.6    28.7    28.6    28.7 -9999.0
63831 20160702  2.422  -89.07   32.34    34.8    20.7    27.7    27.8     0.0    27.61 C    54.3    21.3    34.4    97.0    39.1    71.5   0.087   0.084   0.159   0.301 -99.000    29.6    29.6    29.4    28.9 -9999.0
63831 20160703  2.422  -89.07   32.34    34.5    21.4    27.9    28.3     0.0    24.52 C    53.0    21.7    33.7    97.0    40.9    69.1   0.082   0.078   0.153   0.289 -99.000    29.7    29.8    29.6    29.1 -9999.0
63831 20160704  2.422  -89.07   32.34    34.9    22.7    28.8    27.0     0.8    22.79 C    53.0    22.2    32.1    96.3    44.4    78.4   0.079   0.072   0.147   0.275 -99.000    29.5    29.7    29.4    29.2 -9999.0
63831 20160705  2.422  -89.07   32.34    33.4    22.7    28.0    26.4     0.0    16.90 C    52.7    22.9    30.2    96.1    51.4    83.3 -99.000 -99.000 -99.000 -99.000 -99.000 -9999.0 -9999.0 -9999.0 -9999.0 -9999.0
63831 20160706  2.422  -89.07   32.34    34.0    21.7    27.8    26.2    17.1    19.64 C    53.2    20.6    31.0    97.6    49.9    81.8 -99.000 -99.000 -99.000 -99.000 -99.000 -9999.0 -9999.0 -9999.0 -9999.0 -9999.0
63831 20160707  2.422  -89.07   32.34    34.4    21.3    27.8    27.7     0.0    23.51 C    45.6    21.6    30.9    97.7    46.4    76.3 -99.000 -99.000 -99.000 -99.000 -99.000 -9999.0 -9999.0 -9999.0 -9999.0 -9999.0
63831 20160708  2.422  -89.07   32.34    34.9    23.5    29.2    28.8     0.0    25.24 C    50.3    23.1    33.6    97.2    42.1    73.9 -99.000 -99.000 -99.000 -99.000 -99.000 -9999.0 -9999.0 -9999.0 -9999.0 -9999.0
63831 20160709  2.422  -89.07   32.34    34.9    22.1    28.5    26.3     1.9    19.32 C    54.6    22.7    30.8    97.1    43.7    82.5 -99.000 -99.000 -99.000 -99.000 -99.000 -9999.0 -9999.0 -9999.0 -9999.0 -9999.0
63831 20160710  2.422  -89.07   32.34    31.3    21.1    26.2    24.6    15.5    22.08 C    49.9    21.6    29.8   100.0    56.0    84.0 -99.000 -99.000 -99.000 -99.000 -99.000 -9999.0 -9999.0 -9999.0 -9999.0 -9999.0
63831 20160711  2.422  -89.07   32.34    32.5    20.0    26.3    25.5     0.0    22.81 C    43.6    20.8    29.5   100.0    47.9    82.4 -99.000 -99.000 -99.000 -99.000 -99.000 -9999.0 -9999.0 -9999.0 -9999.0 -9999.0
63831 20160712  2.422  -89.07   32.34    33.3    20.5    26.9    25.2    17.1    23.33 C    48.7    21.2    29.8    97.3    48.5    82.5 -99.000 -99.000 -99.000 -99.000 -99.000 -9999.0 -9999.0 -9999.0 -9999.0 -9999.0
63831 20160713  2.422  -89.07   32.34    33.7    21.9    27.8    26.8     0.0    22.85 C    45.5    22.5    30.5    98.0    48.9    79.7 -99.000 -99.000 -99.000 -99.000 -99.000 -9999.0 -9999.0 -9999.0 -9999.0 -9999.0
63831 20160714  2.422  -89.07   32.34    33.8    20.6    27.2    25.8    10.8    22.29 C    48.3    21.3    30.1    96.9    51.7    82.0 -99.000 -99.000 -99.000 -99.000 -99.000 -9999.0 -9999.0 -9999.0 -9999.0 -9999.0
63831 20160715  2.422  -89.07   32.34    30.9    20.5    25.7    25.3     0.4    24.32 C    43.0    21.2    29.2    97.7    57.6    83.0 -99.000 -99.000 -99.000 -99.000 -99.000 -9999.0 -9999.0 -9999.0 -9999.0 -9999.0
63831 20160716  2.422  -89.07   32.34    32.9    21.3    27.1    26.3     0.0    27.32 C    47.2    21.8    31.5    98.3    46.8    79.5 -99.000 -99.000 -99.000 -99.000 -99.000 -9999.0 -9999.0 -9999.0 -9999.0 -9999.0
63831 20160717  2.422  -89.07   32.34    33.1    21.6    27.4    26.4     0.2    22.83 C    49.1    22.2    31.1    96.9    48.6    81.6 -99.000 -99.000 -99.000 -99.000 -99.000 -9999.0 -9999.0 -9999.0 -9999.0 -9999.0
63831 20160718  2.422  -89.07   32.34    32.7    21.8    27.2    27.1     0.0    25.02 C    49.7    22.0    32.4    97.9    50.6    79.6 -99.000 -99.000 -99.000 -99.000 -99.000 -9999.0 -9999.0 -9999.0 -9999.0 -9999.0
63831 20160719  2.422  -89.07   32.34    34.6    21.4    28.0    28.0     0.0    28.66 C    52.9    21.7    34.5    97.6    42.0    75.5 -99.000 -99.000 -99.000 -99.000 -99.000 -9999.0 -9999.0 -9999.0 -9999.0 -9999.0
63831 20160720  2.422  -89.07   32.34    34.5    22.7    28.6    27.0     9.4    19.90 C    47.9    23.4    30.8    97.9    46.6    83.6 -99.000 -99.000 -99.000 -99.000 -99.000 -9999.0 -9999.0 -9999.0 -9999.0 -9999.0
63831 20160721  2.422  -89.07   32.34    34.7    22.2    28.5    28.3     0.0    26.16 C    47.3    22.9    32.7    98.0    45.6    77.3 -99.000 -99.000 -99.000 -99.000 -99.000 -9999.0 -9999.0 -9999.0 -9999.0 -9999.0
63831 20160722  2.422  -89.07   32.34    33.4    22.6    28.0    25.8     5.4    13.48 C    47.0    23.1    28.5    97.2    59.6    88.2 -99.000 -99.000 -99.000 -99.000 -99.000 -9999.0 -9999.0 -9999.0 -9999.0 -9999.0
63831 20160723  2.422  -89.07   32.34    33.2    21.0    27.1    25.9    20.1    22.42 C    46.5    21.7    29.8    97.8    54.4    85.1 -99.000 -99.000 -99.000 -99.000 -99.000 -9999.0 -9999.0 -9999.0 -9999.0 -9999.0
63831 20160724  2.422  -89.07   32.34    33.4    22.3    27.8    26.5     6.3    25.44 C    44.5    22.9    30.4    98.0    52.8    84.5 -99.000 -99.000 -99.000 -99.000 -99.000 -9999.0 -9999.0 -9999.0 -9999.0 -9999.0
63831 20160725  2.422  -89.07   32.34    33.9    21.4    27.7    27.1     0.0    24.71 C    42.2    22.0    29.7    97.6    42.0    76.8 -99.000 -99.000 -99.000 -99.000 -99.000 -9999.0 -9999.0 -9999.0 -9999.0 -9999.0
63831 20160726  2.422  -89.07   32.34    32.2    22.0    27.1    26.5     0.0    18.72 C    44.1    22.2    29.2    96.5    56.9    82.5 -99.000 -99.000 -99.000 -99.000 -99.000 -9999.0 -9999.0 -9999.0 -9999.0 -9999.0
63831 20160727  2.422  -89.07   32.34    30.0    22.3    26.1    25.0    27.0    11.73 C    42.9    22.6    27.1    97.1    68.6    89.4 -99.000 -99.000 -99.000 -99.000 -99.000 -9999.0 -9999.0 -9999.0 -9999.0 -9999.0
63831 20160728  2.422  -89.07   32.34    30.3    22.0    26.1    25.4     0.0    17.11 C    36.9    22.3    27.2    97.1    63.0    83.5 -99.000 -99.000 -99.000 -99.000 -99.000 -9999.0 -9999.0 -9999.0 -9999.0 -9999.0
63831 20160729  2.422  -89.07   32.34    31.3    20.8    26.1    25.8     0.0    22.86 C    41.5    21.4    29.0    97.4    55.7    81.0 -99.000 -99.000 -99.000 -99.000 -99.000 -9999.0 -9999.0 -9999.0 -9999.0 -9999.0
63831 20160730  2.422  -89.07   32.34    32.2    21.6    26.9    26.2     4.4    20.39 C    45.0    21.8    29.1    98.0    56.7    84.6 -99.000 -99.000 -99.000 -99.000 -99.000 -9999.0 -9999.0 -9999.0 -9999.0 -9999.0
63831 20160731  2.422  -89.07   32.34    33.1    23.0    28.0    27.0     0.0    22.87 C    43.2    23.6    30.0    97.5    49.3    79.2 -99.000 -99.000 -99.000 -99.000 -99.000 -9999.0 -9999.0 -9999.0 -9999.0 -9999.0
63831 20160801  2.422  -89.07   32.34    34.1    21.5    27.8    27.5     0.0    26.75 C    45.1    22.1    31.6    97.3    46.6    76.9 -99.000 -99.000 -99.000 -99.000 -99.000 -9999.0 -9999.0 -9999.0 -9999.0 -9999.0
63831 20160802  2.422  -89.07   32.34    34.8    22.7    28.7    27.9     0.0    25.16 C    45.9    23.1    31.5    97.0    49.7    77.3 -99.000 -99.000 -99.000 -99.000 -99.000 -9999.0 -9999.0 -9999.0 -9999.0 -9999.0
63831 20160803  2.422  -89.07   32.34    34.6    21.7    28.1    28.0     2.0    22.56 C    45.7    22.2    31.3    97.4    45.0    77.9 -99.000 -99.000 -99.000 -99.000 -99.000 -9999.0 -9999.0 -9999.0 -9999.0 -9999.0
63831 20160804  2.422  -89.07   32.34    34.4    22.8    28.6    27.3     2.1    18.40 C    46.2    23.5    29.9    97.2    52.4    81.6 -99.000 -99.000 -99.000 -99.000 -99.000 -9999.0 -9999.0 -9999.0 -9999.0 -9999.0
63831 20160805  2.422  -89.07   32.34    35.2    21.3    28.2    26.6     0.0    22.84 C    49.4    22.0    30.8    97.1    48.5    81.2 -99.000 -99.000 -99.000 -99.000 -99.000 -9999.0 -9999.0 -9999.0 -9999.0 -9999.0
63831 20160806  2.422  -89.07   32.34    34.9    21.8    28.4    26.5     0.0    21.99 C    50.6    22.2    31.0    97.3    48.3    80.8 -99.000 -99.000 -99.000 -99.000 -99.000 -9999.0 -9999.0 -9999.0 -9999.0 -9999.0
63831 20160807  2.422  -89.07   32.34    32.8    22.3    27.5    26.4     0.0    18.47 C    49.3    22.6    30.6    96.1    53.9    81.6 -99.000 -99.000 -99.000 -99.000 -99.000 -9999.0 -9999.0 -9999.0 -9999.0 -9999.0
63831 20160808  2.422  -89.07   32.34    32.6    22.9    27.8    26.1     9.6    19.04 C    46.8    23.2    29.3    97.8    57.9    85.6 -99.000 -99.000 -99.000 -99.000 -99.000 -9999.0 -9999.0 -9999.0 -9999.0 -9999.0
63831 20160809  2.422  -89.07   32.34    32.2    22.4    27.3    26.2     0.7    16.47 C    43.3    22.9    29.0    97.9    67.5    88.2 -99.000 -99.000 -99.000 -99.000 -99.000 -9999.0 -9999.0 -9999.0 -9999.0 -9999.0
63831 20160810  2.422  -89.07   32.34    31.8    24.1    28.0    26.5     0.6    15.68 C    43.3    24.5    29.4    97.4    65.4    88.4 -99.000 -99.000 -99.000 -99.000 -99.000 -9999.0 -9999.0 -9999.0 -9999.0 -9999.0
63831 20160811  2.422  -89.07   32.34    30.1    24.7    27.4    26.0     3.8    12.36 C    44.1    25.1    28.7    96.6    75.0    92.4 -99.000 -99.000 -99.000 -99.000 -99.000 -9999.0 -9999.0 -9999.0 -9999.0 -9999.0
63831 20160812  2.422  -89.07   32.34    28.6    23.2    25.9    25.2     3.1    11.62 C    36.5    23.5    26.9    97.9    76.5    90.7 -99.000 -99.000 -99.000 -99.000 -99.000 -9999.0 -9999.0 -9999.0 -9999.0 -9999.0
63831 20160813  2.422  -89.07   32.34    28.6    22.1    25.3    25.0     2.7    16.02 C    37.3    22.1    26.7    94.5    65.2    83.6 -99.000 -99.000 -99.000 -99.000 -99.000 -9999.0 -9999.0 -9999.0 -9999.0 -9999.0
63831 20160814  2.422  -89.07   32.34    29.3    21.8    25.5    24.6    11.3     9.64 C    38.6    21.8    25.8    96.9    77.7    90.9 -99.000 -99.000 -99.000 -99.000 -99.000 -9999.0 -9999.0 -9999.0 -9999.0 -9999.0
63831 20160815  2.422  -89.07   32.34    31.5    22.4    27.0    26.0     1.8    21.98 C    39.9    22.2    28.6    97.7    58.2    86.2 -99.000 -99.000 -99.000 -99.000 -99.000 -9999.0 -9999.0 -9999.0 -9999.0 -9999.0
63831 20160816  2.422  -89.07   32.34    31.8    22.0    26.9    24.9    12.1    14.10 C    42.8    22.2    27.1    98.1    60.3    90.2 -99.000 -99.000 -99.000 -99.000 -99.000 -9999.0 -9999.0 -9999.0 -9999.0 -9999.0
63831 20160817  2.422  -89.07   32.34    32.9    21.3    27.1    26.1     1.2    23.15 C    43.7    21.7    29.6   100.0    51.0    83.3 -99.000 -99.000 -99.000 -99.000 -99.000 -9999.0 -9999.0 -9999.0 -9999.0 -9999.0
63831 20160818  2.422  -89.07   32.34    32.4    21.2    26.8    26.1     0.0    21.71 C    43.9    22.0    30.0    98.0    55.4    81.6 -99.000 -99.000 -99.000 -99.000 -99.000 -9999.0 -9999.0 -9999.0 -9999.0 -9999.0
63831 20160819  2.422  -89.07   32.34    31.5    21.7    26.6    24.9    18.7    14.75 C    44.5    22.3    27.7    97.6    61.6    88.4 -99.000 -99.000 -99.000 -99.000 -99.000 -9999.0 -9999.0 -9999.0 -9999.0 -9999.0
63831 20160820  2.422  -89.07   32.34    32.2    21.9    27.0    25.0    11.4    18.87 C    41.8    22.6    27.8    97.9    57.3    88.4 -99.000 -99.000 -99.000 -99.000 -99.000 -9999.0 -9999.0 -9999.0 -9999.0 -9999.0
63831 20160821  2.422  -89.07   32.34    31.7    21.8    26.8    26.1     0.0    19.43 C    41.5    22.4    28.6    98.0    58.7    86.6 -99.000 -99.000 -99.000 -99.000 -99.000 -9999.0 -9999.0 -9999.0 -9999.0 -9999.0
63831 20160822  2.422  -89.07   32.34    32.2    22.2    27.2    26.2     0.0    22.53 C    47.0    22.9    30.4    98.3    54.8    83.8 -99.000 -99.000 -99.000 -99.000 -99.000 -9999.0 -9999.0 -9999.0 -9999.0 -9999.0
63831 20160823  2.422  -89.07   32.34    33.0    22.1    27.5    26.4     0.0    17.96 C    49.7    22.8    30.4   100.0    52.3    85.0 -99.000 -99.000 -99.000 -99.000 -99.000 -9999.0 -9999.0 -9999.0 -9999.0 -9999.0
63831 20160824  2.422  -89.07   32.34    34.3    22.0    28.2    27.5     0.0    23.32 C    50.5    22.5    32.3    97.9    49.0    80.3 -99.000 -99.000 -99.000 -99.000 -99.000 -9999.0 -9999.0 -9999.0 -9999.0 -9999.0
63831 20160825  2.422  -89.07   32.34    34.0    22.8    28.4    27.6     0.0    21.90 C    52.1    23.3    32.8    97.8    48.8    80.1 -99.000 -99.000 -99.000 -99.000 -99.000 -9999.0 -9999.0 -9999.0 -9999.0 -9999.0
63831 20160826  2.422  -89.07   32.34    33.0    21.2    27.1    26.7     0.0    21.14 C    49.3    21.6    31.1    97.1    40.3    77.1 -99.000 -99.000 -99.000 -99.000 -99.000 -9999.0 -9999.0 -9999.0 -9999.0 -9999.0
63831 20160827  2.422  -89.07   32.34    33.5    19.6    26.5    26.0     0.0    21.12 C    50.9    20.1    30.8    97.3    43.0    75.4 -99.000 -99.000 -99.000 -99.000 -99.000 -9999.0 -9999.0 -9999.0 -9999.0 -9999.0
63831 20160828  2.422  -89.07   32.34    32.6    19.8    26.2    25.9     0.0    20.47 C    51.0    20.3    30.5    97.4    45.1    76.6 -99.000 -99.000 -99.000 -99.000 -99.000 -9999.0 -9999.0 -9999.0 -9999.0 -9999.0
63831 20160829  2.422  -89.07   32.34    34.0    20.5    27.3    26.9     0.0    20.36 C    52.7    21.0    31.5    96.9    44.0    74.4 -99.000 -99.000 -99.000 -99.000 -99.000 -9999.0 -9999.0 -9999.0 -9999.0 -9999.0
63831 20160830  2.422  -89.07   32.34    33.1    20.9    27.0    26.7     0.0    20.09 C    53.3    21.5    31.6    96.2    49.0    75.7 -99.000 -99.000 -99.000 -99.000 -99.000 -9999.0 -9999.0 -9999.0 -9999.0 -9999.0
63831 20160831  2.422  -89.07   32.34    33.5    20.2    26.8    26.4     0.0    21.07 C    48.5    20.4    30.8    97.2    42.8    75.8 -99.000 -99.000 -99.000 -99.000 -99.000 -9999.0 -9999.0 -9999.0 -9999.0 -9999.0
63831 20160901  2.422  -89.07   32.34    34.9    21.9    28.4    28.2     0.0    22.14 C    53.6    22.2    33.4    95.1    40.7    68.5 -99.000 -99.000 -99.000 -99.000 -99.000 -9999.0 -9999.0 -9999.0 -9999.0 -9999.0
63831 20160902  2.422  -89.07   32.34    32.1    22.1    27.1    26.5     0.0    19.63 C    55.4    22.0    31.6    92.3    50.4    72.2 -99.000 -99.000 -99.000 -99.000 -99.000 -9999.0 -9999.0 -9999.0 -9999.0 -9999.0
63831 20160903  2.422  -89.07   32.34    34.0    19.8    26.9    26.3     0.0    19.39 C    55.6    20.5    32.1    92.5    43.2    72.4 -99.000 -99.000 -99.000 -99.000 -99.000 -9999.0 -9999.0 -9999.0 -9999.0 -9999.0
63831 20160904  2.422  -89.07   32.34    32.2    22.3    27.2    26.3     0.0    17.09 C    52.8    22.2    31.3    97.2    56.6    81.1 -99.000 -99.000 -99.000 -99.000 -99.000 -9999.0 -9999.0 -9999.0 -9999.0 -9999.0
63831 20160905  2.422  -89.07   32.34    32.4    21.9    27.1    25.9     0.0    15.41 C    54.3    22.0    31.1    97.3    51.7    83.6 -99.000 -99.000 -99.000 -99.000 -99.000 -9999.0 -9999.0 -9999.0 -9999.0 -9999.0
63831 20160906  2.422  -89.07   32.34    32.4    21.2    26.8    25.7     0.0    14.87 C    55.1    21.4    30.5    98.0    50.9    80.4 -99.000 -99.000 -99.000 -99.000 -99.000 -9999.0 -9999.0 -9999.0 -9999.0 -9999.0
63831 20160907  2.422  -89.07   32.34    33.3    19.2    26.2    25.1     0.0    23.29 C    54.3    19.2    31.6   100.0    27.1    73.9 -99.000 -99.000 -99.000 -99.000 -99.000 -9999.0 -9999.0 -9999.0 -9999.0 -9999.0
63831 20160908  2.422  -89.07   32.34    33.2    17.4    25.3    24.7     0.0    23.62 C    53.9    17.4    31.2    98.1    30.9    71.4 -99.000 -99.000 -99.000 -99.000 -99.000 -9999.0 -9999.0 -9999.0 -9999.0 -9999.0
63831 20160909  2.422  -89.07   32.34    33.0    18.1    25.6    25.1     0.0    18.94 C    57.2    18.3    30.9    98.2    40.8    75.9 -99.000 -99.000 -99.000 -99.000 -99.000 -9999.0 -9999.0 -9999.0 -9999.0 -9999.0
63831 20160910  2.422  -89.07   32.34    33.7    18.4    26.0    26.1     0.0    21.07 C    58.2    18.5    32.8    98.2    46.3    76.9 -99.000 -99.000 -99.000 -99.000 -99.000 -9999.0 -9999.0 -9999.0 -9999.0 -9999.0
63831 20160911  2.422  -89.07   32.34    31.6    20.3    25.9    24.0     0.5    11.68 C    53.2    20.8    28.0    98.0    56.4    85.4 -99.000 -99.000 -99.000 -99.000 -99.000 -9999.0 -9999.0 -9999.0 -9999.0 -9999.0
63831 20160912  2.422  -89.07   32.34    32.2    19.6    25.9    24.8     0.0    16.42 C    53.5    19.9    29.6    97.7    47.0    78.8 -99.000 -99.000 -99.000 -99.000 -99.000 -9999.0 -9999.0 -9999.0 -9999.0 -9999.0
63831 20160913  2.422  -89.07   32.34    33.2    18.6    25.9    24.9     0.0    17.70 C    57.0    18.3    30.1    98.3    43.0    76.1 -99.000 -99.000 -99.000 -99.000 -99.000 -9999.0 -9999.0 -9999.0 -9999.0 -9999.0
63831 20160914  2.422  -89.07   32.34    33.6    19.5    26.5    25.8     0.0    20.05 C    56.6    19.8    31.6    96.4    41.4    72.7 -99.000 -99.000 -99.000 -99.000 -99.000 -9999.0 -9999.0 -9999.0 -9999.0 -9999.0
63831 20160915  2.422  -89.07   32.34    34.7    18.9    26.8    26.2     0.0    21.52 C    55.1    19.4    32.3    97.1    33.4    68.7 -99.000 -99.000 -99.000 -99.000 -99.000 -9999.0 -9999.0 -9999.0 -9999.0 -9999.0
63831 20160916  2.422  -89.07   32.34    33.6    18.7    26.2    25.5     0.0    17.34 C    56.0    19.0    30.6    97.1    45.8    77.3 -99.000 -99.000 -99.000 -99.000 -99.000 -9999.0 -9999.0 -9999.0 -9999.0 -9999.0
63831 20160917  2.422  -89.07   32.34    27.4    22.7    25.0    24.7    13.1     8.34 C    39.8    23.1    27.4    97.0    77.8    91.7 -99.000 -99.000 -99.000 -99.000 -99.000 -9999.0 -9999.0 -9999.0 -9999.0 -9999.0
63831 20160918  2.422  -89.07   32.34    32.6    21.1    26.8    26.1     0.0    16.87 C    49.6    21.7    30.5    98.1    50.9    81.6 -99.000 -99.000 -99.000 -99.000 -99.000 -9999.0 -9999.0 -9999.0 -9999.0 -9999.0
63831 20160919  2.422  -89.07   32.34    32.8    19.8    26.3    25.1     0.0    20.76 C    50.5    20.1    30.1    97.7    39.1    74.7 -99.000 -99.000 -99.000 -99.000 -99.000 -9999.0 -9999.0 -9999.0 -9999.0 -9999.0
63831 20160920  2.422  -89.07   32.34    34.5    17.3    25.9    25.1     0.0    22.24 C    51.8    18.0    30.0    96.5    22.4    63.6 -99.000 -99.000 -99.000 -99.000 -99.000 -9999.0 -9999.0 -9999.0 -9999.0 -9999.0
63831 20160921  2.422  -89.07   32.34    34.4    15.6    25.0    24.5     0.0    20.02 C    57.6    16.1    30.1    96.2    35.1    72.2   0.108   0.097   0.147   0.149 -99.000    27.4    27.3    27.4    28.5 -9999.0
63831 20160922  2.422  -89.07   32.34    33.9    18.2    26.0    25.7     0.0    15.98 C    53.1    18.4    30.3    97.3    36.2    70.8   0.087   0.086   0.141   0.149 -99.000    27.6    27.5    27.6    28.4 -9999.0
63831 20160923  2.422  -89.07   32.34    34.8    19.7    27.2    26.2     0.0    18.96 C    55.2    20.1    31.7    96.2    32.4    70.1   0.074   0.078   0.137   0.147 -99.000    27.9    27.8    27.8    28.4 -9999.0
63831 20160924  2.422  -89.07   32.34    35.5    18.6    27.1    26.2     0.0    19.24 C    58.8    19.0    31.8    97.6    29.8    68.4   0.068   0.070   0.132   0.147 -99.000    28.2    28.0    28.1    28.5 -9999.0
63831 20160925  2.422  -89.07   32.34    35.3    19.7    27.5    24.5     1.0    13.80 C    57.2    20.1    28.5    97.0    34.2    79.0   0.063   0.066   0.129   0.147 -99.000    27.7    27.9    27.8    28.6 -9999.0
63831 20160926  2.422  -89.07   32.34    34.1    18.1    26.1    24.8     0.0    19.84 C    55.4    18.4    30.9    98.0    38.6    75.4   0.061   0.063   0.126   0.145 -99.000    27.7    27.5    27.6    28.4 -9999.0
63831 20160927  2.422  -89.07   32.34    30.3    17.8    24.1    23.3     0.0    18.53 C    50.5    17.7    29.3    86.1    46.3    70.9   0.060   0.060   0.125   0.144 -99.000    27.6    27.6    27.7    28.4 -9999.0
63831 20160928  2.422  -89.07   32.34    31.1    13.3    22.2    20.9     0.0    21.63 C    51.0    13.8    26.7    96.1    19.9    59.4   0.057   0.058   0.123   0.142 -99.000    26.5    26.8    27.0    28.2 -9999.0
63831 20160929  2.422  -89.07   32.34    25.8    11.7    18.8    18.9     0.0    21.91 C    46.7    12.1    24.3    90.6    29.0    56.5   0.054   0.055   0.121   0.140 -99.000    25.5    26.0    26.2    27.8 -9999.0
63831 20160930  2.422  -89.07   32.34    26.3     8.4    17.4    16.9     0.0    18.41 C    49.8     8.8    22.5    96.8    37.6    72.5   0.053   0.054   0.119   0.139 -99.000    24.5    25.2    25.3    27.3 -9999.0
63831 20161001  2.422  -89.07   32.34    27.9     9.4    18.7    18.1     0.0    18.46 C    55.1     9.8    23.9    97.7    33.9    71.6   0.051   0.054   0.118   0.136 -99.000    24.5    24.9    25.1    26.9 -9999.0
63831 20161002  2.422  -89.07   32.34    29.2    13.7    21.4    20.3     0.0    15.31 C    53.0    14.3    25.7    95.0    33.9    68.9   0.051   0.053   0.117   0.135 -99.000    25.0    25.1    25.3    26.8 -9999.0
63831 20161003  2.422  -89.07   32.34    30.2    11.2    20.7    20.0     0.0    19.75 C    51.3    11.5    25.6    98.1    30.5    67.3   0.050   0.052   0.116   0.134 -99.000    24.9    25.1    25.2    26.7 -9999.0
63831 20161004  2.422  -89.07   32.34    32.5    11.5    22.0    22.4     0.0    19.97 C    53.7    11.9    27.9    96.7    33.6    65.8   0.050   0.051   0.115   0.133 -99.000    25.3    25.2    25.4    26.6 -9999.0
63831 20161005  2.422  -89.07   32.34    31.3    14.1    22.7    23.0     0.0    19.90 C    50.5    14.2    27.6    94.4    32.2    64.4   0.050   0.051   0.115   0.132 -99.000    26.0    25.9    26.0    26.8 -9999.0
63831 20161006  2.422  -89.07   32.34    31.8    12.7    22.3    21.8     0.0    19.76 C    51.1    12.9    27.0    95.6    35.3    68.9   0.049   0.051   0.114   0.132 -99.000    25.5    25.5    25.7    26.8 -9999.0
63831 20161007  2.422  -89.07   32.34    32.2    15.2    23.7    22.5     0.0    17.86 C    48.8    14.9    26.6    93.8    26.5    63.3   0.048   0.050   0.113   0.130 -99.000    25.5    25.6    25.7    26.8 -9999.0
63831 20161008  2.422  -89.07   32.34    29.6    15.2    22.4    22.1     0.0    20.02 C    45.6    11.5    25.2    83.6    27.1    51.0   0.047   0.049   0.112   0.129 -99.000    25.2    25.4    25.6    26.7 -9999.0
63831 20161009  2.422  -89.07   32.34    28.9     5.9    17.4    18.5     0.0    20.98 C    46.2     4.9    21.4    88.0    16.8    41.3   0.046   0.049   0.111   0.127 -99.000    23.7    24.2    24.5    26.4 -9999.0
63831 20161010  2.422  -89.07   32.34    28.6     7.8    18.2    17.6     0.0    18.89 C    48.0     7.5    21.8    92.2    24.5    56.5   0.045   0.048   0.109   0.127 -99.000    23.3    23.8    24.0    26.0 -9999.0
63831 20161011  2.422  -89.07   32.34    28.4     7.4    17.9    17.3     0.0    20.05 C    47.2     7.6    22.0    97.0    25.2    62.9   0.044   0.047   0.109   0.125 -99.000    23.2    23.6    23.9    25.7 -9999.0
63831 20161012  2.422  -89.07   32.34    28.8     5.8    17.3    16.9     0.0    19.83 C    48.1     5.8    22.0    98.5    28.7    67.3   0.044   0.047   0.109   0.124 -99.000    23.0    23.3    23.6    25.5 -9999.0
63831 20161013  2.422  -89.07   32.34    30.1     8.8    19.5    19.1     0.0    16.16 C    48.7     9.2    24.1    96.9    36.2    73.4   0.044   0.047   0.107   0.124 -99.000    23.5    23.6    23.8    25.4 -9999.0
63831 20161014  2.422  -89.07   32.34    30.3    12.5    21.4    21.0     0.0    16.97 C    48.8    12.9    25.6    96.8    30.6    69.3   0.045   0.047   0.108   0.123 -99.000    24.2    24.2    24.3    25.5 -9999.0
63831 20161015  2.422  -89.07   32.34    29.7    12.4    21.1    20.5     0.0    16.05 C    48.6    12.8    24.7    98.2    34.1    70.5   0.044   0.047   0.108   0.123 -99.000    24.2    24.2    24.4    25.6 -9999.0
63831 20161016  2.422  -89.07   32.34    30.9    13.2    22.0    21.7     0.0    16.86 C    51.1    13.1    25.9    97.9    34.9    74.2   0.045   0.047   0.108   0.122 -99.000    24.4    24.3    24.5    25.6 -9999.0
63831 20161017  2.422  -89.07   32.34    31.3    14.6    22.9    22.9     0.0    16.03 C    53.0    14.8    27.0    99.0    39.9    73.9   0.045   0.047   0.107   0.122 -99.000    24.8    24.6    24.8    25.7 -9999.0
63831 20161018  2.422  -89.07   32.34    31.7    20.7    26.2    24.7     0.0    12.91 C    49.2    20.0    28.4    94.5    45.7    77.3   0.045   0.049   0.109   0.123 -99.000    25.7    25.3    25.5    25.9 -9999.0
63831 20161019  2.422  -89.07   32.34    31.7    18.7    25.2    23.9     0.0    12.26 C    50.9    17.9    27.5    98.1    36.2    76.7   0.053   0.048   0.108   0.122 -99.000    25.6    25.4    25.6    26.2 -9999.0
63831 20161020  2.422  -89.07   32.34    30.9    15.7    23.3    21.5     0.0    11.82 C    47.6    15.0    25.1    98.5    39.5    81.3   0.055   0.047   0.108   0.122 -99.000    25.0    25.1    25.3    26.3 -9999.0
63831 20161021  2.422  -89.07   32.34    21.9     6.3    14.1    15.3     0.0    18.61 C    38.7     4.9    18.9    90.4    27.9    58.8   0.053   0.047   0.107   0.120 -99.000    23.5    24.0    24.3    26.1 -9999.0
63831 20161022  2.422  -89.07   32.34    22.4     2.2    12.3    11.7     0.0    18.81 C    42.1     2.2    16.2    95.7    19.6    60.2   0.052   0.045   0.106   0.119 -99.000    21.5    22.2    22.6    25.3 -9999.0
63831 20161023  2.422  -89.07   32.34    26.1     1.9    14.0    13.2     0.0    18.42 C    44.7     2.2    18.1    96.8    17.6    61.0   0.051   0.045   0.105   0.117 -99.000    21.1    21.6    21.9    24.6 -9999.0
63831 20161024  2.422  -89.07   32.34    26.4     5.5    15.9    14.6     0.0    14.51 C    44.4     5.9    18.3    95.7    21.5    65.9   0.050   0.045   0.106   0.117 -99.000    21.1    21.5    21.8    24.3 -9999.0
63831 20161025  2.422  -89.07   32.34    29.5     5.7    17.6    16.5     0.0    17.41 C    46.4     5.7    20.7    96.8    23.6    65.5   0.051   0.044   0.104   0.117 -99.000    21.4    21.6    21.9    24.1 -9999.0
63831 20161026  2.422  -89.07   32.34    27.8     8.4    18.1    17.9     0.0    15.33 C    43.8     8.8    21.7    95.1    34.4    70.0   0.050   0.045   0.106   0.116 -99.000    21.8    21.9    22.1    24.0 -9999.0
63831 20161027  2.422  -89.07   32.34    28.9    12.1    20.5    19.2     0.0    13.23 C    45.2    12.1    22.9    97.9    35.5    74.6   0.051   0.046   0.105   0.116 -99.000    22.4    22.4    22.6    24.1 -9999.0
63831 20161028  2.422  -89.07   32.34    30.3    10.4    20.3    19.1     0.0    15.87 C    48.6    10.5    23.0    97.7    30.5    70.1   0.051   0.045   0.105   0.115 -99.000    22.5    22.5    22.7    24.1 -9999.0
63831 20161029  2.422  -89.07   32.34    30.4     9.7    20.1    18.8     0.0    16.52 C    47.0     9.7    22.8    97.0    29.0    69.1   0.052   0.045   0.105   0.115 -99.000    22.5    22.5    22.7    24.2 -9999.0
63831 20161030  2.422  -89.07   32.34    30.5     9.1    19.8    18.5     0.0    16.63 C    47.3     8.8    22.5    97.8    24.8    67.9   0.052   0.045   0.105   0.114 -99.000    22.3    22.4    22.6    24.2 -9999.0
63831 20161031  2.422  -89.07   32.34    31.1     9.5    20.3    18.9     0.0    16.46 C    47.7     9.6    22.9    96.2    27.0    66.7   0.052   0.045   0.105   0.114 -99.000    22.4    22.4    22.7    24.1 -9999.0
63831 20161101  2.422  -89.07   32.34    30.1     8.9    19.5    18.7     0.0    14.97 C    46.5     8.8    21.6    96.3    29.2    66.4   0.051   0.045   0.104   0.114 -99.000    22.0    22.2    22.5    24.1 -9999.0
63831 20161102  2.422  -89.07   32.34    29.0    10.4    19.7    18.9     0.0    13.95 C    45.2    10.1    21.6    96.5    35.1    72.9   0.051   0.045   0.104   0.114 -99.000    22.0    22.1    22.4    24.0 -9999.0
63831 20161103  2.422  -89.07   32.34    29.4    10.1    19.7    18.9     0.0    13.30 C    45.7     9.9    22.3    97.4    38.3    74.5   0.051   0.045   0.104   0.115 -99.000    22.1    22.2    22.4    23.9 -9999.0
63831 20161104  2.422  -89.07   32.34    27.6    11.5    19.5    19.5     0.0    15.67 C    43.2     8.6    22.0    96.1    27.0    61.4   0.051   0.045   0.105   0.113 -99.000    22.2    22.3    22.5    24.0 -9999.0
63831 20161105  2.422  -89.07   32.34    25.2     4.9    15.0    15.5     0.0    11.39 C    39.1     4.3    17.6    96.3    41.4    64.8   0.050   0.043   0.103   0.112 -99.000    20.9    21.3    21.6    23.8 -9999.0
63831 20161106  2.422  -89.07   32.34    23.5     5.3    14.4    14.4     0.0    11.20 C    36.6     4.4    16.3    96.6    29.1    64.2   0.050   0.043   0.102   0.112 -99.000    20.5    20.8    21.2    23.4 -9999.0
63831 20161107  2.422  -89.07   32.34    26.6     3.8    15.2    16.0     0.8    10.29 C    42.9     3.9    18.8    94.9    42.7    70.4   0.049   0.043   0.102   0.112 -99.000    19.9    20.2    20.5    23.0 -9999.0
63831 20161108  2.422  -89.07   32.34    21.9    13.4    17.6    17.0     7.3     7.50 C    31.4    14.8    18.8    96.6    56.9    81.0   0.052   0.044   0.103   0.110 -99.000    21.0    20.9    21.2    22.9 -9999.0
63831 20161109  2.422  -89.07   32.34    22.9    12.0    17.5    16.3     0.0    11.28 C    33.6     8.4    17.3    94.9    49.0    70.7   0.061   0.044   0.103   0.110 -99.000    20.3    20.5    20.8    22.8 -9999.0
63831 20161110  2.422  -89.07   32.34    23.0     3.1    13.0    11.6     0.0    16.18 C    34.8     2.9    14.0    96.6    17.3    65.5   0.063   0.043   0.102   0.110 -99.000    18.3    19.0    19.3    22.4 -9999.0
63831 20161111  2.422  -89.07   32.34    18.5     2.6    10.6    10.3     0.0     7.94 C    28.1     2.6    11.7    97.7    42.5    77.7   0.063   0.043   0.101   0.108 -99.000    17.1    17.9    18.2    21.7 -9999.0
63831 20161112  2.422  -89.07   32.34    20.5     5.8    13.2    12.7     0.0    13.64 C    33.7     5.5    14.3    97.2    34.8    64.8   0.064   0.043   0.102   0.109 -99.000    17.1    17.5    17.8    21.1 -9999.0
63831 20161113  2.422  -89.07   32.34    19.4     2.1    10.8    10.6     0.0    12.07 C    32.7     1.8    13.2    97.8    38.9    73.7   0.065   0.043   0.102   0.109 -99.000    16.8    17.3    17.6    20.7 -9999.0
63831 20161114  2.422  -89.07   32.34    21.9     1.5    11.7    10.3     0.0    14.91 C    36.4     1.4    13.5    98.2    23.8    70.4   0.065   0.043   0.103   0.108 -99.000    16.5    17.0    17.3    20.4 -9999.0
63831 20161115  2.422  -89.07   32.34    22.7     4.1    13.4    12.3     3.9     8.96 C    29.9     4.8    13.8    99.0    52.7    84.9   0.065   0.043   0.103   0.108 -99.000    16.6    17.0    17.3    20.2 -9999.0
63831 20161116  2.422  -89.07   32.34    25.8     2.7    14.2    12.7     0.0    14.78 C    36.1     3.3    14.7    99.0    23.3    71.2   0.068   0.043   0.103   0.107 -99.000    16.4    16.7    17.0    19.9 -9999.0
63831 20161117  2.422  -89.07   32.34    27.8     3.5    15.6    15.1     0.0    14.91 C    37.1     3.5    15.9    97.7    22.0    65.0   0.069   0.043   0.103   0.107 -99.000    16.5    16.8    17.0    19.8 -9999.0
63831 20161118  2.422  -89.07   32.34    25.9     7.2    16.5    16.3     0.0    12.03 C    37.2     6.5    17.7   100.0    42.1    76.7   0.070   0.044   0.103   0.108 -99.000    17.2    17.2    17.4    19.7 -9999.0
63831 20161119  2.422  -89.07   32.34    16.1     4.4    10.2    10.2     0.0    15.37 C    29.5     1.9    12.3    82.2    18.5    49.4   0.070   0.044   0.104   0.109 -99.000    16.4    17.0    17.3    19.8 -9999.0
63831 20161120  2.422  -89.07   32.34    15.7    -3.7     6.0     4.8     0.0    15.31 C    30.0    -4.3     7.8    97.1    15.1    59.4   0.070   0.043   0.103   0.107 -99.000    14.1    15.1    15.4    19.2 -9999.0
63831 20161121  2.422  -89.07   32.34    18.6    -4.4     7.1     5.2     0.0    15.08 C    32.7    -4.5     8.6    94.9    10.6    57.1   0.069   0.043   0.102   0.107 -99.000    13.4    14.2    14.5    18.4 -9999.0
63831 20161122  2.422  -89.07   32.34    21.3    -4.0     8.6     8.5     0.0    14.12 C    33.6    -4.0    10.6    93.1    13.3    52.7   0.069   0.042   0.102   0.106 -99.000    13.4    14.0    14.3    17.9 -9999.0
63831 20161123  2.422  -89.07   32.34    22.8     6.4    14.6    15.6     0.0     5.80 C    28.2     5.6    15.5    95.2    48.7    68.2   0.069   0.044   0.103   0.107 -99.000    14.9    15.0    15.2    17.8 -9999.0
63831 20161124  2.422  -89.07   32.34    22.6     5.3    14.0    13.5     0.0    14.14 C    36.3     5.1    16.1   100.0    37.3    77.9   0.069   0.043   0.103   0.107 -99.000    16.2    16.2    16.4    18.2 -9999.0
63831 20161125  2.422  -89.07   32.34    20.2     1.8    11.0    10.8     0.0    13.01 C    33.4     1.8    13.3    98.4    42.2    75.0   0.068   0.044   0.104   0.106 -99.000    15.3    15.7    15.9    18.3 -9999.0
63831 20161126  2.422  -89.07   32.34    16.4    -2.4     7.0     7.3     0.0    12.30 C    30.2    -3.5     8.8    96.2    27.6    72.1   0.066   0.043   0.103   0.107 -99.000    14.5    15.1    15.3    18.2 -9999.0
63831 20161127  2.422  -89.07   32.34    18.0    -5.0     6.5     6.5     0.0    11.75 C    29.4    -5.2     8.5    96.8    22.1    62.4   0.065   0.042   0.102   0.107 -99.000    13.0    13.7    14.0    17.6 -9999.0
63831 20161128  2.422  -89.07   32.34    24.6     9.1    16.8    16.6    57.4     6.16 C    33.6     8.8    17.0    97.0    48.2    73.2   0.130   0.093   0.138   0.184 -99.000    14.9    14.9    15.0    17.2 -9999.0
63831 20161129  2.422  -89.07   32.34    24.8     9.5    17.1    18.3     0.3     7.86 C    30.0     9.1    18.5    98.7    70.4    86.9   0.305   0.252   0.280   0.387 -99.000    16.1    15.9    16.0    17.2 -9999.0
63831 20161130  2.422  -89.07   32.34    23.1     3.3    13.2    15.4    23.9     8.40 C    22.7     3.7    15.1    95.6    31.2    72.2   0.314   0.268   0.295   0.402 -99.000    17.3    17.4    17.5    18.2 -9999.0
63831 20161201  2.422  -89.07   32.34    15.9    -0.9     7.5     6.0     0.0    14.26 C    24.3     0.4     8.3    98.6    25.1    72.8   0.305   0.258   0.292   0.362 -99.000    14.3    14.7    15.0    17.9 -9999.0
63831 20161202  2.422  -89.07   32.34    17.0    -1.4     7.8     7.4     0.0    11.64 C    24.6    -0.1     8.9    97.8    23.5    66.9   0.293   0.250   0.288   0.347 -99.000    13.1    13.3    13.6    16.9 -9999.0
63831 20161203  2.422  -89.07   32.34    10.4     7.0     8.7     8.1     9.8     1.00 C    10.8     8.3     9.2    93.7    52.5    85.5   0.302   0.264   0.293   0.353 -99.000    13.1    13.2    13.4    16.4 -9999.0
63831 20161204  2.422  -89.07   32.34    12.2     7.1     9.7    10.0     7.3     1.48 C    13.6     8.4    11.1    97.4    92.8    95.6   0.326   0.285   0.306   0.416 -99.000    13.0    13.0    13.2    15.9 -9999.0
63831 20161205  2.422  -89.07   32.34    14.1     9.5    11.8    11.4    22.3     0.53 C    13.8    10.4    12.0    97.9    94.8    96.4   0.337   0.292   0.312   0.441 -99.000    13.3    13.3    13.5    15.7 -9999.0
63831 20161206  2.422  -89.07   32.34    16.9     9.2    13.0    12.2     0.0     3.56 C    16.0    10.5    13.0    98.1    77.8    87.7   0.333   0.283   0.309   0.431 -99.000    14.0    13.9    14.1    15.8 -9999.0
63831 20161207  2.422  -89.07   32.34    12.1     6.1     9.1     9.3     0.0     4.34 C    17.7     6.4    11.2    96.1    73.8    87.1   0.323   0.272   0.305   0.387 -99.000    13.8    13.8    14.0    15.9 -9999.0
63831 20161208  2.422  -89.07   32.34     9.6     0.7     5.2     5.8     0.0     8.39 C    19.8     0.5     7.5    90.8    39.3    64.7   0.317   0.266   0.301   0.376 -99.000    12.6    12.9    13.2    15.8 -9999.0
63831 20161209  2.422  -89.07   32.34     7.1    -3.0     2.1     1.1     0.0    13.95 C    16.4    -2.6     3.4    74.8    29.2    54.0   0.312   0.262   0.298   0.368 -99.000    10.5    11.0    11.3    15.0 -9999.0
63831 20161210  2.422  -89.07   32.34    10.8    -5.7     2.6     1.3     0.0    13.53 C    19.8    -3.7     4.1    93.5    17.6    61.7   0.308   0.258   0.296   0.362 -99.000     9.5     9.8    10.2    14.0 -9999.0
63831 20161211  2.422  -89.07   32.34    18.9    -3.9     7.5     8.9     0.0    12.73 C    23.8    -2.4     9.3    94.2    35.6    65.2   0.304   0.255   0.294   0.358 -99.000     9.9     9.9    10.1    13.4 -9999.0
63831 20161212  2.422  -89.07   32.34    17.8    14.4    16.1    15.8     5.4     2.64 C    20.6    12.4    15.2    97.1    81.9    91.7   0.312   0.267   0.299   0.358 -99.000    12.7    12.3    12.5    13.7 -9999.0
63831 20161213  2.422  -89.07   32.34    19.0    12.2    15.6    16.4    13.1     0.95 C    19.1    12.8    16.1   100.0    85.7    95.8   0.330   0.287   0.309   0.422 -99.000    14.3    13.9    14.0    14.6 -9999.0
63831 20161214  2.422  -89.07   32.34    12.3     4.7     8.5     8.7     0.0     2.60 C    14.3     4.7    10.1    98.0    79.6    89.7   0.329   0.281   0.308   0.399 -99.000    13.6    13.7    13.9    15.2 -9999.0
63831 20161215  2.422  -89.07   32.34     8.9    -1.5     3.7     3.4     0.0    12.60 C    17.7     0.7     5.9    92.3    27.1    64.5   0.322   0.271   0.304   0.382 -99.000    11.5    11.8    12.1    14.8 -9999.0
63831 20161216  2.422  -89.07   32.34    17.2    -2.3     7.4     6.4     0.0     3.86 C    15.7    -0.3     7.2    88.8    48.9    71.0   0.317   0.267   0.301   0.374 -99.000    10.3    10.4    10.8    14.0 -9999.0
63831 20161217  2.422  -89.07   32.34    26.2    17.2    21.7    21.5     0.0     5.10 C    27.4    15.1    19.6    94.0    59.5    80.9   0.314   0.266   0.301   0.371 -99.000    14.0    13.4    13.4    14.0 -9999.0
63831 20161218  2.422  -89.07   32.34    22.3    -1.8    10.2     4.7    20.4     1.33 C    20.0     0.5     7.0    94.0    78.2    87.4   0.339   0.295   0.315   0.438 -99.000    12.9    13.4    13.6    15.1 -9999.0
63831 20161219  2.422  -89.07   32.34 -9999.0 -9999.0 -9999.0 -9999.0 -9999.0 -9999.00 U -9999.0 -9999.0 -9999.0 -9999.0 -9999.0 -9999.0 -99.000 -99.000 -99.000 -99.000 -99.000 -9999.0 -9999.0 -9999.0 -9999.0 -9999.0
63831 20161220 -9.000  -89.07   32.34 -9999.0 -9999.0 -9999.0 -9999.0 -9999.0 -9999.00 U -9999.0 -9999.0 -9999.0 -9999.0 -9999.0 -9999.0 -99.000 -99.000 -99.000 -99.000 -99.000 -9999.0 -9999.0 -9999.0 -9999.0 -9999.0
63831 20161221 -9.000  -89.07   32.34 -9999.0 -9999.0 -9999.0 -9999.0 -9999.0 -9999.00 U -9999.0 -9999.0 -9999.0 -9999.0 -9999.0 -9999.0 -99.000 -99.000 -99.000 -99.000 -99.000 -9999.0 -9999.0 -9999.0 -9999.0 -9999.0
63831 20161222 -9.000  -89.07   32.34 -9999.0 -9999.0 -9999.0 -9999.0 -9999.0 -9999.00 U -9999.0 -9999.0 -9999.0 -9999.0 -9999.0 -9999.0 -99.000 -99.000 -99.000 -99.000 -99.000 -9999.0 -9999.0 -9999.0 -9999.0 -9999.0
63831 20161223  2.422  -89.07   32.34 -9999.0 -9999.0 -9999.0 -9999.0 -9999.0 -9999.00 U -9999.0 -9999.0 -9999.0 -9999.0 -9999.0 -9999.0 -99.000 -99.000 -99.000 -99.000 -99.000 -9999.0 -9999.0 -9999.0 -9999.0 -9999.0
63831 20161224  2.422  -89.07   32.34    23.9    12.6    18.2    17.8     0.0     6.85 C    27.4    11.4    17.0    98.5    61.7    88.0   0.313   0.263   0.301   0.369 -99.000    13.7    13.2    13.4    13.7 -9999.0
63831 20161225  2.422  -89.07   32.34    24.1    11.6    17.8    18.4     0.0     7.27 C    27.3    11.3    17.8   100.0    63.3    89.3   0.312   0.261   0.300   0.368 -99.000    14.6    14.3    14.4    14.5 -9999.0
63831 20161226  2.422  -89.07   32.34    25.7    17.3    21.5    20.5     0.0     6.44 C    29.8    15.5    19.5    96.8    59.3    84.9   0.311   0.261   0.300   0.369 -99.000    16.1    15.7    15.8    15.4 -9999.0
63831 20161227  2.422  -89.07   32.34    24.7    13.8    19.3    19.5     0.0     5.63 C    27.1    13.5    18.9    97.5    65.8    82.6   0.309   0.259   0.300   0.369 -99.000    16.6    16.3    16.3    16.1 -9999.0
63831 20161228  2.422  -89.07   32.34    23.9    10.7    17.3    17.3     0.0     6.80 C    29.4    11.2    17.6    96.0    65.6    84.8   0.307   0.257   0.299   0.366 -99.000    16.4    16.3    16.3    16.5 -9999.0
63831 20161229  2.422  -89.07   32.34    20.2     0.3    10.2    12.2     4.9    10.83 C    18.8     1.3    11.9    93.1    21.1    61.0   0.317   0.270   0.304   0.366 -99.000    15.6    15.9    16.0    16.8 -9999.0
63831 20161230  2.422  -89.07   32.34    13.1    -2.2     5.4     5.1     0.0    14.01 C    20.4    -0.6     7.5    95.2    16.0    58.6   0.313   0.264   0.301   0.366 -99.000    12.6    12.9    13.3    16.0 -9999.0
63831 20161231  2.422  -89.07   32.34    16.6     5.3    10.9     9.8    17.8     1.17 C    15.4     6.5    10.1    97.9    48.6    81.3   0.325   0.277   0.306   0.402 -99.000    12.2    12.2    12.5    15.1 -9999.0
