22016 20160101  2.423 -103.21   29.35     5.5     1.6     3.5     3.1     0.2     1.06 C     6.1     3.8     5.1    96.5    75.2    91.0   0.110   0.106 -99.000 -99.000 -99.000     5.6     7.2 -9999.0 -9999.0 -9999.0
22016 20160102  2.423 -103.21   29.35     3.4     0.4     1.9     1.9     3.7     1.68 C     6.1     3.0     4.5    96.9    81.2    91.5   0.125   0.106 -99.000 -99.000 -99.000     4.7     6.1 -9999.0 -9999.0 -9999.0
22016 20160103  2.423 -103.21   29.35     6.9     1.6     4.2     4.8     0.0     2.79 C    10.6     2.7     6.7    94.1    83.2    88.7   0.141   0.120 -99.000 -99.000 -99.000     6.5     7.0 -9999.0 -9999.0 -9999.0
22016 20160104  2.423 -103.21   29.35     9.3     3.8     6.6     6.7     0.0     5.02 C    13.5     5.1     8.2    92.5    66.7    76.7   0.135   0.124 -99.000 -99.000 -99.000     7.7     8.0 -9999.0 -9999.0 -9999.0
22016 20160105  2.423 -103.21   29.35    13.1     3.6     8.3     8.2     0.0     8.44 C    15.2     3.9     8.4    91.0    56.1    73.9   0.127   0.125 -99.000 -99.000 -99.000     8.6     8.9 -9999.0 -9999.0 -9999.0
22016 20160106  2.423 -103.21   29.35    19.7     1.0    10.4     9.2     0.0    14.29 C    19.1     1.2     8.9    95.3    26.2    64.8   0.122   0.125 -99.000 -99.000 -99.000     9.7     9.6 -9999.0 -9999.0 -9999.0
22016 20160107  2.423 -103.21   29.35    19.9     4.1    12.0    12.5     0.0    15.44 C    19.9     0.9     9.6    67.4    10.4    32.6   0.116   0.124 -99.000 -99.000 -99.000    10.4    10.3 -9999.0 -9999.0 -9999.0
22016 20160108  2.423 -103.21   29.35    17.4     6.1    11.7    12.0     0.0    12.79 C    20.1     2.7    10.0    42.4    11.0    21.8   0.110   0.121 -99.000 -99.000 -99.000    11.1    11.1 -9999.0 -9999.0 -9999.0
22016 20160109  2.423 -103.21   29.35    13.1     0.8     7.0     7.5     0.0    15.11 C    17.9     1.0     7.5    59.0    23.8    38.8   0.104   0.119 -99.000 -99.000 -99.000     9.5    10.1 -9999.0 -9999.0 -9999.0
22016 20160110  2.423 -103.21   29.35    12.2    -3.6     4.3     4.6     0.0    12.87 C    18.3    -3.2     5.9    84.6    23.5    53.8   0.099   0.115 -99.000 -99.000 -99.000     7.8     8.7 -9999.0 -9999.0 -9999.0
22016 20160111  2.423 -103.21   29.35    13.6    -2.4     5.6     4.0     0.0    10.78 C    21.2    -2.2     6.1    89.4    30.4    68.2   0.096   0.113 -99.000 -99.000 -99.000     7.7     8.5 -9999.0 -9999.0 -9999.0
22016 20160112  2.423 -103.21   29.35    13.7    -1.7     6.0     5.4     0.0    15.74 C    19.5    -2.3     6.3    84.3    29.0    55.0   0.095   0.112 -99.000 -99.000 -99.000     8.1     8.5 -9999.0 -9999.0 -9999.0
22016 20160113  2.423 -103.21   29.35    17.1     0.0     8.5     8.0     0.0    14.16 C    22.9    -0.8     8.5    67.6    20.2    43.4   0.095   0.111 -99.000 -99.000 -99.000     9.3     9.4 -9999.0 -9999.0 -9999.0
22016 20160114  2.423 -103.21   29.35    20.5     1.8    11.1    11.4     0.0    15.68 C    21.9     0.3    10.0    64.4     8.9    32.5   0.093   0.111 -99.000 -99.000 -99.000    10.6    10.4 -9999.0 -9999.0 -9999.0
22016 20160115  2.423 -103.21   29.35    21.8     6.6    14.2    15.3     0.0    16.05 C    23.6     4.3    13.0    25.6     5.8    12.4   0.094   0.111 -99.000 -99.000 -99.000    13.2    12.4 -9999.0 -9999.0 -9999.0
22016 20160116  2.423 -103.21   29.35    17.1     2.5     9.8    11.1     0.0    16.11 C    21.0     2.7    11.1    46.2    12.7    26.3   0.089   0.110 -99.000 -99.000 -99.000    12.7    12.6 -9999.0 -9999.0 -9999.0
22016 20160117  2.423 -103.21   29.35    19.7    -0.5     9.6     9.3     0.0    14.32 C    23.3    -0.6     9.7    59.3    10.8    32.4   0.084   0.107 -99.000 -99.000 -99.000    10.9    11.2 -9999.0 -9999.0 -9999.0
22016 20160118  2.423 -103.21   29.35    19.1     1.0    10.0    10.5     0.0    16.33 C    23.2     0.6    10.4    50.4    14.3    29.1   0.082   0.106 -99.000 -99.000 -99.000    11.7    11.7 -9999.0 -9999.0 -9999.0
22016 20160119  2.423 -103.21   29.35    23.4     3.3    13.4    12.4     0.0    14.19 C    25.2     3.2    11.8    45.4     6.1    23.3   0.080   0.105 -99.000 -99.000 -99.000    12.6    12.3 -9999.0 -9999.0 -9999.0
22016 20160120  2.423 -103.21   29.35    23.4     1.9    12.6    12.2     0.0    15.80 C    26.2     1.0    11.8    71.5     7.2    31.3   0.078   0.104 -99.000 -99.000 -99.000    12.8    12.6 -9999.0 -9999.0 -9999.0
22016 20160121  2.423 -103.21   29.35    17.4     3.5    10.5    12.1     0.0    16.60 C    22.4     3.1    12.0    44.5    10.9    23.3   0.075   0.104 -99.000 -99.000 -99.000    13.5    13.3 -9999.0 -9999.0 -9999.0
22016 20160122  2.423 -103.21   29.35    15.7    -0.8     7.4     7.6     0.0    16.65 C    22.1    -0.5     8.9    58.7    18.7    34.5   0.070   0.101 -99.000 -99.000 -99.000    11.2    11.8 -9999.0 -9999.0 -9999.0
22016 20160123  2.423 -103.21   29.35    20.2    -0.8     9.7     8.8     0.0    16.94 C    24.4    -1.2     9.7    55.9    11.0    31.5   0.069   0.100 -99.000 -99.000 -99.000    11.3    11.5 -9999.0 -9999.0 -9999.0
22016 20160124  2.423 -103.21   29.35    25.7     2.9    14.3    14.4     0.0    16.74 C    27.5     1.8    13.3    39.9     4.9    19.3   0.069   0.100 -99.000 -99.000 -99.000    13.3    12.7 -9999.0 -9999.0 -9999.0
22016 20160125  2.423 -103.21   29.35    22.4     6.1    14.2    14.7     0.0    16.82 C    28.0     4.0    14.4    31.9     7.1    14.9   0.068   0.101 -99.000 -99.000 -99.000    15.2    14.5 -9999.0 -9999.0 -9999.0
22016 20160126  2.423 -103.21   29.35    10.9     1.0     5.9     6.8     0.0    12.12 C    22.8     3.9    10.7    88.2    24.3    53.5   0.062   0.098 -99.000 -99.000 -99.000    12.1    13.0 -9999.0 -9999.0 -9999.0
22016 20160127  2.423 -103.21   29.35    11.1     0.4     5.8     4.4     0.0    10.95 C    19.0     0.7     7.9    88.8    37.5    66.3   0.059   0.095 -99.000 -99.000 -99.000     9.8    10.9 -9999.0 -9999.0 -9999.0
22016 20160128  2.423 -103.21   29.35    17.1    -2.2     7.5     7.6     0.0    17.27 C    23.0    -2.2     8.8    76.8    14.1    42.3   0.060   0.094 -99.000 -99.000 -99.000    10.4    10.7 -9999.0 -9999.0 -9999.0
22016 20160129  2.423 -103.21   29.35    23.0     0.9    11.9    10.8     0.0    17.59 C    26.8    -0.1    11.5    52.2     8.6    29.1   0.061   0.094 -99.000 -99.000 -99.000    12.4    12.1 -9999.0 -9999.0 -9999.0
22016 20160130  2.423 -103.21   29.35    27.0     3.6    15.3    15.1     0.0    17.74 C    30.5     1.5    14.3    39.2     4.8    18.2   0.061   0.095 -99.000 -99.000 -99.000    14.3    13.5 -9999.0 -9999.0 -9999.0
22016 20160131  2.423 -103.21   29.35    24.5     9.2    16.9    18.2     0.0    17.99 C    29.5     6.0    16.2    17.4     6.1    10.7   0.061   0.097 -99.000 -99.000 -99.000    16.3    15.3 -9999.0 -9999.0 -9999.0
22016 20160201  2.423 -103.21   29.35    29.6     5.7    17.6    18.2     0.0    17.20 C    31.4     5.7    17.0    52.0     1.5    16.9   0.060   0.097 -99.000 -99.000 -99.000    17.1    16.2 -9999.0 -9999.0 -9999.0
22016 20160202  2.423 -103.21   29.35    15.8     1.4     8.6     8.9     0.0    17.86 C    22.7     2.4    10.5    61.7    18.8    33.1   0.055   0.093 -99.000 -99.000 -99.000    13.5    14.4 -9999.0 -9999.0 -9999.0
22016 20160203  2.423 -103.21   29.35    13.9    -0.4     6.7     5.9     0.0    18.52 C    22.1    -2.0     7.8    40.7     8.8    22.7   0.051   0.089 -99.000 -99.000 -99.000    11.0    12.2 -9999.0 -9999.0 -9999.0
22016 20160204  2.423 -103.21   29.35    12.6    -4.0     4.3     4.1     0.0    18.42 C    22.7    -4.5     6.8    54.0    11.5    30.6   0.049   0.087 -99.000 -99.000 -99.000     9.7    10.8 -9999.0 -9999.0 -9999.0
22016 20160205  2.423 -103.21   29.35    17.1    -2.9     7.1     7.7     0.0    18.36 C    25.1    -2.6     9.5    52.4    11.9    27.5   0.050   0.087 -99.000 -99.000 -99.000    10.9    11.2 -9999.0 -9999.0 -9999.0
22016 20160206  2.423 -103.21   29.35    16.6    -2.3     7.2     7.1     0.0    19.09 C    25.3    -3.1     9.0    42.2     6.1    20.9   0.049   0.087 -99.000 -99.000 -99.000    10.9    11.3 -9999.0 -9999.0 -9999.0
22016 20160207  2.423 -103.21   29.35    22.6     0.2    11.4    10.7     0.0    17.79 C    28.7    -1.2    11.7    25.9     3.5    13.5   0.049   0.087 -99.000 -99.000 -99.000    12.2    12.0 -9999.0 -9999.0 -9999.0
22016 20160208  2.423 -103.21   29.35    14.2     2.1     8.1     8.7     0.0    16.95 C    25.1     2.2    11.2    42.9    11.7    22.7   0.050   0.088 -99.000 -99.000 -99.000    12.8    12.9 -9999.0 -9999.0 -9999.0
22016 20160209  2.423 -103.21   29.35    19.8    -1.0     9.4     8.7     0.0    19.10 C    28.1    -1.5    10.9    39.9    10.9    23.8   0.049   0.086 -99.000 -99.000 -99.000    12.2    12.3 -9999.0 -9999.0 -9999.0
22016 20160210  2.423 -103.21   29.35    22.8     2.0    12.4    12.2     0.0    19.24 C    30.9     0.9    13.5    39.2     9.2    21.5   0.049   0.087 -99.000 -99.000 -99.000    14.0    13.5 -9999.0 -9999.0 -9999.0
22016 20160211  2.423 -103.21   29.35    26.0     4.0    15.0    15.2     0.0    19.58 C    33.1     2.3    15.7    30.6     4.2    14.6   0.050   0.088 -99.000 -99.000 -99.000    15.8    14.9 -9999.0 -9999.0 -9999.0
22016 20160212  2.423 -103.21   29.35    26.1     6.3    16.2    17.0     0.0    19.79 C    34.9     4.2    17.4    25.4     5.5    13.2   0.051   0.089 -99.000 -99.000 -99.000    17.3    16.1 -9999.0 -9999.0 -9999.0
22016 20160213  2.423 -103.21   29.35    25.8     4.9    15.3    18.1     0.0    19.75 C    35.6     4.7    18.4    37.3     4.4    16.5   0.050   0.089 -99.000 -99.000 -99.000    18.2    17.1 -9999.0 -9999.0 -9999.0
22016 20160214  2.423 -103.21   29.35    27.8     7.7    17.7    16.7     0.0    15.07 C    35.3     7.1    17.5    35.4     6.5    21.1   0.049   0.088 -99.000 -99.000 -99.000    17.9    17.2 -9999.0 -9999.0 -9999.0
22016 20160215  2.423 -103.21   29.35    23.3     8.7    16.0    16.9     0.0    20.09 C    34.6     7.8    18.1    34.2     8.4    14.0   0.050   0.088 -99.000 -99.000 -99.000    18.4    17.6 -9999.0 -9999.0 -9999.0
22016 20160216  2.423 -103.21   29.35    26.5     5.8    16.1    16.3     0.0    20.16 C    36.6     3.9    17.9    31.2     6.7    17.1   0.048   0.087 -99.000 -99.000 -99.000    18.2    17.5 -9999.0 -9999.0 -9999.0
22016 20160217  2.423 -103.21   29.35    28.1     4.9    16.5    16.8     0.0    20.19 C    35.6     4.2    18.4    54.8     8.6    29.4   0.047   0.087 -99.000 -99.000 -99.000    18.5    17.8 -9999.0 -9999.0 -9999.0
22016 20160218  2.423 -103.21   29.35    31.5     9.1    20.3    20.7     0.0    19.41 C    40.0     8.5    22.1    63.7    12.4    37.1   0.050   0.088 -99.000 -99.000 -99.000    21.3    19.7 -9999.0 -9999.0 -9999.0
22016 20160219  2.423 -103.21   29.35    31.0    10.7    20.8    20.7     0.0    17.50 C    40.6    10.1    22.8    68.2    12.4    41.0   0.050   0.088 -99.000 -99.000 -99.000    22.3    20.8 -9999.0 -9999.0 -9999.0
22016 20160220  2.423 -103.21   29.35    31.2    12.0    21.6    21.4     0.0    16.28 C    42.5    12.2    24.1    71.4    13.7    45.0   0.051   0.088 -99.000 -99.000 -99.000    23.0    21.5 -9999.0 -9999.0 -9999.0
22016 20160221  2.423 -103.21   29.35    22.7    14.0    18.4    18.7     3.6     2.74 C    25.2    14.3    18.9    92.7    36.0    61.3   0.048   0.086 -99.000 -99.000 -99.000    19.8    20.4 -9999.0 -9999.0 -9999.0
22016 20160222  2.423 -103.21   29.35    23.4    10.7    17.0    15.6     3.6    14.71 C    27.2    10.7    17.4    95.7    44.4    76.9   0.096   0.083 -99.000 -99.000 -99.000    18.2    18.5 -9999.0 -9999.0 -9999.0
22016 20160223  2.423 -103.21   29.35    22.5     2.9    12.7    13.4     0.0    20.60 C    29.8     4.5    14.5    87.3    11.0    36.0   0.092   0.082 -99.000 -99.000 -99.000    16.4    17.3 -9999.0 -9999.0 -9999.0
22016 20160224  2.423 -103.21   29.35    15.8     1.0     8.4     8.1     0.0    21.43 C    28.5     0.5    12.1    78.0    17.1    41.7   0.085   0.081 -99.000 -99.000 -99.000    14.2    15.3 -9999.0 -9999.0 -9999.0
22016 20160225  2.423 -103.21   29.35    20.9     1.3    11.1    11.3     0.0    20.42 C    32.4     1.4    14.3    51.9    12.1    27.2   0.084   0.082 -99.000 -99.000 -99.000    15.3    15.6 -9999.0 -9999.0 -9999.0
22016 20160226  2.423 -103.21   29.35    20.6     1.2    10.9    11.0     0.0    21.13 C    31.8     1.9    15.0    65.7    14.4    36.3   0.082   0.084 -99.000 -99.000 -99.000    16.0    16.3 -9999.0 -9999.0 -9999.0
22016 20160227  2.423 -103.21   29.35    23.9     2.7    13.3    13.2     0.0    21.40 C    34.9     2.8    16.7    68.1    12.5    38.9   0.079   0.085 -99.000 -99.000 -99.000    17.2    17.0 -9999.0 -9999.0 -9999.0
22016 20160228  2.423 -103.21   29.35    29.4     6.6    18.0    18.1     0.0    21.35 C    39.2     6.2    20.2    63.0     5.9    32.7   0.078   0.088 -99.000 -99.000 -99.000    19.8    18.9 -9999.0 -9999.0 -9999.0
22016 20160229  2.423 -103.21   29.35    28.9     7.6    18.2    18.1     0.0    20.99 C    39.4     7.8    21.2    84.1    10.5    46.1   0.073   0.090 -99.000 -99.000 -99.000    21.0    20.1 -9999.0 -9999.0 -9999.0
22016 20160301  2.423 -103.21   29.35    27.4    10.0    18.7    19.1     0.0    21.87 C    40.3     9.5    21.5    71.9     9.1    23.4   0.069   0.091 -99.000 -99.000 -99.000    21.5    20.8 -9999.0 -9999.0 -9999.0
22016 20160302  2.423 -103.21   29.35    31.4     6.5    18.9    18.9     0.0    21.84 C    41.2     6.1    21.1    53.3     5.9    24.6   0.064   0.091 -99.000 -99.000 -99.000    21.1    20.5 -9999.0 -9999.0 -9999.0
22016 20160303  2.423 -103.21   29.35    28.2     9.8    19.0    21.1     0.0    22.55 C    42.3    10.8    23.3    27.4     3.9    10.4   0.062   0.093 -99.000 -99.000 -99.000    23.0    21.9 -9999.0 -9999.0 -9999.0
22016 20160304  2.423 -103.21   29.35    29.5     6.3    17.9    18.6     0.0    20.77 C    42.2     6.7    21.1    40.8    10.6    23.0   0.058   0.091 -99.000 -99.000 -99.000    21.5    21.1 -9999.0 -9999.0 -9999.0
22016 20160305  2.423 -103.21   29.35 -9999.0 -9999.0 -9999.0 -9999.0 -9999.0 -9999.00 U -9999.0 -9999.0 -9999.0 -9999.0 -9999.0 -9999.0 -99.000 -99.000 -99.000 -99.000 -99.000 -9999.0 -9999.0 -9999.0 -9999.0 -9999.0
22016 20160306  2.423 -103.21   29.35    27.9     8.9    18.4    18.6     0.0    17.16 C    40.1     9.7    22.4    95.8    11.7    58.6   0.056   0.091 -99.000 -99.000 -99.000    22.1    21.5 -9999.0 -9999.0 -9999.0
22016 20160307  2.423 -103.21   29.35    26.7    11.1    18.9    19.9     0.0    13.58 C    35.5    11.0    21.6    89.3     2.4    39.4   0.054   0.090 -99.000 -99.000 -99.000    21.5    21.3 -9999.0 -9999.0 -9999.0
22016 20160308  2.423 -103.21   29.35    24.6    10.1    17.3    18.4     2.4    14.49 C    38.9    11.4    21.1    88.6     7.1    26.7   0.053   0.090 -99.000 -99.000 -99.000    21.5    21.5 -9999.0 -9999.0 -9999.0
22016 20160309  2.423 -103.21   29.35    15.7     8.5    12.1    11.5     1.7     7.15 C    21.7     9.7    13.5    94.6    52.8    74.6   0.057   0.084 -99.000 -99.000 -99.000    15.1    17.3 -9999.0 -9999.0 -9999.0
22016 20160310  2.423 -103.21   29.35    18.8     8.2    13.5    13.0     0.2    13.45 C    29.3     8.0    15.8    93.1    34.6    64.6   0.070   0.083 -99.000 -99.000 -99.000    16.3    16.9 -9999.0 -9999.0 -9999.0
22016 20160311  2.423 -103.21   29.35    18.0     8.0    13.0    12.7     0.0    11.84 C    29.3     7.1    15.3    77.9    28.7    52.8   0.071   0.082 -99.000 -99.000 -99.000    15.6    16.3 -9999.0 -9999.0 -9999.0
22016 20160312  2.423 -103.21   29.35    27.5     4.2    15.9    16.6     0.0    22.11 C    38.5     3.9    18.8    76.2     9.0    35.5   0.075   0.085 -99.000 -99.000 -99.000    18.4    17.9 -9999.0 -9999.0 -9999.0
22016 20160313  2.423 -103.21   29.35    26.8    14.9    20.8    20.3     0.0    22.63 C    38.3    10.4    21.5    18.7     5.8    11.1   0.077   0.087 -99.000 -99.000 -99.000    21.3    20.4 -9999.0 -9999.0 -9999.0
22016 20160314  2.423 -103.21   29.35    30.4     8.8    19.6    20.2     0.0    22.83 C    42.5     6.5    21.9    20.5     2.4     9.0   0.072   0.088 -99.000 -99.000 -99.000    21.7    20.9 -9999.0 -9999.0 -9999.0
22016 20160315  2.423 -103.21   29.35    30.0    11.7    20.9    21.5     0.0    22.47 C    45.2     9.1    24.0    24.0     5.5     9.8   0.067   0.090 -99.000 -99.000 -99.000    23.2    22.0 -9999.0 -9999.0 -9999.0
22016 20160316  2.423 -103.21   29.35    29.9     9.2    19.5    20.2     0.0    22.58 C    46.0     8.5    24.4    43.4     6.3    20.9   0.061   0.091 -99.000 -99.000 -99.000    23.8    22.8 -9999.0 -9999.0 -9999.0
22016 20160317  2.423 -103.21   29.35    29.2    10.4    19.8    20.2     0.0    18.79 C    45.4    11.0    24.9    89.6    10.1    49.1   0.058   0.092 -99.000 -99.000 -99.000    24.4    23.5 -9999.0 -9999.0 -9999.0
22016 20160318  2.423 -103.21   29.35    30.4    11.5    21.0    19.9     0.0    17.66 C    47.6    11.2    24.2    80.0     9.5    42.6   0.055   0.091 -99.000 -99.000 -99.000    24.1    23.4 -9999.0 -9999.0 -9999.0
22016 20160319  2.423 -103.21   29.35    14.5     6.3    10.4     9.5     0.0    13.63 C    31.9     6.0    15.1    70.9    31.9    53.7   0.049   0.087 -99.000 -99.000 -99.000    18.0    19.9 -9999.0 -9999.0 -9999.0
22016 20160320  2.423 -103.21   29.35    16.5     3.4     9.9     9.7     0.0    16.06 C    34.1     4.3    15.1    63.2    28.6    42.2   0.048   0.084 -99.000 -99.000 -99.000    16.9    17.9 -9999.0 -9999.0 -9999.0
22016 20160321  2.423 -103.21   29.35    23.8     1.0    12.4    13.7     0.0    23.26 C    41.2     1.5    18.6    63.0    15.7    34.5   0.049   0.084 -99.000 -99.000 -99.000    19.0    18.7 -9999.0 -9999.0 -9999.0
22016 20160322  2.423 -103.21   29.35    31.4     8.5    19.9    21.4     0.0    23.23 C    47.8     7.6    24.9    42.8     5.8    20.9   0.052   0.087 -99.000 -99.000 -99.000    23.4    21.7 -9999.0 -9999.0 -9999.0
22016 20160323  2.423 -103.21   29.35    31.2    18.4    24.8    25.5     0.0    22.31 C    44.6    16.9    27.4    21.8     5.9    10.6   0.052   0.090 -99.000 -99.000 -99.000    26.3    24.4 -9999.0 -9999.0 -9999.0
22016 20160324  2.423 -103.21   29.35    21.5     8.5    15.0    15.2     0.0    23.94 C    42.8     7.2    21.3    25.6     5.3    14.8   0.048   0.087 -99.000 -99.000 -99.000    23.0    22.9 -9999.0 -9999.0 -9999.0
22016 20160325  2.423 -103.21   29.35    27.5     4.6    16.1    16.6     0.0    23.55 C    45.1     5.0    21.5    40.5     7.3    19.6   0.046   0.085 -99.000 -99.000 -99.000    22.3    22.0 -9999.0 -9999.0 -9999.0
22016 20160326  2.423 -103.21   29.35    29.6     7.8    18.7    19.5     0.0    24.12 C    48.0     7.2    24.2    42.6     4.3    17.9   0.047   0.086 -99.000 -99.000 -99.000    24.0    23.0 -9999.0 -9999.0 -9999.0
22016 20160327  2.423 -103.21   29.35    22.0     8.0    15.0    15.4     0.0    23.96 C    41.4     7.9    21.5    46.1    17.5    30.1   0.045   0.084 -99.000 -99.000 -99.000    22.7    22.7 -9999.0 -9999.0 -9999.0
22016 20160328  2.423 -103.21   29.35    28.9     5.7    17.3    18.0     0.0    23.63 C    47.5     6.2    23.2    69.1    18.2    38.8   0.045   0.083 -99.000 -99.000 -99.000    23.2    22.4 -9999.0 -9999.0 -9999.0
22016 20160329  2.423 -103.21   29.35    32.7     7.9    20.3    22.2     0.0    23.04 C    47.0     7.8    26.0    86.5     1.2    35.4   0.046   0.084 -99.000 -99.000 -99.000    25.1    23.8 -9999.0 -9999.0 -9999.0
22016 20160330  2.423 -103.21   29.35    30.5    20.8    25.6    25.7     0.0    22.66 C    46.1    17.7    28.0    14.8     3.4     7.2   0.047   0.085 -99.000 -99.000 -99.000    27.6    25.9 -9999.0 -9999.0 -9999.0
22016 20160331  2.423 -103.21   29.35    29.4    10.6    20.0    20.8     0.0    24.51 C    47.7    10.3    25.7    32.2     2.6    14.7   0.045   0.084 -99.000 -99.000 -99.000    26.2    25.3 -9999.0 -9999.0 -9999.0
22016 20160401  2.423 -103.21   29.35    20.0     8.2    14.1    14.4     0.0    21.29 C    42.5     8.9    20.2    61.8    19.5    34.8   0.042   0.081 -99.000 -99.000 -99.000    22.6    23.4 -9999.0 -9999.0 -9999.0
22016 20160402  2.423 -103.21   29.35    19.3     4.4    11.8    11.6     0.0    24.47 C    42.5     5.7    19.9    70.0    19.3    43.4   0.041   0.078 -99.000 -99.000 -99.000    21.3    21.6 -9999.0 -9999.0 -9999.0
22016 20160403  2.423 -103.21   29.35    25.2     4.2    14.7    15.5     0.0    25.46 C    47.1     4.2    22.0    56.1     8.3    27.1   0.042   0.078 -99.000 -99.000 -99.000    22.5    22.1 -9999.0 -9999.0 -9999.0
22016 20160404  2.423 -103.21   29.35    29.8     8.0    18.9    20.9     0.0    25.30 C    49.6     7.4    25.6    29.8     6.5    16.0   0.043   0.079 -99.000 -99.000 -99.000    25.1    23.8 -9999.0 -9999.0 -9999.0
22016 20160405  2.423 -103.21   29.35    31.7     9.9    20.8    23.0     0.0    22.89 C    48.9     9.9    26.7    32.7     7.6    17.9   0.043   0.080 -99.000 -99.000 -99.000    26.4    25.0 -9999.0 -9999.0 -9999.0
22016 20160406  2.423 -103.21   29.35    25.7    13.5    19.6    20.3     0.0    22.34 C    45.2    12.8    25.8    35.0     9.3    19.9   0.043   0.080 -99.000 -99.000 -99.000    26.2    25.4 -9999.0 -9999.0 -9999.0
22016 20160407  2.423 -103.21   29.35    28.3    10.6    19.4    20.2     0.0    13.21 C    44.5    10.9    23.5    21.1     7.4    14.8   0.041   0.077 -99.000 -99.000 -99.000    23.7    23.6 -9999.0 -9999.0 -9999.0
22016 20160408  2.423 -103.21   29.35    30.5    17.0    23.7    22.6     0.0    22.36 C    48.6    17.9    28.4    46.1    16.9    33.4   0.043   0.079 -99.000 -99.000 -99.000    27.4    25.6 -9999.0 -9999.0 -9999.0
22016 20160409  2.423 -103.21   29.35    30.6    12.8    21.7    22.1     0.0    25.44 C    53.5    12.8    29.2    72.3    10.4    41.0   0.044   0.079 -99.000 -99.000 -99.000    28.4    26.6 -9999.0 -9999.0 -9999.0
22016 20160410  2.423 -103.21   29.35    32.3    17.1    24.7    25.9     0.0    23.59 C    48.1    16.9    29.3    68.5     8.5    25.5   0.044   0.080 -99.000 -99.000 -99.000    28.9    27.5 -9999.0 -9999.0 -9999.0
22016 20160411  2.423 -103.21   29.35    29.9    13.6    21.8    23.1     0.0    26.34 C    49.5    12.0    27.9    26.1     4.4    13.1   0.044   0.079 -99.000 -99.000 -99.000    28.6    27.5 -9999.0 -9999.0 -9999.0
22016 20160412  2.423 -103.21   29.35    24.0    12.6    18.3    17.6     0.0    22.72 C    46.3    14.1    25.0    76.2    20.5    53.5   0.041   0.077 -99.000 -99.000 -99.000    26.0    25.9 -9999.0 -9999.0 -9999.0
22016 20160413  2.423 -103.21   29.35    27.7     7.8    17.7    18.1     0.0    26.19 C    49.7     8.4    25.6    86.5     8.6    41.6   0.042   0.076 -99.000 -99.000 -99.000    26.1    25.5 -9999.0 -9999.0 -9999.0
22016 20160414  2.423 -103.21   29.35    30.6    10.1    20.3    21.7     0.0    26.05 C    51.2    10.3    28.0    53.8    11.3    31.8   0.042   0.076 -99.000 -99.000 -99.000    27.6    26.3 -9999.0 -9999.0 -9999.0
22016 20160415  2.423 -103.21   29.35    34.7    17.9    26.3    25.8     0.0    25.87 C    53.2    16.6    30.8    58.9     2.2    33.3   0.043   0.077 -99.000 -99.000 -99.000    30.0    28.1 -9999.0 -9999.0 -9999.0
22016 20160416  2.423 -103.21   29.35    32.8    17.2    25.0    26.0     0.0    26.91 C    52.3    16.1    30.6    57.0     3.0    14.4   0.044   0.078 -99.000 -99.000 -99.000    30.5    28.9 -9999.0 -9999.0 -9999.0
22016 20160417  2.423 -103.21   29.35    27.9    14.0    20.9    22.0     0.0    26.20 C    51.9    14.1    29.8    62.2    10.0    19.7   0.042   0.077 -99.000 -99.000 -99.000    29.8    28.6 -9999.0 -9999.0 -9999.0
22016 20160418  2.423 -103.21   29.35    21.0    13.8    17.4    16.7     0.0    14.94 C    41.4    15.6    22.8    85.4    50.1    71.5   0.038   0.073 -99.000 -99.000 -99.000    24.7    25.8 -9999.0 -9999.0 -9999.0
22016 20160419  2.423 -103.21   29.35    31.1    14.0    22.6    20.8     0.0    22.61 C    51.8    17.3    29.3    90.7    18.9    62.5   0.043   0.074 -99.000 -99.000 -99.000    28.0    26.5 -9999.0 -9999.0 -9999.0
22016 20160420  2.423 -103.21   29.35    31.7    11.9    21.8    22.2     0.0    25.99 C    54.1    12.8    30.0    93.8     7.0    52.4   0.044   0.075 -99.000 -99.000 -99.000    29.3    27.8 -9999.0 -9999.0 -9999.0
22016 20160421  2.423 -103.21   29.35    31.6    12.2    21.9    22.8     0.0    24.84 C    55.3    12.9    30.0    75.8    15.6    45.0   0.043   0.076 -99.000 -99.000 -99.000    29.6    28.4 -9999.0 -9999.0 -9999.0
22016 20160422  2.423 -103.21   29.35    28.4    14.2    21.3    21.6     0.0    17.92 C    52.9    14.6    27.6    79.4    25.5    48.4   0.042   0.075 -99.000 -99.000 -99.000    28.3    27.9 -9999.0 -9999.0 -9999.0
22016 20160423  2.423 -103.21   29.35    25.9    17.0    21.4    21.0     0.0    10.41 C    39.2    17.3    24.2    56.8    27.4    41.3   0.040   0.072 -99.000 -99.000 -99.000    25.3    26.0 -9999.0 -9999.0 -9999.0
22016 20160424  2.423 -103.21   29.35    33.4    12.6    23.0    23.8     0.0    26.82 C    54.4    12.9    30.4    72.2     6.4    31.1   0.044   0.074 -99.000 -99.000 -99.000    29.3    27.5 -9999.0 -9999.0 -9999.0
22016 20160425  2.423 -103.21   29.35    33.9    18.0    25.9    27.2     0.0    27.54 C    55.6    15.2    31.7    35.4     2.7     9.7   0.043   0.075 -99.000 -99.000 -99.000    30.7    28.9 -9999.0 -9999.0 -9999.0
22016 20160426  2.423 -103.21   29.35    33.5    18.5    26.0    27.8     0.0    27.13 C    51.6    16.7    31.4    14.0     2.2     6.0   0.042   0.076 -99.000 -99.000 -99.000    31.3    29.8 -9999.0 -9999.0 -9999.0
22016 20160427  2.423 -103.21   29.35    31.4    13.2    22.3    23.7     0.0    27.99 C    53.0    11.6    29.5    14.5     3.2     6.8   0.039   0.074 -99.000 -99.000 -99.000    29.8    28.9 -9999.0 -9999.0 -9999.0
22016 20160428  2.423 -103.21   29.35    34.5    17.1    25.8    27.0     0.0    27.85 C    57.0    15.4    32.4    41.6     1.8    12.0   0.040   0.074 -99.000 -99.000 -99.000    31.7    29.9 -9999.0 -9999.0 -9999.0
22016 20160429  2.423 -103.21   29.35    31.6    15.3    23.5    25.3     0.0    27.88 C    53.3    13.7    31.1    35.5     6.3    12.9   0.039   0.074 -99.000 -99.000 -99.000    31.5    30.3 -9999.0 -9999.0 -9999.0
22016 20160430  2.423 -103.21   29.35    30.5    13.9    22.2    23.1     0.0    28.25 C    53.8    11.8    29.5    16.9     3.7     8.6   0.038   0.073 -99.000 -99.000 -99.000    29.9    29.2 -9999.0 -9999.0 -9999.0
22016 20160501  2.423 -103.21   29.35    29.0    11.6    20.3    21.0     0.0    26.99 C    52.7    15.1    28.5    64.7    11.9    31.8   0.037   0.072 -99.000 -99.000 -99.000    29.6    29.2 -9999.0 -9999.0 -9999.0
22016 20160502  2.423 -103.21   29.35    20.4    10.6    15.5    14.2     0.0    19.02 C    43.9    13.0    22.1    70.0    33.5    53.2   0.034   0.068 -99.000 -99.000 -99.000    24.1    25.5 -9999.0 -9999.0 -9999.0
22016 20160503  2.423 -103.21   29.35    29.0     8.3    18.6    19.0     0.0    27.42 C    52.7     8.9    27.8    67.2    17.0    40.3   0.038   0.068 -99.000 -99.000 -99.000    27.3    26.3 -9999.0 -9999.0 -9999.0
22016 20160504  2.423 -103.21   29.35    29.2    12.3    20.7    21.5     0.0    27.48 C    54.2    12.2    29.5    69.9     9.0    33.5   0.039   0.070 -99.000 -99.000 -99.000    29.2    28.0 -9999.0 -9999.0 -9999.0
22016 20160505  2.423 -103.21   29.35    31.9    12.5    22.2    23.6     0.0    25.41 C    54.6    12.7    30.0    33.6     6.8    18.5   0.039   0.070 -99.000 -99.000 -99.000    29.6    28.4 -9999.0 -9999.0 -9999.0
22016 20160506  2.423 -103.21   29.35    35.1    20.4    27.8    27.4     0.0    26.78 C    53.7    18.3    32.5    24.9     9.3    17.2   0.039   0.071 -99.000 -99.000 -99.000    31.6    29.9 -9999.0 -9999.0 -9999.0
22016 20160507  2.423 -103.21   29.35    35.7    21.0    28.3    27.8     0.0    14.20 C    50.5    19.4    30.1    29.6     8.7    20.4   0.038   0.070 -99.000 -99.000 -99.000    30.0    29.3 -9999.0 -9999.0 -9999.0
22016 20160508  2.423 -103.21   29.35    33.2    24.5    28.9    28.7     1.3    19.31 C    53.4    20.4    30.8    34.5     9.6    19.5   0.040   0.070 -99.000 -99.000 -99.000    30.7    29.9 -9999.0 -9999.0 -9999.0
22016 20160509  2.423 -103.21   29.35    31.7    16.2    24.0    24.3     0.0    28.75 C    53.1    13.7    30.0    16.6     5.8     9.8   0.042   0.069 -99.000 -99.000 -99.000    30.0    29.0 -9999.0 -9999.0 -9999.0
22016 20160510  2.423 -103.21   29.35    35.2    16.0    25.6    25.9     0.0    28.35 C    58.8    14.2    32.7    19.0     3.6     9.9   0.041   0.071 -99.000 -99.000 -99.000    31.7    30.0 -9999.0 -9999.0 -9999.0
22016 20160511  2.423 -103.21   29.35    35.6    15.3    25.4    26.2     0.0    24.41 C    59.8    15.3    33.1    55.7     8.9    27.7   0.040   0.071 -99.000 -99.000 -99.000    32.3    30.7 -9999.0 -9999.0 -9999.0
22016 20160512  2.423 -103.21   29.35    31.3    17.0    24.1    23.9     0.0    21.71 C    52.7    18.1    31.3    81.5    38.5    63.0   0.040   0.070 -99.000 -99.000 -99.000    31.7    30.8 -9999.0 -9999.0 -9999.0
22016 20160513  2.423 -103.21   29.35    32.3    17.5    24.9    23.0     1.7    19.38 C    55.7    18.1    28.6    91.7    24.5    62.1   0.040   0.069 -99.000 -99.000 -99.000    29.5    29.6 -9999.0 -9999.0 -9999.0
22016 20160514  2.423 -103.21   29.35    30.4    16.0    23.2    23.0     0.2    20.80 C    51.5    16.7    29.5    91.1    27.7    56.8   0.045   0.068 -99.000 -99.000 -99.000    28.9    28.5 -9999.0 -9999.0 -9999.0
22016 20160515  2.423 -103.21   29.35    28.8    15.0    21.9    20.4     5.0    20.67 C    44.7    15.9    25.6    91.2    30.2    68.2   0.062   0.068 -99.000 -99.000 -99.000    27.1    27.9 -9999.0 -9999.0 -9999.0
22016 20160516  2.423 -103.21   29.35    33.3    12.1    22.7    22.7     6.0    27.27 C    53.2    12.5    28.5    92.4    10.1    51.9   0.076   0.069 -99.000 -99.000 -99.000    27.9    27.7 -9999.0 -9999.0 -9999.0
22016 20160517  2.423 -103.21   29.35    32.0    18.3    25.2    24.8     0.0    20.72 C    48.2    16.3    27.5    72.2    15.8    44.0   0.098   0.072 -99.000 -99.000 -99.000    27.7    27.7 -9999.0 -9999.0 -9999.0
22016 20160518  2.423 -103.21   29.35    21.6    13.7    17.7    16.4     0.0    15.92 C    39.8    17.4    23.2    89.9    55.1    77.8   0.089   0.071 -99.000 -99.000 -99.000    23.9    25.3 -9999.0 -9999.0 -9999.0
22016 20160519  2.423 -103.21   29.35    25.5    13.8    19.6    18.5     0.0    23.03 C    49.1    17.1    27.1    89.7    44.6    69.9   0.089   0.073 -99.000 -99.000 -99.000    26.3    26.0 -9999.0 -9999.0 -9999.0
22016 20160520  2.423 -103.21   29.35    31.7    12.3    22.0    22.7     0.0    27.71 C    52.8    13.7    30.9    93.3    25.4    59.8   0.088   0.078 -99.000 -99.000 -99.000    29.4    28.1 -9999.0 -9999.0 -9999.0
22016 20160521  2.423 -103.21   29.35    34.5    18.3    26.4    26.1     0.0    24.79 C    52.2    20.1    32.6    91.0    16.9    52.5   0.082   0.082 -99.000 -99.000 -99.000    31.4    30.1 -9999.0 -9999.0 -9999.0
22016 20160522  2.423 -103.21   29.35    35.0    22.9    28.9    28.1     0.0    22.37 C    58.9    21.9    34.2    77.9     8.9    40.8   0.074   0.086 -99.000 -99.000 -99.000    32.9    31.3 -9999.0 -9999.0 -9999.0
22016 20160523  2.423 -103.21   29.35    38.4    20.7    29.5    28.9     0.0    28.43 C    57.9    20.7    35.7    90.6     3.6    42.7   0.068   0.088 -99.000 -99.000 -99.000    34.1    32.2 -9999.0 -9999.0 -9999.0
22016 20160524  2.423 -103.21   29.35    36.8    18.8    27.8    28.6     0.0    22.94 C    55.1    19.8    34.4    73.8     4.1    30.1   0.062   0.088 -99.000 -99.000 -99.000    33.5    32.2 -9999.0 -9999.0 -9999.0
22016 20160525  2.423 -103.21   29.35    35.5    24.8    30.1    30.8     0.0    15.09 C    51.3    24.3    34.1    43.1     9.8    19.9   0.058   0.088 -99.000 -99.000 -99.000    33.5    32.3 -9999.0 -9999.0 -9999.0
22016 20160526  2.423 -103.21   29.35    35.7    20.8    28.2    29.5     3.8    20.92 C    55.2    19.5    31.4    57.3    13.5    23.0   0.055   0.086 -99.000 -99.000 -99.000    31.6    31.4 -9999.0 -9999.0 -9999.0
22016 20160527  2.423 -103.21   29.35    32.8    18.5    25.6    25.8     0.0    29.97 C    53.7    15.1    30.8    32.2     2.4     9.3   0.064   0.083 -99.000 -99.000 -99.000    30.5    29.9 -9999.0 -9999.0 -9999.0
22016 20160528  2.423 -103.21   29.35    35.5    14.5    25.0    26.3     0.0    27.83 C    56.3    14.0    32.6    48.0     6.8    23.1   0.062   0.084 -99.000 -99.000 -99.000    31.3    30.4 -9999.0 -9999.0 -9999.0
22016 20160529  2.423 -103.21   29.35    30.4    20.7    25.6    25.2     0.0    20.69 C    51.0    20.8    31.1    77.1    32.0    53.2   0.057   0.085 -99.000 -99.000 -99.000    31.3    30.9 -9999.0 -9999.0 -9999.0
22016 20160530  2.423 -103.21   29.35    33.0    18.2    25.6    22.9     9.9    15.97 C    54.6    18.0    26.9    81.7    24.8    57.4   0.069   0.082 -99.000 -99.000 -99.000    27.7    28.7 -9999.0 -9999.0 -9999.0
22016 20160531  2.423 -103.21   29.35    26.5    17.2    21.8    20.2     7.0    16.27 C    41.0    16.5    22.5    89.9    41.9    70.1   0.142   0.083 -99.000 -99.000 -99.000    23.7    25.4 -9999.0 -9999.0 -9999.0
22016 20160601  2.423 -103.21   29.35    29.8    15.6    22.7    21.6     2.3    22.40 C    44.2    14.5    25.5    91.6    30.7    58.0   0.154   0.105 -99.000 -99.000 -99.000    25.5    25.6 -9999.0 -9999.0 -9999.0
22016 20160602  2.423 -103.21   29.35    27.4    14.5    20.9    20.6     0.4    21.53 C    47.9    14.3    25.8    83.0    30.2    55.8   0.131   0.105 -99.000 -99.000 -99.000    26.1    26.2 -9999.0 -9999.0 -9999.0
22016 20160603  2.423 -103.21   29.35    31.5    15.4    23.5    23.9     0.0    28.49 C    50.5    14.6    30.2    74.3    19.7    43.8   0.122   0.107 -99.000 -99.000 -99.000    28.7    27.8 -9999.0 -9999.0 -9999.0
22016 20160604  2.423 -103.21   29.35    31.0    16.6    23.8    24.4     0.0    27.42 C    51.4    17.2    31.7    81.5    25.2    47.5   0.116   0.109 -99.000 -99.000 -99.000    30.5    29.6 -9999.0 -9999.0 -9999.0
22016 20160605  2.423 -103.21   29.35    30.6    17.8    24.2    25.0     0.0    28.56 C    53.9    18.5    33.2    70.8    20.7    38.5   0.110   0.109 -99.000 -99.000 -99.000    31.9    30.9 -9999.0 -9999.0 -9999.0
22016 20160606  2.423 -103.21   29.35    32.6    15.3    24.0    24.7     0.0    27.42 C    54.9    16.6    32.8    64.7    12.3    31.9   0.100   0.109 -99.000 -99.000 -99.000    31.7    31.1 -9999.0 -9999.0 -9999.0
22016 20160607  2.423 -103.21   29.35    33.7    16.8    25.3    25.6     0.0    29.36 C    56.3    17.1    33.8    46.0     5.0    25.6   0.090   0.109 -99.000 -99.000 -99.000    32.5    31.6 -9999.0 -9999.0 -9999.0
22016 20160608  2.423 -103.21   29.35    35.5    17.0    26.2    27.0     0.0    28.40 C    57.3    18.1    35.0    57.7     7.1    31.9   0.082   0.109 -99.000 -99.000 -99.000    33.5    32.3 -9999.0 -9999.0 -9999.0
22016 20160609  2.423 -103.21   29.35    36.0    18.2    27.1    28.1     0.0    26.04 C    58.6    19.7    35.5    65.4    17.3    38.2   0.076   0.109 -99.000 -99.000 -99.000    34.4    33.1 -9999.0 -9999.0 -9999.0
22016 20160610  2.423 -103.21   29.35    36.2    20.9    28.6    28.5     0.0    20.58 C    58.8    21.7    34.8    63.0    19.8    41.6   0.071   0.108 -99.000 -99.000 -99.000    34.4    33.4 -9999.0 -9999.0 -9999.0
22016 20160611  2.423 -103.21   29.35    34.9    21.8    28.4    27.8     0.0    19.48 C    57.0    22.6    34.1    67.8    21.7    43.6   0.068   0.107 -99.000 -99.000 -99.000    33.8    33.0 -9999.0 -9999.0 -9999.0
22016 20160612  2.423 -103.21   29.35    37.0    23.2    30.1    28.7     0.0    23.75 C    59.6    24.1    36.0    66.6    20.9    40.2   0.066   0.107 -99.000 -99.000 -99.000    34.9    33.4 -9999.0 -9999.0 -9999.0
22016 20160613  2.423 -103.21   29.35    37.7    21.9    29.8    30.6     0.3    24.35 C    61.2    23.1    37.5    68.4    18.0    37.8   0.064   0.106 -99.000 -99.000 -99.000    35.6    34.0 -9999.0 -9999.0 -9999.0
22016 20160614  2.423 -103.21   29.35    38.3    24.4    31.4    31.0     1.9    25.25 C    63.4    22.9    39.0    63.1    16.0    35.3   0.063   0.106 -99.000 -99.000 -99.000    37.4    35.4 -9999.0 -9999.0 -9999.0
22016 20160615  2.423 -103.21   29.35    38.0    23.1    30.6    30.3     0.0    18.48 C    56.2    22.4    34.0    69.9    14.0    37.8   0.064   0.102 -99.000 -99.000 -99.000    33.3    33.1 -9999.0 -9999.0 -9999.0
22016 20160616  2.423 -103.21   29.35    38.0    23.8    30.9    29.4     0.0    21.47 C    60.3    25.3    36.8    58.6    19.2    40.1   0.065   0.103 -99.000 -99.000 -99.000    35.5    34.1 -9999.0 -9999.0 -9999.0
22016 20160617  2.423 -103.21   29.35    40.3    21.4    30.9    31.6     0.0    28.74 C    65.2    22.3    40.1    65.1     8.2    33.4   0.062   0.103 -99.000 -99.000 -99.000    37.6    35.5 -9999.0 -9999.0 -9999.0
22016 20160618  2.423 -103.21   29.35    39.7    22.2    30.9    31.7     0.0    28.15 C    62.2    22.4    39.0    48.4     6.5    25.1   0.058   0.102 -99.000 -99.000 -99.000    37.8    36.1 -9999.0 -9999.0 -9999.0
22016 20160619  2.423 -103.21   29.35    35.9    20.0    28.0    27.1     8.1    19.62 C    61.3    19.7    32.3    84.6    15.1    42.2   0.068   0.099 -99.000 -99.000 -99.000    33.6    34.3 -9999.0 -9999.0 -9999.0
22016 20160620  2.423 -103.21   29.35    32.8    18.4    25.6    26.2     0.0    26.08 C    52.9    17.7    31.3    77.5    25.2    48.2   0.105   0.094 -99.000 -99.000 -99.000    31.2    31.2 -9999.0 -9999.0 -9999.0
22016 20160621  2.423 -103.21   29.35    34.9    21.1    28.0    28.1     0.0    27.72 C    54.9    20.9    35.0    72.3    20.7    42.5   0.104   0.097 -99.000 -99.000 -99.000    34.0    33.0 -9999.0 -9999.0 -9999.0
22016 20160622  2.423 -103.21   29.35    37.8    21.6    29.7    30.3     0.0    28.34 C    58.8    21.9    37.9    55.6    14.4    32.8   0.099   0.101 -99.000 -99.000 -99.000    36.0    34.6 -9999.0 -9999.0 -9999.0
22016 20160623  2.423 -103.21   29.35    38.4    21.1    29.7    30.7     0.0    28.29 C    60.5    22.1    38.2    51.2    14.8    27.6   0.087   0.102 -99.000 -99.000 -99.000    36.7    35.4 -9999.0 -9999.0 -9999.0
22016 20160624  2.423 -103.21   29.35    36.0    21.0    28.5    29.1     0.0    28.96 C    59.5    21.0    37.5    44.1    12.9    29.6   0.074   0.102 -99.000 -99.000 -99.000    36.5    35.4 -9999.0 -9999.0 -9999.0
22016 20160625  2.423 -103.21   29.35    34.7    23.4    29.1    28.0     0.0    18.11 C    55.7    23.6    32.8    55.7    22.9    38.3   0.067   0.100 -99.000 -99.000 -99.000    34.0    34.1 -9999.0 -9999.0 -9999.0
22016 20160626  2.423 -103.21   29.35    35.1    18.2    26.6    25.4    27.3    23.71 C    60.6    20.7    32.6    92.2    25.9    60.5   0.092   0.097 -99.000 -99.000 -99.000    32.3    32.5 -9999.0 -9999.0 -9999.0
22016 20160627  2.423 -103.21   29.35    29.9    19.7    24.8    23.5     0.4    17.84 C    41.0    20.6    26.8    91.3    49.3    76.2   0.143   0.101 -99.000 -99.000 -99.000    28.5    29.4 -9999.0 -9999.0 -9999.0
22016 20160628  2.423 -103.21   29.35    32.9    21.4    27.1    26.3     0.0    22.12 C    50.6    22.4    31.1    86.9    29.2    56.7   0.131   0.107 -99.000 -99.000 -99.000    31.1    30.5 -9999.0 -9999.0 -9999.0
22016 20160629  2.423 -103.21   29.35    33.3    19.4    26.3    25.2     4.7    21.75 C    56.5    20.5    29.7    83.8    29.3    58.2   0.125   0.107 -99.000 -99.000 -99.000    30.3    30.8 -9999.0 -9999.0 -9999.0
22016 20160630  2.423 -103.21   29.35    34.6    19.6    27.1    27.7     0.0    26.64 C    51.3    19.3    32.1    79.9    19.3    44.2   0.129   0.109 -99.000 -99.000 -99.000    31.2    30.5 -9999.0 -9999.0 -9999.0
22016 20160701  2.423 -103.21   29.35    35.3    21.4    28.3    29.0     0.2    22.90 C    52.2    22.1    34.3    69.0    21.1    39.4   0.121   0.112 -99.000 -99.000 -99.000    33.5    32.6 -9999.0 -9999.0 -9999.0
22016 20160702  2.423 -103.21   29.35    34.4    23.0    28.7    28.3     0.0    23.24 C    52.0    24.2    34.3    72.4    26.8    47.5   0.113   0.113 -99.000 -99.000 -99.000    33.6    32.9 -9999.0 -9999.0 -9999.0
22016 20160703  2.423 -103.21   29.35    37.6    22.2    29.9    30.4     0.0    26.37 C    59.0    23.9    37.9    66.5    17.7    37.6   0.106   0.114 -99.000 -99.000 -99.000    36.0    34.7 -9999.0 -9999.0 -9999.0
22016 20160704  2.423 -103.21   29.35    39.3    23.2    31.2    32.8     0.0    26.55 C    65.3    24.1    39.4    55.3    11.5    28.4   0.093   0.116 -99.000 -99.000 -99.000    37.6    36.1 -9999.0 -9999.0 -9999.0
22016 20160705  2.423 -103.21   29.35    39.3    25.8    32.6    33.8     0.0    27.71 C    61.1    26.3    40.7    50.0    12.5    25.9   0.083   0.116 -99.000 -99.000 -99.000    38.8    37.0 -9999.0 -9999.0 -9999.0
22016 20160706  2.423 -103.21   29.35    39.4    24.1    31.7    32.6     0.0    24.50 C    62.7    24.9    39.6    38.0    13.2    25.3   0.074   0.114 -99.000 -99.000 -99.000    38.6    37.1 -9999.0 -9999.0 -9999.0
22016 20160707  2.423 -103.21   29.35    39.5    24.4    31.9    32.4     0.0    22.08 C    63.8    25.4    38.8    49.9    13.2    30.2   0.069   0.113 -99.000 -99.000 -99.000    38.0    36.8 -9999.0 -9999.0 -9999.0
22016 20160708  2.423 -103.21   29.35    38.0    23.9    31.0    30.7     0.0    22.77 C    60.1    25.5    37.7    50.8    15.2    34.3   0.065   0.110 -99.000 -99.000 -99.000    37.3    36.2 -9999.0 -9999.0 -9999.0
22016 20160709  2.423 -103.21   29.35    35.4    22.5    28.9    28.5     0.3    14.09 C    59.9    23.8    33.1    78.1    22.4    44.5   0.062   0.106 -99.000 -99.000 -99.000    34.3    34.6 -9999.0 -9999.0 -9999.0
22016 20160710  2.423 -103.21   29.35    36.8    19.3    28.0    29.1     0.0    27.49 C    58.4    20.2    36.6    66.6    15.3    39.1   0.062   0.104 -99.000 -99.000 -99.000    35.4    34.3 -9999.0 -9999.0 -9999.0
22016 20160711  2.423 -103.21   29.35    39.6    23.5    31.6    32.3     0.0    27.70 C    61.3    24.0    40.0    51.7    11.5    29.1   0.062   0.105 -99.000 -99.000 -99.000    38.1    36.2 -9999.0 -9999.0 -9999.0
22016 20160712  2.423 -103.21   29.35    40.3    26.8    33.5    33.4     0.0    25.76 C    64.3    26.9    40.5    41.2    13.5    26.6   0.060   0.104 -99.000 -99.000 -99.000    39.1    37.2 -9999.0 -9999.0 -9999.0
22016 20160713  2.423 -103.21   29.35    39.1    22.8    30.9    32.1     0.0    27.44 C    59.7    23.7    39.3    49.1    12.1    29.0   0.057   0.102 -99.000 -99.000 -99.000    38.5    37.0 -9999.0 -9999.0 -9999.0
22016 20160714  2.423 -103.21   29.35    40.0    26.5    33.2    33.1     0.0    25.59 C    62.1    25.5    40.2    44.8    12.3    26.6   0.056   0.100 -99.000 -99.000 -99.000    39.3    37.5 -9999.0 -9999.0 -9999.0
22016 20160715  2.423 -103.21   29.35    38.0    24.5    31.3    30.9     1.4    22.30 C    62.4    24.5    36.5    53.8    17.9    29.6   0.053   0.097 -99.000 -99.000 -99.000    37.1    36.7 -9999.0 -9999.0 -9999.0
22016 20160716  2.423 -103.21   29.35    37.6    21.1    29.3    30.3     0.0    27.69 C    59.3    21.2    37.2    52.6    10.3    26.4   0.055   0.094 -99.000 -99.000 -99.000    36.1    35.2 -9999.0 -9999.0 -9999.0
22016 20160717  2.423 -103.21   29.35    37.9    23.8    30.8    31.2     0.0    28.19 C    60.1    23.4    38.6    52.8    12.7    27.3   0.054   0.094 -99.000 -99.000 -99.000    37.8    36.3 -9999.0 -9999.0 -9999.0
22016 20160718  2.423 -103.21   29.35    37.1    25.2    31.1    30.8     0.0    26.26 C    59.8    24.6    38.0    45.0    15.0    30.6   0.052   0.093 -99.000 -99.000 -99.000    37.8    36.5 -9999.0 -9999.0 -9999.0
22016 20160719  2.423 -103.21   29.35    37.0    24.3    30.6    30.2     0.0    24.92 C    60.0    23.8    37.5    49.3    16.5    31.8   0.051   0.091 -99.000 -99.000 -99.000    37.5    36.3 -9999.0 -9999.0 -9999.0
22016 20160720  2.423 -103.21   29.35    35.3    22.6    28.9    29.4     0.0    23.93 C    59.4    23.2    36.6    63.8    24.2    38.5   0.051   0.090 -99.000 -99.000 -99.000    36.7    36.0 -9999.0 -9999.0 -9999.0
22016 20160721  2.423 -103.21   29.35    37.0    23.2    30.1    30.1     0.0    27.41 C    58.0    22.8    37.5    50.8    17.0    31.4   0.051   0.089 -99.000 -99.000 -99.000    37.2    35.9 -9999.0 -9999.0 -9999.0
22016 20160722  2.423 -103.21   29.35    37.1    23.2    30.2    30.5     0.0    27.78 C    59.3    22.7    38.2    43.4    15.8    28.0   0.050   0.088 -99.000 -99.000 -99.000    37.7    36.3 -9999.0 -9999.0 -9999.0
22016 20160723  2.423 -103.21   29.35    37.6    23.1    30.3    31.4     0.0    27.65 C    59.5    23.5    38.8    48.1    13.4    28.2   0.050   0.087 -99.000 -99.000 -99.000    38.1    36.7 -9999.0 -9999.0 -9999.0
22016 20160724  2.423 -103.21   29.35    39.6    24.4    32.0    32.4     0.0    25.72 C    62.9    24.9    39.2    44.7    12.1    28.6   0.049   0.087 -99.000 -99.000 -99.000    38.7    37.2 -9999.0 -9999.0 -9999.0
22016 20160725  2.423 -103.21   29.35    38.1    26.3    32.2    31.6     0.0    25.90 C    62.6    26.4    39.6    44.4    17.9    31.5   0.049   0.086 -99.000 -99.000 -99.000    39.0    37.5 -9999.0 -9999.0 -9999.0
22016 20160726  2.423 -103.21   29.35    36.4    23.9    30.1    29.4     0.0    20.68 C    59.8    24.5    36.6    61.5    21.5    39.4   0.047   0.084 -99.000 -99.000 -99.000    37.1    36.5 -9999.0 -9999.0 -9999.0
22016 20160727  2.423 -103.21   29.35    34.3    19.9    27.1    27.4     0.0    27.00 C    58.7    21.7    37.1    83.1    25.6    51.2   0.048   0.082 -99.000 -99.000 -99.000    36.7    35.8 -9999.0 -9999.0 -9999.0
22016 20160728  2.423 -103.21   29.35    32.3    20.5    26.4    26.6     0.0    19.90 C    60.3    21.9    34.1    73.0    33.0    51.9   0.046   0.081 -99.000 -99.000 -99.000    35.1    35.1 -9999.0 -9999.0 -9999.0
22016 20160729  2.423 -103.21   29.35    31.4    20.0    25.7    24.8     0.6    15.46 C    51.3    21.3    29.5    77.4    35.7    58.7   0.045   0.078 -99.000 -99.000 -99.000    31.7    33.0 -9999.0 -9999.0 -9999.0
22016 20160730  2.423 -103.21   29.35    32.8    19.5    26.2    26.3     0.0    15.87 C    53.2    20.2    31.3    79.2    29.8    51.7   0.047   0.077 -99.000 -99.000 -99.000    31.6    31.7 -9999.0 -9999.0 -9999.0
22016 20160731  2.423 -103.21   29.35    34.8    23.5    29.2    28.1     0.0    18.83 C    53.1    22.8    33.1    59.0    21.5    43.1   0.048   0.078 -99.000 -99.000 -99.000    33.2    32.8 -9999.0 -9999.0 -9999.0
22016 20160801  2.423 -103.21   29.35    36.4    23.4    29.9    29.8     0.0    25.38 C    59.2    22.9    37.2    60.1    18.1    37.7   0.049   0.079 -99.000 -99.000 -99.000    36.0    34.3 -9999.0 -9999.0 -9999.0
22016 20160802  2.423 -103.21   29.35    37.2    24.6    30.9    30.9     0.0    23.68 C    60.0    24.4    37.7    48.0    19.8    32.4   0.048   0.080 -99.000 -99.000 -99.000    37.2    35.6 -9999.0 -9999.0 -9999.0
22016 20160803  2.423 -103.21   29.35    37.4    24.2    30.8    31.2     0.0    26.93 C    58.3    24.1    38.6    47.1    14.2    32.1   0.048   0.080 -99.000 -99.000 -99.000    37.8    36.1 -9999.0 -9999.0 -9999.0
22016 20160804  2.423 -103.21   29.35    37.9    23.1    30.5    31.3     0.0    26.83 C    58.8    23.9    38.6    48.8    13.5    30.8   0.047   0.080 -99.000 -99.000 -99.000    38.1    36.6 -9999.0 -9999.0 -9999.0
22016 20160805  2.423 -103.21   29.35    37.8    22.7    30.3    31.0     0.0    26.85 C    59.3    23.2    38.3    46.8    12.3    30.4   0.047   0.079 -99.000 -99.000 -99.000    38.1    36.7 -9999.0 -9999.0 -9999.0
22016 20160806  2.423 -103.21   29.35    37.0    24.9    30.9    30.9     0.0    26.48 C    60.2    24.1    38.1    49.2    17.0    32.5   0.046   0.078 -99.000 -99.000 -99.000    38.1    36.7 -9999.0 -9999.0 -9999.0
22016 20160807  2.423 -103.21   29.35    37.5    24.5    31.0    31.3     0.0    25.89 C    59.6    24.4    38.4    52.1    16.3    33.4   0.046   0.078 -99.000 -99.000 -99.000    38.4    37.0 -9999.0 -9999.0 -9999.0
22016 20160808  2.423 -103.21   29.35    37.0    25.6    31.3    31.4     0.0    23.06 C    61.2    25.2    38.2    48.8    19.4    33.7   0.046   0.078 -99.000 -99.000 -99.000    38.1    37.0 -9999.0 -9999.0 -9999.0
22016 20160809  2.423 -103.21   29.35    37.0    21.1    29.0    27.4     7.0    15.67 C    61.5    24.4    32.4    91.3    24.1    56.2   0.062   0.075 -99.000 -99.000 -99.000    33.8    35.0 -9999.0 -9999.0 -9999.0
22016 20160810  2.423 -103.21   29.35    35.5    21.5    28.5    25.9     9.5    21.23 C    54.7    21.8    31.8    92.5    26.8    66.9   0.118   0.075 -99.000 -99.000 -99.000    31.9    32.6 -9999.0 -9999.0 -9999.0
22016 20160811  2.423 -103.21   29.35    32.9    20.9    26.9    26.7     0.0    19.52 C    46.0    21.7    30.5    92.1    38.7    61.1   0.148   0.090 -99.000 -99.000 -99.000    30.5    31.2 -9999.0 -9999.0 -9999.0
22016 20160812  2.423 -103.21   29.35    35.8    20.7    28.2    27.4     0.2    18.94 C    53.8    21.3    32.2    83.9    27.4    54.4   0.129   0.100 -99.000 -99.000 -99.000    32.0    32.0 -9999.0 -9999.0 -9999.0
22016 20160813  2.423 -103.21   29.35    29.5    17.9    23.7    22.5    43.4    11.62 C    38.6    20.2    25.3    92.2    41.3    74.2   0.171   0.120 -99.000 -99.000 -99.000    26.8    28.6 -9999.0 -9999.0 -9999.0
22016 20160814  2.423 -103.21   29.35    25.4    19.2    22.3    22.3     0.6     5.87 C    27.5    20.5    22.8    88.0    50.3    68.4   0.168   0.159 -99.000 -99.000 -99.000    23.5    25.0 -9999.0 -9999.0 -9999.0
22016 20160815  2.423 -103.21   29.35    30.4    19.2    24.8    24.6     0.0    25.84 C    44.8    18.5    28.1    78.5    24.6    45.6   0.155   0.162 -99.000 -99.000 -99.000    27.9    27.3 -9999.0 -9999.0 -9999.0
22016 20160816  2.423 -103.21   29.35    31.1    18.0    24.5    24.6     0.0    26.63 C    47.1    18.5    30.3    90.3    21.7    53.3   0.140   0.158 -99.000 -99.000 -99.000    30.1    29.5 -9999.0 -9999.0 -9999.0
22016 20160817  2.423 -103.21   29.35    30.7    19.2    24.9    23.4     6.0    15.49 C    50.7    20.4    28.0    92.0    42.2    72.9   0.135   0.150 -99.000 -99.000 -99.000    28.6    29.1 -9999.0 -9999.0 -9999.0
22016 20160818  2.423 -103.21   29.35    27.5    20.3    23.9    22.0    10.8     8.29 C    36.4    21.8    24.3    95.6    59.0    86.6   0.164   0.157 -99.000 -99.000 -99.000    25.2    26.3 -9999.0 -9999.0 -9999.0
22016 20160819  2.423 -103.21   29.35    21.6    18.6    20.1    20.3    19.8     3.80 C    24.4    19.0    22.1    95.7    85.3    93.1   0.211   0.219 -99.000 -99.000 -99.000    22.9    24.1 -9999.0 -9999.0 -9999.0
22016 20160820  2.423 -103.21   29.35    29.9    17.0    23.5    22.6     0.0    20.57 C    38.6    17.4    25.1    95.0    52.1    78.8   0.197   0.229 -99.000 -99.000 -99.000    25.2    25.0 -9999.0 -9999.0 -9999.0
22016 20160821  2.423 -103.21   29.35    28.1    19.9    24.0    23.1     0.0    16.21 C    35.1    20.2    25.0    90.2    44.8    71.5   0.175   0.211 -99.000 -99.000 -99.000    25.4    25.6 -9999.0 -9999.0 -9999.0
22016 20160822  2.423 -103.21   29.35    27.7    18.5    23.1    22.3    12.2    12.72 C    41.3    18.9    24.5    94.2    52.3    79.1   0.178   0.206 -99.000 -99.000 -99.000    24.9    25.3 -9999.0 -9999.0 -9999.0
22016 20160823  2.423 -103.21   29.35    32.7    21.3    27.0    26.8     0.0    24.31 C    39.8    20.1    27.9    79.6    29.0    56.6   0.186   0.215 -99.000 -99.000 -99.000    27.5    26.7 -9999.0 -9999.0 -9999.0
22016 20160824  2.423 -103.21   29.35    31.0    19.3    25.1    24.7     6.9    14.42 C    42.0    19.9    26.4    82.8    39.9    61.8   0.169   0.203 -99.000 -99.000 -99.000    26.8    27.0 -9999.0 -9999.0 -9999.0
22016 20160825  2.423 -103.21   29.35    28.6    19.3    23.9    23.7     0.2    18.07 C    40.0    19.8    26.0    86.8    48.5    64.4   0.167   0.200 -99.000 -99.000 -99.000    26.3    26.3 -9999.0 -9999.0 -9999.0
22016 20160826  2.423 -103.21   29.35    27.7    17.7    22.7    22.5    11.9    16.03 C    36.7    19.5    24.9    93.9    46.3    71.2   0.163   0.194 -99.000 -99.000 -99.000    25.6    25.9 -9999.0 -9999.0 -9999.0
22016 20160827  2.423 -103.21   29.35    29.5    18.5    24.0    23.1     7.1    17.69 C    35.4    19.2    24.9    92.5    45.6    72.0   0.184   0.205 -99.000 -99.000 -99.000    25.5    25.7 -9999.0 -9999.0 -9999.0
22016 20160828  2.423 -103.21   29.35    29.3    18.4    23.9    22.9     5.3    16.63 C    37.7    18.7    24.7    94.0    46.3    69.9   0.183   0.209 -99.000 -99.000 -99.000    25.5    25.6 -9999.0 -9999.0 -9999.0
22016 20160829  2.423 -103.21   29.35    27.0    18.1    22.6    21.7 -9999.0    12.45 C    35.2    19.6    23.9    95.2    56.1    80.7   0.203   0.227 -99.000 -99.000 -99.000    24.3    24.7 -9999.0 -9999.0 -9999.0
22016 20160830  2.423 -103.21   29.35    26.7    19.3    23.0    22.1 -9999.0    14.58 C    34.1    19.6    24.1    93.0    57.0    77.9   0.186   0.219 -99.000 -99.000 -99.000    24.6    24.8 -9999.0 -9999.0 -9999.0
22016 20160831  2.423 -103.21   29.35    28.1    17.6    22.8    22.6     0.0    16.86 C    36.0    18.1    25.0    93.3    49.9    73.3   0.173   0.209 -99.000 -99.000 -99.000    25.4    25.2 -9999.0 -9999.0 -9999.0
22016 20160901  2.423 -103.21   29.35    29.5    18.0    23.7    23.1 -9999.0    20.12 C    44.1    18.5    26.9    93.1    43.4    74.0   0.167   0.201 -99.000 -99.000 -99.000    26.9    26.4 -9999.0 -9999.0 -9999.0
22016 20160902  2.423 -103.21   29.35    29.5    18.3    23.9    23.5     0.0    19.78 C    40.6    19.0    26.6    94.2    45.1    72.7   0.169   0.199 -99.000 -99.000 -99.000    27.0    26.7 -9999.0 -9999.0 -9999.0
22016 20160903  2.423 -103.21   29.35    31.0    19.0    25.0    24.8 -9999.0    23.30 C    42.8    19.6    28.8    96.0    35.8    66.0   0.157   0.193 -99.000 -99.000 -99.000    28.7    27.8 -9999.0 -9999.0 -9999.0
22016 20160904  2.423 -103.21   29.35    31.9    19.1    25.5    25.9 -9999.0    24.13 C    43.1    19.9    29.7    89.4    34.4    57.0   0.146   0.183 -99.000 -99.000 -99.000    29.6    28.9 -9999.0 -9999.0 -9999.0
22016 20160905  2.423 -103.21   29.35    32.1    20.9    26.5    26.1 -9999.0    23.24 C    45.4    20.6    30.3    75.4    36.5    54.8   0.136   0.174 -99.000 -99.000 -99.000    30.2    29.6 -9999.0 -9999.0 -9999.0
22016 20160906  2.423 -103.21   29.35    29.5    23.1    26.3    25.6 -9999.0    11.48 C    39.1    22.9    28.2    82.2    46.3    61.9   0.127   0.163 -99.000 -99.000 -99.000    28.8    28.9 -9999.0 -9999.0 -9999.0
22016 20160907  2.423 -103.21   29.35    33.5    22.2    27.8    27.5 -9999.0    22.62 C    45.6    21.1    31.0    73.7    34.9    55.9   0.124   0.156 -99.000 -99.000 -99.000    30.2    29.4 -9999.0 -9999.0 -9999.0
22016 20160908  2.423 -103.21   29.35    32.9    21.1    27.0    27.0 -9999.0    17.08 C    49.6    22.1    31.2    85.5    34.0    60.2   0.118   0.151 -99.000 -99.000 -99.000    31.0    30.4 -9999.0 -9999.0 -9999.0
22016 20160909  2.423 -103.21   29.35    33.6    19.8    26.7    25.6 -9999.0    18.25 C    49.2    17.2    29.5    82.6    34.5    58.5   0.115   0.144 -99.000 -99.000 -99.000    29.8    29.9 -9999.0 -9999.0 -9999.0
22016 20160910  2.423 -103.21   29.35    24.3    18.4    21.3    20.5 -9999.0     8.23 C    30.1    19.6    22.3    93.5    66.1    83.5   0.132   0.144 -99.000 -99.000 -99.000    23.9    25.6 -9999.0 -9999.0 -9999.0
22016 20160911  2.423 -103.21   29.35    27.9    17.6    22.7    22.1 -9999.0    16.94 C    35.0    18.7    24.3    92.8    46.4    72.9   0.138   0.148 -99.000 -99.000 -99.000    25.6    25.6 -9999.0 -9999.0 -9999.0
22016 20160912  2.423 -103.21   29.35    30.5    19.1    24.8    23.7 -9999.0    16.59 C    40.5    19.6    26.1    91.4    42.5    67.8   0.131   0.143 -99.000 -99.000 -99.000    27.0    26.9 -9999.0 -9999.0 -9999.0
22016 20160913  2.423 -103.21   29.35    29.9    17.1    23.5    22.9 -9999.0    22.58 C    37.5    18.0    25.9    94.8    37.9    73.2   0.145   0.146 -99.000 -99.000 -99.000    27.2    26.9 -9999.0 -9999.0 -9999.0
22016 20160914  2.423 -103.21   29.35    30.1    19.7    24.9    23.3 -9999.0    15.91 C    41.4    20.7    26.8    96.1    39.6    76.7   0.129   0.143 -99.000 -99.000 -99.000    28.2    28.1 -9999.0 -9999.0 -9999.0
22016 20160915  2.423 -103.21   29.35    31.1    20.3    25.7    25.4     0.0    22.38 C    42.8    20.1    29.0    83.0    34.5    61.4   0.120   0.138 -99.000 -99.000 -99.000    29.7    29.1 -9999.0 -9999.0 -9999.0
22016 20160916  2.423 -103.21   29.35    32.1    18.1    25.1    26.1     0.0    22.41 C    43.1    19.8    29.9    89.3    35.0    58.8   0.112   0.133 -99.000 -99.000 -99.000    30.5    29.8 -9999.0 -9999.0 -9999.0
22016 20160917  2.423 -103.21   29.35    32.4    18.6    25.5    26.3     0.0    21.63 C    44.4    20.2    30.9    88.4    35.1    57.6   0.105   0.129 -99.000 -99.000 -99.000    31.3    30.5 -9999.0 -9999.0 -9999.0
22016 20160918  2.423 -103.21   29.35    33.4    19.0    26.2    26.5     0.0    20.78 C    46.2    19.8    31.0    89.1    29.2    56.4   0.097   0.126 -99.000 -99.000 -99.000    31.8    31.0 -9999.0 -9999.0 -9999.0
22016 20160919  2.423 -103.21   29.35    34.6    19.1    26.8    27.2     0.0    21.95 C    45.8    20.0    31.3    82.3    16.7    50.4   0.088   0.123 -99.000 -99.000 -99.000    31.8    31.2 -9999.0 -9999.0 -9999.0
22016 20160920  2.423 -103.21   29.35    33.2    18.6    25.9    27.0     0.0    19.81 C    45.7    20.5    31.3    79.9    21.8    46.1   0.081   0.120 -99.000 -99.000 -99.000    31.5    31.1 -9999.0 -9999.0 -9999.0
22016 20160921  2.423 -103.21   29.35    32.2    17.7    24.9    26.6     0.0    21.13 C    44.9    18.8    30.8    72.2    19.7    37.9   0.076   0.118 -99.000 -99.000 -99.000    31.2    30.8 -9999.0 -9999.0 -9999.0
22016 20160922  2.423 -103.21   29.35    31.8    17.3    24.5    26.0     0.0    22.15 C    45.4    18.1    30.8    68.5    23.7    42.6   0.072   0.116 -99.000 -99.000 -99.000    31.2    30.7 -9999.0 -9999.0 -9999.0
22016 20160923  2.423 -103.21   29.35    32.6    21.2    26.9    26.8     0.0    20.15 C    45.6    22.1    31.3    57.3    22.5    41.4   0.070   0.114 -99.000 -99.000 -99.000    31.3    30.8 -9999.0 -9999.0 -9999.0
22016 20160924  2.423 -103.21   29.35    30.2    17.9    24.0    24.7     2.1    11.55 C    43.2    18.6    27.8    92.3    36.1    56.1   0.067   0.112 -99.000 -99.000 -99.000    29.3    29.8 -9999.0 -9999.0 -9999.0
22016 20160925  2.423 -103.21   29.35    20.9    17.7    19.3    18.8     4.7     4.08 C    24.0    18.4    20.5    95.4    76.9    88.1   0.119   0.107 -99.000 -99.000 -99.000    22.9    25.4 -9999.0 -9999.0 -9999.0
22016 20160926  2.423 -103.21   29.35    17.9    12.0    14.9    14.3     5.3     1.57 C    19.3    13.8    16.6    95.0    82.8    90.9   0.147   0.113 -99.000 -99.000 -99.000    18.3    21.2 -9999.0 -9999.0 -9999.0
22016 20160927  2.423 -103.21   29.35    20.6    11.8    16.2    16.0     0.0    13.84 C    28.0    13.8    19.4    89.2    56.2    71.9   0.163   0.138 -99.000 -99.000 -99.000    19.8    20.6 -9999.0 -9999.0 -9999.0
22016 20160928  2.423 -103.21   29.35    27.7    13.3    20.5    20.2     0.0    20.79 C    35.5    14.1    23.9    93.0    45.5    70.6   0.145   0.139 -99.000 -99.000 -99.000    23.8    23.5 -9999.0 -9999.0 -9999.0
22016 20160929  2.423 -103.21   29.35    27.7    16.5    22.1    21.5     0.0    13.26 C    36.8    17.4    24.3    91.7    47.4    71.4   0.129   0.134 -99.000 -99.000 -99.000    24.6    24.6 -9999.0 -9999.0 -9999.0
22016 20160930  2.423 -103.21   29.35    24.4    16.7    20.6    20.6     0.0    12.37 C    33.9    18.3    23.9    89.6    53.6    66.8   0.118   0.128 -99.000 -99.000 -99.000    24.7    24.8 -9999.0 -9999.0 -9999.0
22016 20161001  2.423 -103.21   29.35    27.5    16.0    21.7    21.2     0.0    16.83 C    36.5    16.6    24.4    93.3    50.8    74.2   0.112   0.124 -99.000 -99.000 -99.000    25.6    25.3 -9999.0 -9999.0 -9999.0
22016 20161002  2.423 -103.21   29.35    30.0    14.7    22.4    22.4     0.0    16.21 C    42.4    15.4    25.9    94.4    29.8    61.6   0.106   0.121 -99.000 -99.000 -99.000    25.9    25.8 -9999.0 -9999.0 -9999.0
22016 20161003  2.423 -103.21   29.35    31.1    14.3    22.7    23.9     0.0    16.49 C    40.9    15.1    27.2    89.5    25.0    54.4   0.100   0.117 -99.000 -99.000 -99.000    26.5    26.3 -9999.0 -9999.0 -9999.0
22016 20161004  2.423 -103.21   29.35    32.4    16.8    24.6    24.5     0.2    20.19 C    40.9    17.4    27.7    91.3    26.7    53.7   0.097   0.115 -99.000 -99.000 -99.000    27.7    27.3 -9999.0 -9999.0 -9999.0
22016 20161005  2.423 -103.21   29.35    32.5    15.3    23.9    24.6     0.0    19.29 C    42.3    16.0    28.6    87.1    21.3    53.0   0.092   0.113 -99.000 -99.000 -99.000    27.9    27.4 -9999.0 -9999.0 -9999.0
22016 20161006  2.423 -103.21   29.35    33.7    20.9    27.3    26.5     0.0    19.18 C    45.5    21.7    30.5    79.2    17.6    50.5   0.088   0.112 -99.000 -99.000 -99.000    29.5    28.7 -9999.0 -9999.0 -9999.0
22016 20161007  2.423 -103.21   29.35    22.1    14.7    18.4    18.3     0.0     8.93 C    29.5    16.3    21.1    94.3    51.7    75.2   0.078   0.108 -99.000 -99.000 -99.000    25.1    26.4 -9999.0 -9999.0 -9999.0
22016 20161008  2.423 -103.21   29.35    22.1    13.6    17.9    16.5     0.0    12.99 C    33.6    14.9    19.9    93.3    58.7    78.6   0.077   0.105 -99.000 -99.000 -99.000    23.5    24.4 -9999.0 -9999.0 -9999.0
22016 20161009  2.423 -103.21   29.35    27.1    13.8    20.5    19.8     0.0    14.44 C    39.0    14.8    23.2    94.2    37.5    70.3   0.076   0.105 -99.000 -99.000 -99.000    24.6    24.7 -9999.0 -9999.0 -9999.0
22016 20161010  2.423 -103.21   29.35    29.8    14.6    22.2    22.6     0.0    19.00 C    39.6    15.8    26.7    83.5    35.2    55.2   0.077   0.106 -99.000 -99.000 -99.000    26.5    26.1 -9999.0 -9999.0 -9999.0
22016 20161011  2.423 -103.21   29.35    31.5    14.5    23.0    23.4     0.0    18.55 C    42.4    15.1    27.3    89.3    29.6    56.0   0.075   0.106 -99.000 -99.000 -99.000    27.3    26.8 -9999.0 -9999.0 -9999.0
22016 20161012  2.423 -103.21   29.35    33.1    15.3    24.2    25.5     0.0    17.00 C    42.5    16.0    28.8    76.8    19.7    41.1   0.072   0.106 -99.000 -99.000 -99.000    27.9    27.4 -9999.0 -9999.0 -9999.0
22016 20161013  2.423 -103.21   29.35    29.3    15.2    22.3    21.9     0.0    16.99 C    40.1    16.2    25.3    85.0    37.3    61.5   0.069   0.104 -99.000 -99.000 -99.000    27.2    27.1 -9999.0 -9999.0 -9999.0
22016 20161014  2.423 -103.21   29.35    30.5    15.2    22.9    23.1     0.0    17.80 C    40.0    16.0    26.8    93.8    36.9    63.9   0.068   0.103 -99.000 -99.000 -99.000    27.0    26.7 -9999.0 -9999.0 -9999.0
22016 20161015  2.423 -103.21   29.35    34.4    15.8    25.1    25.9     0.0    18.36 C    43.1    16.6    29.4    83.8    15.1    44.2   0.069   0.104 -99.000 -99.000 -99.000    28.4    27.7 -9999.0 -9999.0 -9999.0
22016 20161016  2.423 -103.21   29.35    34.7    15.9    25.3    26.5     0.0    18.65 C    42.9    16.6    29.3    59.3    16.1    31.6   0.067   0.104 -99.000 -99.000 -99.000    28.6    28.0 -9999.0 -9999.0 -9999.0
22016 20161017  2.423 -103.21   29.35    34.4    15.9    25.2    25.7     0.0    18.58 C    43.0    16.7    28.6    58.2    14.4    32.4   0.065   0.102 -99.000 -99.000 -99.000    28.7    28.2 -9999.0 -9999.0 -9999.0
22016 20161018  2.423 -103.21   29.35    34.9    16.4    25.6    25.4     0.0    18.33 C    43.4    17.0    28.5    60.3     9.2    29.8   0.064   0.102 -99.000 -99.000 -99.000    28.6    28.2 -9999.0 -9999.0 -9999.0
22016 20161019  2.423 -103.21   29.35    33.8    14.5    24.2    24.2     0.0    17.57 C    42.9    15.5    27.6    80.8     9.2    45.1   0.062   0.101 -99.000 -99.000 -99.000    28.1    27.9 -9999.0 -9999.0 -9999.0
22016 20161020  2.423 -103.21   29.35    21.7    13.8    17.8    18.5     0.0     6.93 C    26.5    15.0    20.0    86.9    36.9    54.8   0.057   0.097 -99.000 -99.000 -99.000    23.5    25.4 -9999.0 -9999.0 -9999.0
22016 20161021  2.423 -103.21   29.35    24.3     8.4    16.4    16.0     0.0    17.95 C    35.4     9.3    20.4    68.2    28.6    47.1   0.057   0.095 -99.000 -99.000 -99.000    22.8    23.7 -9999.0 -9999.0 -9999.0
22016 20161022  2.423 -103.21   29.35    27.6     9.1    18.3    18.8     0.0    16.68 C    37.2    10.1    22.3    76.8    20.7    45.5   0.057   0.095 -99.000 -99.000 -99.000    23.3    23.9 -9999.0 -9999.0 -9999.0
22016 20161023  2.423 -103.21   29.35    29.9    14.0    21.9    22.0     0.0    16.86 C    40.3    14.8    25.8    66.9    27.7    44.0   0.059   0.096 -99.000 -99.000 -99.000    25.8    25.4 -9999.0 -9999.0 -9999.0
22016 20161024  2.423 -103.21   29.35    30.0    13.1    21.6    21.2     0.0    16.15 C    41.1    14.6    25.4    84.2    28.5    56.7   0.058   0.096 -99.000 -99.000 -99.000    26.0    25.8 -9999.0 -9999.0 -9999.0
22016 20161025  2.423 -103.21   29.35    29.3    15.5    22.4    21.4     9.9    15.25 C    38.7    16.7    24.8    89.6    34.7    64.3   0.074   0.095 -99.000 -99.000 -99.000    25.4    25.6 -9999.0 -9999.0 -9999.0
22016 20161026  2.423 -103.21   29.35    29.2    14.2    21.7    21.1     0.0    16.80 C    33.1    15.3    22.6    94.7    27.3    64.7   0.118   0.094 -99.000 -99.000 -99.000    23.7    24.4 -9999.0 -9999.0 -9999.0
22016 20161027  2.423 -103.21   29.35    28.7    13.4    21.0    21.0     0.0    16.46 C    35.3    14.0    22.8    91.1    23.8    59.7   0.106   0.095 -99.000 -99.000 -99.000    23.8    24.2 -9999.0 -9999.0 -9999.0
22016 20161028  2.423 -103.21   29.35    27.0    13.0    20.0    20.7     0.0    16.44 C    33.6    13.7    22.4    85.6    23.2    49.3   0.099   0.097 -99.000 -99.000 -99.000    23.8    24.2 -9999.0 -9999.0 -9999.0
22016 20161029  2.423 -103.21   29.35    27.7    13.9    20.8    21.5     0.0    15.59 C    35.0    14.1    23.0    70.5    26.0    43.0   0.094   0.096 -99.000 -99.000 -99.000    23.7    24.0 -9999.0 -9999.0 -9999.0
22016 20161030  2.423 -103.21   29.35    29.2    11.3    20.2    20.4     0.0    17.21 C    36.0    12.2    22.6    71.8    15.8    41.1   0.089   0.097 -99.000 -99.000 -99.000    23.7    24.0 -9999.0 -9999.0 -9999.0
22016 20161031  2.423 -103.21   29.35    29.3    11.2    20.3    21.2     0.0    16.87 C    36.3    12.3    23.0    76.9    16.4    40.1   0.084   0.097 -99.000 -99.000 -99.000    23.8    24.0 -9999.0 -9999.0 -9999.0
22016 20161101  2.423 -103.21   29.35    30.8    12.0    21.4    22.6     0.0    15.79 C    36.3    12.9    23.9    57.1    17.0    34.0   0.081   0.097 -99.000 -99.000 -99.000    24.1    24.1 -9999.0 -9999.0 -9999.0
22016 20161102  2.423 -103.21   29.35    29.5    16.6    23.1    23.9     0.0    12.26 C    37.3    17.4    25.3    84.3    27.5    47.1   0.078   0.098 -99.000 -99.000 -99.000    25.2    24.9 -9999.0 -9999.0 -9999.0
22016 20161103  2.423 -103.21   29.35    26.0    17.2    21.6    20.4     0.2     9.30 C    34.5    17.3    23.2    95.5    51.2    78.2   0.075   0.097 -99.000 -99.000 -99.000    23.8    24.3 -9999.0 -9999.0 -9999.0
22016 20161104  2.423 -103.21   29.35    24.1    13.6    18.9    18.3     0.2     9.86 C    30.1    14.8    20.6    94.4    49.0    77.6   0.072   0.096 -99.000 -99.000 -99.000    21.9    22.9 -9999.0 -9999.0 -9999.0
22016 20161105  2.423 -103.21   29.35    22.2    13.2    17.7    17.8     0.0     5.49 C    25.8    14.2    18.6    94.4    55.0    79.1   0.071   0.093 -99.000 -99.000 -99.000    19.6    21.1 -9999.0 -9999.0 -9999.0
22016 20161106  2.423 -103.21   29.35    27.1    13.5    20.3    19.8     0.0    15.24 C    35.7    13.4    21.9    89.6    38.4    63.4   0.075   0.094 -99.000 -99.000 -99.000    22.0    22.0 -9999.0 -9999.0 -9999.0
22016 20161107  2.423 -103.21   29.35    27.9    11.7    19.8    19.1     0.0    16.19 C    34.2    11.3    21.1    96.1    16.2    50.0   0.074   0.094 -99.000 -99.000 -99.000    22.0    22.3 -9999.0 -9999.0 -9999.0
22016 20161108  2.423 -103.21   29.35    20.5     9.4    14.9    15.4     0.0     9.76 C    29.8    11.4    17.8    81.1    40.5    61.6   0.069   0.093 -99.000 -99.000 -99.000    19.7    21.1 -9999.0 -9999.0 -9999.0
22016 20161109  2.423 -103.21   29.35    14.4     9.1    11.7    11.6     1.3     5.40 C    20.2     9.8    14.0    95.3    72.4    84.7   0.065   0.090 -99.000 -99.000 -99.000    16.3    18.7 -9999.0 -9999.0 -9999.0
22016 20161110  2.423 -103.21   29.35    18.5     8.7    13.6    12.3     0.0     6.76 C    27.4     9.7    15.1    94.1    53.8    81.8   0.066   0.088 -99.000 -99.000 -99.000    16.1    17.6 -9999.0 -9999.0 -9999.0
22016 20161111  2.423 -103.21   29.35    19.4     9.9    14.7    13.6     4.9     9.86 C    25.8    10.8    15.8    96.1    56.3    81.6   0.086   0.088 -99.000 -99.000 -99.000    16.5    17.7 -9999.0 -9999.0 -9999.0
22016 20161112  2.423 -103.21   29.35    16.6     8.7    12.7    12.9     0.3     5.43 C    21.2     9.6    14.6    93.5    65.9    82.8   0.092   0.088 -99.000 -99.000 -99.000    15.2    16.7 -9999.0 -9999.0 -9999.0
22016 20161113  2.423 -103.21   29.35    21.7     7.2    14.4    13.8     0.0    12.31 C    27.6     8.0    16.0    95.6    42.6    74.7   0.092   0.089 -99.000 -99.000 -99.000    16.6    17.2 -9999.0 -9999.0 -9999.0
22016 20161114  2.423 -103.21   29.35    23.8     8.5    16.1    15.6     0.0    14.65 C    29.8     8.4    16.7    89.8    21.0    56.6   0.091   0.090 -99.000 -99.000 -99.000    17.5    17.9 -9999.0 -9999.0 -9999.0
22016 20161115  2.423 -103.21   29.35    25.2     6.7    16.0    15.8     0.0    15.67 C    29.5     7.0    16.8    76.3    13.7    42.1   0.089   0.091 -99.000 -99.000 -99.000    17.8    18.2 -9999.0 -9999.0 -9999.0
22016 20161116  2.423 -103.21   29.35    26.4     6.9    16.7    18.1     0.0    15.64 C    30.3     6.9    18.0    64.7    13.7    32.8   0.086   0.091 -99.000 -99.000 -99.000    18.1    18.4 -9999.0 -9999.0 -9999.0
22016 20161117  2.423 -103.21   29.35    27.5    11.3    19.4    20.0     0.0    11.59 C    33.2    10.9    19.6    50.7    15.6    31.0   0.085   0.093 -99.000 -99.000 -99.000    19.5    19.5 -9999.0 -9999.0 -9999.0
22016 20161118  2.423 -103.21   29.35    20.3     9.2    14.7    15.2     0.0    15.23 C    27.8     8.4    16.5    56.8     9.1    28.7   0.080   0.092 -99.000 -99.000 -99.000    18.1    18.9 -9999.0 -9999.0 -9999.0
22016 20161119  2.423 -103.21   29.35    15.9     2.6     9.2     9.0     0.0    14.93 C    24.2     3.6    12.2    50.4    20.4    33.6   0.073   0.089 -99.000 -99.000 -99.000    15.0    16.7 -9999.0 -9999.0 -9999.0
22016 20161120  2.423 -103.21   29.35    22.0     1.0    11.5    11.6     0.0    14.95 C    27.2     2.1    13.3    62.2    19.5    37.9   0.071   0.088 -99.000 -99.000 -99.000    14.7    15.8 -9999.0 -9999.0 -9999.0
22016 20161121  2.423 -103.21   29.35    25.6     6.4    16.0    17.4     0.0    11.39 C    32.1     6.6    18.3    68.9    26.0    41.1   0.072   0.089 -99.000 -99.000 -99.000    17.5    17.3 -9999.0 -9999.0 -9999.0
22016 20161122  2.423 -103.21   29.35    26.9    13.3    20.1    19.7     0.0    14.24 C    32.0    12.2    20.2    58.5    16.4    35.2   0.072   0.092 -99.000 -99.000 -99.000    20.3    19.8 -9999.0 -9999.0 -9999.0
22016 20161123  2.423 -103.21   29.35    19.9     7.7    13.8    13.1     0.0    14.49 C    27.2     6.8    15.3    60.9    23.3    37.9   0.067   0.091 -99.000 -99.000 -99.000    17.4    18.3 -9999.0 -9999.0 -9999.0
22016 20161124  2.423 -103.21   29.35    24.0     5.6    14.8    14.2     0.0    12.45 C    30.0     6.2    15.7    83.4    26.5    46.7   0.064   0.089 -99.000 -99.000 -99.000    16.6    17.4 -9999.0 -9999.0 -9999.0
22016 20161125  2.423 -103.21   29.35    15.5     8.5    12.0    12.7     0.0     7.54 C    24.6    10.0    15.8    87.7    49.3    72.9   0.063   0.089 -99.000 -99.000 -99.000    16.7    17.6 -9999.0 -9999.0 -9999.0
22016 20161126  2.423 -103.21   29.35    19.5     4.5    12.0    11.2     0.0    11.34 C    29.8     6.4    14.7    96.4    48.2    78.0   0.062   0.087 -99.000 -99.000 -99.000    15.8    16.6 -9999.0 -9999.0 -9999.0
22016 20161127  2.423 -103.21   29.35    27.0     7.2    17.1    17.8     0.0    11.46 C    31.8     7.9    18.4    97.1    15.8    53.6   0.063   0.089 -99.000 -99.000 -99.000    17.7    17.6 -9999.0 -9999.0 -9999.0
22016 20161128  2.423 -103.21   29.35    22.4    10.5    16.4    17.3     0.0    13.80 C    27.1     9.6    17.5    30.0     9.3    19.4   0.063   0.090 -99.000 -99.000 -99.000    18.8    19.0 -9999.0 -9999.0 -9999.0
22016 20161129  2.423 -103.21   29.35    23.8     7.5    15.6    15.4     0.0    14.15 C    29.2     6.5    15.9    46.4     8.1    23.5   0.059   0.088 -99.000 -99.000 -99.000    17.0    17.7 -9999.0 -9999.0 -9999.0
22016 20161130  2.423 -103.21   29.35    16.3     2.8     9.6     9.1     0.0    14.28 C    24.3     2.6    11.5    40.1    14.3    25.8   0.055   0.086 -99.000 -99.000 -99.000    14.4    16.1 -9999.0 -9999.0 -9999.0
22016 20161201  2.423 -103.21   29.35    20.4     1.1    10.7     9.5     0.0    12.81 C    25.9     1.5    11.2    55.6    19.5    36.3   0.054   0.084 -99.000 -99.000 -99.000    13.2    14.7 -9999.0 -9999.0 -9999.0
22016 20161202  2.423 -103.21   29.35    15.0     4.1     9.6    10.2     0.0     4.40 C    18.7     4.7    11.3    89.3    43.8    61.7   0.052   0.083 -99.000 -99.000 -99.000    12.4    14.0 -9999.0 -9999.0 -9999.0
22016 20161203  2.423 -103.21   29.35    14.2     6.9    10.5    10.3     5.3     2.22 C    15.7     9.2    12.4    96.1    67.2    89.7   0.058   0.083 -99.000 -99.000 -99.000    13.1    14.3 -9999.0 -9999.0 -9999.0
22016 20161204  2.423 -103.21   29.35     7.2     5.3     6.2     6.3     8.9     1.48 C     9.9     7.4     8.5    95.8    86.1    92.7   0.106   0.081 -99.000 -99.000 -99.000     9.6    11.9 -9999.0 -9999.0 -9999.0
22016 20161205  2.423 -103.21   29.35    15.5     5.2    10.3     8.8     8.2    10.06 C    16.4     5.8     9.7    96.0    39.3    78.4   0.185   0.171 -99.000 -99.000 -99.000    10.2    11.2 -9999.0 -9999.0 -9999.0
22016 20161206  2.423 -103.21   29.35    19.1     4.3    11.7    11.5     0.0    13.59 C    20.7     3.7    10.8    86.2    31.5    59.1   0.162   0.186 -99.000 -99.000 -99.000    11.1    11.6 -9999.0 -9999.0 -9999.0
22016 20161207  2.423 -103.21   29.35    22.2     2.3    12.2    11.4     0.0    13.55 C    22.5     3.0    11.1    91.8    25.7    62.0   0.150   0.178 -99.000 -99.000 -99.000    11.6    12.1 -9999.0 -9999.0 -9999.0
22016 20161208  2.423 -103.21   29.35     8.0    -0.8     3.6     2.0     0.0     1.82 C     9.4     2.4     5.3    93.3    79.6    85.8   0.135   0.169 -99.000 -99.000 -99.000     7.6    10.0 -9999.0 -9999.0 -9999.0
22016 20161209  2.423 -103.21   29.35     9.1    -1.2     3.9     2.3     0.0    10.24 C    15.9     1.3     5.9    93.7    57.4    77.9   0.129   0.161 -99.000 -99.000 -99.000     7.1     8.2 -9999.0 -9999.0 -9999.0
22016 20161210  2.423 -103.21   29.35    18.1    -0.6     8.8     7.9     0.0    13.50 C    19.7     0.0     8.5    95.8    44.5    75.3   0.127   0.158 -99.000 -99.000 -99.000     8.9     9.3 -9999.0 -9999.0 -9999.0
22016 20161211  2.423 -103.21   29.35    24.6     5.3    15.0    13.6     0.0    11.90 C    24.0     4.7    12.1    91.8    12.7    55.6   0.127   0.157 -99.000 -99.000 -99.000    11.7    11.5 -9999.0 -9999.0 -9999.0
22016 20161212  2.423 -103.21   29.35    25.8     6.9    16.3    15.4     0.0    13.47 C    25.8     5.7    14.4    69.2    18.6    44.8   0.125   0.155 -99.000 -99.000 -99.000    13.8    13.3 -9999.0 -9999.0 -9999.0
22016 20161213  2.423 -103.21   29.35    25.1     8.8    16.9    16.2     0.0    12.65 C    27.1     7.4    15.3    59.5    17.7    38.7   0.122   0.153 -99.000 -99.000 -99.000    15.0    14.6 -9999.0 -9999.0 -9999.0
22016 20161214  2.423 -103.21   29.35    25.8     7.5    16.7    14.9     0.0    13.55 C    26.8     6.4    14.8    67.0    16.5    43.3   0.119   0.149 -99.000 -99.000 -99.000    15.0    14.9 -9999.0 -9999.0 -9999.0
22016 20161215  2.423 -103.21   29.35    19.1     4.9    12.0    10.6     0.0    10.78 C    22.6     5.9    12.6    96.8    46.5    76.6   0.114   0.145 -99.000 -99.000 -99.000    13.8    14.3 -9999.0 -9999.0 -9999.0
22016 20161216  2.423 -103.21   29.35    28.4     4.6    16.5    17.1     0.0    13.26 C    28.0     5.1    15.6    94.7    10.6    48.4   0.112   0.142 -99.000 -99.000 -99.000    14.8    14.5 -9999.0 -9999.0 -9999.0
22016 20161217  2.423 -103.21   29.35    25.8     9.9    17.9    20.8     0.0     9.53 C    26.5    10.8    18.3    44.0    10.0    19.4   0.112   0.141 -99.000 -99.000 -99.000    17.2    16.7 -9999.0 -9999.0 -9999.0
22016 20161218  2.423 -103.21   29.35     9.9    -2.2     3.9     0.7     0.0     9.74 C    12.6     1.0     5.7    54.5    31.4    43.9   0.100   0.134 -99.000 -99.000 -99.000    10.2    12.8 -9999.0 -9999.0 -9999.0
22016 20161219  2.423 -103.21   29.35     6.6    -4.6     1.0     0.1     0.2    12.29 C    15.3    -1.8     4.8    51.2    22.2    36.4   0.095   0.129 -99.000 -99.000 -99.000     7.6     9.6 -9999.0 -9999.0 -9999.0
22016 20161220  2.423 -103.21   29.35    16.9    -2.4     7.2     7.0     0.0    12.66 C    21.4    -0.4     8.9    60.8    18.0    39.1   0.097   0.128 -99.000 -99.000 -99.000     9.3     9.9 -9999.0 -9999.0 -9999.0
22016 20161221  2.423 -103.21   29.35    23.9     6.1    15.0    14.6     0.0    11.38 C    28.6     5.5    14.8    69.3    27.0    44.3   0.100   0.130 -99.000 -99.000 -99.000    13.4    12.8 -9999.0 -9999.0 -9999.0
22016 20161222  2.423 -103.21   29.35    17.0     7.0    12.0    12.4     0.0    11.23 C    22.8     8.3    13.7    58.0    30.6    42.5   0.098   0.130 -99.000 -99.000 -99.000    14.1    14.2 -9999.0 -9999.0 -9999.0
22016 20161223  2.423 -103.21   29.35    24.6     4.7    14.6    13.4     4.6    11.06 C    29.1     5.6    14.8    83.2    33.1    58.4   0.099   0.128 -99.000 -99.000 -99.000    14.1    13.9 -9999.0 -9999.0 -9999.0
22016 20161224  2.423 -103.21   29.35    23.9     7.2    15.6    15.4     0.0    13.22 C    24.4     7.2    14.8    93.8    31.3    67.3   0.111   0.131 -99.000 -99.000 -99.000    14.8    14.7 -9999.0 -9999.0 -9999.0
22016 20161225  2.423 -103.21   29.35    27.4    10.5    18.9    21.0     0.0    13.66 C    28.1     9.6    18.0    64.9     5.8    27.4   0.111   0.132 -99.000 -99.000 -99.000    16.9    16.3 -9999.0 -9999.0 -9999.0
22016 20161226  2.423 -103.21   29.35    21.6     4.4    13.0    12.7     0.0    12.43 C    25.3     4.8    13.5    83.5    24.4    54.9   0.104   0.129 -99.000 -99.000 -99.000    14.7    15.2 -9999.0 -9999.0 -9999.0
22016 20161227  2.423 -103.21   29.35    20.5     7.2    13.8    13.7     0.0     9.05 C    27.4     7.6    14.9    84.0    45.2    67.5   0.103   0.127 -99.000 -99.000 -99.000    15.0    15.1 -9999.0 -9999.0 -9999.0
22016 20161228  2.423 -103.21   29.35    23.7    10.1    16.9    16.8     0.0    11.02 C    30.1     9.7    17.6    79.1    26.3    49.9   0.103   0.126 -99.000 -99.000 -99.000    16.6    16.1 -9999.0 -9999.0 -9999.0
22016 20161229  2.423 -103.21   29.35    17.4     4.4    10.9    12.0     0.6     5.41 C    22.1     8.2    13.9    91.2    21.7    39.3   0.098   0.125 -99.000 -99.000 -99.000    14.8    15.7 -9999.0 -9999.0 -9999.0
22016 20161230  2.423 -103.21   29.35    12.7     4.6     8.7     7.5     0.3     6.58 C    18.9     7.4    10.6    91.2    46.9    69.0   0.094   0.120 -99.000 -99.000 -99.000    11.6    12.8 -9999.0 -9999.0 -9999.0
22016 20161231  2.423 -103.21   29.35    23.0     7.8    15.4    15.2     0.3     9.80 C    23.8     8.9    14.7    92.8    26.0    61.6   0.101   0.121 -99.000 -99.000 -99.000    14.0    13.8 -9999.0 -9999.0 -9999.0
