23907 20160101  2.423  -98.08   30.62     6.8     4.3     5.6     5.4     0.0     4.38 C    11.9     6.1     7.8 -9999.0 -9999.0 -9999.0   0.424   0.377 -99.000 -99.000 -99.000     9.3    10.0 -9999.0 -9999.0 -9999.0
23907 20160102  2.423  -98.08   30.62     7.1     3.8     5.5     5.1     1.4     2.80 C    10.3     5.9     7.2 -9999.0 -9999.0 -9999.0   0.416   0.375 -99.000 -99.000 -99.000     9.0     9.6 -9999.0 -9999.0 -9999.0
23907 20160103  2.423  -98.08   30.62    15.5     3.3     9.4     8.0     0.0    11.12 C    19.9     3.5     9.0 -9999.0 -9999.0 -9999.0   0.416   0.372 -99.000 -99.000 -99.000     9.5     9.8 -9999.0 -9999.0 -9999.0
23907 20160104  2.423  -98.08   30.62    13.3     1.4     7.3     6.5     0.0    14.84 C    19.7     1.0     7.6 -9999.0 -9999.0 -9999.0   0.408   0.369 -99.000 -99.000 -99.000     8.8     9.3 -9999.0 -9999.0 -9999.0
23907 20160105  2.423  -98.08   30.62    12.2     2.0     7.1     6.4     0.0    10.64 C    18.9     2.6     8.5 -9999.0 -9999.0 -9999.0   0.403   0.367 -99.000 -99.000 -99.000     8.8     9.2 -9999.0 -9999.0 -9999.0
23907 20160106  2.423  -98.08   30.62     9.5     6.5     8.0     8.0     1.7     1.65 C    11.6     8.2     9.5 -9999.0 -9999.0 -9999.0   0.403   0.362 -99.000 -99.000 -99.000    10.0    10.1 -9999.0 -9999.0 -9999.0
23907 20160107  2.423  -98.08   30.62    21.6     7.4    14.5    13.3     0.0    14.04 C    24.4     8.0    13.3 -9999.0 -9999.0 -9999.0   0.410   0.362 -99.000 -99.000 -99.000    11.2    11.0 -9999.0 -9999.0 -9999.0
23907 20160108  2.423  -98.08   30.62    20.4     9.1    14.8    13.4     2.1    10.01 C    23.5     6.7    12.5 -9999.0 -9999.0 -9999.0   0.407   0.357 -99.000 -99.000 -99.000    11.6    11.4 -9999.0 -9999.0 -9999.0
23907 20160109  2.423  -98.08   30.62    11.6     0.4     6.0     5.7     0.0    10.85 C    15.1     1.4     7.4 -9999.0 -9999.0 -9999.0   0.414   0.369 -99.000 -99.000 -99.000     9.8    10.6 -9999.0 -9999.0 -9999.0
23907 20160110  2.423  -98.08   30.62     8.6    -1.7     3.4     2.3     0.0    14.69 C    16.6    -1.1     5.3 -9999.0 -9999.0 -9999.0   0.399   0.368 -99.000 -99.000 -99.000     7.6     8.6 -9999.0 -9999.0 -9999.0
23907 20160111  2.423  -98.08   30.62    10.7    -1.1     4.8     4.6     0.0    11.66 C    16.9     0.2     6.3 -9999.0 -9999.0 -9999.0   0.393   0.363 -99.000 -99.000 -99.000     7.4     8.2 -9999.0 -9999.0 -9999.0
23907 20160112  2.423  -98.08   30.62    16.9     2.4     9.6     9.6     0.0    15.21 C    22.3     1.1     8.8 -9999.0 -9999.0 -9999.0   0.390   0.357 -99.000 -99.000 -99.000     8.1     8.4 -9999.0 -9999.0 -9999.0
23907 20160113  2.423  -98.08   30.62    18.0     5.5    11.7    11.2     0.0    15.20 C    22.7     3.2    10.6 -9999.0 -9999.0 -9999.0   0.388   0.351 -99.000 -99.000 -99.000     9.4     9.3 -9999.0 -9999.0 -9999.0
23907 20160114  2.423  -98.08   30.62    19.7     8.4    14.1    13.3     0.0    12.70 C    24.8     6.9    12.9 -9999.0 -9999.0 -9999.0   0.387   0.347 -99.000 -99.000 -99.000    11.1    10.7 -9999.0 -9999.0 -9999.0
23907 20160115  2.423  -98.08   30.62    19.7     7.5    13.6    13.3     0.0    15.52 C    25.4     5.7    12.5 -9999.0 -9999.0 -9999.0   0.382   0.342 -99.000 -99.000 -99.000    11.1    11.1 -9999.0 -9999.0 -9999.0
23907 20160116  2.423  -98.08   30.62    15.6     1.7     8.6     8.8     0.0     8.19 C    20.8     3.3     9.4 -9999.0 -9999.0 -9999.0   0.374   0.342 -99.000 -99.000 -99.000     9.9    10.3 -9999.0 -9999.0 -9999.0
23907 20160117  2.423  -98.08   30.62    12.8    -0.5     6.1     5.5     0.0    13.91 C    21.1     0.0     7.6 -9999.0 -9999.0 -9999.0   0.366   0.343 -99.000 -99.000 -99.000     8.6     9.2 -9999.0 -9999.0 -9999.0
23907 20160118  2.423  -98.08   30.62    11.9     1.9     6.9     6.2     0.0    15.15 C    20.9     2.3     8.4 -9999.0 -9999.0 -9999.0   0.362   0.341 -99.000 -99.000 -99.000     8.5     8.9 -9999.0 -9999.0 -9999.0
23907 20160119  2.423  -98.08   30.62    18.4     6.9    12.6    12.2     0.0    12.16 C    24.7     5.5    11.8 -9999.0 -9999.0 -9999.0   0.362   0.338 -99.000 -99.000 -99.000    10.3    10.1 -9999.0 -9999.0 -9999.0
23907 20160120  2.423  -98.08   30.62    13.0     3.2     8.1     8.3     0.0     6.82 C    17.5     5.8    11.4 -9999.0 -9999.0 -9999.0   0.360   0.334 -99.000 -99.000 -99.000    10.4    10.5 -9999.0 -9999.0 -9999.0
23907 20160121  2.423  -98.08   30.62    14.2     3.7     8.9    10.4     0.0    13.60 C    21.4     3.9    12.3 -9999.0 -9999.0 -9999.0   0.358   0.332 -99.000 -99.000 -99.000    11.1    11.1 -9999.0 -9999.0 -9999.0
23907 20160122  2.423  -98.08   30.62    10.1     0.3     5.2     4.5     0.0    16.30 C    19.0     0.5     6.9 -9999.0 -9999.0 -9999.0   0.347   0.332 -99.000 -99.000 -99.000     8.5     9.3 -9999.0 -9999.0 -9999.0
23907 20160123  2.423  -98.08   30.62    13.8    -1.3     6.2     6.1     0.0    16.30 C    22.8    -0.5     8.3 -9999.0 -9999.0 -9999.0   0.342   0.331 -99.000 -99.000 -99.000     8.2     8.7 -9999.0 -9999.0 -9999.0
23907 20160124  2.423  -98.08   30.62    18.7     3.8    11.2    11.3     0.0    15.68 C    23.9     2.6    11.4 -9999.0 -9999.0 -9999.0   0.342   0.328 -99.000 -99.000 -99.000     9.8     9.6 -9999.0 -9999.0 -9999.0
23907 20160125  2.423  -98.08   30.62    22.4    10.8    16.6    16.1     0.0    15.66 C    30.0    10.0    17.1 -9999.0 -9999.0 -9999.0   0.346   0.326 -99.000 -99.000 -99.000    12.5    11.9 -9999.0 -9999.0 -9999.0
23907 20160126  2.423  -98.08   30.62    10.8     3.7     7.2     7.4     0.0     5.81 C    16.2     3.6     9.2 -9999.0 -9999.0 -9999.0   0.334   0.320 -99.000 -99.000 -99.000    10.2    10.8 -9999.0 -9999.0 -9999.0
23907 20160127  2.423  -98.08   30.62    13.0     1.3     7.1     6.9     0.0    16.50 C    21.9     1.2     8.2 -9999.0 -9999.0 -9999.0   0.326   0.321 -99.000 -99.000 -99.000     8.7     9.4 -9999.0 -9999.0 -9999.0
23907 20160128  2.423  -98.08   30.62    20.6     2.4    11.5    11.8     0.0    16.94 C    27.0     1.3    10.7 -9999.0 -9999.0 -9999.0   0.322   0.319 -99.000 -99.000 -99.000     8.9     9.2 -9999.0 -9999.0 -9999.0
23907 20160129  2.423  -98.08   30.62    23.3     8.1    15.7    15.7     0.0    17.17 C    28.7     3.8    13.5 -9999.0 -9999.0 -9999.0   0.322   0.315 -99.000 -99.000 -99.000    10.3    10.1 -9999.0 -9999.0 -9999.0
23907 20160130  2.423  -98.08   30.62    25.4     9.2    17.3    16.4     0.0    17.36 C    30.7     5.8    15.7 -9999.0 -9999.0 -9999.0   0.321   0.313 -99.000 -99.000 -99.000    12.0    11.4 -9999.0 -9999.0 -9999.0
23907 20160131  2.423  -98.08   30.62    27.4    13.2    20.3    18.7     0.0    16.98 C    32.9    11.3    18.4 -9999.0 -9999.0 -9999.0   0.321   0.314 -99.000 -99.000 -99.000    13.9    13.1 -9999.0 -9999.0 -9999.0
23907 20160201  2.423  -98.08   30.62    21.6    10.0    15.8    16.0     0.0    13.64 C    29.4     9.2    17.2 -9999.0 -9999.0 -9999.0   0.317   0.312 -99.000 -99.000 -99.000    14.0    13.4 -9999.0 -9999.0 -9999.0
23907 20160202  2.423  -98.08   30.62    19.4     9.5    14.5    14.1     0.0    17.82 C    28.1     7.4    15.1 -9999.0 -9999.0 -9999.0   0.310   0.308 -99.000 -99.000 -99.000    13.0    13.0 -9999.0 -9999.0 -9999.0
23907 20160203  2.423  -98.08   30.62    12.2     1.8     7.0     6.5     0.0    17.95 C    23.4     2.8     9.9 -9999.0 -9999.0 -9999.0   0.299   0.305 -99.000 -99.000 -99.000    10.6    11.4 -9999.0 -9999.0 -9999.0
23907 20160204  2.423  -98.08   30.62    13.0     0.2     6.6     6.1     0.0    18.20 C    25.1    -0.2     9.0 -9999.0 -9999.0 -9999.0   0.291   0.303 -99.000 -99.000 -99.000     9.4    10.1 -9999.0 -9999.0 -9999.0
23907 20160205  2.423  -98.08   30.62    14.5     1.7     8.1     8.1     0.0    16.30 C    23.1     0.9    10.0 -9999.0 -9999.0 -9999.0   0.288   0.301 -99.000 -99.000 -99.000     9.4     9.8 -9999.0 -9999.0 -9999.0
23907 20160206  2.423  -98.08   30.62    13.8     3.9     8.9     8.2     0.0    18.53 C    23.5     3.0    10.0 -9999.0 -9999.0 -9999.0   0.285   0.299 -99.000 -99.000 -99.000     9.8    10.1 -9999.0 -9999.0 -9999.0
23907 20160207  2.423  -98.08   30.62    19.9     1.3    10.6     9.8     0.0    18.66 C    27.3     1.1    11.1 -9999.0 -9999.0 -9999.0   0.281   0.298 -99.000 -99.000 -99.000     9.8    10.0 -9999.0 -9999.0 -9999.0
23907 20160208  2.423  -98.08   30.62    15.5     5.1    10.3    10.1     0.0    17.44 C    24.4     4.3    11.3 -9999.0 -9999.0 -9999.0   0.278   0.293 -99.000 -99.000 -99.000    10.0    10.3 -9999.0 -9999.0 -9999.0
23907 20160209  2.423  -98.08   30.62    20.7     2.9    11.8    11.9     0.0    18.54 C    28.3     3.0    12.5 -9999.0 -9999.0 -9999.0   0.274   0.292 -99.000 -99.000 -99.000    10.3    10.4 -9999.0 -9999.0 -9999.0
23907 20160210  2.423  -98.08   30.62    23.6     5.5    14.6    14.3     0.0    18.48 C    30.8     4.2    14.8 -9999.0 -9999.0 -9999.0   0.273   0.289 -99.000 -99.000 -99.000    11.4    11.1 -9999.0 -9999.0 -9999.0
23907 20160211  2.423  -98.08   30.62    27.8    11.3    19.5    19.2     0.0    18.53 C    34.8     7.9    18.2 -9999.0 -9999.0 -9999.0   0.272   0.289 -99.000 -99.000 -99.000    13.4    12.7 -9999.0 -9999.0 -9999.0
23907 20160212  2.423  -98.08   30.62    24.9    12.6    18.7    17.6     0.0    18.25 C    33.8     9.4    18.1 -9999.0 -9999.0 -9999.0   0.267   0.287 -99.000 -99.000 -99.000    14.0    13.4 -9999.0 -9999.0 -9999.0
23907 20160213  2.423  -98.08   30.62    23.2     7.7    15.5    15.1     0.0    17.70 C    32.8     8.6    17.6 -9999.0 -9999.0 -9999.0   0.263   0.285 -99.000 -99.000 -99.000    14.3    13.8 -9999.0 -9999.0 -9999.0
23907 20160214  2.423  -98.08   30.62    20.7    12.5    16.6    16.1     0.0     9.38 C    28.2    12.4    17.4 -9999.0 -9999.0 -9999.0   0.260   0.285 -99.000 -99.000 -99.000    15.2    14.6 -9999.0 -9999.0 -9999.0
23907 20160215  2.423  -98.08   30.62    22.0    10.2    16.1    16.0     0.0    18.24 C    31.4    10.3    17.9 -9999.0 -9999.0 -9999.0   0.256   0.282 -99.000 -99.000 -99.000    14.9    14.7 -9999.0 -9999.0 -9999.0
23907 20160216  2.423  -98.08   30.62    25.0    10.2    17.6    16.6     0.0    18.31 C    34.6     7.6    17.7 -9999.0 -9999.0 -9999.0   0.251   0.278 -99.000 -99.000 -99.000    14.2    14.0 -9999.0 -9999.0 -9999.0
23907 20160217  2.423  -98.08   30.62    22.0     8.3    15.1    15.1     0.0    18.65 C    33.3     8.1    17.5 -9999.0 -9999.0 -9999.0   0.248   0.275 -99.000 -99.000 -99.000    14.5    14.3 -9999.0 -9999.0 -9999.0
23907 20160218  2.423  -98.08   30.62    28.8    11.9    20.4    17.6     0.0    17.17 C    34.6    12.0    19.8 -9999.0 -9999.0 -9999.0   0.246   0.276 -99.000 -99.000 -99.000    15.9    15.4 -9999.0 -9999.0 -9999.0
23907 20160219  2.423  -98.08   30.62    25.8    14.8    20.3    19.3     0.0    14.72 C    35.3    13.6    21.5 -9999.0 -9999.0 -9999.0   0.245   0.278 -99.000 -99.000 -99.000    17.7    17.1 -9999.0 -9999.0 -9999.0
23907 20160220  2.423  -98.08   30.62    22.9    16.9    19.9    19.2     0.0     4.90 C    27.0    17.5    20.3 -9999.0 -9999.0 -9999.0   0.243   0.278 -99.000 -99.000 -99.000    18.5    17.8 -9999.0 -9999.0 -9999.0
23907 20160221  2.423  -98.08   30.62    19.3    15.8    17.6    17.7     0.4     2.49 C    21.1    16.2    18.3 -9999.0 -9999.0 -9999.0   0.239   0.276 -99.000 -99.000 -99.000    18.0    17.6 -9999.0 -9999.0 -9999.0
23907 20160222  2.423  -98.08   30.62    19.1    11.1    15.1    14.8     1.4     9.29 C    30.4    13.6    17.8 -9999.0 -9999.0 -9999.0   0.236   0.275 -99.000 -99.000 -99.000    17.3    17.2 -9999.0 -9999.0 -9999.0
23907 20160223  2.423  -98.08   30.62    13.7     6.0     9.8     9.8    26.6     7.29 C    17.7     5.5    11.8 -9999.0 -9999.0 -9999.0   0.441   0.420 -99.000 -99.000 -99.000    13.4    14.4 -9999.0 -9999.0 -9999.0
23907 20160224  2.423  -98.08   30.62    16.2     3.7     9.9     9.6     0.0    21.14 C    24.8     2.8    11.0 -9999.0 -9999.0 -9999.0   0.405   0.373 -99.000 -99.000 -99.000    10.9    11.9 -9999.0 -9999.0 -9999.0
23907 20160225  2.423  -98.08   30.62    17.7     4.7    11.2    11.2     0.0    21.02 C    27.2     4.1    12.5 -9999.0 -9999.0 -9999.0   0.385   0.358 -99.000 -99.000 -99.000    11.3    12.1 -9999.0 -9999.0 -9999.0
23907 20160226  2.423  -98.08   30.62    16.7     3.3    10.0     9.7     0.0    20.93 C    28.7     3.6    13.0 -9999.0 -9999.0 -9999.0   0.370   0.350 -99.000 -99.000 -99.000    12.0    12.7 -9999.0 -9999.0 -9999.0
23907 20160227  2.423  -98.08   30.62    20.8     7.5    14.2    13.8     0.0    20.17 C    31.1     6.4    15.6 -9999.0 -9999.0 -9999.0   0.363   0.345 -99.000 -99.000 -99.000    13.8    13.9 -9999.0 -9999.0 -9999.0
23907 20160228  2.423  -98.08   30.62    23.7    12.3    18.0    16.9     0.0    11.48 C    29.9    11.2    17.9 -9999.0 -9999.0 -9999.0   0.359   0.345 -99.000 -99.000 -99.000    15.8    15.6 -9999.0 -9999.0 -9999.0
23907 20160229  2.423  -98.08   30.62    23.6    15.4    19.5    18.4     0.0    12.96 C    34.1    14.5    20.4 -9999.0 -9999.0 -9999.0   0.357   0.347 -99.000 -99.000 -99.000    17.7    17.2 -9999.0 -9999.0 -9999.0
23907 20160301  2.423  -98.08   30.62 -9999.0 -9999.0 -9999.0 -9999.0 -9999.0 -9999.00 U -9999.0 -9999.0 -9999.0 -9999.0 -9999.0 -9999.0 -99.000 -99.000 -99.000 -99.000 -99.000 -9999.0 -9999.0 -9999.0 -9999.0 -9999.0
23907 20160302  2.423  -98.08   30.62    24.1     8.5    16.3    16.2     0.0    20.22 C    34.5     8.0    18.9    87.2    27.9    52.4   0.335   0.340 -99.000 -99.000 -99.000    16.9    17.0 -9999.0 -9999.0 -9999.0
23907 20160303  2.423  -98.08   30.62    26.1    13.4    19.8    20.3     0.0    20.91 C    35.8    12.8    22.2    90.7    15.4    50.6   0.334   0.342 -99.000 -99.000 -99.000    19.1    18.9 -9999.0 -9999.0 -9999.0
23907 20160304  2.423  -98.08   30.62    22.9     9.6    16.3    15.8     0.0    20.45 C    35.8     8.5    18.9    57.6    20.5    37.1   0.320   0.334 -99.000 -99.000 -99.000    17.4    17.7 -9999.0 -9999.0 -9999.0
23907 20160305  2.423  -98.08   30.62    24.9    10.1    17.5    16.9     0.0    19.85 C    38.0    10.8    21.1    98.5    33.5    63.7   0.318   0.334 -99.000 -99.000 -99.000    18.6    18.5 -9999.0 -9999.0 -9999.0
23907 20160306  2.423  -98.08   30.62    22.1    12.0    17.1    16.4     0.0     5.65 C    25.4    12.5    17.8    96.7    58.5    82.8   0.312   0.326 -99.000 -99.000 -99.000    17.8    18.0 -9999.0 -9999.0 -9999.0
23907 20160307  2.423  -98.08   30.62    22.4    16.4    19.4    18.7     0.8     4.42 C    24.1    16.8    19.0    97.9    65.3    86.6   0.311   0.324 -99.000 -99.000 -99.000    18.5    18.2 -9999.0 -9999.0 -9999.0
23907 20160308  2.423  -98.08   30.62    26.4    16.2    21.3    21.1    39.2    13.29 C    33.0    16.5    22.1    97.0    47.6    80.5   0.466   0.422 -99.000 -99.000 -99.000    20.0    19.5 -9999.0 -9999.0 -9999.0
23907 20160309  2.423  -98.08   30.62    18.2    13.4    15.8    13.9    17.3     2.15 C    19.6    14.0    15.0    98.4    87.7    95.3   0.562   0.550 -99.000 -99.000 -99.000    16.4    17.0 -9999.0 -9999.0 -9999.0
23907 20160310  2.423  -98.08   30.62    15.8    13.2    14.5    14.4    15.3     5.36 C    19.2    13.5    15.3    97.4    93.5    96.3   0.587   0.560 -99.000 -99.000 -99.000    15.9    16.0 -9999.0 -9999.0 -9999.0
23907 20160311  2.423  -98.08   30.62    16.8    13.1    15.0    15.0    29.9     5.05 C    22.4    13.4    16.0    98.3    83.7    94.5   0.612   0.573 -99.000 -99.000 -99.000    16.4    16.4 -9999.0 -9999.0 -9999.0
23907 20160312  2.423  -98.08   30.62    20.9    12.5    16.7    15.7     0.0    16.39 C    30.4    12.2    18.4    98.8    52.1    81.0   0.547   0.529 -99.000 -99.000 -99.000    17.2    16.9 -9999.0 -9999.0 -9999.0
23907 20160313  2.423  -98.08   30.62    27.1    13.2    20.1    19.9     0.0    22.40 C    32.6    12.2    20.0    92.4    22.1    53.0   0.480   0.488 -99.000 -99.000 -99.000    17.4    17.2 -9999.0 -9999.0 -9999.0
23907 20160314  2.423  -98.08   30.62    32.0    15.6    23.8    23.6     0.0    22.96 C    37.7    11.4    22.2    70.0    13.3    29.8   0.442   0.455 -99.000 -99.000 -99.000    17.9    17.5 -9999.0 -9999.0 -9999.0
23907 20160315  2.423  -98.08   30.62    31.4    17.2    24.3    23.0     0.0    21.17 C    40.6    16.5    24.6    98.9    17.2    53.5   0.420   0.446 -99.000 -99.000 -99.000    20.0    19.4 -9999.0 -9999.0 -9999.0
23907 20160316  2.423  -98.08   30.62    26.8    14.3    20.5    19.9     0.0    21.04 C    39.8    13.9    23.7    92.9    27.6    57.5   0.393   0.435 -99.000 -99.000 -99.000    19.3    19.1 -9999.0 -9999.0 -9999.0
23907 20160317  2.423  -98.08   30.62    25.8    18.4    22.1    20.9     0.0    11.80 C    39.0    19.5    24.4    97.1    54.4    81.9   0.385   0.430 -99.000 -99.000 -99.000    21.6    21.0 -9999.0 -9999.0 -9999.0
23907 20160318  2.423  -98.08   30.62    26.0    10.7    18.3    18.5     3.5     7.71 C    37.7    12.2    21.6    98.6    63.5    89.8   0.385   0.426 -99.000 -99.000 -99.000    20.8    20.8 -9999.0 -9999.0 -9999.0
23907 20160319  2.423  -98.08   30.62    15.0     5.8    10.4    10.0     0.0    22.33 C    26.2     8.0    14.6    75.2    31.9    54.5   0.388   0.421 -99.000 -99.000 -99.000    15.6    16.9 -9999.0 -9999.0 -9999.0
23907 20160320  2.423  -98.08   30.62    15.1     3.8     9.5     9.4     0.0    23.72 C    28.8     4.6    13.9    61.1    25.5    41.4   0.366   0.408 -99.000 -99.000 -99.000    14.4    15.4 -9999.0 -9999.0 -9999.0
23907 20160321  2.423  -98.08   30.62    19.0     3.4    11.2    11.3     0.0    24.01 C    32.4     4.3    15.6    72.2    25.9    42.6   0.356   0.397 -99.000 -99.000 -99.000    15.1    15.7 -9999.0 -9999.0 -9999.0
23907 20160322  2.423  -98.08   30.62    23.5     8.5    16.0    16.0     0.0    23.41 C    34.6     7.9    19.1    83.2    43.1    64.5   0.349   0.393 -99.000 -99.000 -99.000    17.2    17.1 -9999.0 -9999.0 -9999.0
23907 20160323  2.423  -98.08   30.62    26.7    17.1    21.9    20.7     0.0    20.21 C    38.5    17.6    24.3    92.6    48.4    72.9   0.345   0.393 -99.000 -99.000 -99.000    20.8    20.0 -9999.0 -9999.0 -9999.0
23907 20160324  2.423  -98.08   30.62    19.9     8.4    14.1    14.0     0.0    24.21 C    33.7     9.7    19.2    75.8    29.7    41.4   0.327   0.386 -99.000 -99.000 -99.000    18.5    19.1 -9999.0 -9999.0 -9999.0
23907 20160325  2.423  -98.08   30.62    22.2     7.1    14.7    14.3     0.0    24.04 C    38.4     7.2    19.5    71.2    18.1    45.3   0.316   0.377 -99.000 -99.000 -99.000    18.1    18.3 -9999.0 -9999.0 -9999.0
23907 20160326  2.423  -98.08   30.62    22.8     9.6    16.2    15.7     0.0    19.18 C    37.9    10.3    20.8    96.5    50.2    74.9   0.310   0.373 -99.000 -99.000 -99.000    19.3    19.2 -9999.0 -9999.0 -9999.0
23907 20160327  2.423  -98.08   30.62    20.5    11.6    16.0    16.1     0.0    20.24 C    34.9    12.6    21.0    96.8    40.3    67.1   0.300   0.368 -99.000 -99.000 -99.000    19.6    19.8 -9999.0 -9999.0 -9999.0
23907 20160328  2.423  -98.08   30.62    22.3     7.9    15.1    15.4     0.0    24.04 C    38.7     8.9    21.4    71.1    23.8    47.3   0.287   0.361 -99.000 -99.000 -99.000    19.3    19.3 -9999.0 -9999.0 -9999.0
23907 20160329  2.423  -98.08   30.62    19.2    13.4    16.3    17.0     1.3     4.24 C    23.4    14.4    19.0    98.8    48.3    88.5   0.276   0.356 -99.000 -99.000 -99.000    19.2    19.3 -9999.0 -9999.0 -9999.0
23907 20160330  2.423  -98.08   30.62    22.9    19.0    20.9    20.3     4.2     4.55 C    25.4    19.0    20.6    98.7    81.4    94.9   0.275   0.356 -99.000 -99.000 -99.000    20.4    19.9 -9999.0 -9999.0 -9999.0
23907 20160331  2.423  -98.08   30.62    26.9    14.7    20.8    21.1     0.0    24.68 C    36.4    15.3    23.5    97.9    18.3    51.0   0.277   0.355 -99.000 -99.000 -99.000    21.5    21.0 -9999.0 -9999.0 -9999.0
23907 20160401  2.423  -98.08   30.62    15.2     8.5    11.9    11.6     6.7     8.38 C    18.9     8.0    13.7    94.1    46.5    69.6   0.341   0.369 -99.000 -99.000 -99.000    16.1    17.4 -9999.0 -9999.0 -9999.0
23907 20160402  2.423  -98.08   30.62    20.5     4.9    12.7    13.3     0.0    25.26 C    31.4     5.3    16.4    81.7    23.5    46.3   0.369   0.387 -99.000 -99.000 -99.000    16.2    16.4 -9999.0 -9999.0 -9999.0
23907 20160403  2.423  -98.08   30.62    24.1    10.4    17.3    17.0     0.0    25.52 C    36.9     8.7    20.1    57.0    20.9    38.9   0.351   0.379 -99.000 -99.000 -99.000    18.3    18.1 -9999.0 -9999.0 -9999.0
23907 20160404  2.423  -98.08   30.62    27.7    11.6    19.7    19.4     0.0    25.43 C    40.0    10.5    22.7    57.5    20.2    42.0   0.333   0.369 -99.000 -99.000 -99.000    20.1    19.7 -9999.0 -9999.0 -9999.0
23907 20160405  2.423  -98.08   30.62    26.5    13.7    20.1    19.8     0.0    25.31 C    40.4    12.3    23.6    55.6    27.6    41.4   0.314   0.359 -99.000 -99.000 -99.000    21.1    20.7 -9999.0 -9999.0 -9999.0
23907 20160406  2.423  -98.08   30.62    25.1    13.9    19.5    19.1     0.0    23.71 C    37.9    14.5    22.9    89.1    19.2    45.1   0.294   0.345 -99.000 -99.000 -99.000    20.9    20.9 -9999.0 -9999.0 -9999.0
23907 20160407  2.423  -98.08   30.62    28.3    13.2    20.8    20.7     0.0    23.62 C    43.0    11.7    23.7    45.8    17.8    31.4   0.274   0.319 -99.000 -99.000 -99.000    21.1    20.8 -9999.0 -9999.0 -9999.0
23907 20160408  2.423  -98.08   30.62    24.3    14.6    19.4    19.5     0.0    18.36 C    38.0    14.7    22.9    53.3    20.9    34.5   0.254   0.307 -99.000 -99.000 -99.000    20.9    20.8 -9999.0 -9999.0 -9999.0
23907 20160409  2.423  -98.08   30.62    23.3    14.7    19.0    18.3     0.0    13.60 C    34.9    15.7    21.8    78.6    41.9    55.1   0.239   0.298 -99.000 -99.000 -99.000    20.6    20.6 -9999.0 -9999.0 -9999.0
23907 20160410  2.423  -98.08   30.62    23.7    17.3    20.5    19.8     0.5     7.83 C    28.9    18.7    21.8    88.0    67.2    78.8   0.229   0.293 -99.000 -99.000 -99.000    21.1    20.8 -9999.0 -9999.0 -9999.0
23907 20160411  2.423  -98.08   30.62    32.1    18.8    25.5    24.3     0.0    22.27 C    46.1    20.1    28.4    93.6    20.1    65.0   0.224   0.301 -99.000 -99.000 -99.000    24.3    23.1 -9999.0 -9999.0 -9999.0
23907 20160412  2.423  -98.08   30.62    18.8    14.8    16.8    16.4    21.2     5.86 C    25.9    15.9    19.7    97.4    73.7    87.3   0.230   0.334 -99.000 -99.000 -99.000    20.9    21.3 -9999.0 -9999.0 -9999.0
23907 20160413  2.423  -98.08   30.62    19.8    13.1    16.5    15.5     0.0     7.90 C    25.1    13.8    17.9    98.4    71.4    91.6   0.418   0.470 -99.000 -99.000 -99.000    18.8    19.2 -9999.0 -9999.0 -9999.0
23907 20160414  2.423  -98.08   30.62    22.5    11.2    16.8    15.5     0.0    20.26 C    33.9    11.9    19.7    99.3    55.3    84.9   0.399   0.424 -99.000 -99.000 -99.000    19.2    19.3 -9999.0 -9999.0 -9999.0
23907 20160415  2.423  -98.08   30.62    25.1    13.6    19.4    18.6     0.0    23.04 C    38.3    13.9    23.3    98.9    50.7    77.8   0.380   0.412 -99.000 -99.000 -99.000    21.2    20.8 -9999.0 -9999.0 -9999.0
23907 20160416  2.423  -98.08   30.62    22.4    15.9    19.2    19.3     2.1     5.29 C    24.8    17.0    20.7    97.1    81.2    89.5   0.360   0.393 -99.000 -99.000 -99.000    20.4    20.5 -9999.0 -9999.0 -9999.0
23907 20160417  2.423  -98.08   30.62    23.9    16.3    20.1    18.9    25.1     6.27 C    30.0    17.7    20.3    98.8    79.3    96.0   0.460   0.463 -99.000 -99.000 -99.000    20.5    20.3 -9999.0 -9999.0 -9999.0
23907 20160418  2.423  -98.08   30.62    20.8    16.1    18.4    18.2    30.1     7.06 C    26.9    16.8    19.5    98.8    76.4    94.1   0.577   0.544 -99.000 -99.000 -99.000    19.9    19.8 -9999.0 -9999.0 -9999.0
23907 20160419  2.423  -98.08   30.62    23.7    16.7    20.2    19.5     0.0    10.82 C    31.2    16.8    21.6    99.0    70.7    89.1   0.528   0.507 -99.000 -99.000 -99.000    20.8    20.4 -9999.0 -9999.0 -9999.0
23907 20160420  2.423  -98.08   30.62    24.9    14.8    19.8    19.7     7.3    21.85 C    39.5    16.2    24.5    97.6    60.9    82.7   0.543   0.534 -99.000 -99.000 -99.000    22.3    21.6 -9999.0 -9999.0 -9999.0
23907 20160421  2.423  -98.08   30.62    25.4    14.3    19.9    19.0     8.7    19.22 C    35.1    15.9    22.5    96.8    51.7    79.3   0.552   0.537 -99.000 -99.000 -99.000    21.3    21.1 -9999.0 -9999.0 -9999.0
23907 20160422  2.423  -98.08   30.62    25.9    15.5    20.7    20.7     0.0    27.11 C    38.4    14.3    24.4    76.3    36.6    53.0   0.491   0.484 -99.000 -99.000 -99.000    21.7    21.3 -9999.0 -9999.0 -9999.0
23907 20160423  2.423  -98.08   30.62    26.3    15.1    20.7    20.8     0.0    26.29 C    41.0    15.0    25.5    73.4    35.5    53.2   0.447   0.452 -99.000 -99.000 -99.000    22.2    21.8 -9999.0 -9999.0 -9999.0
23907 20160424  2.423  -98.08   30.62    24.9    16.0    20.4    20.0     0.0    18.17 C    40.0    17.6    24.6    92.2    59.5    78.0   0.415   0.430 -99.000 -99.000 -99.000    22.2    21.9 -9999.0 -9999.0 -9999.0
23907 20160425  2.423  -98.08   30.62    30.2    19.8    25.0    24.1     0.0    22.00 C    44.4    21.1    29.1    93.9    55.2    77.9   0.388   0.426 -99.000 -99.000 -99.000    24.8    23.9 -9999.0 -9999.0 -9999.0
23907 20160426  2.423  -98.08   30.62    28.1    20.6    24.4    23.9     0.0    20.86 C    42.7    21.3    28.8    90.4    56.3    76.2   0.349   0.407 -99.000 -99.000 -99.000    25.4    24.7 -9999.0 -9999.0 -9999.0
23907 20160427  2.423  -98.08   30.62    27.8    15.6    21.7    22.4    23.6    27.86 C    39.7    16.4    26.1    96.6    19.9    48.9   0.517   0.534 -99.000 -99.000 -99.000    23.5    23.0 -9999.0 -9999.0 -9999.0
23907 20160428  2.423  -98.08   30.62    28.8    16.7    22.7    22.9     0.0    24.38 C    41.1    18.2    27.7    98.9    42.2    73.0   0.451   0.480 -99.000 -99.000 -99.000    24.2    23.6 -9999.0 -9999.0 -9999.0
23907 20160429  2.423  -98.08   30.62    27.9    21.7    24.8    24.6     0.0    11.65 C    34.7    22.8    27.3    93.1    67.7    83.0   0.418   0.456 -99.000 -99.000 -99.000    25.0    24.5 -9999.0 -9999.0 -9999.0
23907 20160430  2.423  -98.08   30.62    27.5    16.4    21.9    21.5     1.8    26.37 C    41.0    17.1    27.1    95.8    44.0    74.0   0.402   0.440 -99.000 -99.000 -99.000    25.0    24.6 -9999.0 -9999.0 -9999.0
23907 20160501  2.423  -98.08   30.62    22.7    15.8    19.2    18.8     0.0    15.38 C    33.0    17.3    22.9    95.6    53.3    73.6   0.367   0.415 -99.000 -99.000 -99.000    22.3    22.8 -9999.0 -9999.0 -9999.0
23907 20160502  2.423  -98.08   30.62    18.1    11.5    14.8    13.8     0.2     7.65 C    23.5    12.6    17.4    89.7    58.9    76.8   0.341   0.390 -99.000 -99.000 -99.000    19.0    20.2 -9999.0 -9999.0 -9999.0
23907 20160503  2.423  -98.08   30.62    23.2     9.5    16.3    16.4     0.0    28.08 C    38.9    10.3    22.6    92.7    38.8    62.6   0.326   0.378 -99.000 -99.000 -99.000    21.0    20.7 -9999.0 -9999.0 -9999.0
23907 20160504  2.423  -98.08   30.62    27.8    13.0    20.4    20.6     0.0    28.18 C    42.5    13.9    25.9    75.5    26.8    48.9   0.299   0.362 -99.000 -99.000 -99.000    22.8    22.3 -9999.0 -9999.0 -9999.0
23907 20160505  2.423  -98.08   30.62    28.6    16.5    22.6    22.6     0.0    26.26 C    46.3    15.5    27.8    56.4    29.9    43.4   0.271   0.338 -99.000 -99.000 -99.000    24.1    23.5 -9999.0 -9999.0 -9999.0
23907 20160506  2.423  -98.08   30.62    28.4    15.6    22.0    22.4     0.0    28.29 C    46.7    16.0    28.7    63.6    26.6    43.9   0.245   0.318 -99.000 -99.000 -99.000    25.0    24.4 -9999.0 -9999.0 -9999.0
23907 20160507  2.423  -98.08   30.62    27.1    15.3    21.2    21.5     0.0    25.55 C    45.1    16.9    27.6    89.5    38.9    61.6   0.222   0.299 -99.000 -99.000 -99.000    25.3    24.7 -9999.0 -9999.0 -9999.0
23907 20160508  2.423  -98.08   30.62    21.2    19.0    20.1    20.0     1.7     5.18 C    24.7    20.3    21.9    96.4    77.2    85.3   0.206   0.290 -99.000 -99.000 -99.000    23.0    23.2 -9999.0 -9999.0 -9999.0
23907 20160509  2.423  -98.08   30.62    29.7    19.0    24.3    23.8     0.0    23.16 C    41.3    19.0    27.5    90.7    42.4    68.7   0.203   0.286 -99.000 -99.000 -99.000    25.4    24.4 -9999.0 -9999.0 -9999.0
23907 20160510  2.423  -98.08   30.62    32.6    17.0    24.8    24.9     0.3    24.14 C    47.1    19.6    30.7    96.3    44.2    75.7   0.195   0.277 -99.000 -99.000 -99.000    28.0    26.6 -9999.0 -9999.0 -9999.0
23907 20160511  2.423  -98.08   30.62    29.6    17.1    23.3    23.6     1.4    21.68 C    41.3    18.1    27.6    96.3    54.6    73.1   0.184   0.264 -99.000 -99.000 -99.000    26.6    25.9 -9999.0 -9999.0 -9999.0
23907 20160512  2.423  -98.08   30.62    27.7    17.0    22.4    22.2     6.1    17.15 C    38.0    18.8    26.2    97.7    55.5    79.4   0.211   0.259 -99.000 -99.000 -99.000    25.3    25.3 -9999.0 -9999.0 -9999.0
23907 20160513  2.423  -98.08   30.62    29.5    19.3    24.4    24.0     0.0    21.82 C    43.5    20.6    29.2    86.4    51.7    70.6   0.221   0.258 -99.000 -99.000 -99.000    26.5    25.8 -9999.0 -9999.0 -9999.0
23907 20160514  2.423  -98.08   30.62    27.1    16.4    21.8    20.9    78.9     7.40 C    34.2    17.2    23.2    98.2    59.8    87.1   0.392   0.426 -99.000 -99.000 -99.000    23.4    23.5 -9999.0 -9999.0 -9999.0
23907 20160515  2.423  -98.08   30.62    21.5    14.1    17.8    17.8     4.0    10.54 C    28.1    16.4    21.0    98.5    76.1    85.2   0.500   0.534 -99.000 -99.000 -99.000    21.3    21.5 -9999.0 -9999.0 -9999.0
23907 20160516  2.423  -98.08   30.62    24.1    18.0    21.0    20.2     6.6    11.64 C    30.7    19.0    22.9    98.3    70.3    88.6   0.546   0.572 -99.000 -99.000 -99.000    22.4    22.2 -9999.0 -9999.0 -9999.0
23907 20160517  2.423  -98.08   30.62    26.5    16.7    21.6    20.5     8.2    14.82 C    37.2    18.0    23.9    98.7    64.0    86.9   0.503   0.531 -99.000 -99.000 -99.000    22.9    22.7 -9999.0 -9999.0 -9999.0
23907 20160518  2.423  -98.08   30.62    20.4    15.1    17.8    16.8     0.0    13.43 C    29.2    16.9    20.6    96.1    71.9    87.3   0.534   0.558 -99.000 -99.000 -99.000    21.0    21.3 -9999.0 -9999.0 -9999.0
23907 20160519  2.423  -98.08   30.62    20.1    14.5    17.3    16.7    54.3     8.66 C    27.1    15.5    19.0    98.4    81.2    92.9   0.577   0.590 -99.000 -99.000 -99.000    19.5    19.7 -9999.0 -9999.0 -9999.0
23907 20160520  2.423  -98.08   30.62    26.4    14.9    20.7    19.6     0.0    23.38 C    38.9    16.0    24.8    99.0    57.8    82.3   0.527   0.548 -99.000 -99.000 -99.000    22.4    21.8 -9999.0 -9999.0 -9999.0
23907 20160521  2.423  -98.08   30.62    28.6    19.3    24.0    23.1     0.0    18.11 C    40.3    20.4    27.2    94.2    67.0    83.7   0.483   0.508 -99.000 -99.000 -99.000    24.4    23.6 -9999.0 -9999.0 -9999.0
23907 20160522  2.423  -98.08   30.62    28.8    21.1    25.0    24.3     0.0    13.50 C    37.7    23.1    27.7    97.1    66.7    84.4   0.455   0.481 -99.000 -99.000 -99.000    25.2    24.6 -9999.0 -9999.0 -9999.0
23907 20160523  2.423  -98.08   30.62    27.9    20.7    24.3    23.4     0.0    10.17 C    35.5    22.4    26.3    95.0    71.0    86.7   0.431   0.459 -99.000 -99.000 -99.000    24.6    24.3 -9999.0 -9999.0 -9999.0
23907 20160524  2.423  -98.08   30.62    28.3    21.6    25.0    24.6     0.0    12.18 C    36.2    21.9    27.4    96.2    68.8    83.8   0.409   0.439 -99.000 -99.000 -99.000    25.3    24.7 -9999.0 -9999.0 -9999.0
23907 20160525  2.423  -98.08   30.62    27.7    22.8    25.2    25.0     0.0     6.60 C    32.5    23.2    26.4    92.6    76.8    86.0   0.386   0.421 -99.000 -99.000 -99.000    25.1    24.7 -9999.0 -9999.0 -9999.0
23907 20160526  2.423  -98.08   30.62    30.6    18.2    24.4    24.4    15.9    13.39 C    38.8    19.8    27.3    98.2    65.2    88.0   0.381   0.420 -99.000 -99.000 -99.000    25.8    25.2 -9999.0 -9999.0 -9999.0
23907 20160527  2.423  -98.08   30.62    23.6    17.6    20.6    19.7     0.5    10.66 C    30.7    18.3    22.0    98.3    75.7    91.1   0.494   0.536 -99.000 -99.000 -99.000    22.7    23.0 -9999.0 -9999.0 -9999.0
23907 20160528  2.423  -98.08   30.62    31.0    17.5    24.2    24.1     0.0    20.57 C    40.5    17.9    27.4    99.2    56.5    82.3   0.465   0.491 -99.000 -99.000 -99.000    25.0    24.2 -9999.0 -9999.0 -9999.0
23907 20160529  2.423  -98.08   30.62    29.4    19.8    24.6    24.4     7.9    20.29 C    40.5    20.2    27.5    96.6    55.3    77.3   0.494   0.525 -99.000 -99.000 -99.000    25.7    25.2 -9999.0 -9999.0 -9999.0
23907 20160530  2.423  -98.08   30.62    29.8    17.0    23.4    23.4    16.0    23.76 C    41.2    18.6    28.1    98.2    44.4    74.1   0.551   0.572 -99.000 -99.000 -99.000    25.7    24.9 -9999.0 -9999.0 -9999.0
23907 20160531  2.423  -98.08   30.62    26.0    19.2    22.6    22.0     8.2     4.65 C    30.2    20.1    23.9    98.7    77.5    92.6   0.539   0.565 -99.000 -99.000 -99.000    24.4    24.4 -9999.0 -9999.0 -9999.0
23907 20160601  2.423  -98.08   30.62    28.3    18.7    23.5    22.5     3.0    17.28 C    40.6    19.5    26.2    98.8    59.6    86.2   0.557   0.578 -99.000 -99.000 -99.000    24.9    24.3 -9999.0 -9999.0 -9999.0
23907 20160602  2.423  -98.08   30.62    25.1    18.0    21.5    21.2    33.8    18.88 C    36.2    19.2    25.1    98.5    60.5    84.5   0.592   0.594 -99.000 -99.000 -99.000    24.1    24.0 -9999.0 -9999.0 -9999.0
23907 20160603  2.423  -98.08   30.62    26.7    17.8    22.3    21.2     4.2    17.08 C    38.0    19.4    25.2    97.4    53.0    81.2   0.551   0.558 -99.000 -99.000 -99.000    24.4    23.9 -9999.0 -9999.0 -9999.0
23907 20160604  2.423  -98.08   30.62    27.5    18.1    22.8    21.7     0.4    16.42 C    36.0    18.7    24.4    98.6    58.7    84.8   0.537   0.548 -99.000 -99.000 -99.000    24.0    23.8 -9999.0 -9999.0 -9999.0
23907 20160605  2.423  -98.08   30.62    28.8    19.1    24.0    23.7     0.0    24.54 C    37.4    18.7    26.5    91.9    31.8    60.6   0.495   0.510 -99.000 -99.000 -99.000    24.3    23.9 -9999.0 -9999.0 -9999.0
23907 20160606  2.423  -98.08   30.62    29.5    18.4    23.9    24.1     0.0    29.12 C    43.3    18.2    29.0    68.7    34.9    52.5   0.450   0.464 -99.000 -99.000 -99.000    24.8    24.2 -9999.0 -9999.0 -9999.0
23907 20160607  2.423  -98.08   30.62    31.0    19.9    25.4    25.5     0.0    25.70 C    46.7    20.8    31.2    76.6    39.1    56.9   0.406   0.427 -99.000 -99.000 -99.000    26.0    25.3 -9999.0 -9999.0 -9999.0
23907 20160608  2.423  -98.08   30.62    31.9    21.5    26.7    26.0     0.0    25.20 C    50.0    21.7    32.9    90.1    46.0    69.4   0.360   0.395 -99.000 -99.000 -99.000    27.4    26.5 -9999.0 -9999.0 -9999.0
23907 20160609  2.423  -98.08   30.62    31.1    21.0    26.0    25.0     0.8    21.79 C    47.7    22.7    31.2    94.8    51.0    75.1   0.316   0.367 -99.000 -99.000 -99.000    27.6    26.9 -9999.0 -9999.0 -9999.0
23907 20160610  2.423  -98.08   30.62    31.2    20.1    25.7    25.6     0.0    25.43 C    49.2    21.1    32.0    97.1    50.8    73.7   0.283   0.345 -99.000 -99.000 -99.000    28.1    27.2 -9999.0 -9999.0 -9999.0
23907 20160611  2.423  -98.08   30.62    31.7    22.7    27.2    26.8     0.0    19.07 C    46.5    24.5    32.2    96.9    51.6    74.7   0.255   0.323 -99.000 -99.000 -99.000    28.7    27.8 -9999.0 -9999.0 -9999.0
23907 20160612  2.423  -98.08   30.62    33.1    24.0    28.5    27.8     0.0    22.48 C    49.9    25.4    34.0    93.8    49.0    74.4   0.233   0.301 -99.000 -99.000 -99.000    30.0    28.8 -9999.0 -9999.0 -9999.0
23907 20160613  2.423  -98.08   30.62    33.0    23.5    28.2    27.9     0.0    24.25 C    49.2    25.1    34.6    91.4    49.8    72.8   0.212   0.280 -99.000 -99.000 -99.000    30.8    29.4 -9999.0 -9999.0 -9999.0
23907 20160614  2.423  -98.08   30.62    32.6    24.5    28.6    27.4     0.0    18.37 C    47.8    26.6    33.1    88.5    53.8    74.5   0.196   0.262 -99.000 -99.000 -99.000    30.4    29.5 -9999.0 -9999.0 -9999.0
23907 20160615  2.423  -98.08   30.62    34.5    24.1    29.3    28.5     0.0    27.05 C    51.1    25.2    35.4    89.7    40.3    66.5   0.186   0.246 -99.000 -99.000 -99.000    31.7    30.2 -9999.0 -9999.0 -9999.0
23907 20160616  2.423  -98.08   30.62    34.2    22.4    28.3    28.0     0.0    27.86 C    50.9    24.2    35.2    96.9    38.5    68.3   0.174   0.234 -99.000 -99.000 -99.000    32.1    30.7 -9999.0 -9999.0 -9999.0
23907 20160617  2.423  -98.08   30.62    35.3    22.3    28.8    28.3     0.0    28.23 C    52.6    24.0    36.0    92.1    33.7    65.5   0.165   0.219 -99.000 -99.000 -99.000    32.7    31.1 -9999.0 -9999.0 -9999.0
23907 20160618  2.423  -98.08   30.62    35.3    23.3    29.3    28.4     0.0    26.70 C    54.7    25.3    36.4    93.6    40.7    67.7   0.157   0.210 -99.000 -99.000 -99.000    33.2    31.5 -9999.0 -9999.0 -9999.0
23907 20160619  2.423  -98.08   30.62    32.5    23.7    28.1    27.4     0.0    19.92 C    48.2    26.3    34.0    85.7    45.3    67.6   0.150   0.197 -99.000 -99.000 -99.000    31.8    30.9 -9999.0 -9999.0 -9999.0
23907 20160620  2.423  -98.08   30.62    33.2    22.2    27.7    27.5     0.0    22.27 C    52.3    24.6    34.5    92.3    39.6    65.2   0.147   0.192 -99.000 -99.000 -99.000    31.8    30.7 -9999.0 -9999.0 -9999.0
23907 20160621  2.423  -98.08   30.62    34.1    22.7    28.4    28.1     0.0    22.67 C    51.6    24.9    34.8    88.9    38.6    62.8   0.144   0.184 -99.000 -99.000 -99.000    32.2    30.9 -9999.0 -9999.0 -9999.0
23907 20160622  2.423  -98.08   30.62    33.8    22.8    28.3    27.9     0.0    24.77 C    51.3    24.7    35.1    88.5    43.8    66.4   0.141   0.181 -99.000 -99.000 -99.000    32.8    31.3 -9999.0 -9999.0 -9999.0
23907 20160623  2.423  -98.08   30.62    33.2    22.8    28.0    27.5     0.0    27.66 C    52.2    25.0    35.6    88.9    44.1    65.2   0.138   0.179 -99.000 -99.000 -99.000    33.3    31.8 -9999.0 -9999.0 -9999.0
23907 20160624  2.423  -98.08   30.62    32.4    22.5    27.4    26.7     0.0    19.61 C    47.0    24.9    33.0    95.2    44.4    72.1   0.134   0.174 -99.000 -99.000 -99.000    32.2    31.2 -9999.0 -9999.0 -9999.0
23907 20160625  2.423  -98.08   30.62    29.9    23.5    26.7    25.1     0.8    10.23 C    42.7    24.7    28.9    95.3    64.4    86.2   0.131   0.171 -99.000 -99.000 -99.000    30.1    29.9 -9999.0 -9999.0 -9999.0
23907 20160626  2.423  -98.08   30.62    33.4    23.1    28.2    27.5     0.0    24.63 C    50.2    23.9    33.9    96.6    41.7    69.1   0.134   0.173 -99.000 -99.000 -99.000    31.9    30.5 -9999.0 -9999.0 -9999.0
23907 20160627  2.423  -98.08   30.62    34.2    22.6    28.4    27.9     0.0    25.54 C    52.0    24.7    35.4    92.8    37.4    62.8   0.133   0.170 -99.000 -99.000 -99.000    32.8    31.4 -9999.0 -9999.0 -9999.0
23907 20160628  2.423  -98.08   30.62    34.3    21.4    27.9    25.8    18.0    14.14 C    51.1    22.9    30.0    96.8    41.3    71.0   0.244   0.241 -99.000 -99.000 -99.000    29.5    29.6 -9999.0 -9999.0 -9999.0
23907 20160629  2.423  -98.08   30.62    32.7    20.9    26.8    26.8     0.0    25.71 C    45.0    22.0    31.5    93.8    40.5    67.0   0.363   0.306 -99.000 -99.000 -99.000    29.0    28.5 -9999.0 -9999.0 -9999.0
23907 20160630  2.423  -98.08   30.62    33.7    22.7    28.2    28.0     0.0    24.52 C    48.9    24.4    33.6    90.9    41.8    64.1   0.315   0.272 -99.000 -99.000 -99.000    29.9    29.4 -9999.0 -9999.0 -9999.0
23907 20160701  2.423  -98.08   30.62    33.9    22.5    28.2    28.2     0.0    27.77 C    50.4    24.1    35.1    89.8    38.5    62.7   0.272   0.240 -99.000 -99.000 -99.000    30.6    29.9 -9999.0 -9999.0 -9999.0
23907 20160702  2.423  -98.08   30.62    34.9    23.1    29.0    28.5     0.0    26.37 C    50.3    25.2    35.1    93.5    37.8    66.5   0.238   0.216 -99.000 -99.000 -99.000    31.4    30.6 -9999.0 -9999.0 -9999.0
23907 20160703  2.423  -98.08   30.62    34.6    23.7    29.1    28.5     0.0    20.65 C    48.5    25.4    33.9    86.0    45.5    69.8   0.212   0.201 -99.000 -99.000 -99.000    31.3    30.6 -9999.0 -9999.0 -9999.0
23907 20160704  2.423  -98.08   30.62    35.4    25.1    30.3    29.2     0.0    22.58 C    49.7    27.0    35.2    84.3    38.6    66.3   0.193   0.192 -99.000 -99.000 -99.000    32.1    31.2 -9999.0 -9999.0 -9999.0
23907 20160705  2.423  -98.08   30.62    35.2    24.1    29.6    29.1     0.0    27.24 C    52.4    25.6    36.1    87.4    41.9    66.2   0.176   0.187 -99.000 -99.000 -99.000    32.8    31.7 -9999.0 -9999.0 -9999.0
23907 20160706  2.423  -98.08   30.62    35.2    24.6    29.9    28.9     0.0    27.49 C    51.0    26.1    35.9    85.3    40.7    64.9   0.163   0.180 -99.000 -99.000 -99.000    33.1    32.0 -9999.0 -9999.0 -9999.0
23907 20160707  2.423  -98.08   30.62    35.4    24.1    29.7    28.9     0.0    26.99 C    51.7    26.2    35.9    86.4    41.3    64.7   0.154   0.177 -99.000 -99.000 -99.000    33.4    32.3 -9999.0 -9999.0 -9999.0
23907 20160708  2.423  -98.08   30.62    35.2    24.0    29.6    28.7     0.0    24.29 C    51.5    25.7    35.3    85.6    38.3    64.2   0.146   0.174 -99.000 -99.000 -99.000    33.4    32.3 -9999.0 -9999.0 -9999.0
23907 20160709  2.423  -98.08   30.62    35.6    21.5    28.5    28.6     0.2    22.26 C    49.5    24.9    35.0    89.8    34.9    65.1   0.141   0.171 -99.000 -99.000 -99.000    33.1    32.2 -9999.0 -9999.0 -9999.0
23907 20160710  2.423  -98.08   30.62    33.9    21.3    27.6    27.6     3.5    21.49 C    44.6    23.9    32.1    95.2    42.6    72.0   0.141   0.169 -99.000 -99.000 -99.000    31.2    31.1 -9999.0 -9999.0 -9999.0
23907 20160711  2.423  -98.08   30.62    35.5    24.4    29.9    28.8     0.0    26.57 C    48.3    25.6    34.2    84.6    33.0    61.0   0.146   0.169 -99.000 -99.000 -99.000    31.6    31.0 -9999.0 -9999.0 -9999.0
23907 20160712  2.423  -98.08   30.62    35.1    23.4    29.3    28.6     0.0    25.53 C    49.3    24.4    34.2    85.6    38.1    63.4   0.145   0.168 -99.000 -99.000 -99.000    32.2    31.4 -9999.0 -9999.0 -9999.0
23907 20160713  2.423  -98.08   30.62    35.8    24.4    30.1    29.6     0.0    27.16 C    50.9    25.9    35.6    85.3    40.0    61.6   0.141   0.167 -99.000 -99.000 -99.000    33.3    32.1 -9999.0 -9999.0 -9999.0
23907 20160714  2.423  -98.08   30.62    36.3    22.8    29.6    29.0     0.0    27.06 C    52.3    24.4    35.8    91.8    36.9    64.1   0.137   0.165 -99.000 -99.000 -99.000    33.7    32.5 -9999.0 -9999.0 -9999.0
23907 20160715  2.423  -98.08   30.62    36.6    23.4    30.0    29.4     0.0    26.75 C    52.4    25.1    36.2    89.5    26.7    58.6   0.133   0.164 -99.000 -99.000 -99.000    33.9    32.8 -9999.0 -9999.0 -9999.0
23907 20160716  2.423  -98.08   30.62    35.5    22.6    29.1    28.4     0.0    26.08 C    52.8    25.1    35.8    92.4    34.8    61.8   0.129   0.162 -99.000 -99.000 -99.000    34.0    32.9 -9999.0 -9999.0 -9999.0
23907 20160717  2.423  -98.08   30.62    35.0    22.0    28.5    28.6     0.0    26.70 C    52.6    24.4    35.8    94.6    35.9    61.4   0.126   0.161 -99.000 -99.000 -99.000    34.0    32.9 -9999.0 -9999.0 -9999.0
23907 20160718  2.423  -98.08   30.62    35.2    23.1    29.2    28.9     0.0    25.14 C    53.5    25.6    36.4    93.2    36.2    62.5   0.124   0.158 -99.000 -99.000 -99.000    34.3    33.1 -9999.0 -9999.0 -9999.0
23907 20160719  2.423  -98.08   30.62    35.5    23.7    29.6    28.9     0.0    24.97 C    52.4    26.6    36.6    88.1    36.1    62.2   0.122   0.157 -99.000 -99.000 -99.000    34.4    33.3 -9999.0 -9999.0 -9999.0
23907 20160720  2.423  -98.08   30.62    35.6    23.3    29.4    29.1     0.0    25.36 C    53.0    26.0    36.7    89.6    34.2    60.9   0.121   0.155 -99.000 -99.000 -99.000    34.4    33.4 -9999.0 -9999.0 -9999.0
23907 20160721  2.423  -98.08   30.62    36.5    23.3    29.9    29.6     0.0    27.85 C    54.1    25.8    37.5    82.3    27.8    53.5   0.119   0.153 -99.000 -99.000 -99.000    34.7    33.6 -9999.0 -9999.0 -9999.0
23907 20160722  2.423  -98.08   30.62    36.9    23.6    30.3    30.1     0.0    27.66 C    54.6    26.2    38.0    80.3    28.4    51.7   0.117   0.149 -99.000 -99.000 -99.000    35.1    33.8 -9999.0 -9999.0 -9999.0
23907 20160723  2.423  -98.08   30.62    36.7    23.9    30.3    30.1     0.0    27.49 C    54.5    26.7    38.1    84.3    28.8    55.2   0.115   0.149 -99.000 -99.000 -99.000    35.5    34.2 -9999.0 -9999.0 -9999.0
23907 20160724  2.423  -98.08   30.62    36.6    24.0    30.3    30.1     0.0    26.80 C    55.0    26.7    38.1    88.6    32.7    58.2   0.115   0.148 -99.000 -99.000 -99.000    35.7    34.4 -9999.0 -9999.0 -9999.0
23907 20160725  2.423  -98.08   30.62    36.8    23.2    30.0    28.4     0.9    21.32 C    55.3    27.0    36.1    95.6    32.2    66.0   0.113   0.143 -99.000 -99.000 -99.000    34.9    34.0 -9999.0 -9999.0 -9999.0
23907 20160726  2.423  -98.08   30.62    34.5    22.8    28.6    26.6     0.0    20.28 C    51.7    25.7    33.7    97.2    40.2    76.7   0.113   0.143 -99.000 -99.000 -99.000    33.4    33.0 -9999.0 -9999.0 -9999.0
23907 20160727  2.423  -98.08   30.62    33.6    22.3    27.9    26.6     0.0    21.01 C    50.0    25.1    33.8    95.3    44.0    72.4   0.114   0.142 -99.000 -99.000 -99.000    33.2    32.5 -9999.0 -9999.0 -9999.0
23907 20160728  2.423  -98.08   30.62    35.4    23.6    29.5    27.5     0.0    23.45 C    53.8    26.4    34.9    90.7    34.9    68.1   0.114   0.141 -99.000 -99.000 -99.000    33.7    32.7 -9999.0 -9999.0 -9999.0
23907 20160729  2.423  -98.08   30.62    34.2    22.9    28.5    27.9     0.0    17.68 C    48.8    25.5    33.4    87.8    37.0    62.6   0.112   0.139 -99.000 -99.000 -99.000    32.8    32.2 -9999.0 -9999.0 -9999.0
23907 20160730  2.423  -98.08   30.62    36.2    23.2    29.7    29.0     0.0    25.72 C    52.9    25.0    36.1    92.6    31.1    61.4   0.113   0.140 -99.000 -99.000 -99.000    34.1    32.8 -9999.0 -9999.0 -9999.0
23907 20160731  2.423  -98.08   30.62    35.6    23.5    29.6    29.1     0.0    26.54 C    52.1    25.7    36.2    89.7    34.9    60.8   0.113   0.138 -99.000 -99.000 -99.000    34.6    33.4 -9999.0 -9999.0 -9999.0
23907 20160801  2.423  -98.08   30.62    36.4    22.9    29.7    29.0     0.0    27.17 C    52.3    24.7    35.8    88.8    23.7    55.4   0.111   0.136 -99.000 -99.000 -99.000    34.4    33.4 -9999.0 -9999.0 -9999.0
23907 20160802  2.423  -98.08   30.62    36.9    22.2    29.5    29.0     0.0    27.21 C    53.4    24.3    36.3    94.9    28.9    60.0   0.110   0.135 -99.000 -99.000 -99.000    34.7    33.5 -9999.0 -9999.0 -9999.0
23907 20160803  2.423  -98.08   30.62    36.4    23.5    30.0    29.8     0.0    27.16 C    54.6    26.1    37.6    88.4    32.1    57.6   0.110   0.134 -99.000 -99.000 -99.000    35.3    34.0 -9999.0 -9999.0 -9999.0
23907 20160804  2.423  -98.08   30.62    36.1    23.5    29.8    29.7     0.0    27.06 C    53.9    26.0    37.3    83.7    33.9    57.2   0.109   0.134 -99.000 -99.000 -99.000    35.4    34.2 -9999.0 -9999.0 -9999.0
23907 20160805  2.423  -98.08   30.62    35.9    23.7    29.8    29.6     0.0    25.66 C    54.8    26.3    37.4    89.9    35.5    60.3   0.109   0.133 -99.000 -99.000 -99.000    35.5    34.3 -9999.0 -9999.0 -9999.0
23907 20160806  2.423  -98.08   30.62    36.5    24.0    30.3    30.0     0.0    26.31 C    54.2    26.6    37.6    84.8    29.4    55.3   0.108   0.132 -99.000 -99.000 -99.000    35.6    34.4 -9999.0 -9999.0 -9999.0
23907 20160807  2.423  -98.08   30.62    37.4    23.9    30.7    30.2     0.0    25.97 C    55.9    26.5    37.7    88.4    29.1    56.4   0.107   0.132 -99.000 -99.000 -99.000    35.7    34.5 -9999.0 -9999.0 -9999.0
23907 20160808  2.423  -98.08   30.62    37.1    24.2    30.6    30.3     0.0    26.07 C    55.2    26.6    37.9    86.0    32.3    56.2   0.107   0.131 -99.000 -99.000 -99.000    35.8    34.6 -9999.0 -9999.0 -9999.0
23907 20160809  2.423  -98.08   30.62    36.7    24.1    30.4    30.2     0.0    25.44 C    55.5    27.1    37.7    88.9    34.1    58.4   0.106   0.130 -99.000 -99.000 -99.000    35.9    34.7 -9999.0 -9999.0 -9999.0
23907 20160810  2.423  -98.08   30.62    37.2    24.6    30.9    30.6     0.0    26.52 C    55.1    27.0    38.3    89.5    31.6    57.2   0.107   0.130 -99.000 -99.000 -99.000    36.2    34.9 -9999.0 -9999.0 -9999.0
23907 20160811  2.423  -98.08   30.62    37.7    24.4    31.1    30.5     0.0    24.28 C    54.2    26.8    37.6    89.4    28.7    59.0   0.106   0.128 -99.000 -99.000 -99.000    36.0    34.9 -9999.0 -9999.0 -9999.0
23907 20160812  2.423  -98.08   30.62    39.7    24.2    32.0    29.6     0.0    22.74 C    56.1    26.8    36.9    89.6    27.1    63.2   0.105   0.129 -99.000 -99.000 -99.000    35.7    34.7 -9999.0 -9999.0 -9999.0
23907 20160813  2.423  -98.08   30.62    32.6    22.1    27.4    25.8    40.0    11.54 C    48.2    24.8    30.7    96.4    48.2    78.9   0.228   0.279 -99.000 -99.000 -99.000    31.8    32.1 -9999.0 -9999.0 -9999.0
23907 20160814  2.423  -98.08   30.62    31.7    21.2    26.4    24.8     0.0    12.98 C    42.1    25.1    29.2    98.0    55.5    85.3   0.421   0.461 -99.000 -99.000 -99.000    29.4    29.7 -9999.0 -9999.0 -9999.0
23907 20160815  2.423  -98.08   30.62    22.2    19.9    21.0    21.2    57.2     4.27 C    25.5    21.8    23.4    98.7    92.7    97.0   0.567   0.591 -99.000 -99.000 -99.000    26.0    26.6 -9999.0 -9999.0 -9999.0
23907 20160816  2.423  -98.08   30.62    26.7    20.9    23.8    22.6   102.3    10.71 C    33.5    21.6    25.1    98.4    78.5    93.8   0.620   0.611 -99.000 -99.000 -99.000    25.6    25.5 -9999.0 -9999.0 -9999.0
23907 20160817  2.423  -98.08   30.62    28.4    22.3    25.3    23.7    31.2     9.12 C    35.8    23.1    25.8    98.3    71.2    93.7   0.624   0.622 -99.000 -99.000 -99.000    26.4    26.3 -9999.0 -9999.0 -9999.0
23907 20160818  2.423  -98.08   30.62    29.5    22.0    25.7    23.9     5.8    12.11 C    38.7    23.0    26.5    98.5    64.6    92.3   0.584   0.580 -99.000 -99.000 -99.000    27.1    26.9 -9999.0 -9999.0 -9999.0
23907 20160819  2.423  -98.08   30.62    32.4    22.2    27.3    26.7     0.0    19.18 C    40.6    23.3    29.8    98.1    47.9    76.8   0.526   0.521 -99.000 -99.000 -99.000    28.0    27.5 -9999.0 -9999.0 -9999.0
23907 20160820  2.423  -98.08   30.62    26.0    21.1    23.6    23.4     4.2     5.68 C    28.5    22.5    25.2    97.6    79.4    90.7   0.492   0.495 -99.000 -99.000 -99.000    26.6    26.9 -9999.0 -9999.0 -9999.0
23907 20160821  2.423  -98.08   30.62    26.2    20.4    23.3    22.7    13.0     9.08 C    32.7    22.0    24.8    98.5    77.3    94.8   0.550   0.572 -99.000 -99.000 -99.000    26.0    26.1 -9999.0 -9999.0 -9999.0
23907 20160822  2.423  -98.08   30.62    30.7    22.4    26.5    25.3     0.6    17.66 C    40.0    23.2    28.4    98.3    53.7    81.6   0.556   0.549 -99.000 -99.000 -99.000    27.2    26.8 -9999.0 -9999.0 -9999.0
23907 20160823  2.423  -98.08   30.62    32.6    23.3    28.0    27.3     0.0    24.32 C    42.6    23.6    30.9    94.5    44.3    70.2   0.491   0.484 -99.000 -99.000 -99.000    28.0    27.5 -9999.0 -9999.0 -9999.0
23907 20160824  2.423  -98.08   30.62    32.5    22.7    27.6    26.9     0.0    24.16 C    46.6    23.4    31.7    92.1    48.4    71.7   0.448   0.448 -99.000 -99.000 -99.000    28.2    27.7 -9999.0 -9999.0 -9999.0
23907 20160825  2.423  -98.08   30.62    32.4    22.0    27.2    26.4     0.0    22.14 C    47.6    22.8    32.1    96.4    44.7    73.4   0.407   0.416 -99.000 -99.000 -99.000    28.4    28.1 -9999.0 -9999.0 -9999.0
23907 20160826  2.423  -98.08   30.62    32.6    19.7    26.1    26.0    31.2    20.73 C    49.8    22.2    32.3    96.3    44.8    77.1   0.410   0.427 -99.000 -99.000 -99.000    28.3    27.9 -9999.0 -9999.0 -9999.0
23907 20160827  2.423  -98.08   30.62    31.7    21.4    26.5    26.0     0.0    22.01 C    44.5    23.1    31.0    98.7    49.6    76.2   0.534   0.526 -99.000 -99.000 -99.000    27.9    27.5 -9999.0 -9999.0 -9999.0
23907 20160828  2.423  -98.08   30.62    31.2    21.4    26.3    25.4     7.4    22.25 C    43.7    23.4    30.6    95.5    52.9    77.5   0.489   0.489 -99.000 -99.000 -99.000    27.9    27.8 -9999.0 -9999.0 -9999.0
23907 20160829  2.423  -98.08   30.62    31.2    21.5    26.4    24.5     1.2    21.09 C    41.4    23.3    29.4    98.4    52.7    83.9   0.501   0.505 -99.000 -99.000 -99.000    27.7    27.6 -9999.0 -9999.0 -9999.0
23907 20160830  2.423  -98.08   30.62    30.1    21.3    25.7    24.6     0.0    15.75 C    40.3    23.0    28.6    98.2    59.3    82.5   0.470   0.469 -99.000 -99.000 -99.000    27.3    27.2 -9999.0 -9999.0 -9999.0
23907 20160831  2.423  -98.08   30.62    32.6    22.1    27.4    26.8     0.0    20.94 C    44.2    23.3    31.0    92.2    47.6    71.2   0.434   0.441 -99.000 -99.000 -99.000    27.8    27.5 -9999.0 -9999.0 -9999.0
23907 20160901  2.423  -98.08   30.62    32.8    23.3    28.0    26.6     0.0    19.28 C    46.4    24.2    31.2    90.6    47.3    71.8   0.385   0.406 -99.000 -99.000 -99.000    27.9    27.7 -9999.0 -9999.0 -9999.0
23907 20160902  2.423  -98.08   30.62    29.7    21.8    25.8    24.6     4.5    16.09 C    39.4    23.9    28.8    97.3    63.9    84.1   0.400   0.399 -99.000 -99.000 -99.000    27.5    27.4 -9999.0 -9999.0 -9999.0
23907 20160903  2.423  -98.08   30.62    31.6    21.7    26.6    25.4     1.7    15.31 C    41.3    23.1    28.7    95.9    54.3    80.8   0.397   0.397 -99.000 -99.000 -99.000    27.4    27.3 -9999.0 -9999.0 -9999.0
23907 20160904  2.423  -98.08   30.62    32.5    22.5    27.5    26.3     0.0    22.29 C    44.5    23.4    31.1    98.0    48.9    76.7   0.364   0.375 -99.000 -99.000 -99.000    28.0    27.6 -9999.0 -9999.0 -9999.0
23907 20160905  2.423  -98.08   30.62    31.2    22.2    26.7    25.5     0.0    15.07 C    42.8    23.9    29.5    96.4    57.6    81.6   0.317   0.343 -99.000 -99.000 -99.000    27.6    27.5 -9999.0 -9999.0 -9999.0
23907 20160906  2.423  -98.08   30.62    31.6    24.0    27.8    26.7     0.9    16.60 C    43.1    24.5    30.4    94.4    53.3    79.8   0.290   0.317 -99.000 -99.000 -99.000    28.0    27.7 -9999.0 -9999.0 -9999.0
23907 20160907  2.423  -98.08   30.62    32.6    23.6    28.1    27.5     0.0    20.94 C    44.5    24.2    31.6    95.7    50.3    74.9   0.264   0.290 -99.000 -99.000 -99.000    28.5    28.0 -9999.0 -9999.0 -9999.0
23907 20160908  2.423  -98.08   30.62    32.7    22.6    27.7    27.0     0.0    23.15 C    45.9    23.8    32.0    95.0    42.0    70.4   0.240   0.265 -99.000 -99.000 -99.000    28.6    28.3 -9999.0 -9999.0 -9999.0
23907 20160909  2.423  -98.08   30.62    32.4    22.4    27.4    26.9     0.0    23.05 C    46.2    23.6    32.2    94.3    41.9    68.8   0.221   0.249 -99.000 -99.000 -99.000    28.7    28.3 -9999.0 -9999.0 -9999.0
23907 20160910  2.423  -98.08   30.62    31.3    19.5    25.4    24.3     1.4    19.82 C    42.2    22.0    28.7    96.7    40.1    74.7   0.207   0.238 -99.000 -99.000 -99.000    27.5    27.7 -9999.0 -9999.0 -9999.0
23907 20160911  2.423  -98.08   30.62    31.2    19.1    25.2    24.7     0.0    23.16 C    46.4    20.7    30.4    87.8    43.9    65.8   0.200   0.231 -99.000 -99.000 -99.000    27.3    27.2 -9999.0 -9999.0 -9999.0
23907 20160912  2.423  -98.08   30.62    31.9    21.0    26.5    26.2     0.0    21.05 C    46.5    22.4    31.3    86.8    42.7    66.4   0.194   0.224 -99.000 -99.000 -99.000    27.9    27.6 -9999.0 -9999.0 -9999.0
23907 20160913  2.423  -98.08   30.62    31.4    22.2    26.8    25.8     0.0    16.91 C    43.0    23.9    31.2    96.6    48.9    75.6   0.188   0.218 -99.000 -99.000 -99.000    28.4    28.0 -9999.0 -9999.0 -9999.0
23907 20160914  2.423  -98.08   30.62    32.2    21.8    27.0    26.0     0.0    17.45 C    47.9    24.0    31.6    92.0    50.2    75.1   0.183   0.214 -99.000 -99.000 -99.000    28.5    28.1 -9999.0 -9999.0 -9999.0
23907 20160915  2.423  -98.08   30.62    32.4    22.0    27.2    26.8     0.0    15.74 C    46.4    23.3    31.3    92.4    44.2    69.6   0.178   0.210 -99.000 -99.000 -99.000    28.5    28.1 -9999.0 -9999.0 -9999.0
23907 20160916  2.423  -98.08   30.62    33.4    22.2    27.8    27.2     0.0    20.91 C    48.3    23.5    32.9    93.9    40.6    66.7   0.174   0.207 -99.000 -99.000 -99.000    29.0    28.4 -9999.0 -9999.0 -9999.0
23907 20160917  2.423  -98.08   30.62    34.3    21.9    28.1    27.9     0.0    18.82 C    47.5    23.8    32.9    91.9    40.5    65.7   0.169   0.203 -99.000 -99.000 -99.000    29.1    28.6 -9999.0 -9999.0 -9999.0
23907 20160918  2.423  -98.08   30.62    34.4    23.1    28.7    28.4     0.0    20.47 C    49.1    24.8    34.0    90.9    35.9    65.7   0.165   0.201 -99.000 -99.000 -99.000    29.7    29.0 -9999.0 -9999.0 -9999.0
23907 20160919  2.423  -98.08   30.62    35.4    23.4    29.4    28.7     0.0    22.24 C    49.9    24.8    34.5    85.3    37.3    63.9   0.161   0.198 -99.000 -99.000 -99.000    30.2    29.5 -9999.0 -9999.0 -9999.0
23907 20160920  2.423  -98.08   30.62    34.7    22.8    28.8    28.3     0.0    21.76 C    50.3    24.4    34.2    91.6    38.7    63.9   0.157   0.196 -99.000 -99.000 -99.000    30.2    29.6 -9999.0 -9999.0 -9999.0
23907 20160921  2.423  -98.08   30.62    33.3    22.6    28.0    26.9     0.0    16.46 C    46.8    24.8    31.9    93.7    34.7    64.2   0.153   0.194 -99.000 -99.000 -99.000    29.6    29.2 -9999.0 -9999.0 -9999.0
23907 20160922  2.423  -98.08   30.62    32.7    21.9    27.3    26.9     0.0    18.74 C    47.0    22.5    31.8    86.7    40.0    61.9   0.149   0.191 -99.000 -99.000 -99.000    29.1    28.7 -9999.0 -9999.0 -9999.0
23907 20160923  2.423  -98.08   30.62    31.8    23.3    27.6    26.9     0.0    19.72 C    46.0    25.2    32.6    94.0    49.2    74.1   0.148   0.190 -99.000 -99.000 -99.000    30.0    29.3 -9999.0 -9999.0 -9999.0
23907 20160924  2.423  -98.08   30.62    32.2    23.2    27.7    26.2     0.0    14.57 C    43.5    25.2    31.1    96.3    52.6    78.6   0.145   0.189 -99.000 -99.000 -99.000    29.7    29.3 -9999.0 -9999.0 -9999.0
23907 20160925  2.423  -98.08   30.62    28.3    19.6    23.9    22.8    53.5    11.30 C    37.4    21.7    26.5    98.2    66.0    90.7   0.334   0.411 -99.000 -99.000 -99.000    27.1    27.3 -9999.0 -9999.0 -9999.0
23907 20160926  2.423  -98.08   30.62    21.4    17.2    19.3    19.2     6.0     4.60 C    23.8    19.2    21.5    98.2    81.7    92.8   0.520   0.550 -99.000 -99.000 -99.000    24.4    25.0 -9999.0 -9999.0 -9999.0
23907 20160927  2.423  -98.08   30.62    24.1    17.2    20.7    20.2     0.0    12.00 C    31.4    19.3    23.3    91.6    53.0    71.2   0.477   0.484 -99.000 -99.000 -99.000    23.5    23.9 -9999.0 -9999.0 -9999.0
23907 20160928  2.423  -98.08   30.62    29.2    16.5    22.8    23.0     0.0    21.36 C    39.1    17.6    25.7    85.3    30.0    54.3   0.445   0.449 -99.000 -99.000 -99.000    23.9    24.0 -9999.0 -9999.0 -9999.0
23907 20160929  2.423  -98.08   30.62    26.9    16.2    21.5    21.4     0.0    21.60 C    37.5    17.2    24.4    69.9    37.4    50.7   0.410   0.420 -99.000 -99.000 -99.000    23.1    23.5 -9999.0 -9999.0 -9999.0
23907 20160930  2.423  -98.08   30.62    25.6    13.7    19.7    19.2     0.0    21.69 C    38.4    14.7    23.9    75.3    33.6    55.5   0.375   0.392 -99.000 -99.000 -99.000    22.5    22.9 -9999.0 -9999.0 -9999.0
23907 20161001  2.423  -98.08   30.62    25.3    16.1    20.7    19.4     0.0    11.91 C    36.4    16.8    22.8    76.4    41.5    60.6   0.347   0.373 -99.000 -99.000 -99.000    22.1    22.5 -9999.0 -9999.0 -9999.0
23907 20161002  2.423  -98.08   30.62    28.1    15.4    21.7    21.2     0.0    20.60 C    40.1    15.6    25.1    87.9    35.4    61.8   0.322   0.353 -99.000 -99.000 -99.000    22.7    22.8 -9999.0 -9999.0 -9999.0
23907 20161003  2.423  -98.08   30.62    28.3    17.8    23.1    22.5     0.0    20.60 C    41.0    18.2    26.7    86.0    42.9    63.8   0.297   0.330 -99.000 -99.000 -99.000    23.6    23.5 -9999.0 -9999.0 -9999.0
23907 20161004  2.423  -98.08   30.62    30.4    20.5    25.4    24.5     0.0    14.98 C    40.6    21.4    28.0    95.4    51.8    75.9   0.278   0.310 -99.000 -99.000 -99.000    24.9    24.5 -9999.0 -9999.0 -9999.0
23907 20161005  2.423  -98.08   30.62    31.2    21.7    26.5    25.7     0.0    18.43 C    43.2    22.6    29.9    95.5    48.8    73.7   0.262   0.290 -99.000 -99.000 -99.000    26.1    25.6 -9999.0 -9999.0 -9999.0
23907 20161006  2.423  -98.08   30.62    30.7    22.3    26.5    25.6     0.0    14.93 C    42.3    23.2    29.6    94.2    50.6    76.1   0.247   0.272 -99.000 -99.000 -99.000    26.5    26.0 -9999.0 -9999.0 -9999.0
23907 20161007  2.423  -98.08   30.62    27.3    14.9    21.1    20.2     0.5    14.44 C    37.7    17.2    24.7    96.7    61.9    87.6   0.233   0.262 -99.000 -99.000 -99.000    25.0    25.3 -9999.0 -9999.0 -9999.0
23907 20161008  2.423  -98.08   30.62    27.0    13.7    20.4    19.4     0.0    19.57 C    38.9    15.7    24.5    93.2    51.7    75.1   0.223   0.252 -99.000 -99.000 -99.000    23.6    23.9 -9999.0 -9999.0 -9999.0
23907 20161009  2.423  -98.08   30.62    25.8    13.5    19.6    18.7     0.0    19.15 C    38.2    15.2    23.2    83.6    26.3    53.7   0.212   0.242 -99.000 -99.000 -99.000    22.9    23.4 -9999.0 -9999.0 -9999.0
23907 20161010  2.423  -98.08   30.62    26.4    12.6    19.5    19.3     0.0    20.25 C    38.4    12.2    22.6    61.7    22.3    41.3   0.201   0.231 -99.000 -99.000 -99.000    21.8    22.4 -9999.0 -9999.0 -9999.0
23907 20161011  2.423  -98.08   30.62    29.1    15.0    22.1    21.8     0.0    19.76 C    40.4    13.7    24.4    58.1    28.2    44.7   0.193   0.222 -99.000 -99.000 -99.000    22.4    22.5 -9999.0 -9999.0 -9999.0
23907 20161012  2.423  -98.08   30.62    30.5    16.9    23.7    23.6     0.0    19.44 C    41.1    17.3    26.4    88.7    39.7    61.7   0.188   0.217 -99.000 -99.000 -99.000    23.8    23.5 -9999.0 -9999.0 -9999.0
23907 20161013  2.423  -98.08   30.62    28.5    17.6    23.0    21.8     0.0    13.36 C    40.0    21.1    26.7    93.5    55.3    75.1   0.184   0.214 -99.000 -99.000 -99.000    24.6    24.3 -9999.0 -9999.0 -9999.0
23907 20161014  2.423  -98.08   30.62    28.2    17.2    22.7    21.9     0.6    12.75 C    37.4    20.1    25.3    97.9    47.3    76.6   0.179   0.211 -99.000 -99.000 -99.000    24.2    24.1 -9999.0 -9999.0 -9999.0
23907 20161015  2.423  -98.08   30.62    29.7    20.8    25.2    24.6     0.0    13.62 C    38.3    21.7    27.2    96.0    51.1    74.5   0.177   0.210 -99.000 -99.000 -99.000    25.2    24.7 -9999.0 -9999.0 -9999.0
23907 20161016  2.423  -98.08   30.62    31.8    21.3    26.5    25.5     0.0    18.60 C    41.4    21.2    28.2    93.4    39.6    68.0   0.174   0.206 -99.000 -99.000 -99.000    25.8    25.3 -9999.0 -9999.0 -9999.0
23907 20161017  2.423  -98.08   30.62    31.4    21.5    26.4    25.9     0.0    17.83 C    41.4    22.2    29.0    91.3    47.5    68.4   0.170   0.204 -99.000 -99.000 -99.000    26.3    25.7 -9999.0 -9999.0 -9999.0
23907 20161018  2.423  -98.08   30.62    30.7    21.5    26.1    25.2     0.0    12.65 C    40.2    21.6    27.7    92.1    50.4    73.3   0.165   0.202 -99.000 -99.000 -99.000    26.2    25.8 -9999.0 -9999.0 -9999.0
23907 20161019  2.423  -98.08   30.62    30.9    22.2    26.5    25.5     0.0    14.97 C    40.8    22.3    28.5    95.6    42.8    71.5   0.163   0.200 -99.000 -99.000 -99.000    26.5    26.0 -9999.0 -9999.0 -9999.0
23907 20161020  2.423  -98.08   30.62    25.9    14.7    20.3    21.1     0.0    12.33 C    34.0    15.8    23.8    95.3    24.9    62.8   0.157   0.197 -99.000 -99.000 -99.000    24.4    24.7 -9999.0 -9999.0 -9999.0
23907 20161021  2.423  -98.08   30.62    22.7    10.5    16.6    16.2     0.0    18.87 C    34.7    12.0    20.1    72.1    30.3    50.0   0.151   0.192 -99.000 -99.000 -99.000    21.8    22.6 -9999.0 -9999.0 -9999.0
23907 20161022  2.423  -98.08   30.62    24.2    11.4    17.8    17.5     0.0    18.57 C    35.3    10.9    20.3    70.8    30.1    46.8   0.147   0.189 -99.000 -99.000 -99.000    20.9    21.5 -9999.0 -9999.0 -9999.0
23907 20161023  2.423  -98.08   30.62    25.8    13.4    19.6    19.4     0.0    12.90 C    32.9    14.5    21.9    90.3    46.5    67.4   0.146   0.189 -99.000 -99.000 -99.000    22.0    22.1 -9999.0 -9999.0 -9999.0
23907 20161024  2.423  -98.08   30.62    28.2    18.2    23.2    22.1     0.0    13.54 C    37.6    18.7    24.9    93.1    39.9    71.2   0.147   0.190 -99.000 -99.000 -99.000    23.7    23.3 -9999.0 -9999.0 -9999.0
23907 20161025  2.423  -98.08   30.62    26.8    17.3    22.0    21.2     0.0    11.57 C    35.7    18.4    24.0    98.1    45.2    73.3   0.146   0.189 -99.000 -99.000 -99.000    23.6    23.4 -9999.0 -9999.0 -9999.0
23907 20161026  2.423  -98.08   30.62    28.3    17.6    22.9    22.1     0.0    14.22 C    39.1    18.1    24.5    93.4    46.2    69.1   0.144   0.188 -99.000 -99.000 -99.000    23.7    23.4 -9999.0 -9999.0 -9999.0
23907 20161027  2.423  -98.08   30.62    29.7    17.9    23.8    22.6     0.0    16.01 C    41.3    18.1    25.8    95.3    41.1    68.3   0.143   0.188 -99.000 -99.000 -99.000    24.1    23.8 -9999.0 -9999.0 -9999.0
23907 20161028  2.423  -98.08   30.62    27.1    16.7    21.9    21.5     0.0    15.49 C    37.3    16.2    23.9    84.2    46.3    64.9   0.141   0.186 -99.000 -99.000 -99.000    23.4    23.3 -9999.0 -9999.0 -9999.0
23907 20161029  2.423  -98.08   30.62    28.2    17.2    22.7    21.7     0.0    15.08 C    38.9    17.6    24.6    98.6    43.5    71.8   0.140   0.186 -99.000 -99.000 -99.000    23.6    23.3 -9999.0 -9999.0 -9999.0
23907 20161030  2.423  -98.08   30.62    29.4    18.5    23.9    22.7     0.0    16.14 C    39.2    18.3    25.4    96.3    43.0    68.9   0.140   0.185 -99.000 -99.000 -99.000    24.0    23.7 -9999.0 -9999.0 -9999.0
23907 20161031  2.423  -98.08   30.62    28.0    16.5    22.2    21.6     0.0    16.46 C    37.8    16.5    24.6    97.8    32.1    69.2   0.138   0.184 -99.000 -99.000 -99.000    23.4    23.2 -9999.0 -9999.0 -9999.0
23907 20161101  2.423  -98.08   30.62    29.5    21.3    25.4    24.2     0.0    12.22 C    37.5    22.4    26.9    91.3    49.3    74.6   0.139   0.185 -99.000 -99.000 -99.000    25.0    24.4 -9999.0 -9999.0 -9999.0
23907 20161102  2.423  -98.08   30.62    29.6    21.7    25.6    24.5     0.0    10.58 C    37.3    22.6    27.1    97.0    58.4    80.4   0.140   0.185 -99.000 -99.000 -99.000    25.6    25.0 -9999.0 -9999.0 -9999.0
23907 20161103  2.423  -98.08   30.62    22.8    18.6    20.7    20.5    48.2     3.14 C    27.2    19.3    22.2    97.5    85.2    93.9   0.309   0.358 -99.000 -99.000 -99.000    23.5    23.5 -9999.0 -9999.0 -9999.0
23907 20161104  2.423  -98.08   30.62    20.4    17.9    19.1    18.9     0.0     2.55 C    22.8    18.6    20.5    97.2    86.4    93.5   0.465   0.482 -99.000 -99.000 -99.000    21.9    22.1 -9999.0 -9999.0 -9999.0
23907 20161105  2.423  -98.08   30.62    21.6    15.5    18.6    18.6     0.0     3.90 C    24.6    17.8    20.6    98.1    83.8    92.2   0.444   0.452 -99.000 -99.000 -99.000    21.9    22.0 -9999.0 -9999.0 -9999.0
23907 20161106  2.423  -98.08   30.62    20.9    14.3    17.6    16.3    36.7     3.45 C    24.3    15.4    17.9    98.0    73.0    89.9   0.511   0.513 -99.000 -99.000 -99.000    19.9    20.3 -9999.0 -9999.0 -9999.0
23907 20161107  2.423  -98.08   30.62    20.0    15.9    18.0    17.9    18.0     3.36 C    22.1    16.1    19.0    98.7    92.4    97.6   0.540   0.536 -99.000 -99.000 -99.000    20.2    20.3 -9999.0 -9999.0 -9999.0
23907 20161108  2.423  -98.08   30.62    19.1    15.6    17.4    17.0    16.6     4.54 C    21.6    16.4    18.2    98.6    81.7    94.0   0.584   0.577 -99.000 -99.000 -99.000    19.8    20.0 -9999.0 -9999.0 -9999.0
23907 20161109  2.423  -98.08   30.62    16.2    13.9    15.1    15.1     6.8     2.57 C    18.0    13.8    16.0    97.3    95.7    96.7   0.575   0.568 -99.000 -99.000 -99.000    18.6    19.0 -9999.0 -9999.0 -9999.0
23907 20161110  2.423  -98.08   30.62    19.1    13.1    16.1    15.1     0.0     8.95 C    24.8    13.1    16.7    97.4    63.8    85.0   0.540   0.522 -99.000 -99.000 -99.000    18.3    18.6 -9999.0 -9999.0 -9999.0
23907 20161111  2.423  -98.08   30.62    22.2    11.7    16.9    16.5     0.0     9.18 C    27.1    11.7    16.9    97.0    53.6    77.2   0.498   0.485 -99.000 -99.000 -99.000    18.0    18.2 -9999.0 -9999.0 -9999.0
23907 20161112  2.423  -98.08   30.62    22.4    12.7    17.6    16.6     0.0    12.87 C    29.1    12.4    17.8    89.3    50.5    73.4   0.476   0.465 -99.000 -99.000 -99.000    18.3    18.4 -9999.0 -9999.0 -9999.0
23907 20161113  2.423  -98.08   30.62    22.7    11.3    17.0    16.5     0.0    13.70 C    29.5    11.8    18.5    90.5    51.9    75.0   0.459   0.450 -99.000 -99.000 -99.000    18.3    18.4 -9999.0 -9999.0 -9999.0
23907 20161114  2.423  -98.08   30.62    26.2    13.1    19.6    19.1     0.0    14.92 C    30.8    12.7    19.5    97.1    41.5    70.1   0.447   0.441 -99.000 -99.000 -99.000    18.8    18.8 -9999.0 -9999.0 -9999.0
23907 20161115  2.423  -98.08   30.62    27.5    14.2    20.9    20.3     0.0    15.01 C    31.5    12.6    19.7    81.9    28.2    55.2   0.436   0.431 -99.000 -99.000 -99.000    18.7    18.8 -9999.0 -9999.0 -9999.0
23907 20161116  2.423  -98.08   30.62    28.1    14.5    21.3    21.2     0.0    14.99 C    32.0    12.2    20.0    64.9    26.0    44.1   0.424   0.420 -99.000 -99.000 -99.000    18.5    18.6 -9999.0 -9999.0 -9999.0
23907 20161117  2.423  -98.08   30.62    25.0    15.4    20.2    20.1     0.0    13.59 C    30.5    14.4    20.7    93.4    50.6    69.9   0.412   0.413 -99.000 -99.000 -99.000    19.1    19.0 -9999.0 -9999.0 -9999.0
23907 20161118  2.423  -98.08   30.62    21.1     7.8    14.4    16.1     1.6     6.33 C    22.3     8.2    17.2    94.3    34.5    62.2   0.414   0.412 -99.000 -99.000 -99.000    18.6    19.0 -9999.0 -9999.0 -9999.0
23907 20161119  2.423  -98.08   30.62    14.6     2.8     8.7     8.3     0.0    15.33 C    22.0     4.2    10.7    71.2    25.6    48.2   0.395   0.407 -99.000 -99.000 -99.000    14.1    15.8 -9999.0 -9999.0 -9999.0
23907 20161120  2.423  -98.08   30.62    17.1     3.3    10.2    10.2     0.0    15.08 C    23.8     3.5    11.5    74.8    27.2    44.6   0.382   0.399 -99.000 -99.000 -99.000    13.1    14.5 -9999.0 -9999.0 -9999.0
23907 20161121  2.423  -98.08   30.62    22.4     8.5    15.4    15.5     0.0    13.98 C    27.2     7.8    15.8    91.8    43.4    63.9   0.378   0.384 -99.000 -99.000 -99.000    14.9    15.1 -9999.0 -9999.0 -9999.0
23907 20161122  2.423  -98.08   30.62    20.6    16.1    18.4    19.0     1.3     2.40 C    20.6    14.8    18.6    96.1    82.0    89.8   0.379   0.383 -99.000 -99.000 -99.000    17.7    17.3 -9999.0 -9999.0 -9999.0
23907 20161123  2.423  -98.08   30.62    19.9     7.9    13.9    14.9    13.4    14.41 C    25.2     9.3    16.2    96.7    42.7    65.6   0.494   0.519 -99.000 -99.000 -99.000    17.0    17.2 -9999.0 -9999.0 -9999.0
23907 20161124  2.423  -98.08   30.62    22.0     8.4    15.2    15.7     0.0    13.71 C    26.6     8.5    16.1    88.0    48.5    66.3   0.464   0.471 -99.000 -99.000 -99.000    15.8    16.0 -9999.0 -9999.0 -9999.0
23907 20161125  2.423  -98.08   30.62    16.9    12.3    14.6    14.3     0.3     3.59 C    18.3    13.8    16.0    96.4    81.1    89.1   0.454   0.459 -99.000 -99.000 -99.000    16.7    16.8 -9999.0 -9999.0 -9999.0
23907 20161126  2.423  -98.08   30.62    17.8    11.1    14.4    14.2     0.0     5.98 C    23.1    11.9    16.0    85.7    58.6    72.8   0.443   0.449 -99.000 -99.000 -99.000    16.4    16.5 -9999.0 -9999.0 -9999.0
23907 20161127  2.423  -98.08   30.62    21.3    13.0    17.2    17.3     0.0     3.71 C    21.3    13.0    17.3    93.0    67.0    81.2   0.436   0.441 -99.000 -99.000 -99.000    17.0    16.9 -9999.0 -9999.0 -9999.0
23907 20161128  2.423  -98.08   30.62    23.3    13.2    18.3    19.5     0.0    13.13 C    26.9    11.1    18.9    86.5    20.1    48.8   0.427   0.434 -99.000 -99.000 -99.000    17.7    17.7 -9999.0 -9999.0 -9999.0
23907 20161129  2.423  -98.08   30.62    23.1    13.4    18.2    17.5     0.0    13.14 C    27.6     9.7    16.5    41.3    24.4    32.8   0.408   0.423 -99.000 -99.000 -99.000    15.8    16.1 -9999.0 -9999.0 -9999.0
23907 20161130  2.423  -98.08   30.62    17.1     8.0    12.6    12.1     0.0    14.07 C    24.1     7.5    13.7    50.5    22.9    36.8   0.392   0.416 -99.000 -99.000 -99.000    14.4    15.1 -9999.0 -9999.0 -9999.0
23907 20161201  2.423  -98.08   30.62    18.1     6.1    12.1    11.6     0.0    13.34 C    24.1     5.5    12.5    71.8    27.8    42.8   0.380   0.412 -99.000 -99.000 -99.000    13.1    13.8 -9999.0 -9999.0 -9999.0
23907 20161202  2.423  -98.08   30.62    15.7     8.8    12.2    11.5     4.4     4.10 C    18.2     9.6    12.7    98.1    68.1    82.7   0.388   0.410 -99.000 -99.000 -99.000    14.0    14.3 -9999.0 -9999.0 -9999.0
23907 20161203  2.423  -98.08   30.62     9.3     7.7     8.5     8.6    28.9     1.81 C    11.4     8.9     9.9    98.8    96.0    97.7   0.551   0.567 -99.000 -99.000 -99.000    12.6    13.1 -9999.0 -9999.0 -9999.0
23907 20161204  2.423  -98.08   30.62     9.4     7.2     8.3     8.5     6.2     2.10 C    11.4     8.3     9.7    98.8    86.4    94.3   0.552   0.558 -99.000 -99.000 -99.000    12.2    12.7 -9999.0 -9999.0 -9999.0
23907 20161205  2.423  -98.08   30.62     9.7     7.1     8.4     8.1     7.6     3.20 C    12.6     7.3     9.5    98.9    94.6    97.1   0.575   0.594 -99.000 -99.000 -99.000    11.8    12.1 -9999.0 -9999.0 -9999.0
23907 20161206  2.423  -98.08   30.62    10.4     5.1     7.8     8.7     0.0     5.00 C    12.4     5.8     9.0    97.7    76.5    88.6   0.537   0.549 -99.000 -99.000 -99.000    11.6    12.1 -9999.0 -9999.0 -9999.0
23907 20161207  2.423  -98.08   30.62    14.3     3.4     8.8     8.2     0.0     7.66 C    18.0     3.7     9.8    98.7    71.1    89.5   0.499   0.505 -99.000 -99.000 -99.000    11.5    11.9 -9999.0 -9999.0 -9999.0
23907 20161208  2.423  -98.08   30.62     7.8    -0.9     3.4     2.6     0.0     6.35 C     9.5     1.2     5.8    90.2    55.2    67.7   0.472   0.485 -99.000 -99.000 -99.000     9.6    11.0 -9999.0 -9999.0 -9999.0
23907 20161209  2.423  -98.08   30.62     6.0    -2.1     1.9     1.7     0.0     7.34 C    13.0    -0.4     5.0    66.1    36.5    51.8   0.451   0.456 -99.000 -99.000 -99.000     8.0     9.2 -9999.0 -9999.0 -9999.0
23907 20161210  2.423  -98.08   30.62     9.2     1.2     5.2     5.5     0.0     3.54 C    11.4     1.8     7.2    99.2    56.6    74.7   0.442   0.444 -99.000 -99.000 -99.000     8.9     9.5 -9999.0 -9999.0 -9999.0
23907 20161211  2.423  -98.08   30.62    20.0     9.2    14.6    14.1     0.0     5.70 C    20.3     9.3    13.6    99.3    70.9    91.9   0.447   0.445 -99.000 -99.000 -99.000    12.4    11.9 -9999.0 -9999.0 -9999.0
23907 20161212  2.423  -98.08   30.62    18.6     4.9    11.8    11.3     0.0    12.74 C    22.8     5.5    12.3    98.6    49.5    76.3   0.441   0.442 -99.000 -99.000 -99.000    12.4    12.6 -9999.0 -9999.0 -9999.0
23907 20161213  2.423  -98.08   30.62    20.9     7.2    14.0    13.5     0.0    12.70 C    25.1     8.0    14.7    98.5    47.8    81.6   0.437   0.438 -99.000 -99.000 -99.000    13.5    13.4 -9999.0 -9999.0 -9999.0
23907 20161214  2.423  -98.08   30.62    13.5     3.5     8.5     8.3     0.0     6.72 C    16.8     5.0    10.0    91.0    68.8    80.3   0.426   0.429 -99.000 -99.000 -99.000    11.9    12.5 -9999.0 -9999.0 -9999.0
23907 20161215  2.423  -98.08   30.62     9.3     4.4     6.8     6.7     0.3     3.03 C    11.1     7.0     9.0    98.3    77.1    88.1   0.418   0.424 -99.000 -99.000 -99.000    11.1    11.9 -9999.0 -9999.0 -9999.0
23907 20161216  2.423  -98.08   30.62    21.1     9.0    15.1    14.0     0.0     6.48 C    22.6     9.1    14.1    97.6    71.7    86.8   0.420   0.420 -99.000 -99.000 -99.000    13.0    12.8 -9999.0 -9999.0 -9999.0
23907 20161217  2.423  -98.08   30.62    24.7    -3.2    10.8    15.3     0.0     9.64 C    28.0     2.1    16.9    97.7    61.1    80.6   0.422   0.425 -99.000 -99.000 -99.000    15.4    15.0 -9999.0 -9999.0 -9999.0
23907 20161218  2.423  -98.08   30.62     0.2    -6.5    -3.1    -4.0     0.0     8.76 C     8.5    -3.1     1.3    64.7    37.6    52.3   0.394   0.408 -99.000 -99.000 -99.000     7.6    10.1 -9999.0 -9999.0 -9999.0
23907 20161219  2.423  -98.08   30.62     4.8    -7.8    -1.5    -1.8     0.0    11.64 C    11.4    -4.2     1.7    61.4    23.7    43.9   0.382   0.397 -99.000 -99.000 -99.000     5.8     7.6 -9999.0 -9999.0 -9999.0
23907 20161220  2.423  -98.08   30.62    12.5    -1.0     5.7     6.2     0.0     9.56 C    19.1     0.4     8.4    59.3    26.5    40.4   0.384   0.395 -99.000 -99.000 -99.000     7.9     8.4 -9999.0 -9999.0 -9999.0
23907 20161221  2.423  -98.08   30.62    19.9     5.7    12.8    12.3     0.0     9.90 C    24.5     4.9    11.6    49.1    28.6    39.2   0.384   0.395 -99.000 -99.000 -99.000    10.0    10.0 -9999.0 -9999.0 -9999.0
23907 20161222  2.423  -98.08   30.62    17.3     7.0    12.1    12.2     0.0    12.41 C    22.5     6.6    13.2    55.6    33.2    45.8   0.381   0.395 -99.000 -99.000 -99.000    11.2    11.2 -9999.0 -9999.0 -9999.0
23907 20161223  2.423  -98.08   30.62    18.6     9.8    14.2    14.0     0.3     3.63 C    19.7    10.4    14.9    97.4    50.2    82.3   0.379   0.395 -99.000 -99.000 -99.000    12.8    12.4 -9999.0 -9999.0 -9999.0
23907 20161224  2.423  -98.08   30.62    23.6    17.9    20.8    20.1     1.6     6.08 C    25.5    17.0    19.7    98.4    67.4    89.7   0.406   0.404 -99.000 -99.000 -99.000    16.4    15.2 -9999.0 -9999.0 -9999.0
23907 20161225  2.423  -98.08   30.62    23.6    18.6    21.1    20.7     0.0     4.16 C    23.1    16.6    19.3    90.9    67.8    81.2   0.410   0.419 -99.000 -99.000 -99.000    17.4    16.6 -9999.0 -9999.0 -9999.0
23907 20161226  2.423  -98.08   30.62    27.4    14.6    21.0    22.0     3.8     9.70 C    30.2    16.0    21.9    93.1    47.2    76.2   0.410   0.420 -99.000 -99.000 -99.000    18.8    17.8 -9999.0 -9999.0 -9999.0
23907 20161227  2.423  -98.08   30.62    21.4    14.0    17.7    17.1     0.2     7.08 C    26.0    15.1    18.3    94.1    49.4    64.8   0.451   0.456 -99.000 -99.000 -99.000    17.3    17.1 -9999.0 -9999.0 -9999.0
23907 20161228  2.423  -98.08   30.62    26.8    16.6    21.7    20.6     0.0     8.07 C    28.8    16.0    20.3    98.5    55.2    81.3   0.437   0.444 -99.000 -99.000 -99.000    18.1    17.5 -9999.0 -9999.0 -9999.0
23907 20161229  2.423  -98.08   30.62    19.4     7.2    13.3    11.9     0.0     7.97 C    18.1     7.5    12.8    87.9    17.8    34.7   0.414   0.431 -99.000 -99.000 -99.000    14.6    15.4 -9999.0 -9999.0 -9999.0
23907 20161230  2.423  -98.08   30.62     9.8     6.7     8.2     8.1     0.0     2.78 C    13.6     7.5     9.8    51.9    29.7    37.2   0.395   0.416 -99.000 -99.000 -99.000    12.0    12.9 -9999.0 -9999.0 -9999.0
23907 20161231  2.423  -98.08   30.62    23.6     8.2    15.9    15.9     0.0     8.22 C    26.4     9.3    15.1    79.0    51.4    67.9   0.394   0.413 -99.000 -99.000 -99.000    13.8    13.6 -9999.0 -9999.0 -9999.0
