94088 20160101  2.422 -104.44   44.52    -1.9    -9.5    -5.7    -4.7     0.7     7.63 C    -8.2   -16.1   -12.4    72.9    25.4    40.3 -99.000 -99.000 -99.000   0.247   0.324    -1.5    -1.1    -0.5     0.9     2.5
94088 20160102  2.422 -104.44   44.52     2.7    -4.1    -0.7    -0.9     0.0     7.91 C    -7.2   -18.8   -13.0    64.4    11.4    31.2 -99.000 -99.000 -99.000   0.247   0.323    -1.4    -1.0    -0.5     0.8     2.4
94088 20160103  2.422 -104.44   44.52     5.1    -5.5    -0.2     0.4     0.0     7.57 C    -5.5   -21.2   -12.7    43.3     8.5    22.7 -99.000 -99.000 -99.000   0.247   0.324    -1.6    -1.2    -0.6     0.8     2.3
94088 20160104  2.422 -104.44   44.52     7.8     1.1     4.4     4.5     0.0     6.84 C    -1.2   -10.9    -4.3    47.0    21.6    30.0 -99.000 -99.000 -99.000   0.246   0.325    -1.3    -1.0    -0.6     0.7     2.3
94088 20160105  2.422 -104.44   44.52     6.1    -0.2     3.0     2.6     0.0     8.02 C    -1.0   -12.1    -5.9    72.8    25.2    42.6 -99.000 -99.000 -99.000   0.238   0.326    -1.4    -1.0    -0.5     0.7     2.2
94088 20160106  2.422 -104.44   44.52     3.3    -4.2    -0.5    -0.4     0.0     6.72 C    -1.1   -13.1    -6.8    77.9    47.0    61.4 -99.000 -99.000 -99.000   0.214   0.323    -1.2    -0.9    -0.5     0.7     2.2
94088 20160107  2.422 -104.44   44.52     2.3   -11.3    -4.5    -2.8     0.0     3.85 C    -0.2   -13.0    -6.6    94.7    35.5    64.8 -99.000 -99.000 -99.000   0.199   0.323    -1.5    -1.1    -0.5     0.7     2.2
94088 20160108  2.422 -104.44   44.52   -11.3   -13.9   -12.6   -12.9     0.2     3.14 C    -9.6   -15.8   -12.0    88.6    86.0    87.1 -99.000 -99.000 -99.000   0.192   0.324    -1.9    -1.3    -0.7     0.6     2.1
94088 20160109  2.422 -104.44   44.52    -9.2   -15.7   -12.4   -12.3     0.0     7.73 C   -11.1   -21.3   -15.5    89.2    82.1    86.3 -99.000 -99.000 -99.000   0.193   0.324    -2.2    -1.6    -0.8     0.6     2.1
94088 20160110  2.422 -104.44   44.52    -4.7    -9.8    -7.2    -7.3     0.0     7.82 C    -6.8   -15.3    -9.9    89.1    51.5    72.4 -99.000 -99.000 -99.000   0.194   0.321    -2.3    -1.7    -0.9     0.5     2.0
94088 20160111  2.422 -104.44   44.52    -4.2    -7.7    -5.9    -5.7     0.2     4.29 C    -4.5   -12.5    -7.7    94.7    60.4    72.2 -99.000 -99.000 -99.000   0.194   0.323    -2.1    -1.6    -1.0     0.4     1.9
94088 20160112  2.422 -104.44   44.52    -0.2    -8.4    -4.3    -3.6     1.4     5.23 C    -2.1   -13.2    -6.9    95.1    44.9    66.9 -99.000 -99.000 -99.000   0.194   0.323    -2.1    -1.6    -1.0     0.4     1.9
94088 20160113  2.422 -104.44   44.52     5.5    -3.2     1.1     1.5     0.0     5.89 C    -0.8    -9.8    -5.8    71.9    34.1    42.0 -99.000 -99.000 -99.000   0.194   0.321    -1.8    -1.4    -0.9     0.3     1.8
94088 20160114  2.422 -104.44   44.52     2.9    -5.4    -1.2    -2.5     9.2     1.46 C    -1.8   -11.9    -5.2    96.8    31.5    78.3 -99.000 -99.000 -99.000   0.194   0.320    -1.7    -1.3    -0.9     0.3     1.8
94088 20160115  2.422 -104.44   44.52    -5.2    -8.2    -6.7    -6.3     8.3     2.55 C    -4.4   -14.4    -6.7    94.0    91.2    93.0 -99.000 -99.000 -99.000   0.194   0.321    -1.5    -1.2    -0.8     0.3     1.7
94088 20160116  2.422 -104.44   44.52    -7.5   -17.2   -12.4   -13.0     2.1     3.05 C    -7.7   -24.1   -13.3    91.9    83.5    87.3 -99.000 -99.000 -99.000   0.194   0.322    -1.3    -1.1    -0.8     0.3     1.7
94088 20160117  2.422 -104.44   44.52    -6.3   -17.8   -12.1   -12.4     0.5     4.39 C    -8.4   -28.5   -15.6    91.1    61.3    81.5 -99.000 -99.000 -99.000   0.194   0.321    -1.4    -1.1    -0.8     0.3     1.7
94088 20160118  2.422 -104.44   44.52     3.5    -7.4    -2.0    -1.0     1.8     6.12 C     0.0   -16.6    -4.3    98.0    49.9    74.4 -99.000 -99.000 -99.000   0.193   0.320    -1.3    -1.0    -0.7     0.3     1.6
94088 20160119  2.422 -104.44   44.52    -0.5    -7.8    -4.1    -3.0     0.0     8.96 C    -2.8   -17.4    -7.9    96.7    55.6    77.0 -99.000 -99.000 -99.000   0.192   0.320    -1.1    -0.9    -0.7     0.3     1.6
94088 20160120  2.422 -104.44   44.52    -1.6    -5.0    -3.3    -3.0     3.4     3.33 C    -4.1   -13.1    -5.7    96.2    56.6    74.4 -99.000 -99.000 -99.000   0.192   0.321    -1.1    -0.9    -0.7     0.3     1.6
94088 20160121  2.422 -104.44   44.52    -2.9    -5.6    -4.2    -4.3     1.6     5.44 C    -1.1   -16.9    -7.5    96.2    62.7    88.2 -99.000 -99.000 -99.000   0.192   0.319    -1.0    -0.8    -0.6     0.3     1.6
94088 20160122  2.422 -104.44   44.52     7.8    -3.7     2.1     2.7     0.0     8.67 C    -0.3   -13.3    -4.8    61.9    36.6    51.4 -99.000 -99.000 -99.000   0.192   0.320    -1.0    -0.8    -0.6     0.3     1.6
94088 20160123  2.422 -104.44   44.52     7.4     0.6     4.0     4.1     0.0     7.56 C    -0.2   -11.1    -4.6    58.4    30.8    42.7 -99.000 -99.000 -99.000   0.192   0.321    -0.9    -0.7    -0.6     0.3     1.6
94088 20160124  2.422 -104.44   44.52     2.0    -3.8    -0.9    -1.5     2.4     5.73 C    -1.5   -10.2    -4.8    97.5    42.2    72.3 -99.000 -99.000 -99.000   0.193   0.322    -0.9    -0.7    -0.6     0.3     1.5
94088 20160125  2.422 -104.44   44.52    -3.4    -7.5    -5.5    -6.0     3.7     1.81 C    -3.4   -12.8    -7.0    96.1    91.9    93.3 -99.000 -99.000 -99.000   0.196   0.323    -0.9    -0.7    -0.5     0.3     1.5
94088 20160126  2.422 -104.44   44.52    -0.8    -8.2    -4.5    -4.8     0.3    10.27 C    -2.5   -13.2    -9.1    92.7    57.1    74.2 -99.000 -99.000 -99.000   0.195   0.323    -1.1    -0.8    -0.5     0.3     1.5
94088 20160127  2.422 -104.44   44.52     3.8    -0.9     1.5     1.6     0.0     9.68 C    -0.8    -6.8    -3.7    71.4    48.0    61.3 -99.000 -99.000 -99.000   0.195   0.322    -1.0    -0.8    -0.5     0.3     1.5
94088 20160128  2.422 -104.44   44.52     8.3     0.0     4.1     4.9     0.0     8.01 C    -0.2    -6.8    -2.5    73.5    36.6    52.1 -99.000 -99.000 -99.000   0.193   0.320    -0.8    -0.7    -0.5     0.3     1.5
94088 20160129  2.422 -104.44   44.52     9.2    -1.2     4.0     2.1     2.7     9.10 C    -0.1    -9.1    -2.7    97.9    32.0    60.9 -99.000 -99.000 -99.000   0.193   0.320    -0.6    -0.5    -0.5     0.3     1.5
94088 20160130  2.422 -104.44   44.52     1.7    -5.8    -2.0    -2.7     5.5     6.50 C    -1.0   -14.4    -7.0    97.7    60.8    72.5 -99.000 -99.000 -99.000   0.193   0.320    -0.6    -0.5    -0.4     0.4     1.5
94088 20160131  2.422 -104.44   44.52    -2.7    -9.4    -6.0    -6.3     0.0    10.47 C    -5.0   -21.6   -14.3    74.5    49.0    63.4 -99.000 -99.000 -99.000   0.193   0.320    -0.7    -0.5    -0.4     0.4     1.5
94088 20160201  2.422 -104.44   44.52    -5.1   -10.3    -7.7    -7.4     6.5     4.24 C    -6.8   -21.7   -11.2    93.4    56.8    75.6 -99.000 -99.000 -99.000   0.192   0.320    -1.0    -0.7    -0.4     0.4     1.4
94088 20160202  2.422 -104.44   44.52    -7.7   -10.6    -9.1    -8.4     6.5     3.89 C    -6.9   -19.6    -9.1    93.7    88.4    91.7 -99.000 -99.000 -99.000   0.191   0.320    -1.1    -0.8    -0.5     0.4     1.4
94088 20160203  2.422 -104.44   44.52    -7.9   -10.2    -9.0    -9.5     1.0     6.96 C    -7.6   -17.1   -12.0    92.5    57.4    80.8 -99.000 -99.000 -99.000   0.191   0.320    -1.0    -0.7    -0.5     0.4     1.4
94088 20160204  2.422 -104.44   44.52    -3.7    -9.9    -6.8    -6.4     0.0     7.13 C    -6.5   -19.1   -11.4    76.4    43.6    59.4 -99.000 -99.000 -99.000   0.192   0.320    -1.0    -0.7    -0.5     0.4     1.4
94088 20160205  2.422 -104.44   44.52    -1.0    -6.1    -3.5    -3.9     2.5    10.99 C    -5.5   -10.6    -7.5    95.4    43.8    69.6 -99.000 -99.000 -99.000   0.193   0.320    -0.9    -0.7    -0.5     0.4     1.4
94088 20160206  2.422 -104.44   44.52     4.3    -3.8     0.2     0.4     0.0     7.64 C    -1.7   -10.5    -5.7    57.8    37.5    45.9 -99.000 -99.000 -99.000   0.194   0.320    -0.9    -0.7    -0.4     0.4     1.4
94088 20160207  2.422 -104.44   44.52    -3.8    -8.2    -6.0    -5.7     0.5     8.42 C    -5.7   -13.7    -9.7    90.4    43.2    53.4 -99.000 -99.000 -99.000   0.195   0.320    -0.9    -0.7    -0.4     0.4     1.4
94088 20160208  2.422 -104.44   44.52     1.3    -8.7    -3.7    -3.5     0.0     6.37 C    -2.7   -14.6    -7.5    63.5    37.8    54.7 -99.000 -99.000 -99.000   0.195   0.320    -1.3    -0.9    -0.5     0.4     1.4
94088 20160209  2.422 -104.44   44.52     5.2    -1.1     2.0     2.3     0.0    10.11 C     0.0    -7.3    -3.8    80.3    45.9    62.4 -99.000 -99.000 -99.000   0.195   0.320    -1.1    -0.8    -0.5     0.3     1.4
94088 20160210  2.422 -104.44   44.52     8.1    -1.9     3.1     5.0     0.0    11.70 C    -0.3    -8.3    -3.4    72.3    29.0    41.2 -99.000 -99.000 -99.000   0.195   0.320    -0.8    -0.7    -0.5     0.3     1.4
94088 20160211  2.422 -104.44   44.52     5.8    -1.9     1.9     3.3     0.2     8.50 C     0.2    -4.5    -1.5    96.4    44.2    57.8 -99.000 -99.000 -99.000   0.195   0.319    -0.6    -0.5    -0.4     0.3     1.4
94088 20160212  2.422 -104.44   44.52     1.3    -4.8    -1.8    -1.4     0.0     4.89 C     0.0    -4.0    -2.0    97.6    52.6    80.6 -99.000 -99.000 -99.000   0.195   0.319    -0.5    -0.4    -0.4     0.3     1.4
94088 20160213  2.422 -104.44   44.52     9.7    -2.8     3.4     3.1     7.8     7.25 C    -0.1    -7.1    -1.9    97.6    38.8    68.5 -99.000 -99.000 -99.000   0.195   0.319    -0.5    -0.4    -0.4     0.3     1.4
94088 20160214  2.422 -104.44   44.52    -1.0    -4.2    -2.6    -2.7     5.1     4.58 C    -1.1    -9.2    -5.5    97.3    69.3    84.2 -99.000 -99.000 -99.000   0.195   0.320    -0.5    -0.4    -0.3     0.4     1.4
94088 20160215  2.422 -104.44   44.52    -0.3    -3.9    -2.1    -1.7    15.5     2.70 C    -0.3    -8.1    -2.8    98.2    71.9    90.1 -99.000 -99.000 -99.000   0.194   0.320    -0.5    -0.4    -0.3     0.4     1.4
94088 20160216  2.422 -104.44   44.52     3.5    -5.5    -1.0    -1.0     0.9     7.35 C    -0.1   -11.5    -4.0    95.1    48.5    78.0 -99.000 -99.000 -99.000   0.194   0.320    -0.4    -0.4    -0.3     0.4     1.4
94088 20160217  2.422 -104.44   44.52     8.5     0.9     4.7     4.5     0.0     8.64 C    -0.2    -4.4    -1.3    84.9    33.1    58.3 -99.000 -99.000 -99.000   0.194   0.321    -0.4    -0.3    -0.3     0.4     1.4
94088 20160218  2.422 -104.44   44.52    11.8    -1.2     5.3     6.5     6.0     9.77 C    -0.1    -1.2    -0.4    97.5    39.6    58.1 -99.000 -99.000 -99.000   0.194   0.321    -0.4    -0.3    -0.3     0.4     1.4
94088 20160219  2.422 -104.44   44.52     7.7    -1.6     3.1     2.7     0.2    13.38 C    -0.1    -6.2    -3.5    93.1    23.7    48.4 -99.000 -99.000 -99.000   0.194   0.320    -0.3    -0.3    -0.3     0.4     1.3
94088 20160220  2.422 -104.44   44.52     3.1    -3.3    -0.1     0.8     0.0     8.33 C    -0.4    -9.6    -5.1    67.4    35.3    48.1 -99.000 -99.000 -99.000   0.194   0.321    -0.3    -0.3    -0.3     0.4     1.3
94088 20160221  2.422 -104.44   44.52     1.1    -4.6    -1.8    -2.3     0.0    11.06 C     0.6    -9.5    -4.4    91.9    49.9    68.1 -99.000 -99.000 -99.000   0.195   0.321    -0.4    -0.3    -0.2     0.4     1.3
94088 20160222  2.422 -104.44   44.52     0.7    -5.5    -2.4    -1.8     0.0     7.49 C    -0.5   -10.7    -6.1    71.1    35.4    53.7 -99.000 -99.000 -99.000   0.197   0.321    -0.4    -0.3    -0.2     0.4     1.3
94088 20160223  2.422 -104.44   44.52     0.5    -7.9    -3.7    -3.7     0.2    15.14 C    -2.1   -12.4    -9.0    78.2    35.1    54.8 -99.000 -99.000 -99.000   0.197   0.322    -0.5    -0.4    -0.2     0.4     1.3
94088 20160224  2.422 -104.44   44.52    -1.6   -11.1    -6.4    -6.1     0.0    10.72 C    -4.2   -17.4    -9.3    89.9    39.1    65.8 -99.000 -99.000 -99.000   0.196   0.322    -0.7    -0.4    -0.2     0.5     1.3
94088 20160225  2.422 -104.44   44.52     2.4   -13.2    -5.4    -3.9     0.0    14.93 C    -1.8   -20.2   -10.3    93.4    33.1    54.7 -99.000 -99.000 -99.000   0.196   0.321    -1.0    -0.6    -0.2     0.5     1.3
94088 20160226  2.422 -104.44   44.52     9.3    -1.6     3.8     4.4     0.0    15.75 C    -0.4    -9.8    -4.4    54.8    18.0    35.4 -99.000 -99.000 -99.000   0.195   0.321    -0.8    -0.5    -0.2     0.5     1.3
94088 20160227  2.422 -104.44   44.52    11.3     0.9     6.1     7.6     2.7    10.78 C     0.1    -3.3    -1.2    98.2    21.1    38.6 -99.000 -99.000 -99.000   0.194   0.321    -0.5    -0.4    -0.2     0.5     1.3
94088 20160228  2.422 -104.44   44.52     6.6    -3.6     1.5     1.9     4.3    14.43 C     0.4    -4.7    -1.5    98.6    32.7    68.0 -99.000 -99.000 -99.000   0.197   0.321    -0.3    -0.3    -0.2     0.5     1.3
94088 20160229  2.422 -104.44   44.52     5.1    -4.6     0.3    -0.4    12.3     6.11 C    -0.1    -5.2    -2.9    96.6    38.9    74.7 -99.000 -99.000 -99.000   0.197   0.322    -0.3    -0.3    -0.2     0.5     1.3
94088 20160301  2.422 -104.44   44.52     2.3    -5.7    -1.7    -1.8     0.0    15.41 C    -1.7   -11.5    -6.6    93.5    29.5    59.3 -99.000 -99.000 -99.000   0.197   0.322    -0.3    -0.3    -0.2     0.5     1.3
94088 20160302  2.422 -104.44   44.52     7.4    -1.9     2.8     2.6     0.0    10.76 C     0.0    -7.2    -2.6    69.0    35.3    47.4 -99.000 -99.000 -99.000   0.197   0.322    -0.3    -0.3    -0.1     0.5     1.3
94088 20160303  2.422 -104.44   44.52     9.6    -2.6     3.5     3.8     0.0    15.21 C     0.1    -9.4    -3.3    69.7    20.0    45.8 -99.000 -99.000 -99.000   0.197   0.322    -0.3    -0.3    -0.1     0.5     1.3
94088 20160304  2.422 -104.44   44.52     7.9     0.4     4.2     3.8     0.4    17.24 C    -0.1    -6.7    -2.4    90.3    18.8    46.9 -99.000 -99.000 -99.000   0.197   0.322    -0.3    -0.3    -0.1     0.5     1.3
94088 20160305  2.422 -104.44   44.52    12.0     3.6     7.8     8.0     0.0    12.80 C     0.2    -5.9    -1.7    35.6    26.2    31.3 -99.000 -99.000 -99.000   0.196   0.367    -0.3    -0.2    -0.1     0.5     1.3
94088 20160306  2.422 -104.44   44.52    14.3     4.7     9.5    10.0     0.0    17.20 C     0.0    -5.1    -1.6    65.4    23.3    37.6 -99.000 -99.000 -99.000   0.195   0.442     0.0    -0.2    -0.1     0.5     1.3
94088 20160307  2.422 -104.44   44.52     6.7     0.5     3.6     2.8     0.8     5.52 C     0.7    -2.9    -0.5    98.6    50.1    72.9 -99.000 -99.000 -99.000   0.196   0.449     0.0    -0.2     0.0     0.5     1.3
94088 20160308  2.422 -104.44   44.52     4.9    -4.3     0.3     0.1     0.0    15.01 C     3.1    -7.3    -2.3    97.5    19.4    55.5 -99.000 -99.000 -99.000   0.198   0.466     0.1    -0.2     0.0     0.5     1.3
94088 20160309  2.422 -104.44   44.52     4.5    -4.4     0.0     0.4     0.0    13.60 C    10.1    -9.8    -2.6    71.7    27.8    52.9 -99.000 -99.000 -99.000   0.229   0.465    -0.1    -0.2     0.0     0.5     1.3
94088 20160310  2.422 -104.44   44.52    11.8     0.0     5.9     5.5     0.0    15.00 C    15.0    -4.4     2.2    71.2    29.2    48.0 -99.000 -99.000 -99.000   0.288   0.466    -0.1    -0.2     0.1     0.5     1.3
94088 20160311  2.422 -104.44   44.52    11.5     4.9     8.2     8.6     0.0    15.65 C    23.2    -1.9     6.0    56.9    31.9    42.7 -99.000 -99.000 -99.000   0.349   0.472     0.8     0.2     0.3     0.6     1.3
94088 20160312  2.422 -104.44   44.52    16.3     5.1    10.7    12.6     0.0    14.74 C    24.6    -1.1     9.1    55.1    19.3    28.8   0.260   0.331   0.324   0.347   0.491     2.2     1.3     0.9     0.6     1.3
94088 20160313  2.422 -104.44   44.52    12.4     3.1     7.8     7.8     0.0    15.91 C    31.0    -4.4     6.3    53.8    22.1    38.0   0.271   0.335   0.316   0.344   0.489     3.1     2.3     1.7     1.0     1.3
94088 20160314  2.422 -104.44   44.52     9.5    -1.7     3.9     3.5     4.6     8.18 C    19.4    -6.7     2.0    96.8    34.2    63.1   0.263   0.329   0.313   0.342   0.489     2.2     2.1     2.0     1.3     1.5
94088 20160315  2.422 -104.44   44.52     1.6    -4.5    -1.4    -2.2     7.9    13.53 C    -0.3   -10.4    -5.5    97.1    31.0    61.5   0.263   0.327   0.310   0.343   0.493     1.2     1.5     1.7     1.5     1.6
94088 20160316  2.422 -104.44   44.52     0.9    -5.9    -2.5    -3.3     0.0    15.62 C    -0.3   -13.3    -8.3    86.7    31.6    58.0   0.264   0.324   0.308   0.340   0.491     0.7     1.0     1.2     1.5     1.7
94088 20160317  2.422 -104.44   44.52    -2.5    -9.1    -5.8    -5.7     0.0    14.82 C    -0.4   -16.1    -8.9    84.2    57.7    66.6   0.292   0.330   0.306   0.341   0.491     0.3     0.6     1.0     1.4     1.8
94088 20160318  2.422 -104.44   44.52    -6.9   -11.1    -9.0    -9.5     2.7     8.39 C    -5.5   -13.4    -9.4    91.7    66.2    85.4 -99.000   0.327   0.305   0.338   0.490     0.2     0.4     0.8     1.3     1.8
94088 20160319  2.422 -104.44   44.52    -4.1   -12.5    -8.3    -8.8     0.2    16.20 C    -4.1   -19.2   -11.5    91.5    35.8    72.9 -99.000   0.339   0.301   0.337   0.490     0.1     0.4     0.7     1.2     1.8
94088 20160320  2.422 -104.44   44.52     9.9    -7.6     1.1     2.4     0.0    20.58 C     1.7   -17.6    -5.8    61.2    12.2    26.8 -99.000 -99.000   0.298   0.336   0.490     0.0     0.3     0.6     1.1     1.7
94088 20160321  2.422 -104.44   44.52    15.0     3.3     9.2    10.2     0.0    14.62 C    13.1    -5.6     2.2    58.1    14.3    24.9 -99.000 -99.000   0.307   0.337   0.489     0.5     0.5     0.6     1.0     1.7
94088 20160322  2.422 -104.44   44.52     6.6    -1.8     2.4     2.2    16.8     3.62 C    11.1    -3.3     0.8    98.9    42.6    76.4 -99.000   0.345   0.317   0.346   0.491     0.8     0.9     0.8     1.1     1.7
94088 20160323  2.422 -104.44   44.52    -1.8    -6.5    -4.1    -5.3     5.5     4.94 C    -1.9   -14.9    -6.3    97.6    93.1    94.3   0.278   0.339   0.317   0.348   0.492     0.6     0.8     0.9     1.1     1.7
94088 20160324  2.422 -104.44   44.52     3.9    -4.6    -0.4     0.4     0.0    17.34 C     0.0    -9.8    -3.8    95.6    49.5    69.5   0.288   0.335   0.314   0.347   0.493     0.4     0.6     0.8     1.1     1.7
94088 20160325  2.422 -104.44   44.52     1.8    -8.3    -3.3    -4.1    14.5     7.92 C    -1.2    -8.2    -4.2    98.2    61.0    92.5   0.311   0.339   0.314   0.346   0.497     0.4     0.6     0.8     1.1     1.7
94088 20160326  2.422 -104.44   44.52    -1.1    -9.8    -5.5    -5.1     0.2    21.47 C    -0.6   -12.0    -7.3    93.4    48.1    73.7   0.305   0.339   0.312   0.346   0.498     0.4     0.6     0.7     1.1     1.7
94088 20160327  2.422 -104.44   44.52     6.3    -2.5     1.9     2.3     0.0    22.17 C     0.1   -12.8    -5.4    61.3    24.4    37.5   0.316   0.339   0.311   0.344   0.498     0.3     0.6     0.7     1.1     1.7
94088 20160328  2.422 -104.44   44.52    10.9    -0.9     5.0     5.8     0.0    16.51 C     0.0    -8.5    -2.4    83.2    22.7    44.7   0.336   0.348   0.316   0.344   0.498     0.3     0.5     0.7     1.1     1.7
94088 20160329  2.422 -104.44   44.52     5.4    -1.1     2.1     1.7     9.2    10.04 C     0.5    -2.7    -0.4    99.0    62.7    82.9   0.345   0.358   0.327   0.358   0.501     0.3     0.5     0.7     1.1     1.7
94088 20160330  2.422 -104.44   44.52     0.5    -2.9    -1.2    -1.2     8.2     4.93 C     0.2    -2.7    -1.4    98.7    74.3    91.9   0.338   0.356   0.325   0.358   0.506     0.3     0.5     0.7     1.1     1.7
94088 20160331  2.422 -104.44   44.52    -1.3    -6.5    -3.9    -4.4    10.8     6.41 C    -1.4    -6.7    -4.5    97.8    83.7    93.6   0.323   0.349   0.320   0.353   0.506     0.3     0.5     0.7     1.1     1.6
94088 20160401  2.422 -104.44   44.52     4.3    -9.4    -2.6    -2.2     0.0    20.04 C     0.0   -13.1    -5.3    93.8    51.8    71.4   0.318   0.344   0.316   0.350   0.504     0.3     0.5     0.7     1.1     1.6
94088 20160402  2.422 -104.44   44.52    12.4    -0.8     5.8     6.8     0.0    23.15 C    -0.1   -10.9    -2.7    87.1    28.8    48.9   0.302   0.349   0.334   0.372   0.514     0.3     0.5     0.6     1.0     1.6
94088 20160403  2.422 -104.44   44.52    10.9     2.4     6.7     7.5     0.0    15.92 C     1.1    -4.5    -1.2    71.6    33.6    48.1   0.259   0.357   0.349   0.382   0.529     1.0     0.9     0.8     1.0     1.6
94088 20160404  2.422 -104.44   44.52    15.7     1.9     8.8     9.9     0.0    22.84 C    22.1    -4.5     4.8    68.4    23.4    43.0   0.267   0.369   0.341   0.369   0.521     2.6     1.9     1.3     1.2     1.6
94088 20160405  2.422 -104.44   44.52    10.1    -1.4     4.3     2.0    13.8    15.33 C    24.4    -3.2     3.7    98.4    23.4    67.5   0.289   0.350   0.327   0.357   0.514     3.2     2.9     2.3     1.6     1.7
94088 20160406  2.422 -104.44   44.52     8.0    -2.6     2.7     2.4     0.0    14.11 C     3.8    -7.3    -1.0    97.2    44.8    70.1   0.294   0.355   0.331   0.367   0.519     2.0     2.1     2.1     1.9     1.8
94088 20160407  2.422 -104.44   44.52     7.2    -1.7     2.7     2.3     0.5    21.17 C    24.4    -6.4     4.4    96.5    38.1    59.6   0.291   0.349   0.325   0.359   0.517     3.5     2.8     2.3     2.0     1.9
94088 20160408  2.422 -104.44   44.52    11.5    -1.0     5.2     6.4     0.0    23.89 C    32.6    -6.3     8.9    60.6    30.6    43.9   0.275   0.338   0.318   0.352   0.517     4.4     3.5     2.9     2.2     2.0
94088 20160409  2.422 -104.44   44.52    19.6     4.0    11.8    11.4     0.0    21.66 C    40.4    -1.8    12.2    56.3    16.1    33.6   0.265   0.332   0.315   0.349   0.514     6.0     5.0     3.9     2.5     2.2
94088 20160410  2.422 -104.44   44.52     5.8    -3.9     1.0     1.1     0.6     8.86 C    21.3    -9.5     1.2    94.8    42.1    69.9   0.256   0.326   0.312   0.348   0.498     4.2     4.3     4.1     3.0     2.4
94088 20160411  2.422 -104.44   44.52    10.0    -4.5     2.8     3.5     0.0    16.80 C    30.6    -9.7     5.0    66.1    41.4    52.6   0.253   0.322   0.309   0.347   0.453     3.3     3.3     3.3     3.0     2.6
94088 20160412  2.422 -104.44   44.52    17.4     6.9    12.2    11.7     0.0    22.10 C    36.9    -1.3    11.7    67.1    24.4    40.8   0.251   0.320   0.308   0.346   0.449     6.0     5.0     4.0     3.0     2.7
94088 20160413  2.422 -104.44   44.52    20.4     4.5    12.5    12.7     0.8    19.02 C    38.2    -0.9    12.0    86.4    20.5    45.1   0.244   0.317   0.307   0.345   0.446     6.7     5.9     4.9     3.4     2.8
94088 20160414  2.422 -104.44   44.52    16.2     4.2    10.2    10.1     0.0    19.39 C    34.7     1.0    11.9    93.3    33.1    64.1   0.239   0.314   0.305   0.345   0.444     7.5     6.6     5.5     3.8     3.1
94088 20160415  2.422 -104.44   44.52     6.9    -1.0     3.0     3.8     0.0    10.21 C    20.1    -0.6     5.8    98.0    40.1    69.0   0.234   0.311   0.304   0.346   0.442     6.4     6.2     5.7     4.2     3.3
94088 20160416  2.422 -104.44   44.52    -1.0    -3.2    -2.1    -2.5     5.1     5.44 C     0.2    -2.7    -1.8    98.5    96.2    96.9   0.230   0.308   0.302   0.344   0.442     3.9     4.4     4.8     4.3     3.5
94088 20160417  2.422 -104.44   44.52    -1.9    -3.2    -2.6    -2.7    12.1     7.81 C    -0.9    -3.2    -2.5    97.1    95.9    96.3   0.228   0.307   0.301   0.343   0.442     2.9     3.3     3.9     4.0     3.7
94088 20160418  2.422 -104.44   44.52    -1.9    -3.0    -2.5    -2.4    13.1     5.09 C    -0.8    -4.0    -2.3    96.8    95.9    96.3   0.233   0.307   0.299   0.341   0.442     2.3     2.8     3.3     3.8     3.7
94088 20160419  2.422 -104.44   44.52     3.5    -3.9    -0.2    -0.3     0.2    22.01 C     0.4    -9.6    -3.0    98.7    77.8    91.5   0.266   0.324   0.308   0.353   0.462     1.8     2.2     2.8     3.5     3.6
94088 20160420  2.422 -104.44   44.52     9.3    -1.7     3.8     4.3     0.0    24.37 C    12.8    -8.3    -0.1    97.3    55.7    76.8   0.323   0.365   0.344   0.385   0.528     1.5     1.8     2.3     3.1     3.5
94088 20160421  2.422 -104.44   44.52    15.0     3.1     9.1     9.5     0.0    21.78 C    37.0    -3.3     9.9    91.9    46.1    64.0   0.307   0.360   0.341   0.375   0.517     4.5     3.5     2.9     2.9     3.4
94088 20160422  2.422 -104.44   44.52    21.4     9.6    15.5    15.9     0.0    24.67 C    34.7     3.2    15.3    53.0    16.9    31.8   0.286   0.346   0.327   0.364   0.512     7.4     6.2     4.8     3.3     3.4
94088 20160423  2.422 -104.44   44.52    22.1     8.0    15.0    16.7     0.2    19.56 C    36.0     4.6    16.0    97.0    14.6    38.9   0.269   0.336   0.321   0.359   0.510     8.9     7.8     6.2     4.0     3.5
94088 20160424  2.422 -104.44   44.52     8.2    -2.5     2.8     1.4     4.5     5.15 C     8.2    -1.0     3.7    99.2    90.9    98.0   0.276   0.335   0.319   0.356   0.507     7.1     7.1     6.6     4.7     3.8
94088 20160425  2.422 -104.44   44.52     4.5    -2.6     0.9    -0.2     0.3    10.89 C    16.7    -1.5     3.5    99.4    79.7    95.4   0.281   0.334   0.317   0.355   0.503     5.5     5.4     5.5     4.8     4.0
94088 20160426  2.422 -104.44   44.52    -1.1    -2.5    -1.8    -2.1    14.4     4.74 C     0.0    -2.9    -1.4    98.4    96.2    96.9   0.281   0.332   0.316   0.353   0.500     4.0     4.5     5.0     4.7     4.2
94088 20160427  2.422 -104.44   44.52    -1.5    -4.3    -2.9    -2.8    13.1     7.16 C    -0.1    -4.6    -2.4    97.1    95.0    96.0   0.292   0.335   0.316   0.352   0.460     3.0     3.5     4.1     4.4     4.2
94088 20160428  2.422 -104.44   44.52    -1.6    -4.3    -3.0    -2.7     3.0    11.59 C     1.2    -4.4    -2.0    98.0    87.1    94.9   0.297   0.339   0.318   0.354   0.458     2.4     2.9     3.5     4.1     4.2
94088 20160429  2.422 -104.44   44.52     0.2    -1.8    -0.8    -0.7     1.1     8.57 C     0.4    -2.7    -0.8    98.5    87.9    96.1   0.298   0.340   0.320   0.357   0.463     2.1     2.5     3.1     3.8     4.1
94088 20160430  2.422 -104.44   44.52     3.6    -0.8     1.4     0.8     0.6     9.06 C     0.5    -1.8    -0.4    98.6    64.6    85.2   0.307   0.346   0.322   0.359   0.472     1.8     2.2     2.8     3.5     4.0
94088 20160501  2.422 -104.44   44.52     7.5    -1.9     2.8     2.6     0.0    27.64 C    16.8    -9.6     0.1    75.4    43.4    59.3   0.332   0.368   0.346   0.387   0.531     1.8     2.0     2.4     3.2     3.9
94088 20160502  2.422 -104.44   44.52    11.6    -0.1     5.8     6.8     0.0    22.20 C    27.6    -4.7     7.6    74.9    39.0    53.4   0.313   0.361   0.339   0.376   0.521     4.0     3.3     2.9     3.0     3.7
94088 20160503  2.422 -104.44   44.52    17.1     5.3    11.2    11.1     0.0    27.39 C    34.5    -2.5    12.1    71.3    32.9    49.7   0.292   0.347   0.328   0.365   0.518     7.1     5.7     4.5     3.3     3.7
94088 20160504  2.422 -104.44   44.52    20.2     7.0    13.6    15.3     0.0    27.04 C    36.7    -1.3    15.6    54.9    23.3    38.2   0.274   0.337   0.321   0.360   0.514     8.8     7.6     6.0     4.0     3.7
94088 20160505  2.422 -104.44   44.52    23.9    13.8    18.8    18.6     0.0    24.56 C    38.4     5.5    17.4    45.9    16.0    29.5   0.258   0.328   0.316   0.355   0.483    10.6     9.2     7.4     4.7     3.9
94088 20160506  2.422 -104.44   44.52    20.4     7.6    14.0    14.9     0.0    19.73 C    34.2     5.6    14.8    84.2    21.9    48.1   0.243   0.320   0.312   0.353   0.455    10.6     9.6     8.2     5.4     4.2
94088 20160507  2.422 -104.44   44.52    14.0     4.3     9.2     8.1     0.4    20.15 C    35.2     0.4    11.7    93.7    38.2    65.6   0.230   0.313   0.308   0.351   0.451     9.9     9.3     8.2     5.9     4.6
94088 20160508  2.422 -104.44   44.52    13.5     3.1     8.3     7.9     3.4    18.86 C    34.2     0.2    10.0    91.0    46.2    69.8   0.226   0.307   0.304   0.350   0.447     9.3     8.9     8.1     6.2     4.9
94088 20160509  2.422 -104.44   44.52    12.4     3.2     7.8     7.8     0.0    15.10 C    32.6    -0.8     9.9    98.6    54.8    77.1   0.224   0.304   0.302   0.349   0.448     9.1     8.6     7.9     6.4     5.2
94088 20160510  2.422 -104.44   44.52     4.7    -1.5     1.6     0.4     8.1    12.02 C     9.4    -1.6     1.3    99.0    73.1    89.8   0.250   0.322   0.305   0.349   0.450     6.8     7.3     7.6     6.5     5.4
94088 20160511  2.422 -104.44   44.52     4.3    -1.5     1.4     0.7     5.3     6.42 C     3.6    -2.5    -0.6    97.6    51.8    78.2   0.285   0.336   0.312   0.350   0.447     4.5     5.2     6.0     6.2     5.6
94088 20160512  2.422 -104.44   44.52    14.8     0.7     7.7     8.0     0.0    28.88 C    31.3    -3.3    10.1    94.5    27.1    48.6   0.287   0.338   0.315   0.349   0.449     7.1     6.3     5.8     5.8     5.6
94088 20160513  2.422 -104.44   44.52     2.7    -4.9    -1.1    -1.6     1.5     7.81 C    13.0    -7.2     0.8    98.8    70.2    89.6   0.273   0.330   0.313   0.349   0.449     6.4     6.6     6.6     5.8     5.5
94088 20160514  2.422 -104.44   44.52     8.2    -7.8     0.2     1.1     0.0    29.45 C    30.5    -9.6     6.5    90.9    36.2    58.7   0.267   0.326   0.311   0.348   0.448     7.0     6.4     6.1     5.8     5.5
94088 20160515  2.422 -104.44   44.52     9.7     0.3     5.0     5.4     0.0    14.81 C    23.5    -3.1     7.8    92.7    48.9    65.4   0.256   0.320   0.309   0.346   0.449     7.3     7.0     6.6     5.8     5.5
94088 20160516  2.422 -104.44   44.52    10.1     2.7     6.4     5.8     0.0    24.08 C    26.7    -3.0     9.2    94.7    43.0    67.2   0.247   0.316   0.307   0.347   0.448     8.4     7.8     7.1     5.9     5.5
94088 20160517  2.422 -104.44   44.52    12.4     2.7     7.5     8.1     0.0    17.93 C    32.6    -4.6     8.3    65.7    40.0    50.8   0.235   0.309   0.304   0.345   0.448     7.9     7.7     7.2     6.1     5.6
94088 20160518  2.422 -104.44   44.52    15.4     5.1    10.3    10.4     0.0    29.64 C    32.3     1.3    12.8    71.0    36.3    51.8   0.222   0.303   0.301   0.344   0.448     9.1     8.5     7.5     6.3     5.7
94088 20160519  2.422 -104.44   44.52    20.0     9.6    14.8    14.8     0.7    25.41 C    36.9     4.8    15.6    73.5    27.7    46.3   0.208   0.294   0.297   0.343   0.447    11.0    10.0     8.6     6.6     5.8
94088 20160520  2.422 -104.44   44.52    20.3    11.2    15.7    15.6     0.0    20.03 C    40.2     7.4    16.0    78.3    39.0    54.8   0.195   0.284   0.293   0.342   0.448    12.0    11.0     9.5     7.1     6.0
94088 20160521  2.422 -104.44   44.52    22.3    12.4    17.3    16.5     0.0    21.61 C    33.7     9.3    17.1    90.8    33.0    59.2   0.182   0.274   0.289   0.341   0.446    12.4    11.5    10.0     7.6     6.2
94088 20160522  2.422 -104.44   44.52    17.0     6.4    11.7    11.9     0.0    23.61 C    33.6     2.5    14.3    93.5    23.9    54.4   0.165   0.259   0.282   0.341   0.450    12.6    11.8    10.5     8.0     6.5
94088 20160523  2.422 -104.44   44.52    16.0     4.2    10.1    10.5     0.0    29.99 C    31.5    -3.5    11.3    64.0    17.4    37.8   0.154   0.243   0.274   0.341   0.449    11.6    11.1    10.2     8.3     6.8
94088 20160524  2.422 -104.44   44.52    17.7     2.6    10.2     9.9     1.4    23.06 C    33.7    -3.0    11.2    96.3    29.2    58.6   0.141   0.227   0.264   0.340   0.445    11.2    10.7    10.0     8.4     7.0
94088 20160525  2.422 -104.44   44.52    12.7     4.1     8.4     7.8     0.5    15.68 C    27.1     0.9    10.1    98.2    51.9    82.2   0.135   0.219   0.260   0.338   0.446    11.3    10.8    10.1     8.5     7.2
94088 20160526  2.422 -104.44   44.52    13.9     3.6     8.7     9.1     0.0    24.42 C    29.9    -0.1    11.2    93.0    41.6    63.3   0.131   0.212   0.256   0.338   0.446    11.6    10.9    10.1     8.5     7.3
94088 20160527  2.422 -104.44   44.52    12.3     4.9     8.6     8.6     0.3    15.64 C    27.0     1.0    10.6    91.0    59.1    74.5   0.128   0.204   0.251   0.337   0.448    11.1    10.7    10.1     8.6     7.4
94088 20160528  2.422 -104.44   44.52    15.2     4.7     9.9    10.0     0.0    17.31 C    31.6     0.3    11.1    93.0    48.8    72.3   0.128   0.198   0.246   0.336   0.452    11.3    10.7    10.0     8.7     7.5
94088 20160529  2.422 -104.44   44.52    17.6     4.5    11.1    12.8     0.0    17.94 C    34.6     0.5    12.8    87.1    40.2    60.5   0.123   0.191   0.240   0.334   0.452    11.4    10.8    10.1     8.7     7.7
94088 20160530  2.422 -104.44   44.52    14.7     3.2     8.9    10.5     1.4    15.35 C    28.6     0.7    11.4    95.9    48.1    69.8   0.120   0.184   0.234   0.334   0.452    11.4    11.0    10.3     8.8     7.7
94088 20160531  2.422 -104.44   44.52     6.0     2.6     4.3     4.5     0.6     6.16 C     7.6    -0.3     4.5    95.4    71.3    85.8   0.117   0.179   0.232   0.332   0.451     8.8     9.2     9.6     8.8     7.8
94088 20160601  2.422 -104.44   44.52    15.9     3.7     9.8     9.9     0.0    30.18 C    31.2     1.7    12.7    95.8    31.6    60.4   0.117   0.176   0.228   0.332   0.449    11.2    10.2     9.3     8.6     7.9
94088 20160602  2.422 -104.44   44.52    23.7    11.8    17.8    17.1     0.2    24.25 C    35.3     7.7    17.2    68.3    18.3    42.3   0.113   0.168   0.220   0.330   0.451    12.7    11.7    10.4     8.7     7.9
94088 20160603  2.422 -104.44   44.52    17.2     7.2    12.2    12.8     0.0    25.60 C    32.5     1.3    13.9    92.8    33.2    50.8   0.110   0.161   0.211   0.328   0.447    13.1    12.2    11.0     9.0     8.0
94088 20160604  2.422 -104.44   44.52    19.0     7.1    13.1    13.2     0.0    31.11 C    35.5     0.6    15.1    70.2    31.0    48.9   0.105   0.154   0.201   0.325   0.446    13.3    12.3    11.1     9.3     8.1
94088 20160605  2.422 -104.44   44.52    22.4     6.1    14.3    16.2     0.0    30.72 C    38.9     0.8    17.5    67.9    20.8    39.1   0.102   0.147   0.191   0.321   0.446    14.1    12.9    11.6     9.4     8.3
94088 20160606  2.422 -104.44   44.52    19.7     8.0    13.9    14.5     0.0    30.46 C    37.7     2.3    17.4    66.9    34.2    45.4   0.098   0.142   0.181   0.318   0.446    14.4    13.3    12.0     9.7     8.4
94088 20160607  2.422 -104.44   44.52    25.8    14.3    20.0    19.4     0.0    30.61 C    40.2     8.6    21.5    67.9    21.0    43.9   0.095   0.137   0.174   0.314   0.446    15.7    14.2    12.5    10.0     8.6
94088 20160608  2.422 -104.44   44.52    24.5    13.5    19.0    19.8     1.0    18.80 C    40.3     9.5    18.7    74.2    34.3    49.8   0.092   0.134   0.170   0.309   0.444    15.4    14.5    13.0    10.3     8.8
94088 20160609  2.422 -104.44   44.52    29.2    15.6    22.4    23.1     0.0    27.27 C    41.3    10.5    22.9    58.9    21.5    36.0   0.092   0.132   0.166   0.305   0.445    16.7    15.3    13.4    10.6     9.0
94088 20160610  2.422 -104.44   44.52    27.4     9.5    18.4    20.9     0.0    29.60 C    41.9     5.5    22.6    83.7    28.3    49.7   0.089   0.130   0.163   0.298   0.444    17.2    15.8    14.0    11.0     9.2
94088 20160611  2.422 -104.44   44.52    31.6    14.7    23.1    25.2     0.0    26.67 C    43.7    13.8    25.4    88.2    18.5    32.5   0.087   0.127   0.159   0.289   0.442    18.2    16.7    14.6    11.3     9.4
94088 20160612  2.422 -104.44   44.52    19.9    11.4    15.7    14.7     1.6    23.64 C    41.4    11.3    20.3    97.9    50.3    77.5   0.083   0.124   0.157   0.280   0.437    17.8    16.6    14.9    11.6     9.7
94088 20160613  2.422 -104.44   44.52    22.7     8.5    15.6    15.4    10.6    19.49 C    40.3     7.7    15.9    92.1    43.7    67.0   0.124   0.127   0.155   0.275   0.439    16.4    15.8    14.7    11.9     9.9
94088 20160614  2.422 -104.44   44.52    22.0    11.0    16.5    16.0     0.0    27.99 C    35.6     7.1    17.9    93.9    31.1    59.6   0.155   0.135   0.156   0.273   0.438    16.9    15.9    14.5    11.9    10.1
94088 20160615  2.422 -104.44   44.52    25.0     7.5    16.3    17.8     0.0    29.75 C    37.6     3.5    19.7    96.4    28.8    62.3   0.129   0.133   0.156   0.272   0.437    17.3    16.3    14.8    12.1    10.2
94088 20160616  2.422 -104.44   44.52    27.1    14.3    20.7    21.8     0.0    30.80 C    41.1     8.1    22.6    72.5    13.3    41.0   0.106   0.129   0.156   0.270   0.439    18.5    17.2    15.5    12.3    10.4
94088 20160617  2.422 -104.44   44.52    21.6    10.6    16.1    16.3     0.0    29.98 C    38.7     8.0    20.8    85.6    48.4    65.0   0.091   0.125   0.155   0.265   0.435    18.2    17.1    15.6    12.6    10.6
94088 20160618  2.422 -104.44   44.52    29.0    11.6    20.3    21.1     0.0    27.19 C    41.6    10.7    23.1    97.7    12.9    50.9   0.084   0.122   0.154   0.261   0.434    18.8    17.6    15.9    12.8    10.8
94088 20160619  2.422 -104.44   44.52    23.9     8.5    16.2    18.8     0.0    30.51 C    41.5     4.4    22.0    79.9    32.3    52.2   0.080   0.120   0.152   0.254   0.430    19.3    17.9    16.2    13.0    11.0
94088 20160620  2.422 -104.44   44.52    23.3     9.1    16.2    17.5     0.0    28.93 C    40.3     7.1    21.2    54.0    30.5    39.6   0.075   0.117   0.150   0.246   0.428    18.5    17.4    16.1    13.1    11.2
94088 20160621  2.422 -104.44   44.52    31.0    12.7    21.9    22.9     0.0    23.98 C    46.5    10.6    23.7    70.1    17.5    41.0   0.073   0.115   0.148   0.240   0.430    19.2    17.9    16.3    13.2    11.3
94088 20160622  2.422 -104.44   44.52    21.9     8.3    15.1    15.2     0.0    31.33 C    41.6     3.6    19.6    76.2    27.1    44.9   0.070   0.112   0.146   0.235   0.428    18.4    17.4    16.2    13.4    11.5
94088 20160623  2.422 -104.44   44.52    27.5     9.7    18.6    19.9     0.0    29.19 C    43.3     6.1    22.6    84.1    30.0    48.9   0.068   0.110   0.145   0.230   0.424    18.7    17.6    16.2    13.4    11.6
94088 20160624  2.422 -104.44   44.52    31.5     9.4    20.5    22.8     0.0    27.74 C    47.0    10.8    25.0    91.5    12.6    33.0   0.067   0.109   0.143   0.223   0.422    19.7    18.4    16.7    13.5    11.6
94088 20160625  2.422 -104.44   44.52    20.7     5.8    13.2    13.5     0.0    31.57 C    41.2     1.0    18.0    91.0    17.6    46.8   0.064   0.106   0.142   0.220   0.423    18.8    17.8    16.6    13.7    11.8
94088 20160626  2.422 -104.44   44.52    25.1     4.4    14.8    17.2     0.0    31.39 C    44.9     0.7    20.1    82.4    17.3    36.2   0.061   0.104   0.140   0.217   0.420    18.1    17.1    16.1    13.7    11.9
94088 20160627  2.422 -104.44   44.52    24.2     9.6    16.9    17.8     0.4    30.24 C    46.5     4.9    22.0    73.7    32.5    48.0   0.060   0.103   0.139   0.214   0.417    18.7    17.6    16.3    13.7    12.0
94088 20160628  2.422 -104.44   44.52    25.5    11.8    18.7    19.0     0.2    19.17 C    45.0     8.0    19.6    87.6    38.3    60.3   0.059   0.102   0.138   0.211   0.414    18.4    17.6    16.5    13.7    12.0
94088 20160629  2.422 -104.44   44.52    26.8    12.3    19.6    19.1     0.0    24.11 C    46.0     8.8    22.0    75.1    26.6    49.3   0.058   0.102   0.137   0.210   0.412    18.4    17.4    16.3    13.8    12.1
94088 20160630  2.422 -104.44   44.52    22.2     8.4    15.3    16.2     0.0    27.15 C    44.5     4.4    21.1    89.9    36.8    60.5   0.058   0.101   0.136   0.208   0.408    18.6    17.6    16.4    13.8    12.2
94088 20160701  2.422 -104.44   44.52    21.3    13.3    17.3    16.3     0.5    15.39 C    41.8    10.8    18.5    89.5    57.0    74.0   0.057   0.100   0.136   0.207   0.405    18.1    17.5    16.5    13.9    12.3
94088 20160702  2.422 -104.44   44.52    26.1     8.6    17.3    18.7     0.0    25.13 C    47.0     5.2    21.6    95.8    26.1    55.7   0.057   0.100   0.135   0.205   0.402    18.5    17.4    16.3    13.9    12.3
94088 20160703  2.422 -104.44   44.52    27.0    12.1    19.5    20.5     2.4    26.82 C    48.3     8.9    24.5    90.7    24.2    49.7   0.057   0.099   0.135   0.204   0.397    19.7    18.3    16.8    14.0    12.4
94088 20160704  2.422 -104.44   44.52    27.6    12.9    20.2    19.9     0.0    27.05 C    46.6     9.4    21.7    75.0    20.5    43.2   0.057   0.100   0.135   0.204   0.394    19.8    18.7    17.2    14.2    12.4
94088 20160705  2.422 -104.44   44.52    22.6    11.9    17.3    17.6     0.0    28.82 C    45.6     7.9    22.7    67.1    33.5    49.7   0.057   0.099   0.136   0.203   0.389    19.5    18.4    17.2    14.3    12.6
94088 20160706  2.422 -104.44   44.52    26.0    10.6    18.3    18.0     0.0    22.73 C    47.2     4.9    20.7    97.5    17.9    54.4   0.056   0.098   0.135   0.203   0.384    19.3    18.4    17.2    14.4    12.7
94088 20160707  2.422 -104.44   44.52    20.8     8.0    14.4    13.2     3.0    22.96 C    38.4     5.0    17.0    96.6    31.0    63.1   0.059   0.098   0.134   0.203   0.382    18.3    17.6    16.8    14.5    12.8
94088 20160708  2.422 -104.44   44.52    27.9     7.2    17.5    19.9     0.0    26.63 C    46.1     3.0    22.4    73.3    20.0    47.8   0.058   0.098   0.134   0.202   0.380    18.5    17.6    16.6    14.4    12.8
94088 20160709  2.422 -104.44   44.52    30.9    18.8    24.8    24.6     0.0    24.31 C    51.2    14.5    26.3    46.7    13.6    30.4   0.057   0.097   0.134   0.202   0.376    20.0    18.8    17.3    14.5    12.9
94088 20160710  2.422 -104.44   44.52    30.1    10.9    20.5    18.5     0.0    29.50 C    49.0     7.3    23.8    86.2    12.3    59.1   0.054   0.097   0.133   0.200   0.371    20.3    19.1    17.6    14.6    13.0
94088 20160711  2.422 -104.44   44.52    19.6     7.1    13.3    13.7     0.0    24.45 C    45.1     4.8    18.3    87.7    20.3    50.7   0.052   0.095   0.132   0.198   0.368    19.2    18.5    17.5    14.8    13.1
94088 20160712  2.422 -104.44   44.52    22.5     8.4    15.5    15.7     0.0    30.16 C    45.2     3.6    20.3    71.3    16.9    38.4   0.051   0.093   0.132   0.198   0.363    18.9    17.9    17.0    14.8    13.1
94088 20160713  2.422 -104.44   44.52    20.9     6.8    13.8    14.6     0.0    22.92 C    45.2     2.3    17.6    85.0    31.5    51.6   0.050   0.093   0.130   0.196   0.360    18.2    17.6    16.9    14.7    13.2
94088 20160714  2.422 -104.44   44.52    23.6     5.9    14.7    16.0     0.0    25.90 C    47.1     2.0    20.0    86.7    21.9    47.4   0.049   0.091   0.129   0.195   0.356    18.0    17.2    16.5    14.6    13.2
94088 20160715  2.422 -104.44   44.52    24.1     7.9    16.0    17.4     0.0    27.15 C    47.8     2.9    21.9    88.3    32.3    51.2   0.048   0.091   0.129   0.193   0.353    18.9    17.9    16.8    14.6    13.2
94088 20160716  2.422 -104.44   44.52    25.9     9.0    17.5    16.2    12.9    22.96 C    49.3     3.4    17.3    97.8    35.8    68.4   0.075   0.121   0.147   0.202   0.357    16.4    16.2    16.3    14.5    13.2
94088 20160717  2.422 -104.44   44.52    22.6     6.5    14.5    14.8     7.4    22.33 C    38.7     2.8    16.5    97.5    38.8    68.3   0.125   0.181   0.180   0.213   0.366    15.7    15.1    15.0    14.3    13.2
94088 20160718  2.422 -104.44   44.52    30.0    17.1    23.6    22.0     0.3    22.16 C    43.0    12.6    22.3    75.6    30.7    49.4   0.155   0.205   0.200   0.212   0.365    18.7    17.5    16.3    14.3    13.2
94088 20160719  2.422 -104.44   44.52    29.5    18.7    24.1    23.5     0.0    22.92 C    42.6    12.0    23.2    53.7    23.3    40.7   0.140   0.196   0.197   0.211   0.365    19.5    18.5    17.3    14.6    13.2
94088 20160720  2.422 -104.44   44.52    32.4    20.4    26.4    26.3     0.0    28.16 C    46.5    12.3    26.1    49.7    12.8    25.1   0.125   0.179   0.186   0.211   0.362    20.5    19.2    17.9    15.0    13.3
94088 20160721  2.422 -104.44   44.52    31.6    16.7    24.2    24.0     0.0    28.55 C    47.0    12.1    25.1    79.8    12.9    43.2   0.109   0.158   0.173   0.212   0.360    20.9    19.7    18.4    15.3    13.4
94088 20160722  2.422 -104.44   44.52    33.0    15.8    24.4    25.6     0.0    24.06 C    47.0    10.2    26.1    48.8    15.2    32.1   0.093   0.138   0.161   0.213   0.358    20.8    19.8    18.6    15.6    13.6
94088 20160723  2.422 -104.44   44.52    24.7    10.8    17.8    19.6     0.0    28.71 C    44.7     6.1    23.3    79.3    26.5    41.0   0.081   0.124   0.152   0.213   0.353    21.0    19.9    18.7    15.7    13.7
94088 20160724  2.422 -104.44   44.52    25.4    11.9    18.6    18.5     0.2    18.29 C    43.9     8.3    20.0    79.8    27.5    47.6   0.071   0.114   0.145   0.212   0.350    19.3    18.7    18.2    15.8    13.9
94088 20160725  2.422 -104.44   44.52    30.1    18.2    24.1    23.8     0.0    21.74 C    48.4    12.5    24.3    54.4    16.0    35.3   0.067   0.109   0.142   0.211   0.348    19.7    18.8    17.9    15.7    14.0
94088 20160726  2.422 -104.44   44.52    27.2    13.6    20.4    20.4     1.4    25.45 C    44.7    10.4    23.6    95.1    29.5    57.5   0.064   0.106   0.139   0.210   0.345    20.7    19.5    18.3    15.7    14.0
94088 20160727  2.422 -104.44   44.52    22.7    12.4    17.6    18.3     0.0    22.65 C    44.3    10.1    22.3    94.8    42.8    59.6   0.061   0.103   0.138   0.209   0.340    20.3    19.3    18.4    15.8    14.1
94088 20160728  2.422 -104.44   44.52    19.3     8.7    14.0    14.2     9.7    11.78 C    30.8     5.8    14.8    97.0    51.7    79.1   0.100   0.101   0.137   0.207   0.337    18.0    17.8    17.8    15.9    14.2
94088 20160729  2.422 -104.44   44.52    22.5     8.8    15.6    16.9     0.0    21.92 C    37.9     6.1    18.7    96.7    47.0    67.8   0.112   0.104   0.137   0.207   0.338    18.1    17.5    17.2    15.6    14.3
94088 20160730  2.422 -104.44   44.52    28.7    13.8    21.3    21.0     4.6    24.55 C    44.7    10.7    22.7    84.8    22.0    47.7   0.110   0.106   0.138   0.206   0.337    19.2    18.3    17.5    15.5    14.3
94088 20160731  2.422 -104.44   44.52    30.7    18.1    24.4    24.3     2.6    25.34 C    42.4    15.1    24.9    75.4    21.3    44.3   0.115   0.109   0.139   0.207   0.338    20.5    19.4    18.1    15.7    14.2
94088 20160801  2.422 -104.44   44.52    26.6    12.0    19.3    20.8     0.0    26.30 C    41.9     9.3    22.3    88.5    31.9    55.8   0.109   0.109   0.140   0.208   0.335    20.9    19.8    18.7    15.9    14.3
94088 20160802  2.422 -104.44   44.52    28.3    13.4    20.9    20.4     6.6    24.96 C    41.6    11.9    22.8    91.0    27.6    60.5   0.105   0.109   0.140   0.207   0.333    20.7    19.8    18.8    16.1    14.4
94088 20160803  2.422 -104.44   44.52    29.2    13.4    21.3    22.1     0.0    23.10 C    41.7     8.2    21.9    53.5    20.5    34.6   0.120   0.109   0.140   0.208   0.332    20.1    19.4    18.6    16.2    14.5
94088 20160804  2.422 -104.44   44.52    20.4     9.1    14.8    14.2     0.0    27.63 C    39.3     4.8    18.0    71.3    31.3    50.1   0.100   0.108   0.140   0.208   0.332    18.8    18.4    18.1    16.2    14.6
94088 20160805  2.422 -104.44   44.52    25.0     9.5    17.3    18.3     0.0    24.20 C    41.1     4.0    20.1    68.6    28.4    44.7   0.084   0.107   0.140   0.208   0.330    18.5    18.0    17.6    16.0    14.6
94088 20160806  2.422 -104.44   44.52    24.0    13.9    19.0    17.8     0.0    22.00 C    45.5    11.6    20.8    87.9    34.2    59.3   0.071   0.106   0.139   0.209   0.329    18.9    18.2    17.7    15.9    14.6
94088 20160807  2.422 -104.44   44.52    27.6    13.3    20.5    19.0     3.0    23.45 C    47.0    12.6    23.2    96.6    27.4    70.3   0.073   0.105   0.138   0.208   0.326    19.8    18.8    17.9    15.9    14.6
94088 20160808  2.422 -104.44   44.52    24.9    11.7    18.3    18.3     0.4    20.99 C    42.1     8.5    20.3    91.7    44.1    63.6   0.086   0.104   0.138   0.208   0.326    19.8    19.0    18.2    16.0    14.6
94088 20160809  2.422 -104.44   44.52    30.5    13.4    22.0    23.5     0.0    25.38 C    45.4     8.7    24.2    71.8    22.1    40.5   0.069   0.104   0.138   0.208   0.324    19.9    18.9    18.1    16.0    14.7
94088 20160810  2.422 -104.44   44.52    26.7    12.4    19.5    21.8     0.0    25.46 C    46.5     7.4    25.4    82.2    30.2    47.3   0.062   0.103   0.138   0.207   0.321    20.8    19.7    18.5    16.1    14.7
94088 20160811  2.422 -104.44   44.52    20.3     7.5    13.9    15.1     1.4    13.28 C    30.4     4.1    15.6    96.1    42.0    71.5   0.057   0.101   0.136   0.205   0.318    18.6    18.5    18.3    16.3    14.7
94088 20160812  2.422 -104.44   44.52    22.8     7.4    15.1    14.9     9.5    21.88 C    42.4     3.4    17.1    96.4    28.1    56.9   0.078   0.108   0.140   0.218   0.332    16.6    16.6    16.9    16.0    14.8
94088 20160813  2.422 -104.44   44.52    20.6     7.1    13.9    14.5     0.0    21.93 C    36.2     3.7    16.2    96.4    38.2    62.7   0.111   0.131   0.152   0.242   0.368    16.7    16.3    16.3    15.7    14.7
94088 20160814  2.422 -104.44   44.52    27.7    11.3    19.5    19.5     0.5    20.51 C    43.0     6.9    19.9    78.0    18.6    44.1   0.098   0.126   0.149   0.237   0.363    17.6    17.0    16.7    15.5    14.7
94088 20160815  2.422 -104.44   44.52    24.8    13.0    18.9    18.9     0.0    21.61 C    41.8     7.8    19.5    65.6    26.8    44.0   0.088   0.121   0.146   0.233   0.357    17.9    17.3    16.9    15.5    14.6
94088 20160816  2.422 -104.44   44.52    25.4    11.5    18.5    19.5     0.6    23.69 C    42.5     8.7    20.9    85.4    30.4    45.5   0.081   0.116   0.144   0.230   0.348    18.4    17.7    17.1    15.6    14.5
94088 20160817  2.422 -104.44   44.52    29.8    12.9    21.4    21.9    10.2    17.52 C    46.1     4.0    21.2    69.8    21.2    38.6   0.100   0.129   0.145   0.255   0.391    17.0    16.7    16.7    15.6    14.5
94088 20160818  2.422 -104.44   44.52    21.8     7.4    14.6    13.4     4.3     3.92 C    18.8     5.5    13.4    98.1    29.6    81.3   0.141   0.167   0.154   0.312   0.435    15.4    15.5    15.9    15.4    14.5
94088 20160819  2.422 -104.44   44.52    10.5     3.8     7.2     7.2    14.7     4.53 C    13.4     0.8     8.3    98.4    79.7    92.8   0.175   0.199   0.200   0.337   0.432    13.4    14.0    15.0    15.2    14.5
94088 20160820  2.422 -104.44   44.52    16.0     4.1    10.0     9.8     0.0    23.16 C    30.7     0.8    11.9    93.6    38.8    66.2   0.167   0.211   0.246   0.339   0.428    13.7    13.6    14.1    14.5    14.4
94088 20160821  2.422 -104.44   44.52    25.6    10.5    18.0    18.8     0.0    25.57 C    36.6     6.9    18.9    60.5    17.0    32.0   0.152   0.205   0.242   0.330   0.419    15.4    14.8    14.6    14.2    14.1
94088 20160822  2.422 -104.44   44.52    29.1    14.3    21.7    23.0     0.0    23.89 C    38.9     7.2    20.9    48.8    10.9    24.4   0.139   0.197   0.231   0.323   0.417    17.0    16.2    15.6    14.4    14.0
94088 20160823  2.422 -104.44   44.52    22.1     8.2    15.1    14.8     0.0    23.43 C    35.1     2.6    15.8    59.2    14.2    34.0   0.126   0.185   0.220   0.318   0.412    16.3    15.9    15.8    14.6    13.9
94088 20160824  2.422 -104.44   44.52    16.7     6.2    11.4    10.9     0.0    21.10 C    35.5     3.1    14.3    85.2    46.6    64.3   0.117   0.176   0.211   0.313   0.408    15.5    15.2    15.4    14.6    13.9
94088 20160825  2.422 -104.44   44.52    14.5     4.6     9.5     8.8     0.0    18.25 C    32.7     1.2    11.9    89.4    42.9    66.1   0.110   0.167   0.202   0.308   0.407    14.7    14.7    15.0    14.5    13.9
94088 20160826  2.422 -104.44   44.52    17.6     6.7    12.1    11.2     4.8    15.98 C    36.2     5.5    13.6    97.2    46.4    72.5   0.122   0.160   0.196   0.304   0.406    14.3    14.3    14.6    14.3    13.9
94088 20160827  2.422 -104.44   44.52    22.6     9.4    16.0    16.5     0.0    22.49 C    32.7     6.1    16.3    81.2    26.1    48.5   0.136   0.157   0.191   0.300   0.403    15.3    14.8    14.6    14.1    13.8
94088 20160828  2.422 -104.44   44.52    27.3    14.3    20.8    21.4     0.0    23.68 C    37.4     6.7    19.0    47.2    13.4    25.2   0.124   0.152   0.186   0.294   0.399    16.2    15.7    15.2    14.1    13.7
94088 20160829  2.422 -104.44   44.52    22.2    11.6    16.9    17.1     0.0    20.24 C    35.0     5.8    17.1    69.4    36.3    54.0   0.113   0.146   0.179   0.288   0.396    16.0    15.6    15.4    14.2    13.7
94088 20160830  2.422 -104.44   44.52    26.0    15.9    20.9    20.6     0.0    21.17 C    36.5    10.5    20.5    72.2    22.1    50.5   0.104   0.140   0.173   0.283   0.392    17.0    16.3    15.7    14.3    13.7
94088 20160831  2.422 -104.44   44.52    24.8    16.4    20.6    19.6     0.0    20.82 C    35.9    13.8    20.2    71.5    25.3    50.2   0.094   0.134   0.167   0.277   0.390    17.2    16.6    16.0    14.5    13.7
94088 20160901  2.422 -104.44   44.52    25.4    15.0    20.2    19.6     0.0    21.54 C    37.1    12.7    21.0    82.3    39.2    61.1   0.085   0.127   0.161   0.271   0.383    17.5    16.8    16.2    14.6    13.8
94088 20160902  2.422 -104.44   44.52    25.2    17.4    21.3    20.7     0.0    15.79 C    36.2    14.0    20.3    69.9    31.3    46.8   0.079   0.123   0.156   0.264   0.376    17.4    16.9    16.4    14.8    13.9
94088 20160903  2.422 -104.44   44.52    24.0    11.2    17.6    17.7     2.9    20.36 C    38.9     7.7    20.3    94.3    38.0    59.7   0.078   0.118   0.152   0.257   0.372    17.4    16.8    16.3    14.8    13.9
94088 20160904  2.422 -104.44   44.52    16.9     8.2    12.5    11.8     8.4    10.08 C    29.3     9.0    14.4    98.2    62.4    92.6   0.134   0.123   0.150   0.252   0.368    16.5    16.3    16.2    14.8    14.0
94088 20160905  2.422 -104.44   44.52    18.8     7.6    13.2    11.6     4.1    16.20 C    28.5     8.3    14.3    98.2    56.3    88.8   0.175   0.149   0.150   0.249   0.365    15.7    15.5    15.6    14.8    14.0
94088 20160906  2.422 -104.44   44.52    16.1     4.5    10.3    11.0     0.0    15.06 C    29.0     4.3    13.1    95.1    60.3    77.7   0.170   0.162   0.149   0.249   0.363    15.4    15.2    15.3    14.6    14.0
94088 20160907  2.422 -104.44   44.52    15.4     4.8    10.1    11.9     0.0    19.96 C    30.2     2.9    14.2    96.5    49.3    72.8   0.153   0.156   0.149   0.247   0.362    15.6    15.3    15.3    14.5    14.0
94088 20160908  2.422 -104.44   44.52    19.8     5.4    12.6    13.1     0.0    21.42 C    33.2     2.7    13.9    84.3    31.2    53.9   0.137   0.149   0.149   0.247   0.358    14.6    14.5    14.8    14.4    13.9
94088 20160909  2.422 -104.44   44.52    10.5     3.7     7.1     6.2     6.9     8.97 C    20.5     0.9     7.6    93.7    57.5    80.1   0.154   0.144   0.149   0.245   0.355    13.0    13.4    14.2    14.2    13.8
94088 20160910  2.422 -104.44   44.52    20.2     4.5    12.4    12.2     0.0    21.81 C    26.4     1.6    10.8    83.7    20.4    45.9   0.173   0.150   0.148   0.242   0.354    12.4    12.5    13.2    13.7    13.7
94088 20160911  2.422 -104.44   44.52    24.4     6.5    15.5    17.9     0.0    21.58 C    32.2     5.3    15.6    83.2    11.7    29.4   0.154   0.150   0.148   0.243   0.350    13.7    13.5    13.5    13.4    13.6
94088 20160912  2.422 -104.44   44.52     6.5     0.1     3.3     3.5    11.2     1.55 C    11.3     0.0     5.9    99.0    84.2    95.9   0.148   0.149   0.148   0.243   0.349    11.6    12.3    13.3    13.4    13.4
94088 20160913  2.422 -104.44   44.52     8.5     0.1     4.3     3.5     3.4     3.34 C     9.2     0.0     4.4    98.8    79.5    95.7   0.220   0.216   0.146   0.241   0.346     9.0     9.9    11.4    13.0    13.3
94088 20160914  2.422 -104.44   44.52    20.2     8.3    14.2    14.1     0.0    19.24 C    27.8     6.1    13.7    84.4    39.4    58.8   0.201   0.229   0.148   0.240   0.343    11.8    11.3    11.5    12.4    13.1
94088 20160915  2.422 -104.44   44.52    14.4     6.4    10.4    10.2     4.7    17.54 C    29.0     3.1    13.0    96.5    52.8    78.9   0.196   0.225   0.151   0.239   0.342    13.1    12.8    12.7    12.3    12.8
94088 20160916  2.422 -104.44   44.52    16.0     5.7    10.8    10.1     1.7    17.03 C    27.1     3.7    11.0    95.7    44.7    69.3   0.225   0.249   0.154   0.239   0.339    12.7    12.5    12.7    12.5    12.7
94088 20160917  2.422 -104.44   44.52    20.7     9.2    14.9    15.0     0.0    20.13 C    27.9     5.3    13.1    53.3    19.0    34.9   0.201   0.243   0.155   0.238   0.339    12.6    12.5    12.6    12.5    12.6
94088 20160918  2.422 -104.44   44.52    21.5     8.5    15.0    16.0     0.6    17.04 C    29.3     4.7    14.0    90.3    25.7    40.5   0.182   0.232   0.158   0.238   0.336    13.2    12.8    12.8    12.5    12.6
94088 20160919  2.422 -104.44   44.52    21.3     7.0    14.1    15.3     0.2    19.50 C    27.2     5.1    14.8    89.9    32.1    52.3   0.170   0.222   0.159   0.239   0.336    13.8    13.4    13.2    12.6    12.5
94088 20160920  2.422 -104.44   44.52    21.8     7.3    14.6    17.1     0.0    19.34 C    30.0     2.6    15.3    84.9    33.5    50.3   0.158   0.213   0.160   0.238   0.332    14.0    13.6    13.5    12.7    12.5
94088 20160921  2.422 -104.44   44.52    18.7     8.2    13.4    12.6     0.0    10.98 C    28.3     3.3    13.4    97.6    40.4    81.6   0.147   0.205   0.160   0.237   0.330    13.7    13.5    13.5    12.8    12.6
94088 20160922  2.422 -104.44   44.52    11.6     5.6     8.6     8.4     0.0     8.06 C    21.4     3.9    10.8    98.4    83.5    92.8   0.140   0.199   0.160   0.238   0.332    13.3    13.4    13.4    12.8    12.6
94088 20160923  2.422 -104.44   44.52    18.3     7.8    13.1    12.1    12.8     6.46 C    29.0     8.6    13.7    98.1    64.7    92.4   0.153   0.202   0.160   0.237   0.330    13.5    13.3    13.2    12.7    12.6
94088 20160924  2.422 -104.44   44.52     8.5     1.7     5.1     5.0    32.2     3.68 C    10.9     1.8     6.4    98.3    94.0    97.1   0.278   0.323   0.214   0.270   0.329    11.4    12.0    12.8    12.7    12.6
94088 20160925  2.422 -104.44   44.52    10.6     2.4     6.5     6.3     0.0    19.05 C    20.6     0.0     6.9    97.8    42.9    66.4   0.245   0.316   0.291   0.339   0.329    10.4    10.7    11.5    12.3    12.6
94088 20160926  2.422 -104.44   44.52    14.9     7.3    11.1    10.8     0.0    18.24 C    23.4     2.5     9.6    77.5    47.6    58.2   0.226   0.297   0.285   0.330   0.328    10.5    10.6    11.2    11.9    12.4
94088 20160927  2.422 -104.44   44.52    21.2     8.4    14.8    14.9     0.0    18.80 C    26.9     1.7    11.4    70.2    28.6    47.3   0.211   0.286   0.279   0.324   0.327    11.3    11.2    11.4    11.6    12.2
94088 20160928  2.422 -104.44   44.52 -9999.0 -9999.0 -9999.0 -9999.0 -9999.0 -9999.00 U -9999.0 -9999.0 -9999.0 -9999.0 -9999.0 -9999.0 -99.000 -99.000 -99.000 -99.000 -99.000 -9999.0 -9999.0 -9999.0 -9999.0 -9999.0
94088 20160929  2.422 -104.44   44.52    21.9    13.4    17.7    17.6     0.0    16.30 C    25.6     8.6    15.2    52.1    32.5    40.9   0.187   0.269   0.268   0.314   0.325    12.0    11.8    11.8    11.6    12.0
94088 20160930  2.422 -104.44   44.52    20.5    13.4    16.9    16.6     0.2    11.43 C    27.7     7.7    14.5    67.5    41.2    52.0   0.178   0.262   0.263   0.312   0.321    12.9    12.6    12.3    11.7    11.9
94088 20161001  2.422 -104.44   44.52    21.6     8.4    15.0    16.0     0.0    12.64 C    28.7     3.7    11.9    82.8    36.7    55.5   0.170   0.255   0.259   0.309   0.321    12.3    12.2    12.3    11.9    11.9
94088 20161002  2.422 -104.44   44.52    17.7     8.2    12.9    14.5     0.3    17.02 C    27.2     2.5    13.6    90.1    41.7    62.1   0.162   0.248   0.254   0.306   0.322    12.5    12.3    12.3    11.9    11.9
94088 20161003  2.422 -104.44   44.52    16.3     2.5     9.4    10.8     4.5     7.35 C    19.5     2.1    10.1    97.6    49.9    71.7   0.189   0.249   0.251   0.304   0.324    12.2    12.2    12.4    11.9    11.9
94088 20161004  2.422 -104.44   44.52     3.1    -0.7     1.2     0.9     0.8     3.99 C     7.8    -0.1     2.4    97.9    69.1    86.5   0.208   0.255   0.249   0.302   0.320     9.5    10.4    11.5    11.9    11.9
94088 20161005  2.422 -104.44   44.52     5.2    -0.8     2.2     1.4     1.6    12.46 C    16.4    -2.5     3.3    97.5    61.7    79.7   0.200   0.252   0.246   0.300   0.320     8.7     9.2    10.3    11.4    11.9
94088 20161006  2.422 -104.44   44.52     4.9    -2.1     1.4     1.1     0.0    10.95 C    18.3    -4.3     1.8    92.8    62.9    78.4   0.192   0.249   0.245   0.297   0.321     7.8     8.4     9.6    10.9    11.7
94088 20161007  2.422 -104.44   44.52    10.3     0.3     5.3     5.2     0.0    15.88 C    19.7    -1.8     4.6    95.0    31.9    60.6   0.186   0.246   0.243   0.293   0.318     7.6     8.0     9.1    10.4    11.4
94088 20161008  2.422 -104.44   44.52    15.0     2.8     8.9     9.7     0.0    14.97 C    22.9    -3.3     7.6    75.2    34.6    48.6   0.180   0.243   0.241   0.292   0.318     8.2     8.4     9.0    10.1    11.2
94088 20161009  2.422 -104.44   44.52    19.9     9.1    14.5    13.6     0.0    16.14 C    23.3     0.0     9.3    41.3    19.8    32.2   0.172   0.237   0.237   0.289   0.317     8.9     9.0     9.3    10.0    11.0
94088 20161010  2.422 -104.44   44.52    20.9    -1.2     9.9    11.7     0.0    15.77 C    23.8    -1.3     8.4    99.2    15.1    47.5   0.164   0.232   0.234   0.288   0.317     8.9     9.0     9.4     9.9    10.8
94088 20161011  2.422 -104.44   44.52    -1.1    -7.2    -4.1    -3.7     2.1     3.55 C     8.8    -5.5    -0.6    98.4    91.1    95.0   0.158   0.228   0.232   0.287   0.316     7.5     8.2     9.2     9.9    10.7
94088 20161012  2.422 -104.44   44.52     6.9    -8.7    -0.9     0.0     0.0    16.33 C    13.0   -10.8    -0.8    92.1    35.3    63.9   0.155   0.225   0.231   0.286   0.314     6.0     6.8     8.1     9.6    10.6
94088 20161013  2.422 -104.44   44.52    15.0     0.5     7.7     9.7     0.0    15.52 C    20.5    -8.4     4.6    56.2    12.9    22.2   0.152   0.222   0.229   0.284   0.313     5.9     6.4     7.5     9.1    10.4
94088 20161014  2.422 -104.44   44.52    20.8     7.4    14.1    14.7     0.0     8.27 C    24.2     1.4    10.6    61.7    20.5    30.9   0.148   0.219   0.227   0.281   0.313     7.8     7.8     8.0     8.9    10.2
94088 20161015  2.422 -104.44   44.52    15.9     4.9    10.4    10.8     0.3    13.56 C    21.8    -1.8     8.1    68.4    35.0    49.6   0.146   0.215   0.224   0.281   0.312     8.1     8.2     8.5     9.0    10.0
94088 20161016  2.422 -104.44   44.52    17.3     8.1    12.7    13.3     0.0    10.28 C    24.2     0.2    10.5    52.5    13.2    32.0   0.141   0.211   0.221   0.279   0.313     8.8     8.8     8.9     9.0     9.9
94088 20161017  2.422 -104.44   44.52     8.8     1.9     5.4     5.5     0.5     4.83 C    13.2     0.0     5.4    97.6    50.7    76.5   0.138   0.207   0.219   0.278   0.311     8.2     8.4     8.9     9.1     9.8
94088 20161018  2.422 -104.44   44.52     8.9    -0.1     4.4     4.4     0.0    11.91 C    17.8    -4.6     2.3    83.5    40.4    57.2   0.136   0.204   0.218   0.278   0.309     7.0     7.6     8.4     9.1     9.8
94088 20161019  2.422 -104.44   44.52     6.4     0.0     3.2     2.3     5.8     4.73 C    12.4    -3.2     1.2    98.4    45.6    75.7   0.135   0.202   0.216   0.277   0.309     6.1     6.7     7.7     8.9     9.8
94088 20161020  2.422 -104.44   44.52     8.6    -0.1     4.3     4.7     0.0    14.20 C    13.1    -4.0     2.4    89.8    27.5    51.0   0.146   0.201   0.217   0.277   0.310     5.8     6.3     7.3     8.5     9.7
94088 20161021  2.422 -104.44   44.52    13.2     6.3     9.7     9.7     0.0    13.00 C    19.5    -0.5     6.3    57.5    27.2    39.5   0.157   0.203   0.215   0.275   0.306     6.4     6.6     7.2     8.3     9.5
94088 20161022  2.422 -104.44   44.52    17.4     2.9    10.1    10.5     0.0    13.14 C    21.9    -4.2     6.9    83.7    21.1    40.7   0.155   0.203   0.213   0.274   0.306     6.9     7.1     7.5     8.2     9.3
94088 20161023  2.422 -104.44   44.52    12.6     0.2     6.4     7.3     0.0    12.80 C    16.9    -5.5     3.8    75.9    33.0    50.0   0.150   0.200   0.211   0.272   0.308     5.9     6.4     7.3     8.2     9.2
94088 20161024  2.422 -104.44   44.52    17.9     5.1    11.5    13.1     0.0     8.01 C    21.5    -2.7     8.7    53.4    20.4    33.3   0.148   0.199   0.210   0.272   0.308     7.0     7.0     7.3     8.0     9.1
94088 20161025  2.422 -104.44   44.52    15.0     6.2    10.6    11.3     0.0     6.82 C    23.3    -1.6     8.1    71.3    43.7    54.0   0.146   0.199   0.209   0.272   0.305     8.1     8.0     8.0     8.1     9.0
94088 20161026  2.422 -104.44   44.52    16.0     8.5    12.2    12.3     0.0    10.04 C    19.6    -0.8     7.6    56.8    32.1    41.7   0.143   0.195   0.207   0.271   0.306     7.5     7.6     8.0     8.3     9.0
94088 20161027  2.422 -104.44   44.52    19.5    11.8    15.6    15.5     0.0    10.23 C    21.0     6.0    11.8    43.3    29.0    34.9   0.139   0.193   0.205   0.270   0.305     8.3     8.2     8.2     8.3     9.0
94088 20161028  2.422 -104.44   44.52    19.3     4.8    12.1    13.2     1.0     7.81 C    25.0     0.6    10.0    97.7    25.2    47.9   0.136   0.190   0.203   0.270   0.305     8.9     8.8     8.6     8.4     9.0
94088 20161029  2.422 -104.44   44.52     4.8    -0.3     2.2     2.5     6.6     1.87 C    11.0    -0.3     3.6    98.5    93.2    97.8   0.154   0.190   0.203   0.268   0.305     7.7     8.1     8.6     8.5     9.0
94088 20161030  2.422 -104.44   44.52    15.7     3.0     9.3    11.3     0.0     8.56 C    18.1     1.6     8.5    96.6    35.3    58.9   0.171   0.200   0.201   0.270   0.305     7.5     7.6     8.0     8.5     9.0
94088 20161031  2.422 -104.44   44.52    14.6     5.5    10.1    10.8     0.0    10.23 C    19.1    -0.1     7.8    58.6    22.0    38.9   0.169   0.205   0.201   0.268   0.306     8.1     8.2     8.4     8.4     9.0
94088 20161101  2.422 -104.44   44.52    10.5    -0.9     4.8     5.6     0.6    10.62 C    14.3    -5.4     1.7    63.0    31.3    45.5   0.163   0.202   0.200   0.267   0.305     6.0     6.7     7.7     8.4     9.0
94088 20161102  2.422 -104.44   44.52    11.3     2.3     6.8     7.2     0.0    11.53 C    15.6    -6.4     2.7    62.3    29.1    42.7   0.159   0.200   0.199   0.266   0.305     5.2     5.8     6.9     8.1     9.0
94088 20161103  2.422 -104.44   44.52    16.6     7.3    12.0    11.8     0.0    11.31 C    19.9    -3.3     3.7    34.8    15.1    23.3   0.155   0.198   0.197   0.264   0.303     5.4     5.9     6.6     7.7     8.9
94088 20161104  2.422 -104.44   44.52    18.0     6.7    12.4    13.8     0.0    11.06 C    18.8    -3.6     7.3    37.2    11.2    23.4   0.151   0.195   0.196   0.263   0.304     5.6     5.9     6.5     7.5     8.7
94088 20161105  2.422 -104.44   44.52    18.0    12.0    15.0    14.4     0.7     9.48 C    21.6     3.4     8.9    44.5    15.9    22.8   0.147   0.193   0.196   0.262   0.303     6.6     6.7     6.9     7.5     8.5
94088 20161106  2.422 -104.44   44.52    14.9     7.1    11.0    11.5     0.0    10.90 C    19.0    -4.4     6.4    43.8    21.5    34.3   0.143   0.190   0.195   0.262   0.303     6.9     7.1     7.3     7.5     8.4
94088 20161107  2.422 -104.44   44.52    10.6     0.5     5.5     6.0     0.0    10.43 C    15.8    -6.6     0.3    62.3    29.2    44.8   0.139   0.187   0.193   0.263   0.303     4.9     5.7     6.7     7.5     8.4
94088 20161108  2.422 -104.44   44.52    13.0     5.2     9.1     9.3     0.0     7.74 C    15.2    -4.2     5.8    46.4    28.3    36.1   0.136   0.184   0.192   0.262   0.301     5.1     5.4     6.1     7.3     8.4
94088 20161109  2.422 -104.44   44.52    19.2     8.7    13.9    13.7     0.0    10.22 C    21.5    -2.2     7.1    43.9    20.1    28.8   0.133   0.182   0.191   0.260   0.301     6.1     6.2     6.5     7.2     8.3
94088 20161110  2.422 -104.44   44.52    12.4     3.5     8.0     8.5     0.0    10.03 C    16.4    -3.3     3.6    63.4    33.4    48.7   0.130   0.179   0.189   0.260   0.301     5.5     5.9     6.5     7.2     8.2
94088 20161111  2.422 -104.44   44.52    10.6     2.7     6.6     7.4     0.0    10.07 C    12.3    -4.0     3.7    65.5    20.5    38.4   0.127   0.176   0.187   0.259   0.301     4.9     5.4     6.1     7.1     8.1
94088 20161112  2.422 -104.44   44.52    14.6     3.0     8.8    10.1     0.0    10.23 C    18.2    -5.1     3.9    52.8    19.4    34.2   0.125   0.173   0.186   0.259   0.301     4.9     5.3     5.9     7.0     8.0
94088 20161113  2.422 -104.44   44.52    11.1     2.1     6.6     7.6     0.0     7.85 C    15.6    -6.3     2.1    67.0    31.2    47.4   0.120   0.171   0.185   0.257   0.300     4.6     5.1     5.8     6.8     7.9
94088 20161114  2.422 -104.44   44.52    12.1     6.1     9.1     9.5     0.0     6.27 C    17.2     0.5     6.7    50.3    33.2    40.4   0.118   0.169   0.184   0.256   0.299     5.1     5.3     5.7     6.6     7.8
94088 20161115  2.422 -104.44   44.52    12.3     4.7     8.5     9.0     0.3     8.34 C    16.2     1.9     6.7    59.7    22.3    38.9   0.119   0.166   0.184   0.256   0.298     5.7     5.8     6.1     6.6     7.7
94088 20161116  2.422 -104.44   44.52    11.3    -1.2     5.1     4.9     0.8     7.94 C    14.7    -4.1     3.8    83.0    23.8    55.1   0.115   0.164   0.182   0.255   0.298     5.4     5.7     6.1     6.6     7.7
94088 20161117  2.422 -104.44   44.52    -1.2    -8.6    -4.9    -5.8    11.0     1.51 C    -0.8    -8.6    -5.1    96.0    71.6    91.4   0.112   0.162   0.182   0.254   0.299     3.9     4.6     5.6     6.6     7.6
94088 20161118  2.422 -104.44   44.52    -5.6   -13.0    -9.3    -8.4     0.6     4.90 C    -3.8   -23.1   -11.6    91.6    57.0    85.5   0.111   0.160   0.181   0.252   0.297     3.7     4.3     5.1     6.4     7.5
94088 20161119  2.422 -104.44   44.52     5.4    -7.0    -0.8     0.6     0.2     7.28 C    -1.6   -13.2    -5.2    67.2    32.0    45.5   0.111   0.161   0.181   0.252   0.299     3.4     4.0     4.9     6.2     7.4
94088 20161120  2.422 -104.44   44.52    11.9     2.6     7.2     7.5     0.0     8.99 C     0.0    -9.8    -3.3    44.6    24.8    35.0   0.121   0.165   0.181   0.253   0.298     3.2     3.8     4.7     6.0     7.3
94088 20161121  2.422 -104.44   44.52     9.7    -0.3     4.7     6.0     0.0     7.95 C     0.3    -5.5    -1.4    79.9    35.7    54.6   0.173   0.196   0.192   0.251   0.297     3.2     3.8     4.5     5.8     7.2
94088 20161122  2.422 -104.44   44.52     2.8    -1.9     0.5     0.0     0.8     5.58 C    -0.1   -10.5    -3.9    81.8    51.7    69.6   0.189   0.206   0.223   0.251   0.300     3.0     3.6     4.4     5.7     7.1
94088 20161123  2.422 -104.44   44.52     4.1    -2.2     0.9     1.1     0.2     7.93 C     0.2   -12.0    -4.5    74.4    49.6    62.0   0.187   0.206   0.225   0.250   0.298     2.0     2.9     3.9     5.5     6.9
94088 20161124  2.422 -104.44   44.52     1.6    -3.3    -0.9    -2.2     5.6     2.94 C    -2.0   -11.7    -6.3    96.7    54.6    78.0   0.184   0.206   0.224   0.249   0.299     2.0     2.6     3.6     5.2     6.7
94088 20161125  2.422 -104.44   44.52     4.2    -3.1     0.6     1.5     0.4     5.69 C    -2.1   -13.6    -5.9    57.2    28.4    38.6   0.181   0.205   0.224   0.248   0.299     1.7     2.4     3.4     5.0     6.6
94088 20161126  2.422 -104.44   44.52     8.4    -2.7     2.9     4.5     0.0     8.28 C    -0.8   -13.1    -5.5    42.4    16.3    27.8   0.178   0.204   0.223   0.247   0.301     1.6     2.3     3.2     4.8     6.4
94088 20161127  2.422 -104.44   44.52     6.2    -2.5     1.9     2.9     0.0     5.74 C     0.3    -7.7    -3.7    55.2    23.6    37.8   0.180   0.203   0.221   0.247   0.298     1.7     2.3     3.1     4.6     6.3
94088 20161128  2.422 -104.44   44.52    -0.8    -8.5    -4.7    -4.1     9.2     4.47 C    -3.0    -8.6    -6.4    94.9    51.4    70.8   0.180   0.202   0.221   0.246   0.300     1.2     1.9     2.9     4.5     6.1
94088 20161129  2.422 -104.44   44.52    -7.5    -9.5    -8.5    -8.5    13.0     1.25 C    -7.7    -9.6    -8.5    93.4    90.5    91.7   0.178   0.201   0.222   0.246   0.299     1.2     1.8     2.7     4.3     6.0
94088 20161130  2.422 -104.44   44.52    -5.3    -9.1    -7.2    -7.7     0.0     3.06 C    -7.5   -11.1    -8.8    91.5    62.8    82.2   0.177   0.200   0.221   0.247   0.298     1.3     1.8     2.6     4.1     5.8
94088 20161201  2.422 -104.44   44.52    -3.9    -6.5    -5.2    -5.1     3.9     3.02 C    -4.3   -15.8    -8.0    95.4    52.6    74.3   0.176   0.200   0.220   0.246   0.297     1.4     1.9     2.6     4.0     5.7
94088 20161202  2.422 -104.44   44.52    -3.0    -7.3    -5.1    -5.1     0.4     6.26 C    -3.3   -17.3   -10.8    93.0    64.4    80.7   0.177   0.200   0.220   0.245   0.298     1.5     2.0     2.7     4.0     5.6
94088 20161203  2.422 -104.44   44.52    -2.6    -8.4    -5.5    -4.7     4.4     3.89 C    -3.9   -13.0    -7.7    92.1    46.2    77.3   0.178   0.199   0.220   0.246   0.299     1.5     2.0     2.7     3.9     5.5
94088 20161204  2.422 -104.44   44.52     0.6    -5.6    -2.5    -2.4     1.2     7.67 C    -3.2   -12.6    -7.1    79.3    36.6    59.2   0.179   0.198   0.219   0.244   0.299     1.6     2.1     2.7     3.9     5.4
94088 20161205  2.422 -104.44   44.52     0.2   -16.8    -8.3   -10.1    10.8     1.57 C    -2.4   -21.8   -11.1    95.7    61.1    86.6   0.182   0.198   0.219   0.245   0.297     1.7     2.1     2.7     3.8     5.3
94088 20161206  2.422 -104.44   44.52   -16.8   -21.2   -19.0   -18.8     0.0     6.66 C   -17.5   -25.8   -21.2    86.3    79.9    83.2   0.186   0.198   0.218   0.244   0.297     1.6     2.1     2.7     3.8     5.3
94088 20161207  2.422 -104.44   44.52   -20.3   -23.6   -21.9   -21.5     0.2     3.08 C   -18.9   -29.6   -23.5    81.2    78.8    80.2   0.186   0.198   0.217   0.243   0.297     1.5     2.0     2.6     3.7     5.2
94088 20161208  2.422 -104.44   44.52   -16.0   -22.6   -19.3   -19.6     0.5     7.38 C   -18.2   -32.1   -26.9    83.8    72.5    79.6   0.186   0.198   0.217   0.244   0.296     1.3     1.8     2.5     3.6     5.1
94088 20161209  2.422 -104.44   44.52    -8.0   -18.8   -13.4   -15.1     0.2     6.47 C    -9.2   -25.6   -18.0    84.1    68.2    78.2   0.184   0.199   0.217   0.244   0.297     1.2     1.7     2.4     3.5     5.0
94088 20161210  2.422 -104.44   44.52     1.7   -10.5    -4.4    -4.2     2.6     4.30 C    -2.2   -16.0    -6.5    95.1    57.7    80.0   0.182   0.199   0.217   0.243   0.294     1.1     1.5     2.2     3.4     5.0
94088 20161211  2.422 -104.44   44.52    -5.5   -10.7    -8.1    -7.8     0.8     7.81 C    -9.2   -17.9   -13.7    92.8    56.1    71.5   0.180   0.199   0.216   0.243   0.295     1.1     1.5     2.2     3.3     4.9
94088 20161212  2.422 -104.44   44.52    -5.9   -20.2   -13.0   -12.9     1.0     4.95 C    -9.4   -26.1   -17.1    86.9    47.0    71.6   0.178   0.199   0.216   0.241   0.296     1.1     1.5     2.2     3.2     4.8
94088 20161213  2.422 -104.44   44.52   -11.3   -19.2   -15.3   -15.4     1.2     5.79 C   -13.3   -24.5   -18.8    88.9    54.9    77.0   0.190   0.198   0.215   0.241   0.296     1.0     1.5     2.1     3.1     4.7
94088 20161214  2.422 -104.44   44.52   -13.5   -19.2   -16.4   -16.5     0.0     7.05 C   -15.9   -25.8   -21.6    86.9    34.4    53.0   0.233   0.197   0.215   0.242   0.296     0.9     1.3     2.1     3.0     4.6
94088 20161215  2.422 -104.44   44.52    -3.2   -14.4    -8.8    -8.9     0.2     4.01 C    -4.8   -15.9   -10.5    91.5    38.3    74.9   0.253   0.196   0.215   0.242   0.295     0.7     1.2     1.9     3.0     4.5
94088 20161216  2.422 -104.44   44.52   -14.3   -27.3   -20.8   -20.2     9.1     1.38 C   -12.1   -29.7   -19.2    87.8    75.8    81.3   0.251   0.195   0.215   0.241   0.293     0.7     1.2     1.8     2.9     4.4
94088 20161217  2.422 -104.44   44.52   -19.4   -28.7   -24.1   -24.9     0.3     7.74 C   -25.5   -35.6   -29.9    78.9    47.9    71.4   0.249   0.191   0.215   0.241   0.293     0.6     1.1     1.8     2.8     4.4
94088 20161218  2.422 -104.44   44.52    -9.1   -19.5   -14.3   -14.1     0.2     7.63 C   -14.2   -26.2   -19.4    64.4    40.4    49.2   0.248   0.190   0.214   0.242   0.293     0.5     0.9     1.7     2.7     4.3
94088 20161219  2.422 -104.44   44.52    -0.9    -9.5    -5.2    -5.1     1.2     4.41 C    -5.2   -15.2    -9.5    57.6    38.2    48.6   0.246   0.189   0.214   0.240   0.293     0.4     0.8     1.6     2.6     4.2
94088 20161220  2.422 -104.44   44.52     4.5    -4.1     0.2    -0.2     1.0     5.90 C    -0.7   -11.6    -5.7    89.7    40.1    55.7   0.245   0.189   0.213   0.240   0.293     0.4     0.8     1.5     2.6     4.2
94088 20161221  2.422 -104.44   44.52     0.1    -6.1    -3.0    -4.4     0.4     7.57 C    -1.7   -14.5   -10.0    76.5    37.2    52.5   0.244   0.189   0.213   0.240   0.293     0.5     0.8     1.5     2.5     4.1
94088 20161222  2.422 -104.44   44.52     4.5    -5.3    -0.4     0.1     0.5     7.02 C    -5.4   -12.0    -9.4    47.0     5.4    18.4   0.243   0.188   0.213   0.240   0.291     0.5     0.8     1.5     2.4     4.0
94088 20161223  2.422 -104.44   44.52     2.6    -4.3    -0.8    -0.8     0.5     7.72 C    -3.7   -15.2    -9.2    61.8    12.1    30.9   0.241   0.188   0.212   0.239   0.292     0.4     0.8     1.5     2.4     4.0
94088 20161224  2.422 -104.44   44.52     6.7    -0.5     3.1     3.0     0.4     6.96 C    -0.2    -6.7    -2.8    69.0    40.2    53.4   0.240   0.188   0.212   0.239   0.293     0.4     0.8     1.4     2.4     3.9
94088 20161225  2.422 -104.44   44.52     4.0   -21.4    -8.7   -13.6    16.6     0.80 C    -1.4   -21.5   -14.2    92.4    54.9    79.6   0.239   0.188   0.213   0.239   0.292     0.5     0.8     1.4     2.3     3.8
94088 20161226  2.422 -104.44   44.52    -6.1   -20.4   -13.3   -12.1     7.8     6.50 C   -10.2   -20.5   -15.0    88.4    47.0    75.4   0.239   0.187   0.212   0.240   0.293     0.4     0.8     1.4     2.3     3.8
94088 20161227  2.422 -104.44   44.52    -3.1    -7.9    -5.5    -5.0     1.3     3.98 C    -5.8   -15.7    -9.7    65.3    33.9    51.4   0.237   0.187   0.212   0.238   0.293     0.3     0.7     1.3     2.3     3.8
94088 20161228  2.422 -104.44   44.52    -3.7    -9.4    -6.5    -6.4     1.0     4.30 C    -6.4   -15.7   -11.1    69.6    40.5    54.7   0.237   0.187   0.211   0.237   0.292     0.3     0.6     1.3     2.2     3.7
94088 20161229  2.422 -104.44   44.52    -1.0   -10.3    -5.7    -6.1     1.0     7.66 C    -6.8   -17.3   -12.2    62.7    19.9    43.1   0.235   0.186   0.211   0.238   0.293     0.2     0.6     1.2     2.1     3.6
94088 20161230  2.422 -104.44   44.52     3.4    -9.0    -2.8    -2.2     1.0     5.09 C    -2.0    -8.7    -5.8    95.8    34.0    62.0   0.234   0.185   0.210   0.238   0.293     0.1     0.5     1.2     2.1     3.6
94088 20161231  2.422 -104.44   44.52    -2.7    -9.6    -6.2    -6.2     1.8     7.71 C    -6.8   -19.0   -12.1    91.9    38.4    62.4   0.234   0.185   0.210   0.238   0.291     0.1     0.5     1.1     2.0     3.5
