96407 20160101  2.515 -159.00   66.56 -9999.0 -9999.0 -9999.0 -9999.0 -9999.0 -9999.00 U -9999.0 -9999.0 -9999.0 -9999.0 -9999.0 -9999.0 -99.000 -99.000 -99.000 -99.000 -99.000 -9999.0 -9999.0 -9999.0 -9999.0 -9999.0
96407 20160102  2.515 -159.00   66.56 -9999.0 -9999.0 -9999.0 -9999.0 -9999.0 -9999.00 U -9999.0 -9999.0 -9999.0 -9999.0 -9999.0 -9999.0 -99.000 -99.000 -99.000 -99.000 -99.000 -9999.0 -9999.0 -9999.0 -9999.0 -9999.0
96407 20160103  2.515 -159.00   66.56     2.7    -3.0    -0.2     0.4     0.4     0.00 C     0.0    -6.3    -2.2    86.6    69.8    78.9 -99.000 -99.000 -99.000 -99.000 -99.000 -9999.0 -9999.0 -9999.0 -9999.0 -9999.0
96407 20160104  2.515 -159.00   66.56     1.4    -3.2    -0.9    -0.2     0.0     0.00 C    -1.5    -8.7    -3.4    85.1    55.4    67.2 -99.000 -99.000 -99.000 -99.000 -99.000 -9999.0 -9999.0 -9999.0 -9999.0 -9999.0
96407 20160105  2.515 -159.00   66.56     1.1    -3.2    -1.1    -1.3     0.0     0.03 C    -1.7    -7.5    -4.4    76.7    59.8    68.2 -99.000 -99.000 -99.000 -99.000 -99.000 -9999.0 -9999.0 -9999.0 -9999.0 -9999.0
96407 20160106  2.515 -159.00   66.56     2.2   -16.8    -7.3    -6.5     0.0     0.01 C    -0.5   -22.5   -11.7    92.9    62.2    79.8 -99.000 -99.000 -99.000 -99.000 -99.000 -9999.0 -9999.0 -9999.0 -9999.0 -9999.0
96407 20160107  2.515 -159.00   66.56 -9999.0 -9999.0 -9999.0 -9999.0 -9999.0 -9999.00 U -9999.0 -9999.0 -9999.0 -9999.0 -9999.0 -9999.0 -99.000 -99.000 -99.000 -99.000 -99.000 -9999.0 -9999.0 -9999.0 -9999.0 -9999.0
96407 20160108  2.515 -159.00   66.56 -9999.0 -9999.0 -9999.0 -9999.0 -9999.0 -9999.00 U -9999.0 -9999.0 -9999.0 -9999.0 -9999.0 -9999.0 -99.000 -99.000 -99.000 -99.000 -99.000 -9999.0 -9999.0 -9999.0 -9999.0 -9999.0
96407 20160109  2.515 -159.00   66.56    -3.6   -14.6    -9.1   -11.3     0.0     0.00 C    -8.3   -21.1   -15.6    73.8    48.0    63.6 -99.000 -99.000 -99.000 -99.000 -99.000 -9999.0 -9999.0 -9999.0 -9999.0 -9999.0
96407 20160110  2.515 -159.00   66.56    -3.4    -8.9    -6.1    -5.7     0.0     0.05 C    -7.3   -14.4   -10.4    72.8    39.8    56.1 -99.000 -99.000 -99.000 -99.000 -99.000 -9999.0 -9999.0 -9999.0 -9999.0 -9999.0
96407 20160111  2.515 -159.00   66.56    -3.6   -10.0    -6.8    -6.3     0.0     0.02 C    -7.0   -10.6    -8.5    66.7    34.2    52.4 -99.000 -99.000 -99.000 -99.000 -99.000 -9999.0 -9999.0 -9999.0 -9999.0 -9999.0
96407 20160112  2.515 -159.00   66.56    -7.7   -13.8   -10.8   -11.7     0.4     0.04 C   -10.6   -19.0   -13.4    86.2    54.6    75.1 -99.000 -99.000 -99.000 -99.000 -99.000 -9999.0 -9999.0 -9999.0 -9999.0 -9999.0
96407 20160113  2.515 -159.00   66.56    -6.9   -11.2    -9.0    -8.5     0.0     0.05 C    -8.7   -13.4   -11.2    85.3    73.2    77.4 -99.000 -99.000 -99.000 -99.000 -99.000 -9999.0 -9999.0 -9999.0 -9999.0 -9999.0
96407 20160114  2.515 -159.00   66.56    -9.1   -17.6   -13.3   -13.9     0.0     0.01 C    -9.9   -23.7   -16.3    83.2    73.4    78.6 -99.000 -99.000 -99.000 -99.000 -99.000 -9999.0 -9999.0 -9999.0 -9999.0 -9999.0
96407 20160115  2.515 -159.00   66.56 -9999.0 -9999.0 -9999.0 -9999.0 -9999.0 -9999.00 U -9999.0 -9999.0 -9999.0 -9999.0 -9999.0 -9999.0 -99.000 -99.000 -99.000 -99.000 -99.000 -9999.0 -9999.0 -9999.0 -9999.0 -9999.0
96407 20160116  2.515 -159.00   66.56 -9999.0 -9999.0 -9999.0 -9999.0 -9999.0 -9999.00 U -9999.0 -9999.0 -9999.0 -9999.0 -9999.0 -9999.0 -99.000 -99.000 -99.000 -99.000 -99.000 -9999.0 -9999.0 -9999.0 -9999.0 -9999.0
96407 20160117  2.515 -159.00   66.56   -12.9   -17.8   -15.3   -15.6     0.0     0.31 C   -15.6   -20.9   -18.6    66.6    57.7    62.5 -99.000 -99.000 -99.000 -99.000 -99.000 -9999.0 -9999.0 -9999.0 -9999.0 -9999.0
96407 20160118  2.515 -159.00   66.56   -16.7   -20.9   -18.8   -19.0     0.0     0.30 C   -20.2   -26.6   -22.8    62.6    52.7    58.7 -99.000 -99.000 -99.000 -99.000 -99.000 -9999.0 -9999.0 -9999.0 -9999.0 -9999.0
96407 20160119  2.515 -159.00   66.56   -19.0   -22.0   -20.5   -20.9     0.0     0.08 C   -22.8   -26.7   -24.1    63.9    56.4    60.1 -99.000 -99.000 -99.000 -99.000 -99.000 -9999.0 -9999.0 -9999.0 -9999.0 -9999.0
96407 20160120  2.515 -159.00   66.56   -17.4   -22.3   -19.8   -19.7     0.0     0.03 C   -17.8   -24.8   -20.7    61.7    57.7    59.6 -99.000 -99.000 -99.000 -99.000 -99.000 -9999.0 -9999.0 -9999.0 -9999.0 -9999.0
96407 20160121  2.515 -159.00   66.56   -16.2   -21.2   -18.7   -18.2     0.0     0.04 C   -17.1   -24.8   -20.3    60.9    49.0    55.6 -99.000 -99.000 -99.000 -99.000 -99.000 -9999.0 -9999.0 -9999.0 -9999.0 -9999.0
96407 20160122  2.515 -159.00   66.56   -20.3   -26.4   -23.3   -23.9     0.0     0.34 C   -22.9   -31.3   -27.2    64.9    53.9    60.6 -99.000 -99.000 -99.000 -99.000 -99.000 -9999.0 -9999.0 -9999.0 -9999.0 -9999.0
96407 20160123  2.515 -159.00   66.56   -19.1   -32.2   -25.7   -26.4     0.3     0.10 C   -18.9   -34.3   -28.1    79.5    56.4    66.6 -99.000 -99.000 -99.000 -99.000 -99.000 -9999.0 -9999.0 -9999.0 -9999.0 -9999.0
96407 20160124  2.515 -159.00   66.56   -14.5   -19.1   -16.8   -17.4     2.2     0.12 C   -14.1   -21.4   -16.7    84.0    78.7    80.7 -99.000 -99.000 -99.000 -99.000 -99.000 -9999.0 -9999.0 -9999.0 -9999.0 -9999.0
96407 20160125  2.515 -159.00   66.56 -9999.0 -9999.0 -9999.0 -9999.0 -9999.0 -9999.00 U -9999.0 -9999.0 -9999.0 -9999.0 -9999.0 -9999.0 -99.000 -99.000 -99.000 -99.000 -99.000 -9999.0 -9999.0 -9999.0 -9999.0 -9999.0
96407 20160126  2.515 -159.00   66.56    -8.0   -19.8   -13.9   -12.7     0.0     0.23 C   -10.1   -22.8   -14.9    87.9    71.9    79.7 -99.000 -99.000 -99.000 -99.000 -99.000 -9999.0 -9999.0 -9999.0 -9999.0 -9999.0
96407 20160127  2.515 -159.00   66.56    -3.7   -12.2    -8.0    -7.6     0.0     0.15 C    -5.0   -17.2    -9.5    87.8    74.6    82.5 -99.000 -99.000 -99.000 -99.000 -99.000 -9999.0 -9999.0 -9999.0 -9999.0 -9999.0
96407 20160128  2.515 -159.00   66.56 -9999.0 -9999.0 -9999.0 -9999.0 -9999.0 -9999.00 U -9999.0 -9999.0 -9999.0 -9999.0 -9999.0 -9999.0 -99.000 -99.000 -99.000 -99.000 -99.000 -9999.0 -9999.0 -9999.0 -9999.0 -9999.0
96407 20160129  2.515 -159.00   66.56 -9999.0 -9999.0 -9999.0 -9999.0 -9999.0 -9999.00 U -9999.0 -9999.0 -9999.0 -9999.0 -9999.0 -9999.0 -99.000 -99.000 -99.000 -99.000 -99.000 -9999.0 -9999.0 -9999.0 -9999.0 -9999.0
96407 20160130  2.515 -159.00   66.56    -1.4    -5.0    -3.2    -3.0     0.0     0.67 C    -2.8   -11.2    -5.2    87.5    76.0    83.2 -99.000 -99.000 -99.000 -99.000 -99.000 -9999.0 -9999.0 -9999.0 -9999.0 -9999.0
96407 20160131  2.515 -159.00   66.56    -0.2   -11.4    -5.8    -4.1     0.0     0.80 C    -3.2   -19.1    -8.6    83.6    62.5    74.1 -99.000 -99.000 -99.000 -99.000 -99.000 -9999.0 -9999.0 -9999.0 -9999.0 -9999.0
96407 20160201  2.515 -159.00   66.56    -9.5   -15.4   -12.5   -12.5     0.0     0.84 C   -13.1   -21.8   -18.1    89.0    72.9    82.8 -99.000 -99.000 -99.000 -99.000 -99.000 -9999.0 -9999.0 -9999.0 -9999.0 -9999.0
96407 20160202  2.515 -159.00   66.56   -12.6   -20.2   -16.4   -16.9     0.0     1.16 C   -14.7   -27.9   -22.9    87.0    79.2    83.3 -99.000 -99.000 -99.000 -99.000 -99.000 -9999.0 -9999.0 -9999.0 -9999.0 -9999.0
96407 20160203  2.515 -159.00   66.56   -13.6   -18.1   -15.8   -15.8     0.0     1.07 C   -17.3   -22.7   -19.4    80.3    57.8    69.1 -99.000 -99.000 -99.000 -99.000 -99.000 -9999.0 -9999.0 -9999.0 -9999.0 -9999.0
96407 20160204  2.515 -159.00   66.56    -9.9   -17.0   -13.4   -13.2     0.0     0.66 C   -11.4   -20.2   -15.5    63.0    54.1    59.6 -99.000 -99.000 -99.000 -99.000 -99.000 -9999.0 -9999.0 -9999.0 -9999.0 -9999.0
96407 20160205  2.515 -159.00   66.56   -11.1   -14.6   -12.9   -12.5     0.0     1.01 C   -13.0   -15.8   -14.6    62.2    55.5    59.4 -99.000 -99.000 -99.000 -99.000 -99.000 -9999.0 -9999.0 -9999.0 -9999.0 -9999.0
96407 20160206  2.515 -159.00   66.56    -7.2   -14.3   -10.7   -10.0     0.5     1.17 C    -7.9   -18.1   -11.7    88.0    60.4    77.5 -99.000 -99.000 -99.000 -99.000 -99.000 -9999.0 -9999.0 -9999.0 -9999.0 -9999.0
96407 20160207  2.515 -159.00   66.56    -6.4   -13.4    -9.9    -9.3     0.0     0.86 C    -7.1   -17.2   -11.1    86.6    75.2    82.9 -99.000 -99.000 -99.000 -99.000 -99.000 -9999.0 -9999.0 -9999.0 -9999.0 -9999.0
96407 20160208  2.515 -159.00   66.56   -13.3   -17.3   -15.3   -15.1     0.0     1.41 C   -16.2   -22.2   -18.7    87.5    74.7    80.2 -99.000 -99.000 -99.000 -99.000 -99.000 -9999.0 -9999.0 -9999.0 -9999.0 -9999.0
96407 20160209  2.515 -159.00   66.56   -15.0   -18.7   -16.9   -16.4     0.0     1.63 C   -18.0   -23.5   -20.1    83.3    75.7    79.6 -99.000 -99.000 -99.000 -99.000 -99.000 -9999.0 -9999.0 -9999.0 -9999.0 -9999.0
96407 20160210  2.515 -159.00   66.56   -16.6   -30.0   -23.3   -23.6     0.0     2.31 C   -20.8   -31.9   -27.3    86.0    73.7    79.7 -99.000 -99.000 -99.000 -99.000 -99.000 -9999.0 -9999.0 -9999.0 -9999.0 -9999.0
96407 20160211  2.515 -159.00   66.56 -9999.0 -9999.0 -9999.0 -9999.0     0.5     1.20 C   -17.5   -32.6   -23.3    82.1    74.0    78.3 -99.000 -99.000 -99.000 -99.000 -99.000 -9999.0 -9999.0 -9999.0 -9999.0 -9999.0
96407 20160212  2.515 -159.00   66.56 -9999.0 -9999.0 -9999.0 -9999.0 -9999.0     1.10 C     0.0   -29.5   -22.3    86.1    75.0    78.8 -99.000 -99.000 -99.000 -99.000 -99.000 -9999.0 -9999.0 -9999.0 -9999.0 -9999.0
96407 20160213  2.515 -159.00   66.56 -9999.0 -9999.0 -9999.0 -9999.0 -9999.0 -9999.00 U -9999.0 -9999.0 -9999.0 -9999.0 -9999.0 -9999.0 -99.000 -99.000 -99.000 -99.000 -99.000 -9999.0 -9999.0 -9999.0 -9999.0 -9999.0
96407 20160214  2.515 -159.00   66.56 -9999.0 -9999.0 -9999.0 -9999.0 -9999.0 -9999.00 U -9999.0 -9999.0 -9999.0 -9999.0 -9999.0 -9999.0 -99.000 -99.000 -99.000 -99.000 -99.000 -9999.0 -9999.0 -9999.0 -9999.0 -9999.0
96407 20160215  2.515 -159.00   66.56 -9999.0 -9999.0 -9999.0 -9999.0 -9999.0 -9999.00 U -9999.0 -9999.0 -9999.0 -9999.0 -9999.0 -9999.0 -99.000 -99.000 -99.000 -99.000 -99.000 -9999.0 -9999.0 -9999.0 -9999.0 -9999.0
96407 20160216  2.515 -159.00   66.56 -9999.0 -9999.0 -9999.0 -9999.0 -9999.0 -9999.00 U -9999.0 -9999.0 -9999.0 -9999.0 -9999.0 -9999.0 -99.000 -99.000 -99.000 -99.000 -99.000 -9999.0 -9999.0 -9999.0 -9999.0 -9999.0
96407 20160217  2.515 -159.00   66.56    -8.2   -15.5   -11.8   -10.7     0.0     1.90 C    -9.4   -20.0   -13.8    75.3    53.2    64.9 -99.000 -99.000 -99.000 -99.000 -99.000 -9999.0 -9999.0 -9999.0 -9999.0 -9999.0
96407 20160218  2.515 -159.00   66.56   -11.7   -15.6   -13.7   -13.3     0.0     2.01 C   -12.7   -18.5   -14.7    71.8    52.9    63.7 -99.000 -99.000 -99.000 -99.000 -99.000 -9999.0 -9999.0 -9999.0 -9999.0 -9999.0
96407 20160219  2.515 -159.00   66.56   -12.3   -22.8   -17.6   -16.4     0.0     2.48 C   -14.4   -30.2   -20.3    69.3    48.4    60.3 -99.000 -99.000 -99.000 -99.000 -99.000 -9999.0 -9999.0 -9999.0 -9999.0 -9999.0
96407 20160220  2.515 -159.00   66.56   -18.5   -30.0   -24.2   -23.7     0.0     2.58 C   -17.8   -32.6   -26.2    79.9    58.1    72.2 -99.000 -99.000 -99.000 -99.000 -99.000 -9999.0 -9999.0 -9999.0 -9999.0 -9999.0
96407 20160221  2.515 -159.00   66.56   -11.1   -26.7   -18.9   -18.1     0.0     2.85 C   -10.2   -29.2   -19.7    76.2    59.2    70.5 -99.000 -99.000 -99.000 -99.000 -99.000 -9999.0 -9999.0 -9999.0 -9999.0 -9999.0
96407 20160222  2.515 -159.00   66.56    -1.8   -11.2    -6.5    -5.0     2.2     3.08 C    -2.7   -10.8    -6.3    92.5    62.9    79.9 -99.000 -99.000 -99.000 -99.000 -99.000 -9999.0 -9999.0 -9999.0 -9999.0 -9999.0
96407 20160223  2.515 -159.00   66.56    -2.4   -10.8    -6.6    -5.5     0.2     3.06 C    -3.9   -17.0    -8.3    95.6    81.9    88.5 -99.000 -99.000 -99.000 -99.000 -99.000 -9999.0 -9999.0 -9999.0 -9999.0 -9999.0
96407 20160224  2.515 -159.00   66.56    -0.1    -9.2    -4.7    -4.8     0.0     1.92 C    -2.3   -15.7    -7.2    92.0    66.5    78.2 -99.000 -99.000 -99.000 -99.000 -99.000 -9999.0 -9999.0 -9999.0 -9999.0 -9999.0
96407 20160225  2.515 -159.00   66.56    -1.5   -11.7    -6.6    -7.9     3.3     1.81 C    -2.3   -17.5   -10.0    94.8    69.5    81.5 -99.000 -99.000 -99.000 -99.000 -99.000 -9999.0 -9999.0 -9999.0 -9999.0 -9999.0
96407 20160226  2.515 -159.00   66.56    -1.8   -11.4    -6.6    -5.9     0.0     4.94 C    -3.6   -18.8   -10.4    94.2    71.5    81.5 -99.000 -99.000 -99.000 -99.000 -99.000 -9999.0 -9999.0 -9999.0 -9999.0 -9999.0
96407 20160227  2.515 -159.00   66.56    -4.7    -8.7    -6.7    -6.9     0.0     4.85 C    -8.9   -16.5   -11.2    78.6    67.6    74.7 -99.000 -99.000 -99.000 -99.000 -99.000 -9999.0 -9999.0 -9999.0 -9999.0 -9999.0
96407 20160228  2.515 -159.00   66.56    -3.9    -9.6    -6.8    -7.3     0.0     4.87 C    -7.3   -13.4   -10.9    77.3    60.9    70.7 -99.000 -99.000 -99.000 -99.000 -99.000 -9999.0 -9999.0 -9999.0 -9999.0 -9999.0
96407 20160229  2.515 -159.00   66.56     0.8   -10.6    -4.9    -4.3     0.0     3.74 C    -0.2   -16.6    -7.6    93.2    69.5    77.6 -99.000 -99.000 -99.000 -99.000 -99.000 -9999.0 -9999.0 -9999.0 -9999.0 -9999.0
96407 20160301  2.515 -159.00   66.56   -10.1   -19.5   -14.8   -15.0     0.3     5.65 C   -15.1   -23.0   -19.1    90.7    79.4    84.4 -99.000 -99.000 -99.000 -99.000 -99.000 -9999.0 -9999.0 -9999.0 -9999.0 -9999.0
96407 20160302  2.515 -159.00   66.56    -6.5   -17.6   -12.1   -10.8     0.0     3.58 C    -6.1   -21.7   -11.8    89.1    76.9    84.8 -99.000 -99.000 -99.000 -99.000 -99.000 -9999.0 -9999.0 -9999.0 -9999.0 -9999.0
96407 20160303  2.515 -159.00   66.56    -6.8   -10.4    -8.6    -8.4     0.0     3.26 C    -6.9   -10.8    -8.4    90.4    85.6    87.9 -99.000 -99.000 -99.000 -99.000 -99.000 -9999.0 -9999.0 -9999.0 -9999.0 -9999.0
96407 20160304  2.515 -159.00   66.56   -10.3   -22.4   -16.4   -14.7     0.0     4.46 C   -10.8   -27.2   -17.3    88.5    71.0    83.8 -99.000 -99.000 -99.000 -99.000 -99.000 -9999.0 -9999.0 -9999.0 -9999.0 -9999.0
96407 20160305  2.515 -159.00   66.56   -10.5   -16.1   -13.3   -13.7     0.0     6.94 C   -13.0   -21.5   -17.1    73.2    52.7    64.1 -99.000 -99.000 -99.000 -99.000 -99.000 -9999.0 -9999.0 -9999.0 -9999.0 -9999.0
96407 20160306  2.515 -159.00   66.56   -11.7   -18.1   -14.9   -14.9     0.0     5.67 C   -12.6   -21.6   -17.3    62.6    52.0    58.3 -99.000 -99.000 -99.000 -99.000 -99.000 -9999.0 -9999.0 -9999.0 -9999.0 -9999.0
96407 20160307  2.515 -159.00   66.56   -10.7   -18.1   -14.4   -12.9     0.0     7.37 C   -10.0   -24.0   -15.3    80.0    59.6    66.6 -99.000 -99.000 -99.000 -99.000 -99.000 -9999.0 -9999.0 -9999.0 -9999.0 -9999.0
96407 20160308  2.515 -159.00   66.56   -14.8   -25.0   -19.9   -19.9     0.0     7.56 C   -18.3   -29.9   -24.3    83.7    59.1    73.6 -99.000 -99.000 -99.000 -99.000 -99.000 -9999.0 -9999.0 -9999.0 -9999.0 -9999.0
96407 20160309  2.515 -159.00   66.56   -17.4   -27.6   -22.5   -22.6     0.0     4.53 C   -15.0   -30.6   -23.8    85.1    75.5    79.2 -99.000 -99.000 -99.000 -99.000 -99.000 -9999.0 -9999.0 -9999.0 -9999.0 -9999.0
96407 20160310  2.515 -159.00   66.56   -10.2   -19.4   -14.8   -13.9     2.3     5.60 C   -10.5   -24.0   -15.4    87.0    67.5    78.7 -99.000 -99.000 -99.000 -99.000 -99.000 -9999.0 -9999.0 -9999.0 -9999.0 -9999.0
96407 20160311  2.515 -159.00   66.56   -16.1   -26.1   -21.1   -20.2     0.0     8.40 C   -18.1   -30.7   -24.6    83.8    62.1    75.1 -99.000 -99.000 -99.000 -99.000 -99.000 -9999.0 -9999.0 -9999.0 -9999.0 -9999.0
96407 20160312  2.515 -159.00   66.56 -9999.0 -9999.0 -9999.0 -9999.0     0.6     5.81 C   -11.6   -35.1   -19.9    81.8    57.4    71.1 -99.000 -99.000 -99.000 -99.000 -99.000 -9999.0 -9999.0 -9999.0 -9999.0 -9999.0
96407 20160313  2.515 -159.00   66.56   -14.3   -17.7   -16.0   -15.2     0.0     6.95 C   -14.6   -20.9   -16.0    63.1    57.2    60.1 -99.000 -99.000 -99.000 -99.000 -99.000 -9999.0 -9999.0 -9999.0 -9999.0 -9999.0
96407 20160314  2.515 -159.00   66.56   -14.5   -27.4   -21.0   -19.3     0.0     9.28 C   -16.5   -31.0   -23.2    76.7    53.5    61.6 -99.000 -99.000 -99.000 -99.000 -99.000 -9999.0 -9999.0 -9999.0 -9999.0 -9999.0
96407 20160315  2.515 -159.00   66.56   -16.7   -29.6   -23.1   -22.1     0.0     8.90 C   -18.8   -32.8   -26.6    81.2    53.0    64.9 -99.000 -99.000 -99.000 -99.000 -99.000 -9999.0 -9999.0 -9999.0 -9999.0 -9999.0
96407 20160316  2.515 -159.00   66.56   -19.9   -31.6   -25.8   -25.6     0.0     9.47 C   -20.9   -35.9   -30.0    82.2    63.7    73.6 -99.000 -99.000 -99.000 -99.000 -99.000 -9999.0 -9999.0 -9999.0 -9999.0 -9999.0
96407 20160317  2.515 -159.00   66.56 -9999.0 -9999.0 -9999.0 -9999.0     0.0     7.11 C   -20.6   -37.8   -28.4    82.0    71.4    76.4 -99.000 -99.000 -99.000 -99.000 -99.000 -9999.0 -9999.0 -9999.0 -9999.0 -9999.0
96407 20160318  2.515 -159.00   66.56 -9999.0 -9999.0 -9999.0 -9999.0     0.3     9.63 C   -19.6   -34.7   -26.5    83.5    59.2    73.5 -99.000 -99.000 -99.000 -99.000 -99.000 -9999.0 -9999.0 -9999.0 -9999.0 -9999.0
96407 20160319  2.515 -159.00   66.56   -14.7   -22.5   -18.6   -18.2     0.0    10.34 C   -15.2   -26.4   -20.1    65.1    55.8    60.4 -99.000 -99.000 -99.000 -99.000 -99.000 -9999.0 -9999.0 -9999.0 -9999.0 -9999.0
96407 20160320  2.515 -159.00   66.56    -8.9   -16.3   -12.6   -12.8     0.0     6.23 C    -9.9   -18.5   -13.9    73.9    59.2    65.7 -99.000 -99.000 -99.000 -99.000 -99.000 -9999.0 -9999.0 -9999.0 -9999.0 -9999.0
96407 20160321  2.515 -159.00   66.56    -3.4   -17.4   -10.4   -10.7     0.0    10.69 C    -6.6   -21.0   -13.2    85.2    57.4    75.0 -99.000 -99.000 -99.000 -99.000 -99.000 -9999.0 -9999.0 -9999.0 -9999.0 -9999.0
96407 20160322  2.515 -159.00   66.56   -13.6   -22.2   -17.9   -17.6     0.0    10.40 C   -11.6   -25.2   -19.0    86.6    70.8    79.9 -99.000 -99.000 -99.000 -99.000 -99.000 -9999.0 -9999.0 -9999.0 -9999.0 -9999.0
96407 20160323  2.515 -159.00   66.56   -14.7   -22.2   -18.5   -18.0     0.0    11.42 C   -14.3   -25.8   -20.1    84.8    75.4    80.7 -99.000 -99.000 -99.000 -99.000 -99.000 -9999.0 -9999.0 -9999.0 -9999.0 -9999.0
96407 20160324  2.515 -159.00   66.56   -16.7   -21.9   -19.3   -18.6     0.0    11.24 C   -14.9   -25.9   -20.1    84.3    74.8    80.6 -99.000 -99.000 -99.000 -99.000 -99.000 -9999.0 -9999.0 -9999.0 -9999.0 -9999.0
96407 20160325  2.515 -159.00   66.56   -11.8   -18.1   -15.0   -14.8     3.9     3.68 C   -10.6   -20.5   -14.3    85.2    77.1    81.8 -99.000 -99.000 -99.000 -99.000 -99.000 -9999.0 -9999.0 -9999.0 -9999.0 -9999.0
96407 20160326  2.515 -159.00   66.56   -12.8   -17.7   -15.2   -15.0     0.6     8.09 C   -13.0   -19.6   -15.2    82.8    75.8    79.6 -99.000 -99.000 -99.000 -99.000 -99.000 -9999.0 -9999.0 -9999.0 -9999.0 -9999.0
96407 20160327  2.515 -159.00   66.56   -17.7   -25.4   -21.5   -19.9     0.3    12.85 C   -18.8   -31.6   -22.4    82.4    72.7    77.8 -99.000 -99.000 -99.000 -99.000 -99.000 -9999.0 -9999.0 -9999.0 -9999.0 -9999.0
96407 20160328  2.515 -159.00   66.56   -19.3   -29.9   -24.6   -24.9     0.0    13.16 C   -20.4   -35.4   -29.2    85.3    67.7    76.7 -99.000 -99.000 -99.000 -99.000 -99.000 -9999.0 -9999.0 -9999.0 -9999.0 -9999.0
96407 20160329  2.515 -159.00   66.56 -9999.0 -9999.0 -9999.0 -9999.0     0.0    13.45 C   -20.2   -38.3   -29.9    84.5    70.7    76.3 -99.000 -99.000 -99.000 -99.000 -99.000 -9999.0 -9999.0 -9999.0 -9999.0 -9999.0
96407 20160330  2.515 -159.00   66.56 -9999.0 -9999.0 -9999.0 -9999.0     0.0    13.19 C   -21.1   -38.6   -30.4    83.5    70.6    74.8 -99.000 -99.000 -99.000 -99.000 -99.000 -9999.0 -9999.0 -9999.0 -9999.0 -9999.0
96407 20160331  2.515 -159.00   66.56 -9999.0 -9999.0 -9999.0 -9999.0     0.0     9.95 C   -11.8   -34.0   -22.1    82.0    53.4    68.6 -99.000 -99.000 -99.000 -99.000 -99.000 -9999.0 -9999.0 -9999.0 -9999.0 -9999.0
96407 20160401  2.515 -159.00   66.56    -5.0   -11.4    -8.2    -7.9     0.0     6.53 C    -6.1   -12.0    -8.4    87.6    61.0    79.9 -99.000 -99.000 -99.000 -99.000 -99.000 -9999.0 -9999.0 -9999.0 -9999.0 -9999.0
96407 20160402  2.515 -159.00   66.56    -2.1    -7.0    -4.5    -4.3     1.2     9.62 C    -1.7    -7.3    -4.7    91.3    75.8    84.0 -99.000 -99.000 -99.000 -99.000 -99.000 -9999.0 -9999.0 -9999.0 -9999.0 -9999.0
96407 20160403  2.515 -159.00   66.56     2.6    -2.7    -0.1     0.1     4.4     8.82 C     0.1    -3.2    -1.0    94.2    69.4    85.9 -99.000 -99.000 -99.000 -99.000 -99.000 -9999.0 -9999.0 -9999.0 -9999.0 -9999.0
96407 20160404  2.515 -159.00   66.56     2.3    -4.5    -1.1     0.2     0.3    14.15 C     0.0    -8.0    -2.2    86.0    57.3    73.9 -99.000 -99.000 -99.000 -99.000 -99.000 -9999.0 -9999.0 -9999.0 -9999.0 -9999.0
96407 20160405  2.515 -159.00   66.56    -0.9    -9.7    -5.3    -4.8     0.0    15.62 C    -1.6   -13.2    -7.8    79.5    58.2    68.9 -99.000 -99.000 -99.000 -99.000 -99.000 -9999.0 -9999.0 -9999.0 -9999.0 -9999.0
96407 20160406  2.515 -159.00   66.56     1.3    -9.4    -4.0    -3.7     0.0    15.29 C    -0.1   -13.8    -6.9    78.7    58.5    68.2 -99.000 -99.000 -99.000 -99.000 -99.000 -9999.0 -9999.0 -9999.0 -9999.0 -9999.0
96407 20160407  2.515 -159.00   66.56     1.5    -8.6    -3.6    -3.8     0.0    14.82 C    -0.7   -12.9    -6.8    79.3    54.3    68.9 -99.000 -99.000 -99.000 -99.000 -99.000 -9999.0 -9999.0 -9999.0 -9999.0 -9999.0
96407 20160408  2.515 -159.00   66.56    -4.4   -15.4    -9.9    -9.9     0.0    16.54 C    -4.2   -18.0   -11.9    92.9    65.2    80.9 -99.000 -99.000 -99.000 -99.000 -99.000 -9999.0 -9999.0 -9999.0 -9999.0 -9999.0
96407 20160409  2.515 -159.00   66.56     2.8   -13.7    -5.4    -4.3     0.0    13.71 C     0.0   -17.9    -7.1    89.7    65.5    78.7 -99.000 -99.000 -99.000 -99.000 -99.000 -9999.0 -9999.0 -9999.0 -9999.0 -9999.0
96407 20160410  2.515 -159.00   66.56     3.0    -3.1    -0.1     0.6     0.8     9.14 C     0.1    -6.2    -1.7    95.4    68.3    78.1 -99.000 -99.000 -99.000 -99.000 -99.000 -9999.0 -9999.0 -9999.0 -9999.0 -9999.0
96407 20160411  2.515 -159.00   66.56     5.1    -1.0     2.0     2.0     0.0    16.37 C    -0.1    -4.5    -1.6    85.0    62.9    75.6 -99.000 -99.000 -99.000 -99.000 -99.000 -9999.0 -9999.0 -9999.0 -9999.0 -9999.0
96407 20160412  2.515 -159.00   66.56     3.3    -4.2    -0.5    -0.8     0.0    16.89 C    -0.1    -7.8    -3.0    92.3    63.1    80.7 -99.000 -99.000 -99.000 -99.000 -99.000 -9999.0 -9999.0 -9999.0 -9999.0 -9999.0
96407 20160413  2.515 -159.00   66.56     2.4    -6.1    -1.8    -1.5     0.0    17.12 C    -0.6   -11.2    -4.7    91.7    46.0    61.9 -99.000 -99.000 -99.000 -99.000 -99.000 -9999.0 -9999.0 -9999.0 -9999.0 -9999.0
96407 20160414  2.515 -159.00   66.56     0.5    -8.0    -3.7    -3.9     0.0    18.71 C    -1.1   -13.4    -6.8    74.5    46.5    63.4 -99.000 -99.000 -99.000 -99.000 -99.000 -9999.0 -9999.0 -9999.0 -9999.0 -9999.0
96407 20160415  2.515 -159.00   66.56    -0.4   -10.4    -5.4    -6.1     0.0    19.00 C    -1.8   -15.0    -9.1    75.0    49.2    62.6 -99.000 -99.000 -99.000 -99.000 -99.000 -9999.0 -9999.0 -9999.0 -9999.0 -9999.0
96407 20160416  2.515 -159.00   66.56    -6.9   -17.4   -12.2   -11.3     0.0    19.39 C    -5.5   -20.2   -12.9    88.0    55.7    70.4 -99.000 -99.000 -99.000 -99.000 -99.000 -9999.0 -9999.0 -9999.0 -9999.0 -9999.0
96407 20160417  2.515 -159.00   66.56     1.7   -15.8    -7.1    -6.2     0.0    18.98 C    -0.6   -19.8    -8.2    84.7    66.8    73.2 -99.000 -99.000 -99.000 -99.000 -99.000 -9999.0 -9999.0 -9999.0 -9999.0 -9999.0
96407 20160418  2.515 -159.00   66.56     2.8    -2.8     0.0     0.1     0.3    17.22 C    -0.3    -5.1    -1.7    92.9    67.5    80.3 -99.000 -99.000 -99.000 -99.000 -99.000 -9999.0 -9999.0 -9999.0 -9999.0 -9999.0
96407 20160419  2.515 -159.00   66.56     5.6    -3.2     1.2     1.3     0.0    17.53 C     0.3    -5.9    -2.1    83.9    58.4    72.1 -99.000 -99.000 -99.000 -99.000 -99.000 -9999.0 -9999.0 -9999.0 -9999.0 -9999.0
96407 20160420  2.515 -159.00   66.56 -9999.0 -9999.0 -9999.0 -9999.0 -9999.0 -9999.00 U -9999.0 -9999.0 -9999.0 -9999.0 -9999.0 -9999.0 -99.000 -99.000 -99.000 -99.000 -99.000 -9999.0 -9999.0 -9999.0 -9999.0 -9999.0
96407 20160421  2.515 -159.00   66.56 -9999.0 -9999.0 -9999.0 -9999.0 -9999.0 -9999.00 U -9999.0 -9999.0 -9999.0 -9999.0 -9999.0 -9999.0 -99.000 -99.000 -99.000 -99.000 -99.000 -9999.0 -9999.0 -9999.0 -9999.0 -9999.0
96407 20160422  2.515 -159.00   66.56     6.0    -1.5     2.2     2.4     0.0    20.58 C     0.3    -4.8    -1.5    76.9    47.7    62.2 -99.000 -99.000 -99.000 -99.000 -99.000 -9999.0 -9999.0 -9999.0 -9999.0 -9999.0
96407 20160423  2.515 -159.00   66.56     0.5    -6.9    -3.2    -3.1     0.0    20.68 C     0.3    -7.2    -3.2    94.4    73.3    83.1 -99.000 -99.000 -99.000 -99.000 -99.000 -9999.0 -9999.0 -9999.0 -9999.0 -9999.0
96407 20160424  2.515 -159.00   66.56     0.8    -9.0    -4.1    -4.2     0.0    21.02 C     1.2   -11.1    -4.0    90.9    70.7    81.3 -99.000 -99.000 -99.000 -99.000 -99.000 -9999.0 -9999.0 -9999.0 -9999.0 -9999.0
96407 20160425  2.515 -159.00   66.56     0.5    -9.3    -4.4    -4.1     0.0    21.08 C     1.9   -11.1    -3.7    92.3    75.7    84.6 -99.000 -99.000 -99.000 -99.000 -99.000 -9999.0 -9999.0 -9999.0 -9999.0 -9999.0
96407 20160426  2.515 -159.00   66.56     1.5    -5.7    -2.1    -2.5     0.0    20.29 C     4.5    -6.3    -1.1    91.5    71.9    83.3 -99.000 -99.000 -99.000 -99.000 -99.000 -9999.0 -9999.0 -9999.0 -9999.0 -9999.0
96407 20160427  2.515 -159.00   66.56     3.8    -5.6    -0.9    -1.0     0.0    18.49 C     8.1    -6.9     0.3    95.1    66.0    82.0 -99.000 -99.000 -99.000 -99.000 -99.000 -9999.0 -9999.0 -9999.0 -9999.0 -9999.0
96407 20160428  2.515 -159.00   66.56     4.6    -2.0     1.3     0.6     0.0    15.68 C    13.0    -2.0     2.5    94.9    69.4    84.3 -99.000 -99.000 -99.000 -99.000 -99.000 -9999.0 -9999.0 -9999.0 -9999.0 -9999.0
96407 20160429  2.515 -159.00   66.56    12.4    -3.2     4.6     2.9     0.0    20.20 C    16.9    -3.4     4.9    95.4    41.9    76.4 -99.000 -99.000 -99.000 -99.000 -99.000 -9999.0 -9999.0 -9999.0 -9999.0 -9999.0
96407 20160430  2.515 -159.00   66.56     4.9    -4.1     0.4     0.0     0.0    20.28 C    12.5    -4.9     2.4    96.7    69.1    84.3 -99.000 -99.000 -99.000 -99.000 -99.000 -9999.0 -9999.0 -9999.0 -9999.0 -9999.0
96407 20160501  2.515 -159.00   66.56     3.0    -4.8    -0.9    -1.1     0.0    22.44 C    10.2    -4.7     1.6    96.9    72.6    84.4 -99.000 -99.000 -99.000 -99.000 -99.000 -9999.0 -9999.0 -9999.0 -9999.0 -9999.0
96407 20160502  2.515 -159.00   66.56     5.9    -4.2     0.8    -0.4     9.8    18.81 C    14.9    -2.9     3.2    96.7    61.7    83.7 -99.000 -99.000 -99.000 -99.000 -99.000 -9999.0 -9999.0 -9999.0 -9999.0 -9999.0
96407 20160503  2.515 -159.00   66.56     8.3    -3.9     2.2     1.0     0.0    21.76 C    16.8    -2.6     4.5    96.8    57.6    81.5 -99.000 -99.000 -99.000 -99.000 -99.000 -9999.0 -9999.0 -9999.0 -9999.0 -9999.0
96407 20160504  2.515 -159.00   66.56     5.5    -3.3     1.1     0.2     0.0    20.71 C    14.6    -2.5     3.7    96.8    60.8    84.0 -99.000 -99.000 -99.000 -99.000 -99.000 -9999.0 -9999.0 -9999.0 -9999.0 -9999.0
96407 20160505  2.515 -159.00   66.56    10.7    -3.9     3.4     1.6     0.0    21.62 C    18.8    -3.8     5.4    96.5    52.1    79.8 -99.000 -99.000 -99.000 -99.000 -99.000 -9999.0 -9999.0 -9999.0 -9999.0 -9999.0
96407 20160506  2.515 -159.00   66.56     7.6    -4.4     1.6     0.4     0.0    21.78 C    15.7    -4.0     4.0    97.0    58.0    84.1 -99.000 -99.000 -99.000 -99.000 -99.000 -9999.0 -9999.0 -9999.0 -9999.0 -9999.0
96407 20160507  2.515 -159.00   66.56    10.1    -4.3     2.9     1.4     0.0    22.13 C    18.2    -4.6     4.9    96.7    47.4    78.4 -99.000 -99.000 -99.000 -99.000 -99.000 -9999.0 -9999.0 -9999.0 -9999.0 -9999.0
96407 20160508  2.515 -159.00   66.56    14.9    -3.5     5.7     5.9     0.2    14.32 C    22.1    -6.0     6.6    96.4    39.4    71.8 -99.000 -99.000 -99.000 -99.000 -99.000 -9999.0 -9999.0 -9999.0 -9999.0 -9999.0
96407 20160509  2.515 -159.00   66.56    14.1     3.6     8.8     8.0     3.0    14.23 C    19.7     0.0     8.9    96.7    43.6    80.1 -99.000 -99.000 -99.000 -99.000 -99.000 -9999.0 -9999.0 -9999.0 -9999.0 -9999.0
96407 20160510  2.515 -159.00   66.56    10.6     2.6     6.6     7.5     0.0     6.34 C    11.5     0.4     6.5    88.4    55.9    70.2 -99.000 -99.000 -99.000 -99.000 -99.000 -9999.0 -9999.0 -9999.0 -9999.0 -9999.0
96407 20160511  2.515 -159.00   66.56    11.0     5.9     8.4     8.1    12.9     7.13 C    14.1     4.9     8.2    96.8    72.8    88.0 -99.000 -99.000 -99.000 -99.000 -99.000 -9999.0 -9999.0 -9999.0 -9999.0 -9999.0
96407 20160512  2.515 -159.00   66.56    11.2     2.8     7.0     7.3     1.1    11.24 C    18.4     0.3     8.4    97.0    71.0    88.2 -99.000 -99.000 -99.000 -99.000 -99.000 -9999.0 -9999.0 -9999.0 -9999.0 -9999.0
96407 20160513  2.515 -159.00   66.56    12.1     2.2     7.2     7.7     0.0    21.56 C    19.5    -0.1     9.6    97.4    50.6    76.7 -99.000 -99.000 -99.000 -99.000 -99.000 -9999.0 -9999.0 -9999.0 -9999.0 -9999.0
96407 20160514  2.515 -159.00   66.56    11.9    -0.6     5.7     5.5     0.0    25.07 C    18.8    -2.8     7.1    93.3    47.9    72.2 -99.000 -99.000 -99.000 -99.000 -99.000 -9999.0 -9999.0 -9999.0 -9999.0 -9999.0
96407 20160515  2.515 -159.00   66.56    13.2    -1.6     5.8     6.4     0.0    25.59 C    21.3    -4.2     7.8    94.9    32.1    57.6 -99.000 -99.000 -99.000 -99.000 -99.000 -9999.0 -9999.0 -9999.0 -9999.0 -9999.0
96407 20160516  2.515 -159.00   66.56    17.0     3.3    10.2     9.8     0.2    25.68 C    23.4     0.9    10.5    74.4    27.5    47.8 -99.000 -99.000 -99.000 -99.000 -99.000 -9999.0 -9999.0 -9999.0 -9999.0 -9999.0
96407 20160517  2.515 -159.00   66.56    11.3     1.6     6.5     6.7     0.0    19.80 C    22.5    -0.8     7.9    66.3    30.8    47.5 -99.000 -99.000 -99.000 -99.000 -99.000 -9999.0 -9999.0 -9999.0 -9999.0 -9999.0
96407 20160518  2.515 -159.00   66.56    11.7     3.7     7.7     7.5     0.0    13.65 C    18.8     1.2     8.2    71.6    38.0    53.7 -99.000 -99.000 -99.000 -99.000 -99.000 -9999.0 -9999.0 -9999.0 -9999.0 -9999.0
96407 20160519  2.515 -159.00   66.56    12.9     2.3     7.6     8.4     0.7    10.79 C    19.5    -0.4     8.6    87.0    48.8    68.1 -99.000 -99.000 -99.000 -99.000 -99.000 -9999.0 -9999.0 -9999.0 -9999.0 -9999.0
96407 20160520  2.515 -159.00   66.56    18.4     3.3    10.8    11.2     0.9    19.86 C    29.9    -0.7    13.0    94.1    36.3    67.8 -99.000 -99.000 -99.000 -99.000 -99.000 -9999.0 -9999.0 -9999.0 -9999.0 -9999.0
96407 20160521  2.515 -159.00   66.56    13.8     4.7     9.2     9.7     2.9    10.18 C    18.9     2.0     9.7    94.9    54.1    77.5 -99.000 -99.000 -99.000 -99.000 -99.000 -9999.0 -9999.0 -9999.0 -9999.0 -9999.0
96407 20160522  2.515 -159.00   66.56    12.1    -0.4     5.8     6.4     0.5    18.59 C    22.1    -4.2     7.9    92.9    37.8    67.8 -99.000 -99.000 -99.000 -99.000 -99.000 -9999.0 -9999.0 -9999.0 -9999.0 -9999.0
96407 20160523  2.515 -159.00   66.56     8.5     4.0     6.3     5.6     2.0     7.88 C    13.3     2.0     5.9    93.4    56.1    82.6 -99.000 -99.000 -99.000 -99.000 -99.000 -9999.0 -9999.0 -9999.0 -9999.0 -9999.0
96407 20160524  2.515 -159.00   66.56     8.8     3.9     6.4     6.0     1.2    11.92 C    16.2     0.6     6.9    89.8    58.5    73.6 -99.000 -99.000 -99.000 -99.000 -99.000 -9999.0 -9999.0 -9999.0 -9999.0 -9999.0
96407 20160525  2.515 -159.00   66.56     9.5     4.1     6.8     6.7     2.4    11.38 C    15.0    -0.2     7.9    93.1    63.3    81.2 -99.000 -99.000 -99.000 -99.000 -99.000 -9999.0 -9999.0 -9999.0 -9999.0 -9999.0
96407 20160526  2.515 -159.00   66.56    11.9     4.9     8.4     8.1     2.0     7.04 C    15.3     4.0     8.7    95.2    64.2    80.4 -99.000 -99.000 -99.000 -99.000 -99.000 -9999.0 -9999.0 -9999.0 -9999.0 -9999.0
96407 20160527  2.515 -159.00   66.56    18.8     4.3    11.5    12.1     0.0    26.01 C    27.3     1.0    14.3    97.3    41.0    68.7 -99.000 -99.000 -99.000 -99.000 -99.000 -9999.0 -9999.0 -9999.0 -9999.0 -9999.0
96407 20160528  2.515 -159.00   66.56    24.1     6.6    15.3    16.1     0.0    27.47 C    32.5     0.2    17.3    81.5    20.8    47.7 -99.000 -99.000 -99.000 -99.000 -99.000 -9999.0 -9999.0 -9999.0 -9999.0 -9999.0
96407 20160529  2.515 -159.00   66.56    24.9     7.5    16.2    18.5     0.0    27.51 C    33.8     0.2    18.8    82.0    23.1    43.7 -99.000 -99.000 -99.000 -99.000 -99.000 -9999.0 -9999.0 -9999.0 -9999.0 -9999.0
96407 20160530  2.515 -159.00   66.56    22.5     8.8    15.7    17.0     0.0    28.68 C    30.7     1.7    17.3    76.4    14.6    36.0 -99.000 -99.000 -99.000 -99.000 -99.000 -9999.0 -9999.0 -9999.0 -9999.0 -9999.0
96407 20160531  2.515 -159.00   66.56    21.6     6.1    13.8    15.5     0.0    26.26 C    29.2    -1.3    15.6    93.1    30.8    55.4 -99.000 -99.000 -99.000 -99.000 -99.000 -9999.0 -9999.0 -9999.0 -9999.0 -9999.0
96407 20160601  2.515 -159.00   66.56    12.9     5.7     9.3     9.6     0.0    29.12 C    19.3     0.7    10.2    89.9    32.8    44.2 -99.000 -99.000 -99.000 -99.000 -99.000 -9999.0 -9999.0 -9999.0 -9999.0 -9999.0
96407 20160602  2.515 -159.00   66.56    13.9     2.8     8.3     7.9     0.0    28.82 C    25.1     0.2    10.9    60.5    28.3    44.2 -99.000 -99.000 -99.000 -99.000 -99.000 -9999.0 -9999.0 -9999.0 -9999.0 -9999.0
96407 20160603  2.515 -159.00   66.56    15.3    -0.3     7.5     8.6     0.0    29.41 C    27.1    -2.9    11.5    83.2    28.5    46.1 -99.000 -99.000 -99.000 -99.000 -99.000 -9999.0 -9999.0 -9999.0 -9999.0 -9999.0
96407 20160604  2.515 -159.00   66.56    12.9     3.0     7.9     7.3     0.0    24.28 C    24.1    -4.6     9.5    97.0    43.2    73.3 -99.000 -99.000 -99.000 -99.000 -99.000 -9999.0 -9999.0 -9999.0 -9999.0 -9999.0
96407 20160605  2.515 -159.00   66.56    13.5     6.0     9.8     9.2     0.0    29.31 C    22.8     3.7    12.0    81.9    32.2    54.3 -99.000 -99.000 -99.000 -99.000 -99.000 -9999.0 -9999.0 -9999.0 -9999.0 -9999.0
96407 20160606  2.515 -159.00   66.56    14.8     2.6     8.7     9.4     0.0    23.17 C    26.0     0.5    11.7    71.7    31.0    47.8 -99.000 -99.000 -99.000 -99.000 -99.000 -9999.0 -9999.0 -9999.0 -9999.0 -9999.0
96407 20160607  2.515 -159.00   66.56    11.7     5.5     8.6     8.3     1.2    20.56 C    20.3     1.1    10.3    87.8    64.6    77.2 -99.000 -99.000 -99.000 -99.000 -99.000 -9999.0 -9999.0 -9999.0 -9999.0 -9999.0
96407 20160608  2.515 -159.00   66.56    11.2     2.4     6.8     6.7     0.0    25.19 C    26.4    -3.8    10.4    84.7    32.7    53.1 -99.000 -99.000 -99.000 -99.000 -99.000 -9999.0 -9999.0 -9999.0 -9999.0 -9999.0
96407 20160609  2.515 -159.00   66.56    13.5    -0.4     6.5     7.3     0.0    30.30 C    23.6    -8.1     9.7    82.7    34.7    55.2 -99.000 -99.000 -99.000 -99.000 -99.000 -9999.0 -9999.0 -9999.0 -9999.0 -9999.0
96407 20160610  2.515 -159.00   66.56    19.6     4.5    12.0    12.6     0.0    28.20 C    31.7     1.5    16.5    95.3    29.0    61.1 -99.000 -99.000 -99.000 -99.000 -99.000 -9999.0 -9999.0 -9999.0 -9999.0 -9999.0
96407 20160611  2.515 -159.00   66.56    20.6     8.4    14.5    15.3     0.0    25.90 C    29.7     3.8    17.6    87.8    36.4    57.2 -99.000 -99.000 -99.000 -99.000 -99.000 -9999.0 -9999.0 -9999.0 -9999.0 -9999.0
96407 20160612  2.515 -159.00   66.56    19.2     9.7    14.5    13.5     0.0    18.31 C    30.8     7.2    15.5    83.0    39.8    62.6 -99.000 -99.000 -99.000 -99.000 -99.000 -9999.0 -9999.0 -9999.0 -9999.0 -9999.0
96407 20160613  2.515 -159.00   66.56     9.9     6.4     8.2     8.1     3.3    15.62 C    14.6     4.3     8.9    93.8    45.7    73.5 -99.000 -99.000 -99.000 -99.000 -99.000 -9999.0 -9999.0 -9999.0 -9999.0 -9999.0
96407 20160614  2.515 -159.00   66.56    16.7     2.6     9.7    10.0     0.0    28.02 C    26.4    -1.1    13.4    93.0    35.9    59.4 -99.000 -99.000 -99.000 -99.000 -99.000 -9999.0 -9999.0 -9999.0 -9999.0 -9999.0
96407 20160615  2.515 -159.00   66.56    20.5     8.8    14.6    14.9     0.0    28.38 C    31.4     6.3    18.5    84.7    42.8    61.0 -99.000 -99.000 -99.000 -99.000 -99.000 -9999.0 -9999.0 -9999.0 -9999.0 -9999.0
96407 20160616  2.515 -159.00   66.56    26.5     9.8    18.2    18.6     0.0    28.09 C    38.0     2.8    21.6    96.0    31.7    61.4 -99.000 -99.000 -99.000 -99.000 -99.000 -9999.0 -9999.0 -9999.0 -9999.0 -9999.0
96407 20160617  2.515 -159.00   66.56    26.3    12.4    19.4    19.5     0.0    19.09 C    35.2     9.3    20.0    82.8    21.2    55.4 -99.000 -99.000 -99.000 -99.000 -99.000 -9999.0 -9999.0 -9999.0 -9999.0 -9999.0
96407 20160618  2.515 -159.00   66.56    15.4    10.2    12.8    12.5     1.6    13.87 C    24.4     5.2    13.4    91.0    49.9    69.4 -99.000 -99.000 -99.000 -99.000 -99.000 -9999.0 -9999.0 -9999.0 -9999.0 -9999.0
96407 20160619  2.515 -159.00   66.56    16.8    10.6    13.7    13.5     8.2    11.38 C    25.9     9.8    14.0    95.3    64.5    83.3 -99.000 -99.000 -99.000 -99.000 -99.000 -9999.0 -9999.0 -9999.0 -9999.0 -9999.0
96407 20160620  2.515 -159.00   66.56    13.1     9.6    11.4    11.2     0.0    15.96 C    19.2     9.2    12.3    93.8    59.8    79.3 -99.000 -99.000 -99.000 -99.000 -99.000 -9999.0 -9999.0 -9999.0 -9999.0 -9999.0
96407 20160621  2.515 -159.00   66.56    16.2     9.3    12.8    12.2     0.4    19.73 C    24.5     8.3    14.0    90.6    53.1    72.5 -99.000 -99.000 -99.000 -99.000 -99.000 -9999.0 -9999.0 -9999.0 -9999.0 -9999.0
96407 20160622  2.515 -159.00   66.56    24.1    10.3    17.2    17.1     0.0    24.18 C    35.6     8.1    20.4    85.9    34.4    61.2 -99.000 -99.000 -99.000 -99.000 -99.000 -9999.0 -9999.0 -9999.0 -9999.0 -9999.0
96407 20160623  2.515 -159.00   66.56    23.4    13.3    18.4    17.1     3.7    14.09 C    34.3     6.9    17.6    93.0    44.9    73.2 -99.000 -99.000 -99.000 -99.000 -99.000 -9999.0 -9999.0 -9999.0 -9999.0 -9999.0
96407 20160624  2.515 -159.00   66.56    19.8    12.2    16.0    15.8     0.0    23.74 C    28.4     9.8    17.8    94.3    67.8    81.1 -99.000 -99.000 -99.000 -99.000 -99.000 -9999.0 -9999.0 -9999.0 -9999.0 -9999.0
96407 20160625  2.515 -159.00   66.56    20.2    11.5    15.8    15.5     0.0    26.94 C    29.7    10.4    18.3    92.9    54.2    74.4 -99.000 -99.000 -99.000 -99.000 -99.000 -9999.0 -9999.0 -9999.0 -9999.0 -9999.0
96407 20160626  2.515 -159.00   66.56    23.8     9.3    16.5    15.3     0.5    19.21 C    35.1     5.9    16.5    88.8    31.5    65.2 -99.000 -99.000 -99.000 -99.000 -99.000 -9999.0 -9999.0 -9999.0 -9999.0 -9999.0
96407 20160627  2.515 -159.00   66.56    20.2    10.1    15.2    15.1     0.0    27.20 C    30.5     4.7    17.9    90.7    21.6    58.0 -99.000 -99.000 -99.000 -99.000 -99.000 -9999.0 -9999.0 -9999.0 -9999.0 -9999.0
96407 20160628  2.515 -159.00   66.56    24.1     9.3    16.7    18.5     0.0    28.67 C    33.7     3.4    19.8    88.8    29.1    54.4 -99.000 -99.000 -99.000 -99.000 -99.000 -9999.0 -9999.0 -9999.0 -9999.0 -9999.0
96407 20160629  2.515 -159.00   66.56    24.3    12.2    18.2    18.7     0.0    26.76 C    36.1     6.7    20.5    87.9    28.6    53.8 -99.000 -99.000 -99.000 -99.000 -99.000 -9999.0 -9999.0 -9999.0 -9999.0 -9999.0
96407 20160630  2.515 -159.00   66.56    22.4    10.0    16.2    17.5     0.0    27.83 C    33.1     3.1    19.1    96.3    39.1    62.2 -99.000 -99.000 -99.000 -99.000 -99.000 -9999.0 -9999.0 -9999.0 -9999.0 -9999.0
96407 20160701  2.515 -159.00   66.56    25.3    12.1    18.7    18.2     0.0    26.69 C    34.7    10.8    21.2    94.0    41.4    69.1 -99.000 -99.000 -99.000 -99.000 -99.000 -9999.0 -9999.0 -9999.0 -9999.0 -9999.0
96407 20160702  2.515 -159.00   66.56    24.2    13.7    18.9    18.0     0.0    24.92 C    33.4    12.1    20.2    88.6    43.1    68.8 -99.000 -99.000 -99.000 -99.000 -99.000 -9999.0 -9999.0 -9999.0 -9999.0 -9999.0
96407 20160703  2.515 -159.00   66.56    23.8    13.7    18.7    18.1     0.0    25.81 C    34.0    10.9    19.8    85.9    35.4    61.3 -99.000 -99.000 -99.000 -99.000 -99.000 -9999.0 -9999.0 -9999.0 -9999.0 -9999.0
96407 20160704  2.515 -159.00   66.56    17.1    11.6    14.4    13.9     0.0    13.75 C    24.6     8.8    15.2    91.0    60.4    77.9 -99.000 -99.000 -99.000 -99.000 -99.000 -9999.0 -9999.0 -9999.0 -9999.0 -9999.0
96407 20160705  2.515 -159.00   66.56    20.5     9.2    14.9    14.2     3.0    16.37 C    31.8     2.7    16.4    97.2    52.9    82.9 -99.000 -99.000 -99.000 -99.000 -99.000 -9999.0 -9999.0 -9999.0 -9999.0 -9999.0
96407 20160706  2.515 -159.00   66.56    19.4    12.6    16.0    15.6     4.6    14.35 C    25.2    10.6    16.5    95.1    54.8    77.9 -99.000 -99.000 -99.000 -99.000 -99.000 -9999.0 -9999.0 -9999.0 -9999.0 -9999.0
96407 20160707  2.515 -159.00   66.56    21.4    12.0    16.7    16.2     2.1    17.43 C    32.1     9.4    17.3    91.4    45.4    70.4 -99.000 -99.000 -99.000 -99.000 -99.000 -9999.0 -9999.0 -9999.0 -9999.0 -9999.0
96407 20160708  2.515 -159.00   66.56    19.0    10.4    14.7    15.3     0.3    19.05 C    30.8     7.6    16.9    89.1    47.6    64.9 -99.000 -99.000 -99.000 -99.000 -99.000 -9999.0 -9999.0 -9999.0 -9999.0 -9999.0
96407 20160709  2.515 -159.00   66.56    21.3    13.0    17.1    16.9     0.0    16.10 C    34.3    11.0    18.2    88.4    45.1    68.0 -99.000 -99.000 -99.000 -99.000 -99.000 -9999.0 -9999.0 -9999.0 -9999.0 -9999.0
96407 20160710  2.515 -159.00   66.56    14.6    10.9    12.7    12.8     2.4    15.02 C    19.9     9.1    13.4    94.9    63.0    79.8 -99.000 -99.000 -99.000 -99.000 -99.000 -9999.0 -9999.0 -9999.0 -9999.0 -9999.0
96407 20160711  2.515 -159.00   66.56    21.0     7.1    14.0    15.5     0.0    25.21 C    31.3     2.9    17.3    92.9    29.1    58.4 -99.000 -99.000 -99.000 -99.000 -99.000 -9999.0 -9999.0 -9999.0 -9999.0 -9999.0
96407 20160712  2.515 -159.00   66.56    25.0    10.7    17.8    18.5     0.0    26.34 C    34.8     4.7    20.3    92.7    33.3    61.1 -99.000 -99.000 -99.000 -99.000 -99.000 -9999.0 -9999.0 -9999.0 -9999.0 -9999.0
96407 20160713  2.515 -159.00   66.56    28.3    12.7    20.5    21.7     0.0    27.79 C    38.2     5.4    22.4    95.0    25.6    54.4 -99.000 -99.000 -99.000 -99.000 -99.000 -9999.0 -9999.0 -9999.0 -9999.0 -9999.0
96407 20160714  2.515 -159.00   66.56    28.5    14.1    21.3    22.6     0.0    26.81 C    37.4     6.6    23.6    97.1    34.7    60.9 -99.000 -99.000 -99.000 -99.000 -99.000 -9999.0 -9999.0 -9999.0 -9999.0 -9999.0
96407 20160715  2.515 -159.00   66.56    20.3    12.3    16.3    16.2     0.4    19.05 C    28.8     8.8    17.0    91.7    54.4    74.3 -99.000 -99.000 -99.000 -99.000 -99.000 -9999.0 -9999.0 -9999.0 -9999.0 -9999.0
96407 20160716  2.515 -159.00   66.56    15.1    11.9    13.5    13.6     0.0     6.48 C    18.2    11.0    13.7    94.0    76.0    86.3 -99.000 -99.000 -99.000 -99.000 -99.000 -9999.0 -9999.0 -9999.0 -9999.0 -9999.0
96407 20160717  2.515 -159.00   66.56    14.2    11.5    12.8    12.6     8.4     4.11 C    14.7    11.0    12.5    95.1    78.1    90.4 -99.000 -99.000 -99.000 -99.000 -99.000 -9999.0 -9999.0 -9999.0 -9999.0 -9999.0
96407 20160718  2.515 -159.00   66.56    17.9    11.1    14.5    14.0     2.2    22.67 C    23.7     8.9    15.2    96.3    53.5    76.7 -99.000 -99.000 -99.000 -99.000 -99.000 -9999.0 -9999.0 -9999.0 -9999.0 -9999.0
96407 20160719  2.515 -159.00   66.56    17.2     9.8    13.5    13.5     0.0    23.30 C    24.9     2.5    14.5    93.5    42.8    67.8 -99.000 -99.000 -99.000 -99.000 -99.000 -9999.0 -9999.0 -9999.0 -9999.0 -9999.0
96407 20160720  2.515 -159.00   66.56    14.0     8.7    11.3    11.8     8.0     6.63 C    17.0     1.0    11.1    97.0    72.9    87.7 -99.000 -99.000 -99.000 -99.000 -99.000 -9999.0 -9999.0 -9999.0 -9999.0 -9999.0
96407 20160721  2.515 -159.00   66.56    16.7    10.1    13.4    13.4     2.1    13.35 C    24.5     8.5    14.8    96.2    66.0    84.4 -99.000 -99.000 -99.000 -99.000 -99.000 -9999.0 -9999.0 -9999.0 -9999.0 -9999.0
96407 20160722  2.515 -159.00   66.56    20.3    11.9    16.1    15.1     3.8    15.29 C    28.4     8.4    16.2    96.9    49.3    81.1 -99.000 -99.000 -99.000 -99.000 -99.000 -9999.0 -9999.0 -9999.0 -9999.0 -9999.0
96407 20160723  2.515 -159.00   66.56    21.6    11.3    16.4    16.1     4.0    21.43 C    31.1     7.8    16.8    93.2    42.6    63.6 -99.000 -99.000 -99.000 -99.000 -99.000 -9999.0 -9999.0 -9999.0 -9999.0 -9999.0
96407 20160724  2.515 -159.00   66.56    22.0    10.6    16.3    16.5     0.0    20.31 C    29.7     7.0    16.3    84.2    34.7    58.2 -99.000 -99.000 -99.000 -99.000 -99.000 -9999.0 -9999.0 -9999.0 -9999.0 -9999.0
96407 20160725  2.515 -159.00   66.56    22.9     9.0    15.9    16.9     0.0    24.30 C    32.1     2.3    17.5    95.8    32.4    61.0 -99.000 -99.000 -99.000 -99.000 -99.000 -9999.0 -9999.0 -9999.0 -9999.0 -9999.0
96407 20160726  2.515 -159.00   66.56    23.7    11.5    17.6    17.6     0.0    18.89 C    32.2     5.7    17.7    97.4    29.7    66.7 -99.000 -99.000 -99.000 -99.000 -99.000 -9999.0 -9999.0 -9999.0 -9999.0 -9999.0
96407 20160727  2.515 -159.00   66.56    21.5    11.6    16.5    16.3     1.6    13.41 C    30.4     7.1    16.5    83.8    45.7    68.4 -99.000 -99.000 -99.000 -99.000 -99.000 -9999.0 -9999.0 -9999.0 -9999.0 -9999.0
96407 20160728  2.515 -159.00   66.56    15.8     9.5    12.6    12.7     6.2    17.37 C    22.5     7.2    13.6    94.5    56.4    75.9 -99.000 -99.000 -99.000 -99.000 -99.000 -9999.0 -9999.0 -9999.0 -9999.0 -9999.0
96407 20160729  2.515 -159.00   66.56    13.1     7.7    10.4    10.0     0.0     9.48 C    18.1     5.7    10.2    91.8    56.6    78.0 -99.000 -99.000 -99.000 -99.000 -99.000 -9999.0 -9999.0 -9999.0 -9999.0 -9999.0
96407 20160730  2.515 -159.00   66.56    15.3     5.2    10.2    10.6     0.0    24.78 C    22.0     1.4    11.7    97.0    37.7    66.4 -99.000 -99.000 -99.000 -99.000 -99.000 -9999.0 -9999.0 -9999.0 -9999.0 -9999.0
96407 20160731  2.515 -159.00   66.56    14.8     5.3    10.0    10.1     0.0    23.15 C    22.1    -0.4    11.3    91.4    48.0    67.9 -99.000 -99.000 -99.000 -99.000 -99.000 -9999.0 -9999.0 -9999.0 -9999.0 -9999.0
96407 20160801  2.515 -159.00   66.56    21.6     3.8    12.7    13.6     0.0    23.47 C    28.9    -1.3    14.4    97.2    26.7    63.2 -99.000 -99.000 -99.000 -99.000 -99.000 -9999.0 -9999.0 -9999.0 -9999.0 -9999.0
96407 20160802  2.515 -159.00   66.56    14.4     8.5    11.5    11.3     4.9    14.82 C    23.5     7.8    12.4    94.2    54.5    75.1 -99.000 -99.000 -99.000 -99.000 -99.000 -9999.0 -9999.0 -9999.0 -9999.0 -9999.0
96407 20160803  2.515 -159.00   66.56    16.5     6.2    11.3    11.2     0.0    24.31 C    24.6    -1.3    12.6    95.3    36.5    55.0 -99.000 -99.000 -99.000 -99.000 -99.000 -9999.0 -9999.0 -9999.0 -9999.0 -9999.0
96407 20160804  2.515 -159.00   66.56    19.9     4.1    12.0    12.6     0.0    21.24 C    27.7    -1.3    12.8    96.5    30.0    58.1 -99.000 -99.000 -99.000 -99.000 -99.000 -9999.0 -9999.0 -9999.0 -9999.0 -9999.0
96407 20160805  2.515 -159.00   66.56    19.6     8.2    13.9    15.1     0.0     7.64 C    23.8     5.4    14.5    86.8    47.3    64.1 -99.000 -99.000 -99.000 -99.000 -99.000 -9999.0 -9999.0 -9999.0 -9999.0 -9999.0
96407 20160806  2.515 -159.00   66.56    16.4    12.5    14.4    14.3    11.2     4.35 C    17.2    11.1    13.7    96.0    67.0    83.0 -99.000 -99.000 -99.000 -99.000 -99.000 -9999.0 -9999.0 -9999.0 -9999.0 -9999.0
96407 20160807  2.515 -159.00   66.56    19.6    12.9    16.2    15.0     6.4    10.90 C    26.1    10.0    15.6    95.9    59.3    87.1 -99.000 -99.000 -99.000 -99.000 -99.000 -9999.0 -9999.0 -9999.0 -9999.0 -9999.0
96407 20160808  2.515 -159.00   66.56    21.7     9.7    15.7    15.1     2.9    14.36 C    31.2     5.8    15.3    97.5    51.5    83.4 -99.000 -99.000 -99.000 -99.000 -99.000 -9999.0 -9999.0 -9999.0 -9999.0 -9999.0
96407 20160809  2.515 -159.00   66.56    19.7    11.2    15.4    15.1    33.0    10.21 C    25.2     8.4    15.2    96.0    60.5    79.3 -99.000 -99.000 -99.000 -99.000 -99.000 -9999.0 -9999.0 -9999.0 -9999.0 -9999.0
96407 20160810  2.515 -159.00   66.56    17.1    11.2    14.1    13.7     3.3     7.92 C    22.7    10.8    14.4    94.9    72.0    88.2 -99.000 -99.000 -99.000 -99.000 -99.000 -9999.0 -9999.0 -9999.0 -9999.0 -9999.0
96407 20160811  2.515 -159.00   66.56    19.3    11.5    15.4    15.3     6.6    17.22 C    25.1     6.4    15.7    95.5    58.2    80.4 -99.000 -99.000 -99.000 -99.000 -99.000 -9999.0 -9999.0 -9999.0 -9999.0 -9999.0
96407 20160812  2.515 -159.00   66.56    19.6     9.2    14.4    14.2     0.0    11.18 C    26.7     6.7    13.5    96.8    58.4    80.7 -99.000 -99.000 -99.000 -99.000 -99.000 -9999.0 -9999.0 -9999.0 -9999.0 -9999.0
96407 20160813  2.515 -159.00   66.56    21.6    10.5    16.0    15.8     0.0    14.09 C    27.7     5.5    15.5    95.5    47.0    74.1 -99.000 -99.000 -99.000 -99.000 -99.000 -9999.0 -9999.0 -9999.0 -9999.0 -9999.0
96407 20160814  2.515 -159.00   66.56    20.6     9.3    15.0    15.7     0.0    20.35 C    25.8     2.5    14.8    93.6    50.7    72.9 -99.000 -99.000 -99.000 -99.000 -99.000 -9999.0 -9999.0 -9999.0 -9999.0 -9999.0
96407 20160815  2.515 -159.00   66.56 -9999.0 -9999.0 -9999.0 -9999.0 -9999.0 -9999.00 U -9999.0 -9999.0 -9999.0 -9999.0 -9999.0 -9999.0 -99.000 -99.000 -99.000 -99.000 -99.000 -9999.0 -9999.0 -9999.0 -9999.0 -9999.0
96407 20160816  2.515 -159.00   66.56 -9999.0 -9999.0 -9999.0 -9999.0 -9999.0 -9999.00 U -9999.0 -9999.0 -9999.0 -9999.0 -9999.0 -9999.0 -99.000 -99.000 -99.000 -99.000 -99.000 -9999.0 -9999.0 -9999.0 -9999.0 -9999.0
96407 20160817  2.515 -159.00   66.56    21.7     6.9    14.3    13.6     0.0    16.33 C    29.8     4.5    15.2    93.3    40.0    68.2 -99.000 -99.000 -99.000 -99.000 -99.000 -9999.0 -9999.0 -9999.0 -9999.0 -9999.0
96407 20160818  2.515 -159.00   66.56    20.7    10.6    15.6    15.5     0.0     9.08 C    26.5     6.0    14.9    88.3    48.3    67.6 -99.000 -99.000 -99.000 -99.000 -99.000 -9999.0 -9999.0 -9999.0 -9999.0 -9999.0
96407 20160819  2.515 -159.00   66.56    14.4    11.0    12.7    12.6     5.5     1.90 C    13.9    10.0    11.8    94.0    79.6    87.8 -99.000 -99.000 -99.000 -99.000 -99.000 -9999.0 -9999.0 -9999.0 -9999.0 -9999.0
96407 20160820  2.515 -159.00   66.56    15.3    10.8    13.0    12.5     0.7     5.24 C    17.4    10.0    12.5    95.2    74.5    89.7 -99.000 -99.000 -99.000 -99.000 -99.000 -9999.0 -9999.0 -9999.0 -9999.0 -9999.0
96407 20160821  2.515 -159.00   66.56    14.1    11.4    12.8    12.5     5.5     4.21 C    15.7    10.4    12.5    95.5    86.0    92.5 -99.000 -99.000 -99.000 -99.000 -99.000 -9999.0 -9999.0 -9999.0 -9999.0 -9999.0
96407 20160822  2.515 -159.00   66.56    12.4     6.7     9.5     9.6    12.8     8.50 C    14.5     7.4    10.2    95.9    71.1    88.0 -99.000 -99.000 -99.000 -99.000 -99.000 -9999.0 -9999.0 -9999.0 -9999.0 -9999.0
96407 20160823  2.515 -159.00   66.56    15.9     7.1    11.5    10.8    17.3     3.52 C    18.2     7.0    11.1    96.2    78.5    92.8 -99.000 -99.000 -99.000 -99.000 -99.000 -9999.0 -9999.0 -9999.0 -9999.0 -9999.0
96407 20160824  2.515 -159.00   66.56    14.7     8.4    11.6    10.9     6.4     6.49 C    19.3     8.0    11.6    95.7    80.8    89.4 -99.000 -99.000 -99.000 -99.000 -99.000 -9999.0 -9999.0 -9999.0 -9999.0 -9999.0
96407 20160825  2.515 -159.00   66.56    18.0     9.4    13.7    13.0     0.0    10.04 C    23.3     5.1    13.2    97.1    61.9    85.8 -99.000 -99.000 -99.000 -99.000 -99.000 -9999.0 -9999.0 -9999.0 -9999.0 -9999.0
96407 20160826  2.515 -159.00   66.56    18.2     8.7    13.5    13.2     0.0    15.20 C    27.0     5.5    13.7    95.3    51.6    76.7 -99.000 -99.000 -99.000 -99.000 -99.000 -9999.0 -9999.0 -9999.0 -9999.0 -9999.0
96407 20160827  2.515 -159.00   66.56    14.8    10.4    12.6    12.8     0.0     4.01 C    17.9     8.4    12.5    94.8    77.2    86.4 -99.000 -99.000 -99.000 -99.000 -99.000 -9999.0 -9999.0 -9999.0 -9999.0 -9999.0
96407 20160828  2.515 -159.00   66.56    18.2     9.8    14.0    13.5     0.0     6.27 C    25.9     7.1    13.6    94.5    60.3    79.2 -99.000 -99.000 -99.000 -99.000 -99.000 -9999.0 -9999.0 -9999.0 -9999.0 -9999.0
96407 20160829  2.515 -159.00   66.56    22.1     6.8    14.5    14.0     0.0    15.21 C    27.2     1.5    13.1    92.6    38.4    66.9 -99.000 -99.000 -99.000 -99.000 -99.000 -9999.0 -9999.0 -9999.0 -9999.0 -9999.0
96407 20160830  2.515 -159.00   66.56    20.4     7.1    13.7    13.9     0.0    15.15 C    24.5     0.0    11.8    91.4    34.0    61.3 -99.000 -99.000 -99.000 -99.000 -99.000 -9999.0 -9999.0 -9999.0 -9999.0 -9999.0
96407 20160831  2.515 -159.00   66.56    21.0     4.1    12.5    12.1     0.0    14.42 C    28.5    -1.1    10.5    97.3    43.1    70.1 -99.000 -99.000 -99.000 -99.000 -99.000 -9999.0 -9999.0 -9999.0 -9999.0 -9999.0
96407 20160901  2.515 -159.00   66.56    17.5     2.8    10.2    10.3     0.0    15.12 C    23.2    -3.5     8.4    95.7    40.6    69.8 -99.000 -99.000 -99.000 -99.000 -99.000 -9999.0 -9999.0 -9999.0 -9999.0 -9999.0
96407 20160902  2.515 -159.00   66.56    19.4     5.6    12.5    11.9     0.0    12.87 C    24.4     1.3    11.1    97.0    45.1    71.0 -99.000 -99.000 -99.000 -99.000 -99.000 -9999.0 -9999.0 -9999.0 -9999.0 -9999.0
96407 20160903  2.515 -159.00   66.56    19.0     5.8    12.4    11.5     0.0    14.65 C    21.8    -1.1     9.6    91.0    29.8    64.0 -99.000 -99.000 -99.000 -99.000 -99.000 -9999.0 -9999.0 -9999.0 -9999.0 -9999.0
96407 20160904  2.515 -159.00   66.56    19.2     3.5    11.4    11.1     0.0    14.36 C    23.9    -2.5     9.0    87.0    29.4    60.1 -99.000 -99.000 -99.000 -99.000 -99.000 -9999.0 -9999.0 -9999.0 -9999.0 -9999.0
96407 20160905  2.515 -159.00   66.56    12.7     2.4     7.5     7.4     0.0    13.44 C    16.8    -4.2     6.5    91.4    42.1    63.4 -99.000 -99.000 -99.000 -99.000 -99.000 -9999.0 -9999.0 -9999.0 -9999.0 -9999.0
96407 20160906  2.515 -159.00   66.56    10.1     1.2     5.7     5.0     0.2    12.80 C    14.4    -3.2     4.6    73.2    36.5    51.9 -99.000 -99.000 -99.000 -99.000 -99.000 -9999.0 -9999.0 -9999.0 -9999.0 -9999.0
96407 20160907  2.515 -159.00   66.56    14.4    -1.8     6.3     6.3     0.0    12.02 C    18.9    -8.4     4.8    94.9    42.0    65.6 -99.000 -99.000 -99.000 -99.000 -99.000 -9999.0 -9999.0 -9999.0 -9999.0 -9999.0
96407 20160908  2.515 -159.00   66.56    14.0     1.0     7.5     7.7     0.0    13.05 C    20.3    -5.3     6.7    95.2    43.2    70.8 -99.000 -99.000 -99.000 -99.000 -99.000 -9999.0 -9999.0 -9999.0 -9999.0 -9999.0
96407 20160909  2.515 -159.00   66.56    14.0     2.7     8.4     8.3     0.0    12.07 C    17.9    -3.2     6.9    97.0    47.9    78.1 -99.000 -99.000 -99.000 -99.000 -99.000 -9999.0 -9999.0 -9999.0 -9999.0 -9999.0
96407 20160910  2.515 -159.00   66.56    11.8     2.4     7.1     7.1     0.0     4.88 C    18.9    -3.0     5.4    97.2    66.0    84.8 -99.000 -99.000 -99.000 -99.000 -99.000 -9999.0 -9999.0 -9999.0 -9999.0 -9999.0
96407 20160911  2.515 -159.00   66.56    10.2     0.7     5.4     5.8     4.0     3.42 C    10.5    -1.7     5.1    97.9    71.6    89.9 -99.000 -99.000 -99.000 -99.000 -99.000 -9999.0 -9999.0 -9999.0 -9999.0 -9999.0
96407 20160912  2.515 -159.00   66.56     7.6     3.4     5.5     6.1    19.5     2.31 C     9.6     2.8     6.0    95.3    78.5    89.9 -99.000 -99.000 -99.000 -99.000 -99.000 -9999.0 -9999.0 -9999.0 -9999.0 -9999.0
96407 20160913  2.515 -159.00   66.56     4.0     0.5     2.2     2.5     2.0     3.04 C     6.1     0.0     2.9    95.7    78.7    89.6 -99.000 -99.000 -99.000 -99.000 -99.000 -9999.0 -9999.0 -9999.0 -9999.0 -9999.0
96407 20160914  2.515 -159.00   66.56     5.5     0.2     2.9     2.1     0.0     7.27 C     8.8    -1.3     2.2    91.7    51.9    70.1 -99.000 -99.000 -99.000 -99.000 -99.000 -9999.0 -9999.0 -9999.0 -9999.0 -9999.0
96407 20160915  2.515 -159.00   66.56     7.0     0.3     3.6     3.0     0.3     6.98 C    10.6    -1.1     3.0    92.1    51.5    65.9 -99.000 -99.000 -99.000 -99.000 -99.000 -9999.0 -9999.0 -9999.0 -9999.0 -9999.0
96407 20160916  2.515 -159.00   66.56     6.5    -0.2     3.2     3.0     0.0     3.02 C    10.4    -5.4     2.6    95.4    72.9    89.0 -99.000 -99.000 -99.000 -99.000 -99.000 -9999.0 -9999.0 -9999.0 -9999.0 -9999.0
96407 20160917  2.515 -159.00   66.56     7.7    -1.4     3.1     2.6     0.0     3.81 C     9.7    -6.8     1.0    96.5    63.2    85.9 -99.000 -99.000 -99.000 -99.000 -99.000 -9999.0 -9999.0 -9999.0 -9999.0 -9999.0
96407 20160918  2.515 -159.00   66.56     6.1    -2.5     1.8     1.8     0.0     7.79 C    10.5    -7.1     0.5    91.8    50.9    73.9 -99.000 -99.000 -99.000 -99.000 -99.000 -9999.0 -9999.0 -9999.0 -9999.0 -9999.0
96407 20160919  2.515 -159.00   66.56     9.3     1.4     5.3     6.2     5.4     1.28 C     9.1    -0.1     5.3    96.1    79.3    88.1 -99.000 -99.000 -99.000 -99.000 -99.000 -9999.0 -9999.0 -9999.0 -9999.0 -9999.0
96407 20160920  2.515 -159.00   66.56    12.3     7.5     9.9     8.9     2.7     4.61 C    15.8     4.8     8.3    95.6    47.7    81.4 -99.000 -99.000 -99.000 -99.000 -99.000 -9999.0 -9999.0 -9999.0 -9999.0 -9999.0
96407 20160921  2.515 -159.00   66.56    11.7     2.5     7.1     8.0     4.7     4.77 C    13.9    -3.0     6.8    97.2    61.1    86.8 -99.000 -99.000 -99.000 -99.000 -99.000 -9999.0 -9999.0 -9999.0 -9999.0 -9999.0
96407 20160922  2.515 -159.00   66.56     8.8    -1.7     3.6     3.4     0.0     6.26 C     9.2    -3.8     1.7    98.0    58.3    81.8 -99.000 -99.000 -99.000 -99.000 -99.000 -9999.0 -9999.0 -9999.0 -9999.0 -9999.0
96407 20160923  2.515 -159.00   66.56     5.5     0.1     2.8     3.0     0.0     2.74 C     7.3    -2.4     1.6    93.7    55.3    73.0 -99.000 -99.000 -99.000 -99.000 -99.000 -9999.0 -9999.0 -9999.0 -9999.0 -9999.0
96407 20160924  2.515 -159.00   66.56     6.4    -2.2     2.1     1.6     0.0     8.13 C     8.4    -6.8    -0.3    96.8    52.3    80.3 -99.000 -99.000 -99.000 -99.000 -99.000 -9999.0 -9999.0 -9999.0 -9999.0 -9999.0
96407 20160925  2.515 -159.00   66.56     5.9    -0.9     2.5     2.6     6.3     4.35 C     7.8    -2.8     1.9    96.1    57.4    83.5 -99.000 -99.000 -99.000 -99.000 -99.000 -9999.0 -9999.0 -9999.0 -9999.0 -9999.0
96407 20160926  2.515 -159.00   66.56     5.6    -2.0     1.8     2.5     5.9     5.40 C    10.5    -5.4     2.2    95.8    59.6    84.3 -99.000 -99.000 -99.000 -99.000 -99.000 -9999.0 -9999.0 -9999.0 -9999.0 -9999.0
96407 20160927  2.515 -159.00   66.56     5.4    -4.6     0.4     0.1     0.0     4.93 C     6.1    -9.1    -1.6    96.8    62.9    81.5 -99.000 -99.000 -99.000 -99.000 -99.000 -9999.0 -9999.0 -9999.0 -9999.0 -9999.0
96407 20160928  2.515 -159.00   66.56     9.2     2.7     6.0     5.6     1.3     5.21 C     8.7     0.5     4.0    88.7    49.0    77.8 -99.000 -99.000 -99.000 -99.000 -99.000 -9999.0 -9999.0 -9999.0 -9999.0 -9999.0
96407 20160929  2.515 -159.00   66.56    10.7     1.9     6.3     6.6     0.0     3.47 C    10.7    -0.6     5.2    92.4    61.8    77.7 -99.000 -99.000 -99.000 -99.000 -99.000 -9999.0 -9999.0 -9999.0 -9999.0 -9999.0
96407 20160930  2.515 -159.00   66.56    10.3     2.5     6.4     7.0     0.0     4.58 C    10.8    -0.6     5.3    83.3    53.0    70.4 -99.000 -99.000 -99.000 -99.000 -99.000 -9999.0 -9999.0 -9999.0 -9999.0 -9999.0
96407 20161001  2.515 -159.00   66.56     9.6    -0.1     4.8     5.6     0.0     3.73 C     8.6    -4.5     2.7    87.9    45.8    64.7 -99.000 -99.000 -99.000 -99.000 -99.000 -9999.0 -9999.0 -9999.0 -9999.0 -9999.0
96407 20161002  2.515 -159.00   66.56     7.3     4.0     5.6     5.5     0.4     2.02 C     8.2     2.4     4.6    95.0    55.9    77.6 -99.000 -99.000 -99.000 -99.000 -99.000 -9999.0 -9999.0 -9999.0 -9999.0 -9999.0
96407 20161003  2.515 -159.00   66.56     9.7     2.1     5.9     5.0     0.0     5.19 C    13.9    -1.7     3.8    95.6    65.7    86.9 -99.000 -99.000 -99.000 -99.000 -99.000 -9999.0 -9999.0 -9999.0 -9999.0 -9999.0
96407 20161004  2.515 -159.00   66.56     7.0    -0.1     3.4     3.0     0.0     2.74 C     7.6    -3.7     1.3    97.6    64.6    84.6 -99.000 -99.000 -99.000 -99.000 -99.000 -9999.0 -9999.0 -9999.0 -9999.0 -9999.0
96407 20161005  2.515 -159.00   66.56     7.5    -2.7     2.4     1.7     0.0     6.34 C     6.5    -4.4    -0.5    95.2    56.2    82.0 -99.000 -99.000 -99.000 -99.000 -99.000 -9999.0 -9999.0 -9999.0 -9999.0 -9999.0
96407 20161006  2.515 -159.00   66.56     6.0    -4.9     0.5    -0.6     0.0     4.52 C     4.5    -7.1    -2.5    93.6    54.4    81.8 -99.000 -99.000 -99.000 -99.000 -99.000 -9999.0 -9999.0 -9999.0 -9999.0 -9999.0
96407 20161007  2.515 -159.00   66.56     6.7    -5.1     0.8    -0.1     0.0     6.22 C     5.0    -9.1    -2.8    93.1    46.0    74.3 -99.000 -99.000 -99.000 -99.000 -99.000 -9999.0 -9999.0 -9999.0 -9999.0 -9999.0
96407 20161008  2.515 -159.00   66.56     7.7    -4.2     1.8     0.3     0.0     5.89 C     5.1    -8.8    -3.0    87.4    38.8    66.4 -99.000 -99.000 -99.000 -99.000 -99.000 -9999.0 -9999.0 -9999.0 -9999.0 -9999.0
96407 20161009  2.515 -159.00   66.56     6.5    -4.4     1.1     1.5     0.0     1.27 C     6.7    -9.0    -1.3    83.0    41.7    61.3 -99.000 -99.000 -99.000 -99.000 -99.000 -9999.0 -9999.0 -9999.0 -9999.0 -9999.0
96407 20161010  2.515 -159.00   66.56     6.1    -2.8     1.7     1.1     0.0     1.46 C     4.8    -6.5    -1.0    88.1    54.0    71.3 -99.000 -99.000 -99.000 -99.000 -99.000 -9999.0 -9999.0 -9999.0 -9999.0 -9999.0
96407 20161011  2.515 -159.00   66.56    10.3    -1.1     4.6     3.5     0.0     3.52 C     8.3    -5.3    -0.1    76.9    31.0    53.9 -99.000 -99.000 -99.000 -99.000 -99.000 -9999.0 -9999.0 -9999.0 -9999.0 -9999.0
96407 20161012  2.515 -159.00   66.56    10.4    -1.5     4.5     2.7     0.0     4.05 C     7.6    -6.7    -0.8    73.3    30.0    56.6 -99.000 -99.000 -99.000 -99.000 -99.000 -9999.0 -9999.0 -9999.0 -9999.0 -9999.0
96407 20161013  2.515 -159.00   66.56     6.5    -4.2     1.1     0.2     0.0     4.89 C     4.3    -7.9    -3.0    78.2    36.4    60.2 -99.000 -99.000 -99.000 -99.000 -99.000 -9999.0 -9999.0 -9999.0 -9999.0 -9999.0
96407 20161014  2.515 -159.00   66.56     6.5    -4.6     0.9    -0.7     0.0     4.74 C     4.0    -7.9    -3.5    76.9    20.1    54.6 -99.000 -99.000 -99.000 -99.000 -99.000 -9999.0 -9999.0 -9999.0 -9999.0 -9999.0
96407 20161015  2.515 -159.00   66.56     1.5    -7.2    -2.8    -3.1     0.0     4.58 C     0.7   -11.1    -5.7    80.2    43.4    63.4 -99.000 -99.000 -99.000 -99.000 -99.000 -9999.0 -9999.0 -9999.0 -9999.0 -9999.0
96407 20161016  2.515 -159.00   66.56    -1.2    -8.8    -5.0    -5.1     0.0     2.82 C    -0.5   -15.5    -7.6    87.8    46.9    63.8 -99.000 -99.000 -99.000 -99.000 -99.000 -9999.0 -9999.0 -9999.0 -9999.0 -9999.0
96407 20161017  2.515 -159.00   66.56    -1.2    -7.6    -4.4    -4.9     0.0     4.30 C    -2.0   -10.9    -7.2    64.0    35.1    50.8 -99.000 -99.000 -99.000 -99.000 -99.000 -9999.0 -9999.0 -9999.0 -9999.0 -9999.0
96407 20161018  2.515 -159.00   66.56    -1.9   -11.4    -6.7    -7.7     0.0     4.07 C    -2.5   -18.2   -10.1    86.7    39.1    62.9 -99.000 -99.000 -99.000 -99.000 -99.000 -9999.0 -9999.0 -9999.0 -9999.0 -9999.0
96407 20161019  2.515 -159.00   66.56    -3.5   -10.6    -7.0    -7.1     0.0     1.88 C    -3.0   -14.4    -7.7    88.5    61.4    72.4 -99.000 -99.000 -99.000 -99.000 -99.000 -9999.0 -9999.0 -9999.0 -9999.0 -9999.0
96407 20161020  2.515 -159.00   66.56    -1.6   -11.2    -6.4    -5.2     2.5     2.73 C    -3.0   -19.0    -7.3    92.2    72.9    85.7 -99.000 -99.000 -99.000 -99.000 -99.000 -9999.0 -9999.0 -9999.0 -9999.0 -9999.0
96407 20161021  2.515 -159.00   66.56    -3.2   -14.1    -8.6    -8.6     0.0     3.54 C    -5.9   -20.9   -13.6    95.0    74.3    83.5 -99.000 -99.000 -99.000 -99.000 -99.000 -9999.0 -9999.0 -9999.0 -9999.0 -9999.0
96407 20161022  2.515 -159.00   66.56    -1.0    -8.3    -4.7    -3.1     0.3     0.66 C    -1.9    -9.1    -3.9    94.0    82.3    89.9 -99.000 -99.000 -99.000 -99.000 -99.000 -9999.0 -9999.0 -9999.0 -9999.0 -9999.0
96407 20161023  2.515 -159.00   66.56    -2.9   -12.1    -7.5    -7.5     0.0     2.73 C    -4.9   -15.4   -10.2    92.1    73.7    85.9 -99.000 -99.000 -99.000 -99.000 -99.000 -9999.0 -9999.0 -9999.0 -9999.0 -9999.0
96407 20161024  2.515 -159.00   66.56    -4.4   -11.4    -7.9    -7.5     0.0     1.62 C    -5.2   -14.1    -9.6    86.5    61.3    73.2 -99.000 -99.000 -99.000 -99.000 -99.000 -9999.0 -9999.0 -9999.0 -9999.0 -9999.0
96407 20161025  2.515 -159.00   66.56    -1.6    -6.4    -4.0    -4.1     0.4     0.73 C    -3.8   -10.2    -5.7    82.6    45.6    60.5 -99.000 -99.000 -99.000 -99.000 -99.000 -9999.0 -9999.0 -9999.0 -9999.0 -9999.0
96407 20161026  2.515 -159.00   66.56     0.7    -3.4    -1.3    -1.4     0.0     1.14 C    -1.2    -5.8    -2.9    87.6    77.2    82.7 -99.000 -99.000 -99.000 -99.000 -99.000 -9999.0 -9999.0 -9999.0 -9999.0 -9999.0
96407 20161027  2.515 -159.00   66.56    -0.1    -3.2    -1.6    -1.4     0.0     0.65 C    -0.7    -6.0    -3.0    86.3    57.6    69.7 -99.000 -99.000 -99.000 -99.000 -99.000 -9999.0 -9999.0 -9999.0 -9999.0 -9999.0
96407 20161028  2.515 -159.00   66.56     2.9    -4.8    -0.9    -1.6     4.8     0.90 C     0.3    -7.4    -3.0    88.8    53.0    68.6 -99.000 -99.000 -99.000 -99.000 -99.000 -9999.0 -9999.0 -9999.0 -9999.0 -9999.0
96407 20161029  2.515 -159.00   66.56     4.0    -2.2     0.9     2.0     4.5     1.92 C     2.8    -4.1    -0.1    94.0    80.5    87.5 -99.000 -99.000 -99.000 -99.000 -99.000 -9999.0 -9999.0 -9999.0 -9999.0 -9999.0
96407 20161030  2.515 -159.00   66.56     1.7    -3.6    -0.9    -0.6     0.2     0.40 C     0.5    -5.6    -1.6    95.7    85.1    92.5 -99.000 -99.000 -99.000 -99.000 -99.000 -9999.0 -9999.0 -9999.0 -9999.0 -9999.0
96407 20161031  2.515 -159.00   66.56     4.3    -4.0     0.1     1.2     0.0     1.06 C     2.9    -7.0    -1.1    90.1    67.3    79.0 -99.000 -99.000 -99.000 -99.000 -99.000 -9999.0 -9999.0 -9999.0 -9999.0 -9999.0
96407 20161101  2.515 -159.00   66.56    -0.4    -5.5    -2.9    -3.5     0.0     1.25 C    -2.0    -7.2    -5.2    89.0    76.1    84.3 -99.000 -99.000 -99.000 -99.000 -99.000 -9999.0 -9999.0 -9999.0 -9999.0 -9999.0
96407 20161102  2.515 -159.00   66.56    -1.9    -8.2    -5.1    -5.0     0.0     0.40 C    -2.8   -10.5    -6.7    89.7    69.9    80.9 -99.000 -99.000 -99.000 -99.000 -99.000 -9999.0 -9999.0 -9999.0 -9999.0 -9999.0
96407 20161103  2.515 -159.00   66.56    -3.3    -9.1    -6.2    -6.1     0.0     1.19 C    -4.0   -11.2    -7.5    91.2    79.7    85.1 -99.000 -99.000 -99.000 -99.000 -99.000 -9999.0 -9999.0 -9999.0 -9999.0 -9999.0
96407 20161104  2.515 -159.00   66.56    -4.2    -8.9    -6.5    -6.9     0.0     0.48 C    -5.3   -10.4    -7.6    89.0    65.6    80.4 -99.000 -99.000 -99.000 -99.000 -99.000 -9999.0 -9999.0 -9999.0 -9999.0 -9999.0
96407 20161105  2.515 -159.00   66.56    -6.9    -9.3    -8.1    -8.4     0.0     0.78 C    -6.5   -10.1    -8.6    73.6    52.8    61.0 -99.000 -99.000 -99.000 -99.000 -99.000 -9999.0 -9999.0 -9999.0 -9999.0 -9999.0
96407 20161106  2.515 -159.00   66.56    -8.4    -9.9    -9.1    -9.0     0.6     0.19 C    -7.6   -11.2    -8.6    86.0    61.4    75.8 -99.000 -99.000 -99.000 -99.000 -99.000 -9999.0 -9999.0 -9999.0 -9999.0 -9999.0
96407 20161107  2.515 -159.00   66.56    -7.9   -10.3    -9.1    -8.8     0.2     0.21 C    -8.2   -12.9    -9.3    87.5    72.4    79.5 -99.000 -99.000 -99.000 -99.000 -99.000 -9999.0 -9999.0 -9999.0 -9999.0 -9999.0
96407 20161108  2.515 -159.00   66.56    -8.1   -19.1   -13.6   -13.4     0.0     0.75 C    -8.8   -22.7   -16.8    89.8    68.0    79.0 -99.000 -99.000 -99.000 -99.000 -99.000 -9999.0 -9999.0 -9999.0 -9999.0 -9999.0
96407 20161109  2.515 -159.00   66.56   -17.7   -22.0   -19.8   -20.3     0.0     0.28 C   -18.2   -24.4   -22.2    84.8    76.9    79.2 -99.000 -99.000 -99.000 -99.000 -99.000 -9999.0 -9999.0 -9999.0 -9999.0 -9999.0
96407 20161110  2.515 -159.00   66.56    -6.8   -22.0   -14.4   -12.6     0.5     0.20 C    -7.1   -23.3   -12.7    88.1    71.8    80.6 -99.000 -99.000 -99.000 -99.000 -99.000 -9999.0 -9999.0 -9999.0 -9999.0 -9999.0
96407 20161111  2.515 -159.00   66.56    -4.4    -7.1    -5.8    -5.4     0.0     0.06 C    -4.6    -7.3    -5.7    87.7    73.5    80.8 -99.000 -99.000 -99.000 -99.000 -99.000 -9999.0 -9999.0 -9999.0 -9999.0 -9999.0
96407 20161112  2.515 -159.00   66.56    -3.4    -7.4    -5.4    -4.5     0.3     0.24 C    -3.5   -13.2    -5.4    95.1    75.6    84.7 -99.000 -99.000 -99.000 -99.000 -99.000 -9999.0 -9999.0 -9999.0 -9999.0 -9999.0
96407 20161113  2.515 -159.00   66.56    -6.4   -10.2    -8.3    -8.1     0.0     0.14 C    -6.3   -16.3    -8.7    94.2    88.6    90.4 -99.000 -99.000 -99.000 -99.000 -99.000 -9999.0 -9999.0 -9999.0 -9999.0 -9999.0
96407 20161114  2.515 -159.00   66.56    -6.5   -14.1   -10.3    -9.7     0.5     0.09 C    -6.1   -17.2   -10.6    93.6    84.2    89.2 -99.000 -99.000 -99.000 -99.000 -99.000 -9999.0 -9999.0 -9999.0 -9999.0 -9999.0
96407 20161115  2.515 -159.00   66.56    -4.7   -11.1    -7.9    -6.7     1.4     0.21 C    -5.0   -15.3    -7.9    92.9    73.2    84.4 -99.000 -99.000 -99.000 -99.000 -99.000 -9999.0 -9999.0 -9999.0 -9999.0 -9999.0
96407 20161116  2.515 -159.00   66.56   -11.2   -20.3   -15.8   -17.8     0.0     0.36 C   -15.3   -27.8   -22.2    87.8    76.7    82.8 -99.000 -99.000 -99.000 -99.000 -99.000 -9999.0 -9999.0 -9999.0 -9999.0 -9999.0
96407 20161117  2.515 -159.00   66.56   -16.8   -18.7   -17.7   -18.0     0.0     0.38 C   -18.7   -21.5   -20.0    83.1    80.5    82.0 -99.000 -99.000 -99.000 -99.000 -99.000 -9999.0 -9999.0 -9999.0 -9999.0 -9999.0
96407 20161118  2.515 -159.00   66.56   -15.7   -19.3   -17.5   -18.2     0.0     0.34 C   -18.6   -25.0   -21.9    83.7    80.3    81.7 -99.000 -99.000 -99.000 -99.000 -99.000 -9999.0 -9999.0 -9999.0 -9999.0 -9999.0
96407 20161119  2.515 -159.00   66.56   -15.5   -22.4   -19.0   -20.7     0.0     0.33 C   -20.0   -26.4   -23.8    82.4    79.5    81.0 -99.000 -99.000 -99.000 -99.000 -99.000 -9999.0 -9999.0 -9999.0 -9999.0 -9999.0
96407 20161120  2.515 -159.00   66.56   -18.1   -25.6   -21.9   -20.9     0.0     0.30 C   -20.4   -28.7   -24.2    83.4    77.0    79.9 -99.000 -99.000 -99.000 -99.000 -99.000 -9999.0 -9999.0 -9999.0 -9999.0 -9999.0
96407 20161121  2.515 -159.00   66.56   -23.4   -26.8   -25.1   -25.6     0.0     0.27 C   -22.5   -29.8   -28.5    80.7    76.3    78.2 -99.000 -99.000 -99.000 -99.000 -99.000 -9999.0 -9999.0 -9999.0 -9999.0 -9999.0
96407 20161122  2.515 -159.00   66.56   -12.0   -24.8   -18.4   -15.7     0.3     0.00 C   -11.6   -22.5   -15.3    84.6    74.0    80.3 -99.000 -99.000 -99.000 -99.000 -99.000 -9999.0 -9999.0 -9999.0 -9999.0 -9999.0
96407 20161123  2.515 -159.00   66.56   -11.9   -18.3   -15.1   -13.9     0.0     0.04 C   -11.5   -23.0   -15.7    79.2    62.7    71.8 -99.000 -99.000 -99.000 -99.000 -99.000 -9999.0 -9999.0 -9999.0 -9999.0 -9999.0
96407 20161124  2.515 -159.00   66.56   -17.2   -22.2   -19.7   -19.6     0.0     0.00 C   -17.0   -25.8   -21.8    73.9    66.1    71.0 -99.000 -99.000 -99.000 -99.000 -99.000 -9999.0 -9999.0 -9999.0 -9999.0 -9999.0
96407 20161125  2.515 -159.00   66.56   -19.9   -25.3   -22.6   -20.8 -9999.0     0.26 C     0.0   -28.0   -23.5 -9999.0 -9999.0 -9999.0 -99.000 -99.000 -99.000 -99.000 -99.000 -9999.0 -9999.0 -9999.0 -9999.0 -9999.0
96407 20161126  2.515 -159.00   66.56   -23.1   -30.6   -26.8   -26.0     0.0     0.24 C   -25.2   -34.5   -29.1    76.7    63.1    69.5 -99.000 -99.000 -99.000 -99.000 -99.000 -9999.0 -9999.0 -9999.0 -9999.0 -9999.0
96407 20161127  2.515 -159.00   66.56   -28.1   -31.5   -29.8   -29.9     0.0     0.29 C   -32.5   -35.7   -34.6    77.4    72.6    75.1 -99.000 -99.000 -99.000 -99.000 -99.000 -9999.0 -9999.0 -9999.0 -9999.0 -9999.0
96407 20161128  2.515 -159.00   66.56 -9999.0 -9999.0 -9999.0 -9999.0 -9999.0 -9999.00 U -9999.0 -9999.0 -9999.0 -9999.0 -9999.0 -9999.0 -99.000 -99.000 -99.000 -99.000 -99.000 -9999.0 -9999.0 -9999.0 -9999.0 -9999.0
96407 20161129  2.515 -159.00   66.56 -9999.0 -9999.0 -9999.0 -9999.0 -9999.0 -9999.00 U -9999.0 -9999.0 -9999.0 -9999.0 -9999.0 -9999.0 -99.000 -99.000 -99.000 -99.000 -99.000 -9999.0 -9999.0 -9999.0 -9999.0 -9999.0
96407 20161130  2.515 -159.00   66.56 -9999.0 -9999.0 -9999.0 -9999.0 -9999.0 -9999.00 U -9999.0 -9999.0 -9999.0 -9999.0 -9999.0 -9999.0 -99.000 -99.000 -99.000 -99.000 -99.000 -9999.0 -9999.0 -9999.0 -9999.0 -9999.0
96407 20161201  2.515 -159.00   66.56 -9999.0 -9999.0 -9999.0 -9999.0 -9999.0 -9999.00 U -9999.0 -9999.0 -9999.0 -9999.0 -9999.0 -9999.0 -99.000 -99.000 -99.000 -99.000 -99.000 -9999.0 -9999.0 -9999.0 -9999.0 -9999.0
96407 20161202  2.515 -159.00   66.56 -9999.0 -9999.0 -9999.0 -9999.0 -9999.0 -9999.00 U -9999.0 -9999.0 -9999.0 -9999.0 -9999.0 -9999.0 -99.000 -99.000 -99.000 -99.000 -99.000 -9999.0 -9999.0 -9999.0 -9999.0 -9999.0
96407 20161203  2.515 -159.00   66.56 -9999.0 -9999.0 -9999.0 -9999.0 -9999.0 -9999.00 U -9999.0 -9999.0 -9999.0 -9999.0 -9999.0 -9999.0 -99.000 -99.000 -99.000 -99.000 -99.000 -9999.0 -9999.0 -9999.0 -9999.0 -9999.0
96407 20161204  2.515 -159.00   66.56 -9999.0 -9999.0 -9999.0 -9999.0 -9999.0 -9999.00 U -9999.0 -9999.0 -9999.0 -9999.0 -9999.0 -9999.0 -99.000 -99.000 -99.000 -99.000 -99.000 -9999.0 -9999.0 -9999.0 -9999.0 -9999.0
96407 20161205  2.515 -159.00   66.56 -9999.0 -9999.0 -9999.0 -9999.0 -9999.0 -9999.00 U -9999.0 -9999.0 -9999.0 -9999.0 -9999.0 -9999.0 -99.000 -99.000 -99.000 -99.000 -99.000 -9999.0 -9999.0 -9999.0 -9999.0 -9999.0
96407 20161206  2.515 -159.00   66.56 -9999.0 -9999.0 -9999.0 -9999.0 -9999.0 -9999.00 U -9999.0 -9999.0 -9999.0 -9999.0 -9999.0 -9999.0 -99.000 -99.000 -99.000 -99.000 -99.000 -9999.0 -9999.0 -9999.0 -9999.0 -9999.0
96407 20161207  2.515 -159.00   66.56 -9999.0 -9999.0 -9999.0 -9999.0 -9999.0 -9999.00 U -9999.0 -9999.0 -9999.0 -9999.0 -9999.0 -9999.0 -99.000 -99.000 -99.000 -99.000 -99.000 -9999.0 -9999.0 -9999.0 -9999.0 -9999.0
96407 20161208  2.515 -159.00   66.56 -9999.0 -9999.0 -9999.0 -9999.0 -9999.0 -9999.00 U -9999.0 -9999.0 -9999.0 -9999.0 -9999.0 -9999.0 -99.000 -99.000 -99.000 -99.000 -99.000 -9999.0 -9999.0 -9999.0 -9999.0 -9999.0
96407 20161209  2.515 -159.00   66.56 -9999.0 -9999.0 -9999.0 -9999.0 -9999.0 -9999.00 U -9999.0 -9999.0 -9999.0 -9999.0 -9999.0 -9999.0 -99.000 -99.000 -99.000 -99.000 -99.000 -9999.0 -9999.0 -9999.0 -9999.0 -9999.0
96407 20161210  2.515 -159.00   66.56 -9999.0 -9999.0 -9999.0 -9999.0 -9999.0 -9999.00 U -9999.0 -9999.0 -9999.0 -9999.0 -9999.0 -9999.0 -99.000 -99.000 -99.000 -99.000 -99.000 -9999.0 -9999.0 -9999.0 -9999.0 -9999.0
96407 20161211  2.515 -159.00   66.56 -9999.0 -9999.0 -9999.0 -9999.0 -9999.0 -9999.00 U -9999.0 -9999.0 -9999.0 -9999.0 -9999.0 -9999.0 -99.000 -99.000 -99.000 -99.000 -99.000 -9999.0 -9999.0 -9999.0 -9999.0 -9999.0
96407 20161212 -9.000 -159.00   66.56 -9999.0 -9999.0 -9999.0 -9999.0 -9999.0 -9999.00 U -9999.0 -9999.0 -9999.0 -9999.0 -9999.0 -9999.0 -99.000 -99.000 -99.000 -99.000 -99.000 -9999.0 -9999.0 -9999.0 -9999.0 -9999.0
96407 20161213  2.515 -159.00   66.56 -9999.0 -9999.0 -9999.0 -9999.0 -9999.0 -9999.00 U -9999.0 -9999.0 -9999.0 -9999.0 -9999.0 -9999.0 -99.000 -99.000 -99.000 -99.000 -99.000 -9999.0 -9999.0 -9999.0 -9999.0 -9999.0
96407 20161214  2.515 -159.00   66.56 -9999.0 -9999.0 -9999.0 -9999.0 -9999.0 -9999.00 U -9999.0 -9999.0 -9999.0 -9999.0 -9999.0 -9999.0 -99.000 -99.000 -99.000 -99.000 -99.000 -9999.0 -9999.0 -9999.0 -9999.0 -9999.0
96407 20161215  2.515 -159.00   66.56 -9999.0 -9999.0 -9999.0 -9999.0 -9999.0 -9999.00 U -9999.0 -9999.0 -9999.0 -9999.0 -9999.0 -9999.0 -99.000 -99.000 -99.000 -99.000 -99.000 -9999.0 -9999.0 -9999.0 -9999.0 -9999.0
96407 20161216 -9.000 -159.00   66.56 -9999.0 -9999.0 -9999.0 -9999.0 -9999.0 -9999.00 U -9999.0 -9999.0 -9999.0 -9999.0 -9999.0 -9999.0 -99.000 -99.000 -99.000 -99.000 -99.000 -9999.0 -9999.0 -9999.0 -9999.0 -9999.0
96407 20161217  2.515 -159.00   66.56 -9999.0 -9999.0 -9999.0 -9999.0 -9999.0 -9999.00 U -9999.0 -9999.0 -9999.0 -9999.0 -9999.0 -9999.0 -99.000 -99.000 -99.000 -99.000 -99.000 -9999.0 -9999.0 -9999.0 -9999.0 -9999.0
96407 20161218 -9.000 -159.00   66.56 -9999.0 -9999.0 -9999.0 -9999.0 -9999.0 -9999.00 U -9999.0 -9999.0 -9999.0 -9999.0 -9999.0 -9999.0 -99.000 -99.000 -99.000 -99.000 -99.000 -9999.0 -9999.0 -9999.0 -9999.0 -9999.0
96407 20161219 -9.000 -159.00   66.56 -9999.0 -9999.0 -9999.0 -9999.0 -9999.0 -9999.00 U -9999.0 -9999.0 -9999.0 -9999.0 -9999.0 -9999.0 -99.000 -99.000 -99.000 -99.000 -99.000 -9999.0 -9999.0 -9999.0 -9999.0 -9999.0
96407 20161220 -9.000 -159.00   66.56 -9999.0 -9999.0 -9999.0 -9999.0 -9999.0 -9999.00 U -9999.0 -9999.0 -9999.0 -9999.0 -9999.0 -9999.0 -99.000 -99.000 -99.000 -99.000 -99.000 -9999.0 -9999.0 -9999.0 -9999.0 -9999.0
96407 20161221 -9.000 -159.00   66.56 -9999.0 -9999.0 -9999.0 -9999.0 -9999.0 -9999.00 U -9999.0 -9999.0 -9999.0 -9999.0 -9999.0 -9999.0 -99.000 -99.000 -99.000 -99.000 -99.000 -9999.0 -9999.0 -9999.0 -9999.0 -9999.0
96407 20161222 -9.000 -159.00   66.56 -9999.0 -9999.0 -9999.0 -9999.0 -9999.0 -9999.00 U -9999.0 -9999.0 -9999.0 -9999.0 -9999.0 -9999.0 -99.000 -99.000 -99.000 -99.000 -99.000 -9999.0 -9999.0 -9999.0 -9999.0 -9999.0
96407 20161223 -9.000 -159.00   66.56 -9999.0 -9999.0 -9999.0 -9999.0 -9999.0 -9999.00 U -9999.0 -9999.0 -9999.0 -9999.0 -9999.0 -9999.0 -99.000 -99.000 -99.000 -99.000 -99.000 -9999.0 -9999.0 -9999.0 -9999.0 -9999.0
96407 20161224 -9.000 -159.00   66.56 -9999.0 -9999.0 -9999.0 -9999.0 -9999.0 -9999.00 U -9999.0 -9999.0 -9999.0 -9999.0 -9999.0 -9999.0 -99.000 -99.000 -99.000 -99.000 -99.000 -9999.0 -9999.0 -9999.0 -9999.0 -9999.0
96407 20161225  2.515 -159.00   66.56 -9999.0 -9999.0 -9999.0 -9999.0 -9999.0 -9999.00 U -9999.0 -9999.0 -9999.0 -9999.0 -9999.0 -9999.0 -99.000 -99.000 -99.000 -99.000 -99.000 -9999.0 -9999.0 -9999.0 -9999.0 -9999.0
96407 20161226  2.515 -159.00   66.56   -10.5   -13.3   -11.9   -12.3     1.8     0.00 C   -11.3   -13.5   -12.7    83.2    64.3    75.1 -99.000 -99.000 -99.000 -99.000 -99.000 -9999.0 -9999.0 -9999.0 -9999.0 -9999.0
96407 20161227  2.515 -159.00   66.56   -12.1   -14.5   -13.3   -13.1     2.1     0.00 C   -12.4   -16.4   -13.6    84.9    80.8    83.1 -99.000 -99.000 -99.000 -99.000 -99.000 -9999.0 -9999.0 -9999.0 -9999.0 -9999.0
96407 20161228  2.515 -159.00   66.56 -9999.0 -9999.0 -9999.0 -9999.0 -9999.0 -9999.00 U -9999.0 -9999.0 -9999.0 -9999.0 -9999.0 -9999.0 -99.000 -99.000 -99.000 -99.000 -99.000 -9999.0 -9999.0 -9999.0 -9999.0 -9999.0
96407 20161229  2.515 -159.00   66.56 -9999.0 -9999.0 -9999.0 -9999.0 -9999.0 -9999.00 U -9999.0 -9999.0 -9999.0 -9999.0 -9999.0 -9999.0 -99.000 -99.000 -99.000 -99.000 -99.000 -9999.0 -9999.0 -9999.0 -9999.0 -9999.0
96407 20161230  2.515 -159.00   66.56     1.8    -5.6    -1.9    -2.2     0.5     0.00 C    -0.1    -8.8    -4.5    89.9    70.8    79.2 -99.000 -99.000 -99.000 -99.000 -99.000 -9999.0 -9999.0 -9999.0 -9999.0 -9999.0
96407 20161231  2.515 -159.00   66.56     1.8    -3.6    -0.9    -0.7     1.3     0.00 C    -0.1    -5.7    -2.4    96.5    66.5    81.3 -99.000 -99.000 -99.000 -99.000 -99.000 -9999.0 -9999.0 -9999.0 -9999.0 -9999.0
