23908 20160101  2.422  -94.58   37.43     5.3    -6.8    -0.7    -1.4     0.0    10.22 C     6.1    -9.2    -3.0    95.1    40.7    76.1   0.482   0.424   0.410   0.550   0.482     2.4     3.0     3.9     6.2     9.5
23908 20160102  2.422  -94.58   37.43     8.6    -5.6     1.5     0.3     0.0    10.31 C    10.2    -7.3    -1.3    90.7    46.8    75.1   0.482   0.425   0.410   0.550   0.481     2.2     2.7     3.5     5.8     9.3
23908 20160103  2.422  -94.58   37.43     6.4    -5.1     0.7     0.0     0.0    10.29 C     8.0    -8.2    -1.4    91.7    49.6    72.6   0.482   0.425   0.410   0.550   0.481     2.0     2.5     3.2     5.5     9.1
23908 20160104  2.422  -94.58   37.43     0.1    -7.3    -3.6    -4.0     0.0     5.40 C     4.9    -9.1    -4.3    93.4    65.8    84.1   0.482   0.425   0.410   0.549   0.481     1.8     2.2     3.0     5.3     9.0
23908 20160105  2.422  -94.58   37.43     5.1    -7.1    -1.0    -1.7     0.0     9.03 C     7.4    -9.9    -3.5    92.9    42.4    72.5   0.483   0.425   0.409   0.549   0.482     1.2     1.7     2.6     5.0     8.8
23908 20160106  2.422  -94.58   37.43     6.6    -1.9     2.3     2.4     0.0     1.63 C     6.0    -4.6     1.9    88.3    55.3    72.8   0.484   0.425   0.409   0.548   0.481     1.4     1.7     2.4     4.7     8.6
23908 20160107  2.422  -94.58   37.43     9.8     5.8     7.8     7.8     6.3     1.22 C     9.9     5.2     7.3    95.9    71.2    91.4   0.483   0.426   0.410   0.547   0.481     3.3     3.0     3.2     4.6     8.4
23908 20160108  2.422  -94.58   37.43     9.1     2.3     5.7     5.6     0.5     1.63 C     8.6     1.9     5.3    94.5    87.4    90.6   0.483   0.426   0.409   0.547   0.480     4.8     4.5     4.5     5.1     8.3
23908 20160109  2.422  -94.58   37.43 -9999.0 -9999.0 -9999.0 -9999.0 -9999.0 -9999.00 U -9999.0 -9999.0 -9999.0 -9999.0 -9999.0 -9999.0 -99.000 -99.000 -99.000 -99.000 -99.000 -9999.0 -9999.0 -9999.0 -9999.0 -9999.0
23908 20160110  2.422  -94.58   37.43 -9999.0 -9999.0 -9999.0 -9999.0 -9999.0 -9999.00 U -9999.0 -9999.0 -9999.0 -9999.0 -9999.0 -9999.0 -99.000 -99.000 -99.000 -99.000 -99.000 -9999.0 -9999.0 -9999.0 -9999.0 -9999.0
23908 20160111  2.422  -94.58   37.43     6.4    -7.4    -0.5    -1.0     0.0     8.62 C     9.0    -8.9    -2.1    88.9    55.4    68.5   0.487   0.427   0.410   0.548   0.480     1.1     1.6     2.5     4.8     8.1
23908 20160112  2.422  -94.58   37.43     5.2    -6.8    -0.8    -0.8     0.0    10.68 C     8.0    -9.4    -2.2    90.9    33.6    69.1   0.487   0.427   0.410   0.547   0.480     1.1     1.5     2.2     4.4     8.0
23908 20160113  2.422  -94.58   37.43    11.7    -7.3     2.2     1.8     0.0    10.51 C    14.2    -9.7     0.0    88.3    46.5    70.9   0.487   0.427   0.411   0.545   0.480     1.0     1.4     2.1     4.2     7.8
23908 20160114  2.422  -94.58   37.43    16.9     0.3     8.6     8.3     2.5    10.79 C    18.4    -3.9     6.8    95.4    41.8    71.6   0.487   0.428   0.409   0.545   0.481     2.0     2.0     2.3     4.0     7.7
23908 20160115  2.422  -94.58   37.43    10.6    -3.5     3.5     2.8     0.4     7.79 C     9.8    -5.4     1.7    96.8    55.6    77.7   0.486   0.429   0.410   0.546   0.480     3.4     3.3     3.5     4.3     7.6
23908 20160116  2.422  -94.58   37.43     2.4    -6.4    -2.0    -3.0     0.0     9.31 C     5.4    -9.9    -4.0    89.4    32.7    65.8   0.488   0.428   0.410   0.547   0.479     2.2     2.6     3.1     4.5     7.5
23908 20160117  2.422  -94.58   37.43    -4.6   -11.1    -7.8    -7.8     0.0     5.19 C    -2.6   -10.8    -7.9    91.3    48.5    67.5   0.482   0.428   0.411   0.546   0.479     1.2     1.7     2.4     4.3     7.4
23908 20160118  2.422  -94.58   37.43    -2.8   -14.1    -8.5    -8.4     0.0    11.33 C     2.0   -15.7    -7.8    79.6    39.6    58.8   0.458   0.421   0.407   0.545   0.479     0.7     1.2     1.9     4.0     7.4
23908 20160119  2.422  -94.58   37.43    -1.1    -4.0    -2.6    -2.6     0.0     0.85 C    -0.8    -3.9    -2.5    95.3    56.9    75.1   0.446   0.414   0.405   0.545   0.480     0.6     1.0     1.6     3.8     7.3
23908 20160120  2.422  -94.58   37.43    -1.7    -4.7    -3.2    -3.1     0.0     2.05 C    -0.9    -4.5    -2.8    95.3    89.5    92.6   0.446   0.414   0.405   0.545   0.480     0.6     0.9     1.6     3.5     7.2
23908 20160121  2.422  -94.58   37.43    -0.7    -4.7    -2.7    -2.1     0.4     1.43 C     0.1    -4.9    -2.0    95.5    83.7    92.6   0.447   0.416   0.406   0.545   0.479     0.6     0.9     1.5     3.4     7.0
23908 20160122  2.422  -94.58   37.43 -9999.0 -9999.0 -9999.0 -9999.0 -9999.0     8.93 C     2.4    -7.7    -3.6    84.0    64.8    77.5   0.442   0.411   0.405   0.545   0.479     0.6     0.8     1.5     3.3     6.9
23908 20160123  2.422  -94.58   37.43     1.9    -4.4    -1.3    -2.4     0.0     5.61 C     6.6    -7.4    -2.7    88.9    62.7    79.4   0.438   0.410   0.405   0.544   0.478     0.6     0.8     1.4     3.2     6.8
23908 20160124  2.422  -94.58   37.43    11.7    -4.0     3.9     4.7     0.0     7.90 C    13.7    -7.0     3.3    89.8    40.7    62.3   0.442   0.413   0.407   0.543   0.477     0.7     0.8     1.4     3.1     6.7
23908 20160125  2.422  -94.58   37.43    13.4     1.0     7.2     5.4     0.0     3.62 C    15.8     0.7     5.0    84.3    59.4    74.3   0.456   0.419   0.412   0.543   0.476     1.4     1.5     1.8     3.1     6.6
23908 20160126  2.422  -94.58   37.43 -9999.0 -9999.0 -9999.0 -9999.0 -9999.0 -9999.00 U -9999.0 -9999.0 -9999.0 -9999.0 -9999.0 -9999.0 -99.000 -99.000 -99.000 -99.000 -99.000 -9999.0 -9999.0 -9999.0 -9999.0 -9999.0
23908 20160127  2.422  -94.58   37.43    10.6    -7.6     1.5     1.3     0.0    12.32 C    13.7   -11.1    -0.1    95.7    36.1    68.7   0.447   0.417   0.410   0.545   0.476     1.2     1.5     2.0     3.5     6.4
23908 20160128  2.422  -94.58   37.43    16.4    -2.9     6.7     6.0     0.0    12.26 C    19.3    -6.2     4.2    85.2    29.5    55.7   0.449   0.419   0.411   0.543   0.476     2.0     1.9     2.2     3.4     6.4
23908 20160129  2.422  -94.58   37.43    21.7    -4.1     8.8     8.8     0.0    12.42 C    24.2    -6.8     6.8    92.7    22.4    56.0   0.446   0.419   0.410   0.542   0.476     2.7     2.5     2.7     3.6     6.3
23908 20160130  2.422  -94.58   37.43    18.6    -0.2     9.2     9.9     0.0    11.03 C    23.2    -3.9     7.5    89.7    33.3    59.2   0.445   0.419   0.409   0.542   0.476     3.7     3.4     3.5     3.9     6.3
23908 20160131  2.422  -94.58   37.43    15.6     5.1    10.4    10.9     0.0     9.40 C    18.1     2.7    10.4    78.8    51.5    62.7   0.444   0.419   0.410   0.544   0.476     5.3     4.7     4.6     4.4     6.3
23908 20160201  2.422  -94.58   37.43    15.1     0.0     7.5     8.0     0.0    10.02 C    18.4    -4.1     7.7    92.0    29.8    60.2   0.440   0.414   0.409   0.545   0.476     5.0     4.7     4.9     4.9     6.4
23908 20160202  2.422  -94.58   37.43    14.7     2.2     8.4     9.3     3.9    12.82 C    15.8     1.5     9.0    94.3    34.1    63.7   0.450   0.420   0.413   0.548   0.476     6.0     5.5     5.5     5.3     6.5
23908 20160203  2.422  -94.58   37.43     3.2    -5.6    -1.2     0.3     0.0     5.95 C     7.0   -10.6     0.1    75.5    51.5    63.7   0.447   0.419   0.411   0.548   0.478     4.6     4.8     5.2     5.6     6.7
23908 20160204  2.422  -94.58   37.43     7.6    -8.7    -0.5    -1.1     0.0    13.54 C    11.5   -12.4    -3.8    91.8    29.5    64.2   0.432   0.409   0.408   0.548   0.478     2.9     3.4     4.1     5.4     6.8
23908 20160205  2.422  -94.58   37.43    11.9    -6.3     2.8     2.3     0.0    11.42 C    16.4    -9.9     1.0    89.2    29.4    59.7   0.427   0.406   0.396   0.547   0.479     2.6     2.9     3.4     4.9     6.9
23908 20160206  2.422  -94.58   37.43    11.4    -1.9     4.7     3.7     0.0    13.12 C    16.5    -7.0     2.2    79.7    41.5    60.5   0.425   0.405   0.393   0.546   0.479     3.1     3.2     3.5     4.6     6.9
23908 20160207  2.422  -94.58   37.43    13.6    -1.1     6.2     5.2     0.0     9.94 C    17.4    -5.7     4.4    83.6    20.6    54.5   0.424   0.404   0.391   0.546   0.479     3.4     3.4     3.7     4.6     6.8
23908 20160208  2.422  -94.58   37.43     4.2    -2.7     0.7     1.4     0.0     6.82 C     6.7    -5.5     0.8    61.3    35.1    48.2   0.418   0.400   0.389   0.545   0.479     3.3     3.5     3.9     4.7     6.7
23908 20160209  2.422  -94.58   37.43     3.3    -6.9    -1.8    -1.2     0.0    14.18 C     6.6   -10.1    -1.8    70.2    23.5    45.4   0.413   0.397   0.383   0.545   0.478     2.5     2.9     3.3     4.6     6.7
23908 20160210  2.422  -94.58   37.43    10.7    -8.1     1.3     0.2     0.0    14.07 C    13.3   -11.7    -1.0    82.3    31.4    57.0   0.408   0.394   0.378   0.543   0.479     2.0     2.4     2.9     4.3     6.7
23908 20160211  2.422  -94.58   37.43     7.4    -5.2     1.1     0.8     0.0    12.37 C    13.3    -6.9     0.9    90.0    40.7    66.1   0.407   0.394   0.377   0.543   0.478     2.3     2.5     2.8     4.1     6.7
23908 20160212  2.422  -94.58   37.43     7.6    -4.3     1.7     0.8     0.0    14.07 C    12.2    -8.9     0.3    89.5    43.0    64.1   0.405   0.392   0.374   0.543   0.478     2.3     2.6     2.9     4.1     6.6
23908 20160213  2.422  -94.58   37.43     4.3    -6.3    -1.0    -1.2     0.0    12.53 C    10.8    -7.1     0.1    56.5    22.0    37.8   0.402   0.390   0.373   0.544   0.477     2.1     2.3     2.8     4.0     6.5
23908 20160214  2.422  -94.58   37.43    13.6    -1.6     6.0     4.5     0.0    12.88 C    20.2    -3.2     4.9    85.3    36.7    55.5   0.402   0.391   0.372   0.542   0.477     2.7     2.6     2.9     4.0     6.4
23908 20160215  2.422  -94.58   37.43    16.0    -1.7     7.1     6.5     0.0    13.72 C    22.2    -5.0     5.9   100.0    28.3    68.5   0.402   0.391   0.372   0.542   0.476     3.6     3.3     3.6     4.1     6.4
23908 20160216  2.422  -94.58   37.43    10.6    -2.4     4.1     6.1     0.3     7.05 C    14.2    -6.9     5.0    98.0    51.7    68.7   0.401   0.391   0.372   0.544   0.477     4.2     4.0     4.2     4.5     6.4
23908 20160217  2.422  -94.58   37.43    17.7    -5.1     6.3     6.6     0.0    15.02 C    22.7    -7.4     5.5    99.1    28.4    63.9   0.399   0.389   0.369   0.544   0.477     3.8     3.7     4.0     4.7     6.4
23908 20160218  2.422  -94.58   37.43    24.1     6.5    15.3    15.5     0.0    13.83 C    25.7     3.6    14.5    66.6    24.9    43.7   0.399   0.390   0.369   0.544   0.477     5.6     4.9     4.8     4.8     6.4
23908 20160219  2.422  -94.58   37.43    23.1     7.2    15.1    16.7     0.0    13.67 C    30.7     2.9    15.7    79.3    10.7    45.1   0.399   0.390   0.369   0.543   0.478     8.0     7.0     6.7     5.5     6.5
23908 20160220  2.422  -94.58   37.43    25.2     5.4    15.3    16.1     0.0    11.51 C    34.6     2.2    15.0    99.1    47.6    74.3   0.398   0.390   0.366   0.546   0.478     8.0     7.2     7.2     6.3     6.6
23908 20160221  2.422  -94.58   37.43    17.2     0.7     8.9    10.9     0.0    14.63 C    22.5    -3.2    11.3    89.7    32.3    62.0   0.396   0.389   0.366   0.548   0.479     8.5     8.0     8.0     6.9     6.8
23908 20160222  2.422  -94.58   37.43    12.6    -2.8     4.9     4.6     0.0    15.11 C    19.6    -5.2     5.0    94.6    39.0    71.0   0.393   0.387   0.364   0.548   0.480     6.8     6.8     7.2     7.2     7.0
23908 20160223  2.422  -94.58   37.43     6.6     1.4     4.0     3.9     4.3     2.73 C     8.5     0.6     4.2    93.5    65.4    80.6   0.393   0.388   0.367   0.548   0.478     6.2     6.3     6.7     7.0     7.2
23908 20160224  2.422  -94.58   37.43     9.1    -0.7     4.2     4.2     0.0    15.38 C    13.9    -6.1     3.7    79.0    35.3    59.4   0.395   0.391   0.370   0.548   0.478     5.8     5.9     6.2     6.7     7.3
23908 20160225  2.422  -94.58   37.43     6.7    -3.9     1.4     2.8     0.0     5.73 C    11.9    -8.9     2.5    84.7    41.9    63.9   0.391   0.388   0.367   0.549   0.478     5.2     5.4     5.8     6.5     7.4
23908 20160226  2.422  -94.58   37.43    11.4    -7.7     1.9     2.2     0.0    15.87 C    18.8   -10.5     1.7    93.4    32.4    63.0   0.388   0.386   0.365   0.548   0.478     4.3     4.6     5.1     6.2     7.4
23908 20160227  2.422  -94.58   37.43    21.7    -1.9     9.9    10.3     0.0    17.42 C    26.2    -5.5     9.8    87.6    18.5    51.1   0.387   0.386   0.363   0.546   0.478     5.1     5.0     5.1     5.9     7.4
23908 20160228  2.422  -94.58   37.43    22.8     2.1    12.4    14.6     0.0    15.68 C    27.0    -3.2    14.2    75.8    25.0    50.3   0.387   0.386   0.364   0.547   0.477     7.4     6.7     6.5     6.1     7.4
23908 20160229  2.422  -94.58   37.43    21.2    -1.1    10.1    10.7     0.0    17.65 C    27.5    -5.4    10.0    91.8    17.8    51.7   0.385   0.386   0.361   0.548   0.478     6.9     6.6     6.8     6.6     7.4
23908 20160301  2.422  -94.58   37.43    15.1    -4.2     5.4     5.9     0.2    16.40 C    14.8    -7.7     6.0    88.3    38.5    59.6   0.383   0.384   0.360   0.549   0.478     7.2     7.0     7.1     6.9     7.4
23908 20160302  2.422  -94.58   37.43    18.2    -4.5     6.9     7.2     0.0    13.38 C    23.7    -7.6     6.7    90.5    18.9    53.1   0.383   0.383   0.359   0.548   0.478     5.8     5.9     6.3     6.9     7.5
23908 20160303  2.422  -94.58   37.43    15.1     2.1     8.6     8.9     0.0    14.89 C    20.3    -3.0     7.9    81.6    34.9    56.6   0.382   0.383   0.358   0.546   0.479     6.6     6.4     6.6     6.7     7.6
23908 20160304  2.422  -94.58   37.43    19.8    -2.3     8.7     8.4     0.0    16.50 C    27.8    -5.2     7.9    97.2    22.6    60.4   0.381   0.381   0.357   0.545   0.479     6.3     6.2     6.4     6.8     7.6
23908 20160305  2.422  -94.58   37.43    20.7     1.8    11.3    11.5     0.0    18.39 C    29.4    -2.5    10.4    82.2    18.0    45.3   0.381   0.380   0.355   0.543   0.479     6.8     6.6     6.7     6.9     7.6
23908 20160306  2.422  -94.58   37.43    23.7     7.2    15.5    16.0     0.0    12.42 C    29.7     1.5    15.8    52.7    27.5    39.9   0.380   0.381   0.355   0.543   0.480     7.6     7.1     7.1     7.1     7.6
23908 20160307  2.422  -94.58   37.43    22.4    16.7    19.5    18.5     0.0     7.71 C    27.7    16.1    19.2    73.8    48.2    62.4   0.381   0.380   0.355   0.543   0.480     9.9     8.9     8.6     7.5     7.7
23908 20160308  2.422  -94.58   37.43    20.1     9.9    15.0    14.9    12.2     4.97 C    21.3     7.4    14.4    97.8    65.4    86.9   0.395   0.391   0.369   0.551   0.481    10.7     9.9     9.7     8.2     7.8
23908 20160309  2.422  -94.58   37.43    16.7    11.0    13.9    13.5     0.0     5.20 C    23.3     9.0    14.7    99.1    80.8    92.7   0.407   0.399   0.386   0.557   0.483    10.7    10.1    10.0     8.8     8.0
23908 20160310  2.422  -94.58   37.43    17.2     6.7    11.9    12.3     0.0    11.68 C    22.0     2.9    12.8    94.8    42.4    74.0   0.400   0.395   0.377   0.559   0.482    10.7    10.2    10.2     9.2     8.2
23908 20160311  2.422  -94.58   37.43    17.2     3.7    10.4    10.3     1.0    10.19 C    22.6     1.5    10.9    93.1    44.9    76.1   0.394   0.391   0.372   0.563   0.482     9.6     9.5     9.7     9.2     8.4
23908 20160312  2.422  -94.58   37.43    16.7     9.9    13.3    13.1     6.9     4.71 C    22.0    10.2    14.4    98.3    83.1    93.5   0.421   0.406   0.393   0.563   0.481    10.3     9.9     9.8     9.2     8.6
23908 20160313  2.422  -94.58   37.43    19.1    10.5    14.8    14.3     0.0     7.93 C    28.3     8.0    15.3   100.0    70.1    91.6   0.426   0.408   0.395   0.564   0.482    11.1    10.5    10.4     9.4     8.7
23908 20160314  2.422  -94.58   37.43    25.2     6.7    15.9    15.8     0.0    18.43 C    34.0     4.6    16.5    98.6    38.3    72.7   0.420   0.407   0.395   0.564   0.482    11.1    10.6    10.6     9.7     8.9
23908 20160315  2.422  -94.58   37.43    22.7    10.3    16.5    15.9     0.0    15.31 C    30.6     5.6    15.3    80.5    28.5    55.5   0.413   0.402   0.389   0.563   0.483    11.4    10.9    11.0    10.0     9.0
23908 20160316  2.422  -94.58   37.43    18.1     1.9    10.0     9.6     0.0    13.08 C    26.8    -1.9     8.9    82.9    21.0    50.3   0.402   0.395   0.378   0.564   0.483    10.2    10.1    10.4    10.1     9.1
23908 20160317  2.422  -94.58   37.43    18.2     3.7    11.0    10.4     0.0    15.01 C    30.9    -1.9    11.2    70.4    13.4    43.7   0.397   0.392   0.373   0.564   0.484     9.5     9.5     9.8     9.8     9.2
23908 20160318  2.422  -94.58   37.43    11.4     0.4     5.9     5.8     0.3     6.07 C    20.2    -1.7     6.9    95.3    43.5    68.5   0.393   0.389   0.369   0.564   0.484     8.8     9.0     9.4     9.6     9.4
23908 20160319  2.422  -94.58   37.43     9.2    -2.7     3.3     3.4     0.0    15.37 C    16.9    -6.2     4.0    95.8    27.9    55.4   0.390   0.386   0.366   0.563   0.484     7.6     8.0     8.4     9.2     9.4
23908 20160320  2.422  -94.58   37.43    10.0    -1.7     4.1     3.0     0.0    10.60 C    21.9    -6.3     3.3    84.8    33.8    63.5   0.388   0.385   0.363   0.560   0.484     6.9     7.4     7.7     8.8     9.4
23908 20160321  2.422  -94.58   37.43    17.5    -3.6     6.9     7.7     0.0    21.18 C    23.3    -7.6     7.8    89.6    25.0    53.0   0.386   0.384   0.360   0.559   0.484     6.5     6.8     7.2     8.3     9.3
23908 20160322  2.422  -94.58   37.43    23.3     9.7    16.5    16.3     0.0    18.05 C    27.8     8.5    16.9    57.0    30.0    42.8   0.386   0.384   0.360   0.558   0.485     8.4     8.0     7.9     8.2     9.2
23908 20160323  2.422  -94.58   37.43    25.8    11.9    18.8    19.4     0.0    17.35 C    31.3    11.6    20.2    72.9    40.9    57.5   0.386   0.384   0.359   0.558   0.483    11.0    10.0     9.6     8.6     9.1
23908 20160324  2.422  -94.58   37.43    11.9    -0.9     5.5     5.0     0.0     9.07 C    14.1    -4.9     5.7    93.8    48.1    67.3   0.384   0.382   0.357   0.556   0.483     9.7     9.8    10.0     9.3     9.1
23908 20160325  2.422  -94.58   37.43    16.9    -5.1     5.9     6.4     0.0    21.30 C    28.5    -7.4     8.4    98.5    25.3    64.5   0.382   0.380   0.354   0.556   0.483     8.0     8.2     8.6     9.1     9.2
23908 20160326  2.422  -94.58   37.43    20.8     3.9    12.4    12.2     0.0    17.96 C    29.9    -1.0    13.6    83.8    36.9    63.1   0.381   0.380   0.354   0.554   0.483     9.0     8.7     8.8     8.9     9.3
23908 20160327  2.422  -94.58   37.43    10.4     1.1     5.7     5.4     2.4     8.74 C    16.1    -4.2     5.8    94.1    55.1    81.4   0.381   0.380   0.353   0.555   0.483     8.9     8.9     9.1     9.1     9.3
23908 20160328  2.422  -94.58   37.43    19.4    -2.5     8.4     8.7     0.0    22.61 C    30.4    -5.9     9.4    99.4    20.2    59.5   0.380   0.379   0.353   0.556   0.483     7.9     8.0     8.3     8.9     9.3
23908 20160329  2.422  -94.58   37.43    21.8     4.3    13.0    13.7     0.0    19.34 C    30.3    -1.5    14.1    70.5    23.0    39.8   0.379   0.378   0.351   0.551   0.484     8.5     8.4     8.5     8.8     9.3
23908 20160330  2.422  -94.58   37.43    22.6    13.7    18.1    17.2    27.3     4.51 C    26.6    12.1    17.5    95.4    38.6    72.1   0.401   0.390   0.368   0.555   0.483    10.5     9.9     9.6     9.0     9.3
23908 20160331  2.422  -94.58   37.43    16.8     7.3    12.0    12.8     0.0    12.97 C    21.2     4.9    13.2    98.7    43.3    70.9   0.463   0.416   0.397   0.565   0.484    11.3    10.9    10.7     9.6     9.3
23908 20160401  2.422  -94.58   37.43    15.0     2.6     8.8     8.2     0.0    21.68 C    23.2    -1.1     9.0    73.7    25.6    50.9   0.468   0.420   0.401   0.567   0.484     9.8     9.7    10.0     9.8     9.4
23908 20160402  2.422  -94.58   37.43    20.5    -2.0     9.2     9.4     0.0    23.01 C    26.8    -3.9     8.9    92.9    21.0    55.1   0.469   0.420   0.403   0.568   0.484     8.9     8.9     9.3     9.6     9.5
23908 20160403  2.422  -94.58   37.43    24.5     4.6    14.5    15.0     0.0    23.15 C    29.6     0.2    14.6    84.4    23.3    47.8   0.465   0.420   0.404   0.567   0.484     9.3     9.1     9.2     9.4     9.6
23908 20160404  2.422  -94.58   37.43    24.0     8.1    16.0    15.9     0.0    23.17 C    34.2     3.1    16.9    73.1    24.1    48.0   0.447   0.417   0.403   0.567   0.484    10.7    10.2    10.1     9.5     9.6
23908 20160405  2.422  -94.58   37.43    28.2     5.9    17.0    17.4     0.0    22.07 C    35.4     2.5    18.4    81.5    25.4    49.0   0.431   0.409   0.393   0.569   0.484    11.0    10.5    10.5     9.8     9.6
23908 20160406  2.422  -94.58   37.43    20.4     7.0    13.7    14.8     0.7    16.47 C    27.4     2.9    14.9    83.0    26.3    51.3   0.419   0.404   0.386   0.569   0.484    11.9    11.3    11.3    10.2     9.7
23908 20160407  2.422  -94.58   37.43    22.3     8.3    15.3    15.2     0.0    22.56 C    29.2     3.8    16.0    64.6    15.3    33.2   0.407   0.397   0.379   0.569   0.485    11.2    10.9    11.0    10.5     9.8
23908 20160408  2.422  -94.58   37.43    19.9     2.3    11.1    11.4     0.0    23.77 C    29.6    -0.5    12.2    73.3    19.2    42.4   0.398   0.391   0.371   0.570   0.486    10.6    10.5    10.7    10.5     9.9
23908 20160409  2.422  -94.58   37.43    23.6     0.4    12.0    12.4     0.0    22.18 C    32.2    -1.6    14.9    74.1    27.8    43.8   0.393   0.389   0.365   0.567   0.486    10.4    10.3    10.4    10.3    10.0
23908 20160410  2.422  -94.58   37.43    26.6    14.1    20.4    19.1     6.5    15.12 C    33.1    13.8    20.7    92.1    50.8    65.9   0.393   0.389   0.363   0.565   0.486    12.4    11.5    11.3    10.4    10.0
23908 20160411  2.422  -94.58   37.43    15.3     4.9    10.1    11.7    25.1    18.70 C    22.4     1.8    13.2    96.7    39.9    71.9   0.455   0.416   0.400   0.570   0.486    12.9    12.5    12.4    11.0    10.1
23908 20160412  2.422  -94.58   37.43    16.2     1.3     8.8     9.0     0.0    24.98 C    28.1    -0.7    11.0    84.4    31.1    60.0   0.466   0.423   0.405   0.571   0.485    11.1    11.0    11.4    11.2    10.2
23908 20160413  2.422  -94.58   37.43    18.6     5.6    12.1    11.4     0.0    17.13 C    31.3     2.0    12.2    86.6    35.3    63.7   0.466   0.424   0.407   0.571   0.486    10.9    10.8    11.0    11.0    10.3
23908 20160414  2.422  -94.58   37.43    21.8     4.6    13.2    13.6     0.0    23.80 C    33.2     2.1    15.5    92.2    40.6    64.7   0.466   0.424   0.408   0.572   0.486    11.2    10.9    11.0    10.9    10.4
23908 20160415  2.422  -94.58   37.43    22.7     7.6    15.1    15.9     0.0    16.95 C    34.0     4.5    17.3    88.5    55.0    72.3   0.461   0.424   0.409   0.572   0.487    12.0    11.5    11.5    11.0    10.4
23908 20160416  2.422  -94.58   37.43    23.2    12.1    17.7    17.2     0.0    15.12 C    31.9    10.4    19.1    93.7    58.6    77.7   0.446   0.420   0.408   0.572   0.487    13.1    12.4    12.3    11.2    10.5
23908 20160417  2.422  -94.58   37.43    25.1    14.4    19.7    18.3     1.1    13.33 C    33.6    13.2    20.0    97.7    51.6    78.5   0.434   0.412   0.401   0.572   0.487    13.9    13.2    13.0    11.7    10.6
23908 20160418  2.422  -94.58   37.43    19.3    14.3    16.8    16.7    13.8     4.46 C    21.5    13.6    17.7    97.6    80.2    91.8   0.455   0.420   0.405   0.573   0.487    14.2    13.6    13.4    12.1    10.7
23908 20160419  2.422  -94.58   37.43    19.0    14.4    16.7    16.3    17.6     6.56 C    23.4    15.3    18.0    96.5    83.2    93.0   0.467   0.425   0.409   0.574   0.488    14.5    14.0    13.8    12.4    10.9
23908 20160420  2.422  -94.58   37.43    21.8    10.2    16.0    16.2     0.0    18.43 C    31.3     7.2    17.5    96.6    49.9    78.8   0.468   0.425   0.410   0.575   0.489    15.1    14.6    14.3    12.8    11.0
23908 20160421  2.422  -94.58   37.43    22.2    10.0    16.1    15.9     0.0    22.08 C    31.6     7.4    17.3    96.2    42.6    68.8   0.469   0.425   0.412   0.577   0.488    14.4    14.1    14.0    13.0    11.2
23908 20160422  2.422  -94.58   37.43 -9999.0 -9999.0 -9999.0 -9999.0 -9999.0 -9999.00 U -9999.0 -9999.0 -9999.0 -9999.0 -9999.0 -9999.0 -99.000 -99.000 -99.000 -99.000 -99.000 -9999.0 -9999.0 -9999.0 -9999.0 -9999.0
23908 20160423  2.422  -94.58   37.43    27.2     8.9    18.1    18.5     0.0    26.43 C    40.0     6.1    20.6    95.4    27.7    62.5   0.469   0.411   0.411   0.574   0.489    14.9    15.0    14.3    13.2    11.5
23908 20160424  2.422  -94.58   37.43    27.1    12.9    20.0    20.0     0.0    22.22 C    36.6    10.7    20.9    83.4    39.1    58.2   0.457   0.410   0.409   0.574   0.489    15.4    15.4    14.7    13.4    11.6
23908 20160425  2.422  -94.58   37.43    25.5    16.4    20.9    20.4     0.7    14.02 C    32.3    14.7    21.8    86.1    58.9    72.4   0.443   0.407   0.403   0.572   0.490    16.0    15.8    15.1    13.6    11.8
23908 20160426  2.422  -94.58   37.43    27.8    13.1    20.5    21.9    10.2    12.42 C    37.3    14.7    23.5    94.3    60.3    78.3   0.435   0.406   0.396   0.573   0.490    17.1    16.8    15.9    14.0    11.9
23908 20160427  2.422  -94.58   37.43    23.7    11.4    17.5    16.7    12.9    20.49 C    32.3     7.9    17.9    95.8    47.7    74.4   0.469   0.410   0.410   0.576   0.493    16.8    16.7    16.2    14.5    12.1
23908 20160428  2.422  -94.58   37.43    20.3     8.6    14.4    14.3     0.0    24.79 C    34.8     7.0    18.2    89.6    44.2    65.7   0.471   0.411   0.411   0.577   0.494    15.7    15.7    15.5    14.5    12.2
23908 20160429  2.422  -94.58   37.43    19.6    10.1    14.9    14.1    37.9    12.46 C    29.6    10.7    16.8    96.1    69.0    83.8   0.471   0.410   0.410   0.577   0.493    15.2    15.3    15.1    14.4    12.4
23908 20160430  2.422  -94.58   37.43    21.0    11.0    16.0    16.9     0.0    21.13 C    29.3     8.8    18.6    95.9    55.2    78.6   0.473   0.410   0.410   0.576   0.492    16.2    15.9    15.4    14.2    12.6
23908 20160501  2.422  -94.58   37.43    18.1     6.8    12.4    13.0     0.0    22.07 C    32.0     5.1    16.1    95.5    47.0    71.2   0.475   0.410   0.410   0.577   0.492    15.3    15.4    15.2    14.4    12.6
23908 20160502  2.422  -94.58   37.43    14.3     6.8    10.6    10.8     0.0     7.22 C    27.1     4.1    13.4    96.9    61.3    79.1   0.475   0.410   0.410   0.578   0.492    14.4    14.5    14.6    14.2    12.7
23908 20160503  2.422  -94.58   37.43    20.3     4.1    12.2    12.9     0.0    23.78 C    39.0     2.7    16.2   100.0    36.8    70.9   0.475   0.410   0.410   0.575   0.492    13.8    14.2    13.9    13.9    12.8
23908 20160504  2.422  -94.58   37.43    22.7     9.9    16.3    16.2     0.0    28.22 C    35.8     5.5    18.1    86.3    25.6    51.8   0.459   0.409   0.410   0.573   0.492    14.5    14.8    14.2    13.7    12.8
23908 20160505  2.422  -94.58   37.43    23.3     5.6    14.5    15.3     0.0    27.29 C    39.3     3.5    17.9    93.8    29.0    60.4   0.430   0.405   0.394   0.573   0.492    14.4    14.9    14.2    13.7    12.8
23908 20160506  2.422  -94.58   37.43    25.8     6.3    16.0    16.8     0.0    27.21 C    42.8     4.8    19.8    98.0    33.0    64.8   0.411   0.398   0.379   0.571   0.492    14.8    15.4    14.5    13.7    12.8
23908 20160507  2.422  -94.58   37.43    28.9    10.5    19.7    19.7     0.0    27.10 C    40.0     8.4    21.7    91.8    30.0    64.2   0.399   0.393   0.367   0.569   0.492    15.8    16.2    15.1    13.9    12.8
23908 20160508  2.422  -94.58   37.43    24.4    11.7    18.1    19.1     0.5    12.75 C    35.1     9.9    19.8    91.7    56.0    73.3   0.394   0.391   0.362   0.567   0.492    16.0    16.3    15.5    14.3    12.8
23908 20160509  2.422  -94.58   37.43    25.0    13.6    19.3    19.2    11.9    14.33 C    33.4    14.8    20.5    92.8    51.7    77.0   0.397   0.393   0.363   0.567   0.492    16.6    16.7    15.9    14.5    12.9
23908 20160510  2.422  -94.58   37.43    28.4    12.2    20.3    20.5     0.0    26.76 C    44.0    10.9    24.8    94.5    39.5    74.3   0.417   0.400   0.383   0.574   0.491    17.5    17.8    16.5    14.8    13.1
23908 20160511  2.422  -94.58   37.43    28.4    16.4    22.4    22.4     0.7    22.86 C    40.3    15.9    25.2    89.4    48.8    69.9   0.399   0.395   0.367   0.572   0.491    18.6    18.8    17.4    15.4    13.2
23908 20160512  2.422  -94.58   37.43    23.3    10.6    17.0    18.1     0.0    27.38 C    40.2     7.7    22.2    92.2    30.6    61.1   0.388   0.393   0.358   0.567   0.492    18.3    18.6    17.7    15.8    13.3
23908 20160513  2.422  -94.58   37.43    27.0     9.2    18.1    17.6     2.0    25.17 C    37.2     7.1    20.1    93.4    35.8    67.8   0.380   0.391   0.352   0.558   0.493    17.0    17.6    16.9    15.9    13.5
23908 20160514  2.422  -94.58   37.43    15.8     6.3    11.0    10.3     0.0    24.87 C    34.5     3.9    15.3    91.7    36.4    60.6   0.374   0.389   0.348   0.550   0.494    15.8    16.5    16.3    15.7    13.7
23908 20160515  2.422  -94.58   37.43    18.6     4.6    11.6    12.7     0.2    23.00 C    38.0     3.5    17.2    92.3    37.1    61.3   0.369   0.388   0.344   0.544   0.493    15.0    15.8    15.3    15.3    13.8
23908 20160516  2.422  -94.58   37.43    13.9    10.7    12.3    12.1    61.9     3.82 C    17.0    12.3    13.9    97.1    77.1    92.2   0.411   0.403   0.373   0.553   0.493    14.8    15.2    15.1    15.0    13.8
23908 20160517  2.422  -94.58   37.43    13.5     9.8    11.6    11.5    12.0     6.50 C    19.3    11.7    13.4    96.3    80.3    89.2   0.456   0.414   0.404   0.570   0.493    14.0    14.2    14.4    14.6    13.8
23908 20160518  2.422  -94.58   37.43    19.4     7.9    13.6    12.9     0.0    22.72 C    33.4     6.7    15.9    96.0    50.4    77.9   0.457   0.414   0.406   0.572   0.492    14.4    14.8    14.3    14.3    13.8
23908 20160519  2.422  -94.58   37.43    18.8     6.6    12.7    13.6     0.0    14.54 C    26.8     5.0    15.8    94.6    52.5    78.8   0.457   0.413   0.405   0.573   0.493    14.4    14.8    14.4    14.2    13.7
23908 20160520  2.422  -94.58   37.43    18.6    11.1    14.9    14.9     0.0    10.97 C    28.9     9.6    17.6    96.2    68.9    84.4   0.457   0.412   0.403   0.572   0.493    15.2    15.4    14.8    14.3    13.7
23908 20160521  2.422  -94.58   37.43    23.6     8.0    15.8    17.0     0.0    25.19 C    39.8     8.2    21.2   100.0    53.1    75.0   0.448   0.411   0.403   0.572   0.493    15.9    16.2    15.2    14.4    13.6
23908 20160522  2.422  -94.58   37.43    27.2    12.7    19.9    20.2     0.0    27.40 C    41.9    11.1    23.6    90.1    49.6    69.8   0.422   0.406   0.390   0.571   0.493    17.3    17.6    16.2    14.8    13.6
23908 20160523  2.422  -94.58   37.43    24.9    15.4    20.2    19.3     1.2    13.66 C    33.0    14.7    20.7    96.8    53.3    76.1   0.403   0.402   0.375   0.568   0.493    17.5    17.8    16.9    15.3    13.7
23908 20160524  2.422  -94.58   37.43    26.1    15.9    21.0    20.3    41.7    14.26 C    32.1    15.9    21.8    96.2    71.8    88.2   0.434   0.412   0.393   0.570   0.493    18.5    18.4    17.3    15.7    13.8
23908 20160525  2.422  -94.58   37.43    29.4    17.1    23.2    22.6     7.8    17.55 C    36.9    17.8    24.0    96.2    52.1    78.2   0.459   0.417   0.409   0.571   0.492    19.8    19.5    18.4    16.2    13.9
23908 20160526  2.422  -94.58   37.43    30.8    17.6    24.2    24.6     0.5    20.75 C    37.6    17.4    26.1    94.7    48.6    78.6   0.459   0.416   0.409   0.573   0.493    21.1    20.9    19.5    16.8    14.1
23908 20160527  2.422  -94.58   37.43    23.6    15.3    19.5    20.3     4.6    11.84 C    27.6    16.5    21.9    95.1    71.0    84.1   0.459   0.416   0.407   0.575   0.493    20.2    20.3    19.6    17.4    14.3
23908 20160528  2.422  -94.58   37.43    27.3    15.2    21.2    20.9     0.0    24.87 C    38.8    15.4    23.3    96.7    50.5    78.9   0.459   0.416   0.408   0.577   0.494    20.1    20.3    19.3    17.6    14.6
23908 20160529  2.422  -94.58   37.43    30.0    15.2    22.6    22.4     0.0    24.22 C    42.2    14.4    24.9   100.0    38.2    80.3   0.455   0.415   0.407   0.577   0.497    20.5    20.7    19.6    17.8    14.8
23908 20160530  2.422  -94.58   37.43    24.3    15.5    19.9    19.7     2.7    11.14 C    31.7    15.1    21.2    97.6    72.5    89.7   0.447   0.415   0.405   0.576   0.497    20.1    20.3    19.7    18.0    15.0
23908 20160531  2.422  -94.58   37.43    27.5    15.3    21.4    21.0    19.6    20.50 C    38.6    15.2    23.9    97.7    56.8    83.8   0.447   0.415   0.404   0.575   0.497    20.4    20.4    19.6    18.0    15.1
23908 20160601  2.422  -94.58   37.43    27.8    17.1    22.4    21.4     6.6    23.89 C    37.6    17.9    24.6    97.4    51.1    84.1   0.461   0.416   0.407   0.579   0.497    21.5    21.4    20.2    18.2    15.3
23908 20160602  2.422  -94.58   37.43    27.0    17.0    22.0    21.8     0.0    24.40 C    35.9    17.0    24.1    96.4    44.9    74.9   0.461   0.415   0.407   0.577   0.497    21.6    21.7    20.6    18.6    15.5
23908 20160603  2.422  -94.58   37.43    25.1    18.1    21.6    21.5     0.0    12.96 C    33.0    17.4    23.3    97.4    66.4    85.1   0.459   0.415   0.406   0.577   0.498    21.4    21.5    20.7    18.8    15.6
23908 20160604  2.422  -94.58   37.43    28.8    16.7    22.7    22.2     1.1    24.92 C    39.8    15.8    24.1   100.0    30.0    70.2   0.458   0.415   0.406   0.577   0.498    21.3    21.6    20.6    18.8    15.8
23908 20160605  2.422  -94.58   37.43    27.3    13.8    20.5    21.1     0.0    27.14 C    39.0    13.1    23.4    95.4    40.6    65.4   0.445   0.412   0.400   0.578   0.499    20.9    21.4    20.5    18.9    16.0
23908 20160606  2.422  -94.58   37.43    30.4    13.6    22.0    22.7     0.0    29.45 C    41.8    12.1    25.0    96.7    32.4    64.6   0.416   0.407   0.383   0.574   0.499    21.1    21.4    20.4    18.9    16.1
23908 20160607  2.422  -94.58   37.43    26.6    14.7    20.6    21.1     0.0    29.95 C    39.5    14.1    24.0    91.5    37.8    61.8   0.397   0.401   0.367   0.569   0.499    21.7    21.8    20.9    19.0    16.2
23908 20160608  2.422  -94.58   37.43    31.1    13.9    22.5    22.9     0.0    26.39 C    40.5    13.4    24.7    91.8    43.9    68.9   0.385   0.398   0.357   0.562   0.499    21.5    21.7    20.8    19.1    16.3
23908 20160609  2.422  -94.58   37.43    31.8    17.9    24.8    25.2     0.0    28.49 C    41.8    16.0    26.9    93.7    42.5    67.8   0.374   0.394   0.349   0.553   0.498    22.3    22.3    21.3    19.3    16.4
23908 20160610  2.422  -94.58   37.43    31.8    19.7    25.8    25.7     0.0    27.78 C    42.5    18.5    27.5    88.9    42.9    66.9   0.363   0.390   0.343   0.543   0.499    22.9    22.9    21.8    19.6    16.5
23908 20160611  2.422  -94.58   37.43    32.1    18.9    25.5    25.5     0.0    25.51 C    42.0    17.5    27.0    92.8    40.6    68.9   0.352   0.385   0.336   0.533   0.498    23.1    23.1    22.1    20.0    16.7
23908 20160612  2.422  -94.58   37.43    31.8    19.1    25.5    23.3    13.6    17.29 C    42.2    19.0    25.1    96.8    55.4    85.9   0.366   0.384   0.341   0.534   0.499    23.2    23.1    22.4    20.3    16.8
23908 20160613  2.422  -94.58   37.43    31.0    18.2    24.6    24.2     0.0    21.30 C    38.5    19.0    26.1    97.2    58.1    81.9   0.363   0.382   0.341   0.542   0.499    23.2    23.1    22.3    20.4    17.0
23908 20160614  2.422  -94.58   37.43    32.4    20.4    26.4    26.5     0.0    27.87 C    40.6    20.4    28.7    96.9    52.9    77.3   0.350   0.377   0.334   0.531   0.500    24.1    23.9    22.8    20.6    17.1
23908 20160615  2.422  -94.58   37.43    34.9    23.9    29.4    28.9     0.0    27.23 C    43.1    23.9    30.9    91.7    48.6    76.0   0.339   0.371   0.326   0.523   0.502    25.4    25.0    23.7    21.0    17.3
23908 20160616  2.422  -94.58   37.43    34.1    20.1    27.1    27.0     2.3    23.77 C    40.6    20.8    28.6    94.7    51.4    77.7   0.332   0.366   0.319   0.517   0.504    25.6    25.3    24.3    21.5    17.4
23908 20160617  2.422  -94.58   37.43    34.9    22.6    28.7    28.8     0.0    27.35 C    40.9    22.8    30.6    96.5    48.0    75.1   0.320   0.359   0.311   0.511   0.503    26.2    25.8    24.6    21.8    17.7
23908 20160618  2.422  -94.58   37.43    31.6    20.4    26.0    26.2     0.0    21.68 C    38.2    19.3    27.4    89.8    48.6    72.3   0.307   0.350   0.302   0.507   0.503    25.9    25.7    24.9    22.1    17.9
23908 20160619  2.422  -94.58   37.43    31.6    17.4    24.5    25.1     0.0    28.28 C    39.0    17.2    26.5    95.1    43.1    69.9   0.292   0.340   0.293   0.503   0.503    24.9    24.9    24.2    22.1    18.1
23908 20160620  2.422  -94.58   37.43    33.0    19.9    26.5    26.4     0.0    28.39 C    38.6    19.4    27.6    93.9    46.2    70.8   0.275   0.330   0.283   0.498   0.502    25.1    25.0    24.1    22.0    18.3
23908 20160621  2.422  -94.58   37.43    33.5    19.8    26.7    27.2     0.0    27.81 C    38.8    19.5    28.1    92.9    47.1    68.8   0.256   0.320   0.274   0.496   0.502    25.1    25.1    24.2    22.1    18.4
23908 20160622  2.422  -94.58   37.43    34.8    23.4    29.1    29.0     0.0    27.73 C    38.0    23.0    29.4    84.5    43.5    64.1   0.233   0.308   0.263   0.491   0.502    25.3    25.2    24.4    22.2    18.6
23908 20160623  2.422  -94.58   37.43    34.2    20.6    27.4    27.2    65.5    22.48 C    39.0    21.8    28.5    94.2    54.8    74.6   0.264   0.319   0.285   0.506   0.501    25.5    25.1    24.5    22.5    18.7
23908 20160624  2.422  -94.58   37.43    32.4    20.6    26.5    25.6     1.0    21.21 C    35.4    21.8    26.8    94.6    57.5    81.2   0.413   0.392   0.382   0.560   0.502    24.9    24.7    24.1    22.6    18.8
23908 20160625  2.422  -94.58   37.43    32.1    22.7    27.4    27.1     0.0    24.92 C    35.5    22.8    27.8    92.4    51.8    72.5   0.383   0.379   0.367   0.561   0.503    25.4    25.2    24.5    22.5    18.9
23908 20160626  2.422  -94.58   37.43    33.3    21.9    27.6    26.2    19.9    22.35 C    37.4    22.9    27.5    94.5    52.7    79.7   0.382   0.381   0.364   0.557   0.502    25.6    25.3    24.7    22.7    19.1
23908 20160627  2.422  -94.58   37.43    30.9    21.3    26.1    25.6     0.0    25.80 C    36.6    21.8    27.1    96.6    58.1    82.7   0.414   0.396   0.390   0.565   0.504    25.7    25.5    24.7    22.8    19.2
23908 20160628  2.422  -94.58   37.43    30.8    18.6    24.7    25.2     0.0    26.81 C    36.5    18.8    26.6    99.8    56.2    81.3   0.384   0.384   0.368   0.562   0.505    25.6    25.4    24.8    22.9    19.3
23908 20160629  2.422  -94.58   37.43    31.3    18.2    24.7    24.4     0.0    23.81 C    36.8    18.5    26.1    96.3    48.6    74.8   0.367   0.378   0.354   0.553   0.506    25.4    25.2    24.7    22.9    19.4
23908 20160630  2.422  -94.58   37.43    32.2    19.6    25.9    25.1     3.2    22.13 C    34.2    19.8    25.8    94.7    55.2    78.1   0.364   0.377   0.348   0.548   0.506    25.0    24.9    24.4    22.9    19.5
23908 20160701  2.422  -94.58   37.43    28.1    18.7    23.4    23.7     0.8    23.81 C    33.0    19.3    25.2    96.9    55.8    76.4   0.354   0.374   0.342   0.541   0.506    24.7    24.6    24.2    22.8    19.6
23908 20160702  2.422  -94.58   37.43    31.2    21.6    26.4    25.2    16.6    15.97 C    33.5    22.4    26.2    95.2    59.3    82.8   0.386   0.388   0.366   0.559   0.506    24.8    24.6    24.1    22.7    19.6
23908 20160703  2.422  -94.58   37.43    27.2    21.1    24.2    23.4    56.0     6.42 C    31.1    23.3    24.8    96.2    72.6    90.5   0.435   0.408   0.394   0.573   0.506    24.5    24.4    24.1    22.7    19.7
23908 20160704  2.422  -94.58   37.43    28.8    20.9    24.8    24.1    52.2    17.27 C    32.2    21.9    25.3    96.5    66.0    87.1   0.449   0.414   0.403   0.575   0.506    24.5    24.2    23.8    22.6    19.8
23908 20160705  2.422  -94.58   37.43    33.6    22.7    28.1    28.0     0.0    27.64 C    35.7    22.5    28.7    94.8    59.3    78.9   0.447   0.413   0.402   0.573   0.506    25.7    25.0    24.4    22.7    19.8
23908 20160706  2.422  -94.58   37.43    32.5    19.9    26.2    26.6    13.8    21.71 C    34.5    20.7    27.4    94.1    66.3    80.9   0.449   0.412   0.401   0.573   0.506    25.9    25.6    24.9    22.9    19.9
23908 20160707  2.422  -94.58   37.43    31.3    18.5    24.9    26.5    14.8    19.07 C    33.6    18.9    26.9    90.5    60.1    77.9   0.449   0.411   0.400   0.573   0.505    25.8    25.4    25.0    23.1    20.0
23908 20160708  2.422  -94.58   37.43    31.1    19.1    25.1    24.8     0.0    18.41 C    33.6    20.7    25.6    95.8    63.2    81.8   0.449   0.412   0.400   0.573   0.505    25.1    24.8    24.5    23.1    20.0
23908 20160709  2.422  -94.58   37.43    31.8    20.7    26.2    25.7     0.0    24.72 C    34.9    21.1    27.0    96.0    56.8    79.9   0.448   0.411   0.399   0.573   0.506    25.7    25.1    24.7    23.1    20.1
23908 20160710  2.422  -94.58   37.43    32.4    20.0    26.2    26.5     0.0    26.80 C    34.5    20.4    27.3    96.1    55.1    75.4   0.444   0.409   0.396   0.571   0.506    25.9    25.4    24.9    23.2    20.2
23908 20160711  2.422  -94.58   37.43    31.5    21.2    26.3    26.6     0.0    27.28 C    33.9    21.6    27.5    90.5    61.5    75.4   0.417   0.399   0.383   0.566   0.506    25.9    25.5    25.1    23.4    20.3
23908 20160712  2.422  -94.58   37.43    29.7    19.2    24.4    25.2     6.3    17.95 C    31.3    20.2    26.0    93.0    60.7    78.1   0.411   0.402   0.380   0.567   0.508    25.4    25.1    24.9    23.5    20.4
23908 20160713  2.422  -94.58   37.43    32.1    23.5    27.8    27.6     2.7    21.05 C    33.3    23.6    27.9    92.7    62.2    76.1   0.404   0.399   0.377   0.565   0.508    25.8    25.3    24.9    23.4    20.4
23908 20160714  2.422  -94.58   37.43    26.8    17.7    22.3    22.9     7.3     7.88 C    29.1    18.4    23.1    96.7    58.9    82.8   0.408   0.403   0.379   0.568   0.509    24.9    24.7    24.7    23.5    20.4
23908 20160715  2.422  -94.58   37.43    29.7    17.1    23.4    23.1     0.0    24.25 C    33.2    17.7    24.3    96.4    55.7    82.5   0.406   0.402   0.380   0.568   0.509    24.3    23.9    23.8    23.1    20.5
23908 20160716  2.422  -94.58   37.43    31.2    18.4    24.8    25.4     0.0    26.33 C    33.8    18.9    26.6    97.2    57.1    78.3   0.390   0.395   0.365   0.562   0.509    25.0    24.6    24.2    23.0    20.5
23908 20160717  2.422  -94.58   37.43    33.0    23.4    28.2    27.9     0.0    27.30 C    34.6    23.3    28.3    90.1    55.1    74.0   0.378   0.390   0.355   0.557   0.509    26.0    25.3    24.8    23.1    20.5
23908 20160718  2.422  -94.58   37.43    33.0    21.1    27.0    27.6     0.0    25.89 C    35.5    21.5    28.1    94.3    51.1    75.1   0.366   0.383   0.347   0.549   0.509    26.3    25.7    25.2    23.4    20.6
23908 20160719  2.422  -94.58   37.43    33.6    21.7    27.7    27.8     0.0    24.08 C    35.6    22.0    28.3    96.3    54.4    78.0   0.358   0.377   0.341   0.540   0.510    26.6    25.9    25.5    23.6    20.7
23908 20160720  2.422  -94.58   37.43    33.8    22.4    28.1    28.3     0.0    26.60 C    35.9    22.5    28.8    94.3    52.6    75.8   0.347   0.372   0.334   0.530   0.510    27.0    26.3    25.8    23.9    20.8
23908 20160721  2.422  -94.58   37.43    34.0    22.8    28.4    28.8     0.0    27.54 C    35.2    22.9    29.1    94.0    51.1    73.1   0.333   0.365   0.325   0.522   0.509    27.2    26.5    26.1    24.0    20.8
23908 20160722  2.422  -94.58   37.43    34.5    22.5    28.5    28.7     0.0    27.39 C    35.6    22.7    28.8    92.5    48.5    71.7   0.317   0.357   0.316   0.516   0.509    27.2    26.6    26.2    24.3    20.9
23908 20160723  2.422  -94.58   37.43    34.7    21.8    28.3    28.9     0.0    27.26 C    35.4    22.1    28.9    95.2    47.5    71.8   0.299   0.348   0.306   0.511   0.509    27.3    26.6    26.3    24.4    21.0
23908 20160724  2.422  -94.58   37.43    35.1    23.4    29.3    28.9     0.0    25.19 C    35.8    23.6    29.3    93.5    49.4    75.4   0.283   0.340   0.298   0.508   0.509    27.6    26.8    26.4    24.5    21.2
23908 20160725  2.422  -94.58   37.43    28.3    22.1    25.2    24.3    16.9    10.94 C    30.6    23.3    25.4    96.3    69.7    88.5   0.320   0.349   0.302   0.503   0.510    26.3    26.1    26.1    24.6    21.2
23908 20160726  2.422  -94.58   37.43    30.4    21.5    26.0    24.8     0.0    15.65 C    33.0    22.2    26.2    96.8    67.9    87.9   0.321   0.348   0.306   0.506   0.509    26.1    25.7    25.5    24.4    21.3
23908 20160727  2.422  -94.58   37.43    31.7    21.3    26.5    25.5     0.0    22.15 C    34.6    22.0    26.8    96.7    59.7    83.8   0.308   0.344   0.303   0.504   0.509    26.4    25.9    25.6    24.3    21.4
23908 20160728  2.422  -94.58   37.43    31.4    21.1    26.2    25.6     0.0    20.86 C    32.9    21.6    26.5    96.3    50.9    81.4   0.295   0.339   0.297   0.505   0.509    26.2    25.8    25.6    24.2    21.4
23908 20160729  2.422  -94.58   37.43    29.9    18.8    24.3    23.8     0.0    21.87 C    33.7    19.4    25.7    95.7    51.9    81.4   0.281   0.334   0.293   0.502   0.509    25.8    25.5    25.4    24.2    21.4
23908 20160730  2.422  -94.58   37.43    30.4    18.1    24.3    24.5     0.0    21.35 C    34.1    19.2    25.9    98.0    56.0    79.7   0.268   0.328   0.286   0.501   0.509    25.4    25.0    25.0    24.0    21.5
23908 20160731  2.422  -94.58   37.43    30.8    20.2    25.5    25.7     0.0    21.09 C    32.9    20.5    26.7    96.5    68.0    82.1   0.257   0.322   0.280   0.497   0.509    25.5    25.1    24.9    23.9    21.5
23908 20160801  2.422  -94.58   37.43    34.1    23.4    28.8    27.8     0.0    23.06 C    36.1    23.7    28.4    90.3    53.8    75.2   0.240   0.314   0.273   0.495   0.509    26.4    25.7    25.3    23.9    21.5
23908 20160802  2.422  -94.58   37.43    34.2    21.4    27.8    28.1     0.0    24.85 C    34.7    21.2    28.3    91.3    49.5    72.3   0.222   0.303   0.265   0.494   0.509    26.6    25.9    25.6    24.0    21.5
23908 20160803  2.422  -94.58   37.43    33.8    23.2    28.5    27.7     0.0    17.97 C    34.1    23.9    28.2    91.1    47.7    74.8   0.210   0.294   0.258   0.493   0.509    26.6    26.0    25.7    24.2    21.5
23908 20160804  2.422  -94.58   37.43    35.5    21.8    28.6    28.6     0.0    25.88 C    36.1    21.9    28.7    92.5    44.6    69.8   0.201   0.282   0.250   0.490   0.508    26.6    25.9    25.7    24.3    21.6
23908 20160805  2.422  -94.58   37.43    32.3    22.4    27.4    26.9     0.0    20.05 C    33.9    22.9    27.7    92.4    59.0    77.0   0.192   0.270   0.242   0.489   0.507    26.5    25.9    25.7    24.3    21.6
23908 20160806  2.422  -94.58   37.43    25.5    21.8    23.6    23.2    25.0     6.07 C    27.5    22.1    24.2    95.9    80.6    92.0   0.269   0.303   0.241   0.485   0.506    25.5    25.3    25.3    24.3    21.6
23908 20160807  2.422  -94.58   37.43    26.2    20.6    23.4    22.9    14.1     5.18 C    27.4    21.5    23.7    96.0    84.0    92.2   0.323   0.336   0.278   0.487   0.506    24.6    24.5    24.6    24.0    21.7
23908 20160808  2.422  -94.58   37.43    29.8    21.8    25.8    25.2     0.8    18.84 C    33.3    22.5    26.3    96.4    63.1    84.4   0.306   0.331   0.292   0.488   0.506    25.4    24.9    24.7    23.7    21.7
23908 20160809  2.422  -94.58   37.43    32.8    22.4    27.6    27.1     0.0    24.38 C    35.3    23.2    28.2    96.3    54.9    80.3   0.286   0.324   0.286   0.486   0.505    26.2    25.4    25.2    23.9    21.6
23908 20160810  2.422  -94.58   37.43    33.6    20.6    27.1    26.6     0.0    20.75 C    35.6    21.1    27.4    96.2    57.2    80.4   0.268   0.316   0.280   0.485   0.505    26.4    25.7    25.5    24.0    21.7
23908 20160811  2.422  -94.58   37.43    34.9    22.9    28.9    28.8     0.0    24.37 C    35.9    23.2    29.5    94.3    49.4    74.7   0.251   0.307   0.272   0.486   0.505    26.7    25.9    25.7    24.2    21.7
23908 20160812  2.422  -94.58   37.43    30.8    22.6    26.7    26.5     2.5    13.07 C    33.5    23.2    27.3    94.3    65.9    84.5   0.240   0.300   0.265   0.486   0.505    26.7    26.1    25.9    24.3    21.7
23908 20160813  2.422  -94.58   37.43    29.0    18.3    23.7    23.5     0.0    26.14 C    30.7    19.1    24.5    93.7    49.7    76.5   0.232   0.295   0.260   0.486   0.505    25.7    25.4    25.4    24.3    21.8
23908 20160814  2.422  -94.58   37.43    28.8    16.7    22.8    22.6     0.0    21.61 C    31.3    17.2    23.5    95.4    54.4    78.5   0.218   0.286   0.252   0.487   0.505    24.7    24.5    24.6    24.1    21.8
23908 20160815  2.422  -94.58   37.43    24.4    16.3    20.3    20.3     0.0     9.14 C    25.6    16.3    21.4   100.0    74.1    88.3   0.212   0.281   0.248   0.483   0.505    23.7    23.7    24.0    23.7    21.8
23908 20160816  2.422  -94.58   37.43    29.5    14.8    22.1    22.0     0.0    22.80 C    31.8    15.2    23.0    99.3    48.4    81.1   0.206   0.275   0.243   0.483   0.505    23.5    23.2    23.4    23.3    21.8
23908 20160817  2.422  -94.58   37.43    30.0    16.9    23.5    23.2     0.0    21.27 C    31.8    17.1    24.0    97.6    54.7    81.7   0.198   0.267   0.237   0.481   0.505    23.7    23.3    23.4    23.0    21.7
23908 20160818  2.422  -94.58   37.43    30.6    18.9    24.8    24.0     0.0    19.27 C    33.1    18.8    24.9    97.7    56.2    82.7   0.192   0.258   0.232   0.479   0.505    23.8    23.3    23.4    23.0    21.6
23908 20160819  2.422  -94.58   37.43    31.7    20.0    25.8    25.3    14.2    19.91 C    33.0    20.3    26.4    95.5    52.3    78.2   0.189   0.251   0.226   0.476   0.504    24.6    23.9    23.8    23.0    21.5
23908 20160820  2.422  -94.58   37.43    26.1    15.6    20.9    21.2     3.4    16.58 C    29.2    14.8    22.1    96.1    55.3    82.3   0.253   0.266   0.222   0.476   0.504    23.7    23.5    23.7    23.0    21.5
23908 20160821  2.422  -94.58   37.43    26.5    11.6    19.1    19.2     0.0    24.47 C    30.1    10.9    19.9    97.5    40.3    73.4   0.238   0.262   0.221   0.474   0.503    22.2    22.1    22.6    22.7    21.5
23908 20160822  2.422  -94.58   37.43    28.8    11.8    20.3    20.5     0.0    23.91 C    31.2    12.2    21.3    97.5    43.7    74.0   0.220   0.255   0.218   0.472   0.503    21.8    21.5    21.9    22.2    21.4
23908 20160823  2.422  -94.58   37.43    29.7    16.6    23.2    24.5     0.5    11.23 C    31.4    17.2    25.2    95.9    63.4    80.9   0.211   0.251   0.217   0.470   0.502    22.6    22.2    22.2    22.0    21.3
23908 20160824  2.422  -94.58   37.43    33.8    20.8    27.3    27.5     0.0    22.17 C    36.0    21.3    28.1    91.6    46.4    69.2   0.203   0.246   0.215   0.468   0.502    24.1    23.3    23.1    22.1    21.2
23908 20160825  2.422  -94.58   37.43    32.4    19.2    25.8    25.4     0.0    20.70 C    35.1    19.1    26.1    94.9    52.4    76.1   0.191   0.237   0.210   0.467   0.498    24.3    23.6    23.5    22.4    21.1
23908 20160826  2.422  -94.58   37.43    28.9    19.3    24.1    23.7     0.0    15.53 C    31.5    19.3    24.7    96.8    66.9    83.8   0.185   0.231   0.206   0.467   0.497    24.2    23.6    23.6    22.7    21.1
23908 20160827  2.422  -94.58   37.43    32.0    17.1    24.5    24.3     0.0    22.36 C    37.0    17.9    25.3   100.0    51.2    79.8   0.180   0.225   0.201   0.465   0.496    23.9    23.3    23.4    22.7    21.1
23908 20160828  2.422  -94.58   37.43    32.6    18.6    25.6    25.1     0.0    20.00 C    35.1    19.4    26.1    97.2    44.8    79.1   0.174   0.216   0.194   0.460   0.497    24.1    23.4    23.5    22.7    21.2
23908 20160829  2.422  -94.58   37.43    33.2    18.8    26.0    25.0     0.0    20.63 C    36.5    19.7    26.1    96.0    45.9    77.0   0.170   0.208   0.187   0.458   0.496    24.2    23.5    23.6    22.7    21.2
23908 20160830  2.422  -94.58   37.43    32.7    19.0    25.9    24.8    16.2    17.62 C    36.1    19.8    25.8    96.1    49.7    79.7   0.184   0.225   0.185   0.454   0.495    24.2    23.6    23.6    22.7    21.2
23908 20160831  2.422  -94.58   37.43    29.4    20.3    24.8    22.8     7.9    11.32 C    33.5    21.1    24.0    97.1    65.3    90.6   0.212   0.231   0.183   0.450   0.496    24.2    23.7    23.6    22.8    21.2
23908 20160901  2.422  -94.58   37.43    26.8    14.6    20.7    21.4     0.0    19.93 C    29.4    15.2    22.8    96.6    54.5    80.8   0.239   0.247   0.183   0.450   0.497    23.8    23.4    23.4    22.8    21.2
23908 20160902  2.422  -94.58   37.43    25.7    11.9    18.8    18.3     0.0    22.58 C    28.9    12.5    19.6    96.9    46.9    75.7   0.223   0.242   0.182   0.451   0.496    22.2    22.0    22.1    22.5    21.2
23908 20160903  2.422  -94.58   37.43    27.1    11.3    19.2    18.8     0.0    22.80 C    29.9    11.6    19.8    96.1    42.5    74.5   0.207   0.234   0.180   0.450   0.496    21.2    21.1    21.2    22.0    21.2
23908 20160904  2.422  -94.58   37.43    30.1    11.3    20.7    21.7     0.0    22.25 C    33.0    12.0    22.4    96.5    40.6    68.4   0.194   0.225   0.179   0.447   0.495    21.2    20.9    20.9    21.6    21.1
23908 20160905  2.422  -94.58   37.43    33.4    18.1    25.7    26.0     0.0    22.07 C    35.2    18.0    26.7    92.0    47.8    70.1   0.184   0.217   0.177   0.445   0.493    22.5    21.9    21.6    21.5    21.0
23908 20160906  2.422  -94.58   37.43    33.3    23.0    28.2    27.1     0.0    21.61 C    35.4    23.2    27.8    90.5    43.0    70.4   0.177   0.209   0.175   0.442   0.494    23.8    23.1    22.5    21.8    20.9
23908 20160907  2.422  -94.58   37.43    32.7    21.6    27.2    27.0     0.0    16.91 C    35.3    21.8    27.5    88.0    53.9    70.6   0.171   0.202   0.173   0.441   0.494    23.9    23.3    23.0    22.0    20.9
23908 20160908  2.422  -94.58   37.43    28.1    21.7    24.9    24.6    43.2     6.94 C    30.1    22.4    25.2    96.5    71.3    86.0   0.212   0.227   0.171   0.440   0.493    23.9    23.4    23.3    22.2    20.9
23908 20160909  2.422  -94.58   37.43    31.3    19.4    25.3    24.3    38.5    15.37 C    33.9    20.3    25.6    95.5    62.5    82.6   0.329   0.333   0.258   0.439   0.493    23.8    23.3    23.3    22.3    20.9
23908 20160910  2.422  -94.58   37.43    24.3    11.4    17.9    18.6     9.3    20.75 C    26.8    11.8    19.7    96.7    45.8    75.4   0.374   0.373   0.376   0.520   0.502    22.5    22.4    22.7    22.4    20.9
23908 20160911  2.422  -94.58   37.43    26.2     8.7    17.4    17.6     0.0    22.19 C    30.1     8.7    19.3    99.9    40.4    74.9   0.339   0.355   0.348   0.535   0.500    20.9    20.9    21.4    21.9    20.9
23908 20160912  2.422  -94.58   37.43    30.2    12.7    21.4    21.4     0.0    21.10 C    33.6    15.7    22.9    93.7    45.4    71.9   0.327   0.348   0.338   0.527   0.500    21.0    20.9    21.1    21.4    20.9
23908 20160913  2.422  -94.58   37.43    30.7    16.1    23.4    23.3     0.0    17.35 C    35.2    16.2    24.1    96.9    49.3    79.1   0.319   0.343   0.332   0.520   0.497    21.7    21.4    21.4    21.3    20.8
23908 20160914  2.422  -94.58   37.43    28.7    17.6    23.2    22.2     0.0    11.80 C    32.7    18.1    23.3    97.1    62.1    86.6   0.315   0.340   0.327   0.514   0.495    22.0    21.7    21.7    21.4    20.7
23908 20160915  2.422  -94.58   37.43    31.0    16.3    23.6    23.5     0.0    16.69 C    33.9    16.8    24.6    97.2    54.0    81.1   0.310   0.336   0.323   0.507   0.495    22.3    21.8    21.8    21.4    20.6
23908 20160916  2.422  -94.58   37.43    22.5    15.9    19.2    19.0    38.7     1.94 C    23.5    16.5    20.5    99.3    82.9    93.8   0.383   0.372   0.363   0.533   0.499    21.5    21.4    21.7    21.5    20.6
23908 20160917  2.422  -94.58   37.43    27.3    13.5    20.4    19.5     0.0    18.94 C    31.6    14.8    21.2    99.8    53.7    85.9   0.450   0.402   0.403   0.569   0.503    20.9    20.7    21.0    21.2    20.6
23908 20160918  2.422  -94.58   37.43    29.4    14.4    21.9    21.2     0.0    19.16 C    33.3    14.9    22.6   100.0    51.1    83.4   0.417   0.393   0.390   0.572   0.503    21.1    20.8    20.9    21.0    20.6
23908 20160919  2.422  -94.58   37.43    32.5    16.3    24.4    24.0     0.0    19.94 C    36.2    16.2    24.8    97.7    55.4    81.5   0.379   0.382   0.369   0.571   0.504    21.6    21.2    21.2    20.9    20.5
23908 20160920  2.422  -94.58   37.43    33.6    19.2    26.4    26.0     0.0    18.41 C    37.5    19.7    26.9    97.0    48.8    80.0   0.362   0.376   0.358   0.561   0.504    22.5    21.9    21.7    21.0    20.4
23908 20160921  2.422  -94.58   37.43    31.4    19.4    25.4    24.7     0.0    19.38 C    35.5    19.0    25.6    96.9    51.3    78.2   0.352   0.370   0.350   0.547   0.505    22.8    22.4    22.2    21.3    20.4
23908 20160922  2.422  -94.58   37.43    31.1    16.7    23.9    23.2     0.0    19.70 C    34.2    16.0    23.8    96.8    47.3    76.4   0.345   0.363   0.343   0.542   0.506    22.3    22.0    22.1    21.5    20.4
23908 20160923  2.422  -94.58   37.43    31.4    15.4    23.4    22.9     0.0    19.32 C    35.8    15.3    23.7    96.4    43.5    75.2   0.337   0.359   0.338   0.537   0.506    21.9    21.6    21.7    21.4    20.4
23908 20160924  2.422  -94.58   37.43    32.5    18.7    25.6    25.2     0.0    17.74 C    36.3    18.7    26.0    94.1    50.4    74.4   0.331   0.354   0.333   0.530   0.506    22.3    21.8    21.8    21.4    20.4
23908 20160925  2.422  -94.58   37.43    25.9    15.5    20.7    19.7     2.5     7.01 C    30.7    17.0    21.2    95.7    69.7    87.4   0.328   0.351   0.331   0.523   0.506    22.1    21.9    22.0    21.4    20.4
23908 20160926  2.422  -94.58   37.43    22.9     8.9    15.9    15.8     0.0    19.96 C    26.9     9.4    17.2    96.0    28.6    69.8   0.326   0.350   0.329   0.518   0.506    20.4    20.6    21.0    21.3    20.4
23908 20160927  2.422  -94.58   37.43    26.8     7.3    17.1    16.4     0.0    19.62 C    30.1     7.4    17.1    93.7    35.0    69.0   0.318   0.345   0.324   0.514   0.505    18.8    19.1    19.7    20.7    20.4
23908 20160928  2.422  -94.58   37.43    23.0     9.7    16.3    15.8     0.0    19.62 C    26.8    10.8    17.1    92.0    30.5    69.0   0.312   0.339   0.319   0.506   0.502    18.5    18.7    19.2    20.1    20.3
23908 20160929  2.422  -94.58   37.43    22.3     8.5    15.4    14.5     0.0    19.42 C    26.4    10.3    16.0    93.3    40.3    72.6   0.306   0.336   0.314   0.502   0.502    17.8    18.0    18.5    19.7    20.2
23908 20160930  2.422  -94.58   37.43    24.0     9.6    16.8    15.8     0.0    17.50 C    28.4    10.4    17.1    97.0    45.5    75.0   0.301   0.332   0.311   0.500   0.502    17.6    17.8    18.2    19.2    20.0
23908 20161001  2.422  -94.58   37.43    24.9     6.7    15.8    15.3     0.0    16.58 C    29.9     7.7    16.8    97.4    41.1    78.1   0.295   0.328   0.307   0.495   0.500    17.4    17.5    17.9    18.9    19.8
23908 20161002  2.422  -94.58   37.43    26.6     8.4    17.5    16.6     0.0    18.42 C    31.2     9.0    18.3   100.0    39.3    76.5   0.289   0.325   0.303   0.492   0.498    17.3    17.4    17.7    18.7    19.7
23908 20161003  2.422  -94.58   37.43    28.0    10.0    19.0    18.6     0.0    16.23 C    32.4    13.4    20.7    97.7    42.7    73.4   0.284   0.322   0.299   0.489   0.496    17.6    17.5    17.7    18.5    19.5
23908 20161004  2.422  -94.58   37.43    29.0    14.9    22.0    21.4     5.6    14.94 C    31.4    15.2    22.2    90.3    37.2    61.7   0.277   0.318   0.295   0.488   0.495    18.3    18.1    18.2    18.5    19.3
23908 20161005  2.422  -94.58   37.43    27.0    11.9    19.5    20.6     7.8    10.44 C    30.6    12.5    21.5    97.9    65.9    85.4   0.319   0.328   0.303   0.487   0.494    18.8    18.5    18.5    18.6    19.2
23908 20161006  2.422  -94.58   37.43    27.3    16.3    21.8    20.5    96.3     6.94 C    28.5    17.2    21.2    97.3    65.3    87.3   0.423   0.386   0.373   0.534   0.499    19.2    19.1    19.0    18.8    19.1
23908 20161007  2.422  -94.58   37.43    16.8     5.9    11.3    11.7    10.7    12.55 C    19.9     5.6    13.2    95.9    54.5    83.6   0.459   0.404   0.396   0.551   0.501    17.8    17.9    18.5    18.9    19.0
23908 20161008  2.422  -94.58   37.43    21.7     3.5    12.6    11.6     0.0    18.15 C    26.4     3.7    13.0    97.9    32.7    75.6   0.459   0.403   0.398   0.556   0.502    15.7    16.1    17.0    18.3    19.0
23908 20161009  2.422  -94.58   37.43    23.0     6.5    14.7    13.4     0.0    14.96 C    28.2     7.5    14.6    95.8    34.3    73.6   0.455   0.403   0.399   0.557   0.501    15.4    15.7    16.4    17.7    18.9
23908 20161010  2.422  -94.58   37.43    24.9    10.0    17.4    16.2     0.0    12.68 C    28.9    10.2    17.0    90.8    35.1    67.7   0.432   0.397   0.395   0.554   0.502    15.7    15.8    16.2    17.3    18.7
23908 20161011  2.422  -94.58   37.43    27.9    11.2    19.5    18.9     0.0    15.27 C    30.5    11.2    19.6    87.1    33.9    62.0   0.399   0.387   0.377   0.550   0.504    16.3    16.3    16.4    17.2    18.5
23908 20161012  2.422  -94.58   37.43    20.1     7.0    13.6    14.2    20.1     1.81 C    20.7     8.7    15.3    94.5    77.7    89.7   0.435   0.403   0.392   0.555   0.505    16.7    16.7    16.9    17.3    18.3
23908 20161013  2.422  -94.58   37.43    13.6     5.0     9.3     9.8     0.0     6.22 C    16.7     6.7    11.8    96.5    77.7    89.0   0.456   0.411   0.401   0.558   0.505    15.2    15.4    16.1    17.1    18.2
23908 20161014  2.422  -94.58   37.43    21.3    12.3    16.8    17.1     2.6     9.28 C    25.0    13.3    18.7    96.9    71.8    87.4   0.457   0.410   0.404   0.555   0.505    16.2    16.0    16.1    16.8    18.1
23908 20161015  2.422  -94.58   37.43    26.3    17.0    21.7    20.9     0.0     7.25 C    28.5    17.6    21.7    92.0    62.1    80.6   0.456   0.409   0.404   0.555   0.504    17.4    17.1    16.9    16.9    18.0
23908 20161016  2.422  -94.58   37.43    30.4    18.9    24.6    24.1     0.0    15.69 C    33.3    19.3    24.9    90.5    52.3    72.8   0.457   0.408   0.403   0.551   0.503    18.6    18.1    17.8    17.3    17.9
23908 20161017  2.422  -94.58   37.43    30.7    21.9    26.3    25.5     0.0    15.28 C    32.7    22.1    26.0    81.5    44.3    64.8   0.437   0.403   0.400   0.551   0.502    19.6    19.0    18.7    17.8    17.9
23908 20161018  2.422  -94.58   37.43    26.9    13.6    20.3    21.2     0.0    15.72 C    31.6    13.3    22.6    85.5    29.6    60.2   0.405   0.392   0.389   0.551   0.503    19.5    19.2    19.1    18.3    17.9
23908 20161019  2.422  -94.58   37.43    21.4    15.0    18.2    17.4     0.8     3.94 C    24.0    15.6    18.6    89.4    71.4    80.7   0.392   0.387   0.379   0.552   0.503    18.5    18.4    18.5    18.4    18.0
23908 20161020  2.422  -94.58   37.43    17.0     6.4    11.7    12.4     0.0    13.48 C    20.8     6.3    13.9    87.3    51.7    72.9   0.384   0.385   0.372   0.552   0.505    17.2    17.5    17.9    18.2    18.0
23908 20161021  2.422  -94.58   37.43    18.5     2.0    10.3     9.6     0.0    15.94 C    23.9     3.1    11.4    97.3    38.0    74.6   0.378   0.383   0.363   0.552   0.505    15.1    15.7    16.4    17.7    18.1
23908 20161022  2.422  -94.58   37.43    24.0     4.4    14.2    13.5     0.0    15.61 C    27.0     4.9    14.3    95.6    33.3    68.4   0.373   0.375   0.356   0.549   0.504    14.5    14.8    15.5    17.0    18.0
23908 20161023  2.422  -94.58   37.43    26.1     7.4    16.8    16.2     0.0    14.86 C    29.5     7.3    16.7    97.7    36.3    66.5   0.367   0.369   0.351   0.545   0.501    14.8    14.9    15.3    16.5    17.9
23908 20161024  2.422  -94.58   37.43    25.0     8.3    16.6    15.4     0.0    14.72 C    29.0     9.2    16.8    98.4    48.1    81.1   0.362   0.366   0.347   0.541   0.499    15.1    15.1    15.4    16.3    17.8
23908 20161025  2.422  -94.58   37.43    26.0    11.6    18.8    18.7     0.0    11.29 C    29.4    11.5    19.2    93.8    53.4    75.4   0.359   0.365   0.344   0.539   0.499    15.7    15.5    15.7    16.3    17.6
23908 20161026  2.422  -94.58   37.43    22.9    13.5    18.2    17.7     1.6     6.95 C    26.8    13.6    18.4    97.9    66.2    83.4   0.360   0.365   0.343   0.539   0.499    16.4    16.2    16.3    16.4    17.5
23908 20161027  2.422  -94.58   37.43    21.5    10.8    16.1    15.4     0.0     9.61 C    27.4    10.6    16.9   100.0    64.8    90.8   0.358   0.364   0.342   0.539   0.500    16.4    16.3    16.4    16.5    17.4
23908 20161028  2.422  -94.58   37.43    27.8    12.0    19.9    20.3     0.0    12.17 C    30.0    11.1    20.7   100.0    47.5    72.4   0.355   0.362   0.341   0.535   0.501    16.4    16.2    16.3    16.6    17.3
23908 20161029  2.422  -94.58   37.43    28.3    16.2    22.3    21.1     0.0    12.98 C    31.3    14.3    21.4    82.6    40.5    64.7   0.350   0.360   0.338   0.530   0.501    17.2    16.9    16.9    16.7    17.3
23908 20161030  2.422  -94.58   37.43    17.7    12.9    15.3    15.5     0.0     2.77 C    18.6    13.0    16.6    95.7    75.2    84.4   0.348   0.359   0.337   0.524   0.501    16.6    16.6    16.8    16.9    17.2
23908 20161031  2.422  -94.58   37.43    28.8    14.0    21.4    19.8     0.0    11.72 C    31.2    15.6    20.9    98.0    42.1    71.1   0.346   0.357   0.336   0.522   0.501    17.1    16.9    16.8    16.9    17.3
23908 20161101  2.422  -94.58   37.43    28.8    17.7    23.3    22.2     0.0    13.10 C    31.6    18.1    22.8    83.2    47.0    64.0   0.340   0.354   0.332   0.518   0.501    17.6    17.3    17.2    17.0    17.3
23908 20161102  2.422  -94.58   37.43    26.9    19.6    23.3    22.4     0.0     6.94 C    29.5    18.8    22.9    90.0    61.1    77.6   0.337   0.353   0.330   0.516   0.501    18.3    17.9    17.8    17.3    17.3
23908 20161103  2.422  -94.58   37.43    21.2    10.3    15.7    16.3     0.0     2.03 C    21.6    11.4    17.4   100.0    82.0    94.1   0.336   0.352   0.328   0.512   0.501    18.1    18.0    18.0    17.5    17.3
23908 20161104  2.422  -94.58   37.43    22.2     9.7    16.0    14.1     0.0    12.60 C    26.1    10.1    15.8    99.6    35.3    80.7   0.335   0.351   0.327   0.511   0.501    16.9    16.9    17.3    17.5    17.3
23908 20161105  2.422  -94.58   37.43    20.8     6.0    13.4    12.1     0.0    11.05 C    26.6     5.8    13.3    92.6    33.1    69.1   0.331   0.348   0.324   0.508   0.501    15.4    15.7    16.3    17.2    17.4
23908 20161106  2.422  -94.58   37.43    20.0     2.9    11.4    10.5     0.0    13.02 C    24.3     3.8    11.8    95.9    33.5    70.6   0.327   0.346   0.321   0.505   0.500    13.9    14.4    15.1    16.6    17.3
23908 20161107  2.422  -94.58   37.43    19.4     7.1    13.3    14.6    22.8     3.39 C    22.5     8.1    16.0    97.7    65.4    85.8   0.341   0.352   0.325   0.501   0.499    14.4    14.5    14.8    16.0    17.3
23908 20161108  2.422  -94.58   37.43    17.6     7.9    12.8    14.0     1.6     3.14 C    19.9     8.8    15.0    97.5    69.5    89.2   0.388   0.380   0.361   0.547   0.499    15.2    15.2    15.4    16.0    17.1
23908 20161109  2.422  -94.58   37.43    16.7     2.0     9.4     9.0     0.0    12.94 C    21.6     2.9    10.6    98.3    42.8    76.9   0.368   0.370   0.354   0.553   0.498    13.8    14.2    14.8    15.9    17.0
23908 20161110  2.422  -94.58   37.43    19.6     0.0     9.8     9.4     0.0    13.15 C    22.9     1.7    10.1    99.1    37.6    75.3   0.360   0.364   0.349   0.555   0.499    12.3    12.8    13.6    15.4    16.9
23908 20161111  2.422  -94.58   37.43    17.5     3.7    10.6     9.6     0.0    10.84 C    20.4     4.4    10.8    95.3    44.0    73.1   0.356   0.362   0.345   0.541   0.497    12.0    12.4    13.0    14.8    16.8
23908 20161112  2.422  -94.58   37.43    13.4    -0.7     6.4     5.4     0.0    13.29 C    17.9     0.5     7.0    98.4    43.4    78.5   0.352   0.360   0.342   0.536   0.497    11.2    11.7    12.5    14.4    16.6
23908 20161113  2.422  -94.58   37.43    17.9    -2.6     7.7     7.2     0.0    12.01 C    21.6    -1.5     7.7    99.4    43.9    78.8   0.350   0.358   0.340   0.532   0.497    10.1    10.7    11.5    13.8    16.4
23908 20161114  2.422  -94.58   37.43    20.1     4.6    12.4    11.5     0.0    11.67 C    24.3     4.5    12.0    98.2    53.9    79.5   0.348   0.358   0.338   0.528   0.498    10.7    11.0    11.4    13.3    16.1
23908 20161115  2.422  -94.58   37.43    22.4     2.6    12.5    10.8     0.0    11.40 C    26.1     3.7    11.6   100.0    40.3    83.7   0.345   0.356   0.337   0.525   0.499    11.0    11.2    11.7    13.2    15.9
23908 20161116  2.422  -94.58   37.43    27.6     3.5    15.5    15.5     0.0    12.15 C    30.1     4.3    15.7    99.7    26.5    64.1   0.342   0.355   0.335   0.522   0.499    11.3    11.4    11.7    13.1    15.7
23908 20161117  2.422  -94.58   37.43    26.1    16.3    21.2    20.4     0.0    11.04 C    27.9    16.2    20.9    65.5    27.1    47.2   0.340   0.353   0.332   0.520   0.497    12.8    12.6    12.6    13.2    15.5
23908 20161118  2.422  -94.58   37.43    20.9     1.6    11.3     9.8     0.0     7.28 C    21.8     2.8    11.6    74.8    47.8    60.7   0.337   0.352   0.331   0.516   0.495    13.0    13.1    13.3    13.6    15.4
23908 20161119  2.422  -94.58   37.43     8.9    -3.7     2.6     1.5     0.0    12.32 C    14.0    -2.6     3.1    95.0    37.7    68.4   0.334   0.351   0.328   0.511   0.495    10.2    11.0    11.8    13.5    15.4
23908 20161120  2.422  -94.58   37.43    14.2    -4.9     4.6     3.3     0.0    11.82 C    18.0    -3.7     4.2    96.2    21.6    65.5   0.334   0.349   0.326   0.507   0.495     8.6     9.4    10.3    12.8    15.3
23908 20161121  2.422  -94.58   37.43    17.3    -1.0     8.1     8.6     0.0     7.79 C    21.8    -0.7     9.1    84.9    33.3    54.7   0.334   0.348   0.323   0.503   0.495     8.7     9.2     9.8    12.1    15.1
23908 20161122  2.422  -94.58   37.43    16.3     9.6    12.9    13.7     0.7     2.48 C    19.1     9.7    14.7    88.0    56.3    72.3   0.333   0.347   0.322   0.501   0.494    10.3    10.4    10.5    11.9    14.9
23908 20161123  2.422  -94.58   37.43    15.0     5.5    10.3     8.8     0.0     1.44 C    15.7     7.4    10.5    93.3    73.9    83.7   0.333   0.347   0.322   0.500   0.495    11.2    11.3    11.4    12.2    14.7
23908 20161124  2.422  -94.58   37.43    14.5     2.7     8.6     7.0     0.0    10.17 C    18.5     3.0     9.0    96.3    48.8    76.8   0.331   0.347   0.322   0.500   0.495    10.5    10.8    11.1    12.3    14.6
23908 20161125  2.422  -94.58   37.43    10.6    -2.2     4.2     4.8     0.0     8.26 C    15.8    -2.5     5.9   100.0    55.8    83.6   0.330   0.346   0.320   0.498   0.493     9.6    10.1    10.6    12.2    14.4
23908 20161126  2.422  -94.58   37.43    12.9    -4.6     4.1     3.4     0.0    11.25 C    16.4    -3.7     4.5   100.0    46.1    84.1   0.328   0.345   0.318   0.497   0.492     8.1     8.8     9.6    11.7    14.3
23908 20161127  2.422  -94.58   37.43    14.4     5.2     9.8    10.9     0.0     1.89 C    16.1     5.6    12.1    90.2    71.3    81.9   0.329   0.344   0.317   0.496   0.492     9.2     9.4     9.6    11.4    14.2
23908 20161128  2.422  -94.58   37.43    18.0     3.8    10.9    12.6     0.0     6.16 C    21.1     2.0    13.3    81.7    30.1    63.1   0.328   0.344   0.317   0.495   0.492    10.7    10.7    10.7    11.5    14.0
23908 20161129  2.422  -94.58   37.43    15.5     1.1     8.3     8.4     0.0    10.91 C    19.4     0.1     8.7    79.4    29.7    55.3   0.326   0.342   0.316   0.495   0.491     9.7    10.0    10.5    11.7    13.9
23908 20161130  2.422  -94.58   37.43     8.2    -2.7     2.8     2.2     0.0    10.85 C    11.0    -2.3     2.9    83.4    39.4    64.0   0.324   0.341   0.314   0.492   0.490     8.0     8.7     9.5    11.4    13.9
23908 20161201  2.422  -94.58   37.43    10.9    -4.3     3.3     2.3     0.0    10.60 C    16.4    -4.3     3.4    85.8    34.4    65.4   0.324   0.340   0.314   0.491   0.490     6.8     7.6     8.4    10.9    13.7
23908 20161202  2.422  -94.58   37.43    14.3    -0.3     7.0     6.6     0.0    10.07 C    19.4     0.6     8.1    89.1    25.7    56.8   0.323   0.339   0.314   0.489   0.488     7.4     7.8     8.3    10.4    13.6
23908 20161203  2.422  -94.58   37.43    11.3     4.0     7.6     6.6     2.9     2.61 C    14.3     5.0     7.9    96.6    47.0    68.1   0.322   0.338   0.312   0.488   0.488     8.0     8.4     8.7    10.3    13.4
23908 20161204  2.422  -94.58   37.43     8.9    -3.1     2.9     3.9     5.3     4.42 C    12.6    -2.4     5.1   100.0    67.0    91.4   0.342   0.344   0.318   0.489   0.487     8.2     8.6     8.9    10.3    13.3
23908 20161205  2.422  -94.58   37.43    10.1    -4.9     2.6     2.2     0.0     8.05 C    13.0    -3.2     2.9    98.7    58.3    86.7   0.336   0.344   0.320   0.492   0.487     6.8     7.5     8.1    10.2    13.1
23908 20161206  2.422  -94.58   37.43     6.1    -2.9     1.6     1.3     0.0     7.47 C    10.3    -3.3     2.5    99.2    40.4    70.4   0.333   0.343   0.320   0.492   0.486     6.2     7.0     7.6     9.8    13.0
23908 20161207  2.422  -94.58   37.43     2.6    -5.8    -1.6    -1.4     0.0     1.68 C     5.6    -4.4     0.3    92.8    44.9    70.8   0.332   0.343   0.318   0.491   0.483     5.5     6.3     7.0     9.4    12.9
23908 20161208  2.422  -94.58   37.43    -1.1   -10.3    -5.7    -6.2     0.0    10.87 C     3.1   -10.6    -4.6    87.8    49.4    68.0   0.332   0.342   0.318   0.490   0.482     4.2     5.2     6.1     9.0    12.7
23908 20161209  2.422  -94.58   37.43     0.2   -12.1    -6.0    -5.0     0.0     8.80 C     5.9   -11.7    -3.4    93.4    40.7    67.9   0.330   0.341   0.317   0.489   0.483     2.7     3.9     4.8     8.3    12.4
23908 20161210  2.422  -94.58   37.43     6.3    -1.2     2.6     2.9     0.0     2.62 C     9.0     0.0     4.3    64.0    26.9    45.2   0.330   0.341   0.317   0.487   0.482     3.9     4.4     4.9     7.6    12.2
23908 20161211  2.422  -94.58   37.43     9.8    -1.7     4.0     7.0     2.1     0.62 C    11.3    -1.0     8.3    96.9    49.0    78.0   0.331   0.342   0.317   0.487   0.480     5.5     5.7     5.8     7.6    11.9
23908 20161212  2.422  -94.58   37.43     3.1    -7.2    -2.1    -1.6     0.0     5.72 C     6.4    -5.5     0.3    93.4    76.5    88.1   0.332   0.342   0.318   0.488   0.477     4.9     5.5     6.0     7.9    11.7
23908 20161213  2.422  -94.58   37.43     2.3    -7.5    -2.6    -1.5     0.2     7.26 C     4.0    -6.3     0.3    96.1    65.2    80.9   0.331   0.343   0.318   0.488   0.477     4.8     5.5     5.9     7.8    11.5
23908 20161214  2.422  -94.58   37.43     2.3    -8.9    -3.3    -3.7     0.0     9.09 C     6.9    -7.9    -1.5    95.7    35.3    64.4   0.330   0.342   0.317   0.487   0.478     3.7     4.5     5.2     7.6    11.4
23908 20161215  2.422  -94.58   37.43     0.7    -6.3    -2.8    -2.3     0.0     6.66 C     3.4    -5.4    -0.3    59.6    30.2    40.5   0.329   0.341   0.316   0.486   0.477     3.3     4.1     4.7     7.3    11.2
23908 20161216  2.422  -94.58   37.43     9.7    -1.1     4.3     3.3     0.3     0.85 C    10.6     0.5     4.5    97.4    43.1    85.2   0.330   0.341   0.317   0.487   0.479     4.0     4.5     4.8     7.0    11.1
23908 20161217  2.422  -94.58   37.43 -9999.0 -9999.0 -9999.0 -9999.0     0.9     0.77 C     7.6   -11.9    -1.8    99.2    75.7    90.4   0.329   0.341   0.316   0.486   0.478     4.3     5.0     5.3     7.1    10.9
23908 20161218  2.422  -94.58   37.43 -9999.0 -9999.0 -9999.0 -9999.0     0.0    10.02 C    -5.3   -17.2   -13.2    83.6    52.8    72.1   0.326   0.340   0.315   0.486   0.477     2.1     3.3     4.1     6.9    10.7
23908 20161219  2.422  -94.58   37.43    -3.2   -18.4   -10.8 -9999.0     0.0     9.57 C    -0.2   -17.7   -10.3    99.9    43.9    72.3   0.323   0.338   0.312   0.483   0.476     1.1     2.2     3.0     6.2    10.6
23908 20161220  2.422  -94.58   37.43     7.2    -9.5    -1.2    -2.1     0.0    10.30 C    10.4    -9.9    -2.1    85.6    33.8    60.3   0.322   0.337   0.311   0.480   0.476     0.9     1.8     2.5     5.7    10.4
23908 20161221  2.422  -94.58   37.43     9.3    -5.5     1.9     1.2     0.0     6.06 C    12.0    -6.6     0.4    87.3    34.6    60.9   0.326   0.338   0.312   0.479   0.475     1.0     1.7     2.3     5.3    10.2
23908 20161222  2.422  -94.58   37.43     5.1    -4.2     0.4     1.1     0.0     4.52 C     9.6    -6.7     1.7    91.5    52.5    71.5   0.328   0.339   0.313   0.478   0.474     1.2     1.9     2.4     5.1     9.9
23908 20161223  2.422  -94.58   37.43     7.7     2.1     4.9     5.1     3.0     1.45 C     9.7     2.5     6.1    96.0    58.7    84.1   0.333   0.342   0.315   0.479   0.472     2.6     2.8     3.0     5.0     9.7
23908 20161224  2.422  -94.58   37.43    11.5     2.8     7.1     6.7     0.0     4.37 C    14.3     2.8     8.1    98.0    72.4    91.9   0.334   0.347   0.318   0.482   0.471     4.3     4.3     4.3     5.4     9.5
23908 20161225  2.422  -94.58   37.43    22.0     8.4    15.2    15.2     6.8     3.72 C    23.4     9.6    15.8    98.3    62.8    84.8   0.340   0.349   0.321   0.486   0.471     6.7     6.1     5.6     6.0     9.4
23908 20161226  2.422  -94.58   37.43 -9999.0 -9999.0 -9999.0 -9999.0     0.0     6.12 C    14.9    -3.4     8.6    80.3    32.3    53.9   0.350   0.354   0.329   0.495   0.471     7.4     7.4     7.2     6.9     9.3
23908 20161227  2.422  -94.58   37.43 -9999.0 -9999.0 -9999.0 -9999.0     0.0    10.50 C    16.4    -5.6     2.1    89.3    34.8    64.5   0.343   0.352   0.328   0.500   0.471     4.9     5.6     6.1     7.3     9.4
23908 20161228  2.422  -94.58   37.43    15.1    -0.3     7.4     7.3     0.0     9.89 C    19.3    -2.1     7.5    86.0    36.2    60.7   0.341   0.352   0.328   0.500   0.470     5.0     5.3     5.6     7.0     9.5
23908 20161229  2.422  -94.58   37.43    10.1    -2.0     4.0     3.2     0.0     9.49 C    13.3    -3.9     3.3    71.6    23.1    45.7   0.340   0.351   0.327   0.500   0.471     4.6     5.1     5.5     6.9     9.5
23908 20161230  2.422  -94.58   37.43    13.2    -6.1     3.6     4.2     0.0    10.62 C    15.4    -6.4     4.6    82.2    17.7    43.0   0.338   0.351   0.326   0.501   0.471     3.7     4.3     4.8     6.7     9.5
23908 20161231  2.422  -94.58   37.43    11.8    -4.0     3.9     6.0     0.0    10.27 C    16.2    -4.0     7.1    84.2    33.0    47.0   0.338   0.350   0.326   0.502   0.471     4.7     5.0     5.1     6.4     9.4
