03067 20160101  2.422 -100.96   38.87     7.1   -13.3    -3.1    -5.0     0.0    10.09 C    11.8   -15.1    -6.4    79.6    23.2    56.3 -99.000 -99.000   0.312   0.258   0.206    -0.3     0.2     0.8     3.0     5.5
03067 20160102  2.422 -100.96   38.87     9.9   -11.9    -1.0    -3.1     0.0    10.11 C    15.2   -15.4    -4.2    65.8    17.2    47.7 -99.000 -99.000   0.312   0.257   0.205    -0.4     0.1     0.7     2.9     5.3
03067 20160103  2.422 -100.96   38.87    10.6    -9.7     0.4    -1.4     0.0    10.10 C    19.2   -12.8    -2.6    80.3    12.7    48.5 -99.000 -99.000   0.310   0.258   0.205    -0.4     0.0     0.6     2.8     5.2
03067 20160104  2.422 -100.96   38.87     8.9   -12.4    -1.7    -2.5     0.0     9.83 C    13.9   -15.2    -3.8    79.1    31.7    60.6 -99.000 -99.000   0.308   0.257   0.205    -0.4    -0.1     0.5     2.6     5.0
03067 20160105  2.422 -100.96   38.87     8.8    -2.9     3.0     2.3     0.0     5.42 C    12.5    -5.1     1.6    84.1    39.6    67.2 -99.000 -99.000   0.302   0.257   0.204    -0.3     0.0     0.5     2.5     4.9
03067 20160106  2.422 -100.96   38.87     5.6    -1.7     1.9     1.9     0.0     4.34 C    15.3    -4.9     2.4    97.1    66.8    83.7 -99.000 -99.000   0.305   0.258   0.203    -0.2     0.0     0.5     2.4     4.8
03067 20160107  2.422 -100.96   38.87     1.7    -0.8     0.5     0.4     2.0     1.41 C     3.7    -0.6     0.6    96.7    92.1    94.8 -99.000 -99.000   0.310   0.257   0.204    -0.2     0.1     0.5     2.4     4.7
03067 20160108  2.422 -100.96   38.87     0.3    -4.2    -2.0    -2.3     0.0     2.79 C     0.2    -4.0    -1.6    95.0    73.1    84.4 -99.000 -99.000   0.309   0.257   0.203    -0.1     0.1     0.5     2.3     4.6
03067 20160109  2.422 -100.96   38.87    -0.9   -11.5    -6.2    -5.8     0.0     7.67 C     7.8   -14.2    -5.1    85.6    50.0    72.6 -99.000 -99.000   0.306   0.259   0.204    -0.1     0.2     0.6     2.3     4.5
03067 20160110  2.422 -100.96   38.87     7.8   -15.8    -4.0    -5.4     0.0     9.11 C    15.7   -16.6    -6.0    91.5    30.4    67.9 -99.000 -99.000   0.307   0.260   0.204    -0.2     0.1     0.5     2.3     4.4
03067 20160111  2.422 -100.96   38.87     9.8    -9.6     0.1    -1.5     0.0     9.64 C    14.7   -12.0    -2.3    83.2    20.6    55.0 -99.000 -99.000   0.306   0.259   0.204    -0.3     0.1     0.5     2.3     4.4
03067 20160112  2.422 -100.96   38.87     9.7   -12.3    -1.3    -1.5     0.0    10.92 C    16.5   -15.0    -2.7    76.8    18.2    45.5 -99.000 -99.000   0.297   0.258   0.203    -0.3     0.0     0.4     2.2     4.3
03067 20160113  2.422 -100.96   38.87    15.5    -8.3     3.6     2.4     0.0    10.69 C    20.3   -12.3     0.6    63.8    13.7    40.1 -99.000 -99.000   0.296   0.257   0.203    -0.4    -0.1     0.4     2.2     4.3
03067 20160114  2.422 -100.96   38.87    15.9    -6.7     4.6     3.7     0.0    10.57 C    20.0   -11.9     1.1    73.5    10.1    42.8 -99.000 -99.000   0.299   0.257   0.203    -0.3     0.0     0.3     2.1     4.2
03067 20160115  2.422 -100.96   38.87     6.9    -7.0    -0.1    -0.8     0.0     8.06 C    16.2    -8.7    -1.5    86.4    41.6    66.8 -99.000 -99.000   0.296   0.258   0.203    -0.2     0.0     0.4     2.1     4.1
03067 20160116  2.422 -100.96   38.87     7.1    -9.1    -1.0    -1.2     0.0    10.18 C    15.5   -12.4    -1.9    88.3    25.0    57.5 -99.000 -99.000   0.296   0.259   0.203    -0.2     0.0     0.4     2.1     4.1
03067 20160117  2.422 -100.96   38.87    -3.8   -10.2    -7.0    -8.1     0.0     5.97 C     4.1   -11.7    -5.4    91.1    50.6    71.5 -99.000 -99.000   0.296   0.260   0.203    -0.3     0.0     0.4     2.0     4.0
03067 20160118  2.422 -100.96   38.87     3.4    -7.8    -2.2    -3.5     0.0     5.43 C    11.1    -7.4    -2.3    91.1    51.0    76.5 -99.000 -99.000 -99.000   0.259   0.203    -0.4    -0.1     0.3     2.0     4.0
03067 20160119  2.422 -100.96   38.87     3.8   -10.3    -3.3    -2.9     0.0     4.61 C     7.7   -13.5    -2.7    94.1    65.2    85.1 -99.000 -99.000 -99.000   0.259   0.203    -0.3    -0.1     0.3     2.0     3.9
03067 20160120  2.422 -100.96   38.87     2.2   -11.7    -4.7    -3.4     0.0     3.39 C     4.7   -13.5    -2.7    96.8    73.7    87.6 -99.000 -99.000 -99.000   0.259   0.204    -0.4    -0.1     0.3     1.9     3.9
03067 20160121  2.422 -100.96   38.87     3.1    -9.3    -3.1    -2.3     0.0     7.98 C    10.1   -12.8    -2.2    94.5    52.3    75.7 -99.000 -99.000 -99.000   0.258   0.204    -0.3    -0.1     0.3     1.9     3.8
03067 20160122  2.422 -100.96   38.87     0.4   -11.2    -5.4    -4.6     0.0     3.46 C     5.8   -13.6    -3.9    94.5    72.1    88.5 -99.000 -99.000 -99.000   0.258   0.203    -0.4    -0.1     0.3     1.9     3.8
03067 20160123  2.422 -100.96   38.87    11.9    -5.5     3.2     0.4     0.0     9.61 C    19.9    -7.3     0.6    94.3    33.0    71.1 -99.000 -99.000 -99.000   0.258   0.202    -0.4    -0.1     0.3     1.8     3.7
03067 20160124  2.422 -100.96   38.87    13.6    -6.1     3.8     1.9     0.0     8.35 C    19.9    -9.0     1.8    88.0    32.5    67.1 -99.000 -99.000 -99.000   0.258   0.201    -0.3    -0.1     0.3     1.8     3.7
03067 20160125  2.422 -100.96   38.87     7.6    -6.9     0.3     1.1     0.0     7.06 C    14.4   -11.2     0.4    85.0    41.9    67.0 -99.000 -99.000 -99.000   0.258   0.201    -0.2    -0.1     0.3     1.8     3.7
03067 20160126  2.422 -100.96   38.87     9.2   -10.0    -0.4    -1.6     0.0    12.16 C    18.9   -12.1    -2.2    86.0    21.8    56.4 -99.000 -99.000 -99.000   0.258   0.201    -0.2     0.0     0.3     1.8     3.6
03067 20160127  2.422 -100.96   38.87    16.1   -10.0     3.1     1.1     0.0    11.46 C    24.5   -13.2     0.1    68.6    13.9    47.4 -99.000 -99.000 -99.000   0.258   0.202    -0.3     0.0     0.3     1.8     3.6
03067 20160128  2.422 -100.96   38.87    18.8    -5.0     6.9     5.6     0.0    12.29 C    25.8    -8.5     3.0    80.3    16.4    47.5 -99.000 -99.000 -99.000   0.258   0.202    -0.1     0.1     0.3     1.7     3.5
03067 20160129  2.422 -100.96   38.87    17.1    -6.3     5.4     3.5     0.0    10.05 C    22.2    -9.9     1.3    84.4    20.6    53.8 -99.000 -99.000   0.292   0.259   0.203     0.0     0.1     0.3     1.7     3.5
03067 20160130  2.422 -100.96   38.87    15.8    -5.9     5.0     5.2     0.0     8.66 C    24.9    -9.0     3.9    88.1    27.4    61.6 -99.000 -99.000   0.292   0.258   0.203     0.1     0.2     0.4     1.8     3.5
03067 20160131  2.422 -100.96   38.87     9.4    -2.3     3.6     4.2     0.0     7.27 C    21.8    -7.3     5.1    91.6    27.8    55.7   0.272   0.299   0.292   0.257   0.202     0.5     0.5     0.6     1.8     3.5
03067 20160201  2.422 -100.96   38.87     5.5    -1.2     2.1     1.9     1.8     3.39 C     8.2    -1.4     2.2    93.1    44.5    67.0   0.272   0.299   0.293   0.257   0.202     0.6     0.6     0.8     1.9     3.5
03067 20160202  2.422 -100.96   38.87    -1.1    -5.7    -3.4    -2.7    12.6     8.87 C    -1.3    -7.9    -3.1    93.2    75.6    86.5   0.270   0.299   0.296   0.257   0.201     0.5     0.6     0.9     2.0     3.5
03067 20160203  2.422 -100.96   38.87    -0.9   -12.6    -6.8    -8.2     0.0    13.41 C    -1.7   -16.9   -10.6    82.3    56.7    73.6   0.269   0.298   0.301   0.258   0.201     0.3     0.4     0.8     2.0     3.5
03067 20160204  2.422 -100.96   38.87     1.4   -16.0    -7.3    -8.0     0.0    13.46 C    -0.9   -21.3   -11.1    77.9    41.1    61.3 -99.000 -99.000   0.302   0.258   0.202     0.0     0.3     0.6     2.0     3.5
03067 20160205  2.422 -100.96   38.87     4.0    -9.1    -2.6    -3.1     0.0    12.83 C     0.3   -12.0    -5.7    82.5    48.9    70.2 -99.000 -99.000   0.302   0.257   0.202     0.0     0.2     0.6     2.0     3.5
03067 20160206  2.422 -100.96   38.87     8.3   -11.3    -1.5    -2.1     0.0    12.86 C     1.3   -15.5    -6.6    79.4    40.0    62.9 -99.000 -99.000   0.303   0.257   0.202     0.0     0.2     0.5     1.9     3.5
03067 20160207  2.422 -100.96   38.87     5.8    -3.2     1.3     1.4     0.0    12.31 C     3.6    -6.2    -1.6    76.6    39.7    56.8 -99.000 -99.000   0.303   0.257   0.200     0.1     0.2     0.5     1.9     3.5
03067 20160208  2.422 -100.96   38.87     5.2    -7.1    -0.9    -1.1     0.0    12.72 C     5.9    -9.5    -3.3    86.5    29.3    53.1 -99.000 -99.000   0.310   0.258   0.201     0.0     0.2     0.5     1.9     3.4
03067 20160209  2.422 -100.96   38.87     8.2    -6.8     0.7     0.5     0.0    13.65 C    15.8   -10.0    -0.2    88.0    33.6    66.8 -99.000 -99.000   0.318   0.258   0.201     0.2     0.3     0.5     1.9     3.4
03067 20160210  2.422 -100.96   38.87    19.2    -0.5     9.3     7.2     0.0    14.65 C    25.4    -3.5     5.8    78.6    16.9    51.1 -99.000   0.334   0.322   0.257   0.201     0.7     0.7     0.7     1.8     3.3
03067 20160211  2.422 -100.96   38.87    20.7    -3.6     8.5     5.1     0.0    13.05 C    27.4    -8.0     3.8    88.1    14.4    61.6   0.340   0.342   0.324   0.258   0.201     1.5     1.3     1.2     2.0     3.3
03067 20160212  2.422 -100.96   38.87     7.6    -2.6     2.5     0.9     0.0    10.18 C    24.8    -6.3     2.0    88.9    56.5    77.6   0.344   0.346   0.327   0.258   0.201     1.7     1.7     1.6     2.2     3.4
03067 20160213  2.422 -100.96   38.87     5.8    -4.9     0.5    -1.5     0.0     4.80 C    12.6    -5.3    -0.6    91.3    53.8    77.3   0.340   0.343   0.327   0.259   0.202     1.2     1.4     1.6     2.4     3.4
03067 20160214  2.422 -100.96   38.87    12.2    -5.7     3.3     3.6     0.3     9.82 C    25.1   -10.1     3.0    89.3    23.6    59.3   0.337   0.341   0.327   0.260   0.203     1.4     1.4     1.4     2.4     3.5
03067 20160215  2.422 -100.96   38.87    17.9    -4.9     6.5     6.4     0.0    12.26 C    26.1    -6.7     5.8    92.0    21.7    61.2   0.337   0.342   0.327   0.262   0.203     2.4     2.2     2.0     2.5     3.5
03067 20160216  2.422 -100.96   38.87    13.6     0.1     6.9     6.2     0.0    13.44 C    26.1    -4.8     6.9    83.7    25.3    56.1   0.337   0.342   0.329   0.263   0.202     3.5     3.2     2.8     2.7     3.6
03067 20160217  2.422 -100.96   38.87    21.0    -2.9     9.0     8.6     0.0    14.14 C    33.4    -6.6     8.0    81.8    16.4    47.9   0.335   0.341   0.329   0.265   0.203     3.5     3.3     3.0     3.1     3.7
03067 20160218  2.422 -100.96   38.87    31.1     2.0    16.6    16.7     0.0    15.41 C    37.1    -2.3    15.4    66.4     5.5    30.7   0.335   0.342   0.330   0.266   0.203     5.1     4.6     3.9     3.4     3.9
03067 20160219  2.422 -100.96   38.87    19.7     1.6    10.6    11.2     0.0    12.39 C    32.5    -2.8    11.1    43.7     7.2    25.6   0.334   0.342   0.331   0.269   0.203     6.0     5.6     4.9     3.9     4.0
03067 20160220  2.422 -100.96   38.87    20.4    -1.0     9.7     9.8     0.0    16.03 C    33.7    -6.4     9.2    72.9    12.2    34.2   0.331   0.340   0.331   0.270   0.204     5.5     5.4     5.0     4.3     4.2
03067 20160221  2.422 -100.96   38.87    12.3    -5.0     3.7     4.4     0.0    15.04 C    27.0    -8.4     5.0    87.7    17.9    53.4   0.328   0.338   0.330   0.272   0.204     5.1     5.1     5.0     4.7     4.4
03067 20160222  2.422 -100.96   38.87    13.5    -8.0     2.7     3.1     0.0    13.96 C    24.8   -11.0     3.4    82.7    29.9    55.6   0.323   0.334   0.328   0.273   0.205     4.1     4.2     4.4     4.8     4.7
03067 20160223  2.422 -100.96   38.87     8.9    -5.8     1.5     2.9     2.3    14.48 C    16.6    -9.7     3.2    90.8    21.0    55.4   0.329   0.335   0.328   0.274   0.205     4.3     4.4     4.4     4.7     4.8
03067 20160224  2.422 -100.96   38.87    13.2    -7.1     3.0     1.3     0.0    16.95 C    21.9   -10.8     1.5    75.8    12.0    46.5   0.326   0.335   0.326   0.274   0.205     3.2     3.5     3.9     4.7     4.9
03067 20160225  2.422 -100.96   38.87     7.9    -8.4    -0.3    -0.9     0.0    17.25 C    21.5   -12.0     0.4    75.0    19.6    48.0   0.324   0.333   0.325   0.274   0.206     2.8     3.1     3.5     4.5     5.0
03067 20160226  2.422 -100.96   38.87    17.8    -5.4     6.2     6.0     0.0    17.14 C    29.4   -10.4     5.0    64.2    11.9    34.5   0.322   0.331   0.324   0.273   0.206     3.1     3.1     3.3     4.3     5.0
03067 20160227  2.422 -100.96   38.87    24.8    -0.9    11.9    11.3     0.0    17.17 C    33.8    -8.6     9.1    57.1     8.9    30.4   0.321   0.331   0.324   0.273   0.207     3.9     3.7     3.6     4.3     5.0
03067 20160228  2.422 -100.96   38.87    17.4     0.5     9.0    11.3     0.0    17.30 C    28.0    -5.6    10.7    54.6    16.7    30.8   0.322   0.333   0.326   0.274   0.207     5.5     5.2     4.7     4.5     5.0
03067 20160229  2.422 -100.96   38.87    21.7     0.0    10.9    10.8     0.0    14.41 C    35.1    -5.9    10.7    68.8    12.8    36.5   0.319   0.331   0.326   0.275   0.206     5.3     5.2     4.9     4.8     5.0
03067 20160301  2.422 -100.96   38.87    14.7    -1.7     6.5     6.8     0.0    17.73 C    29.4    -4.6     7.8    73.1    12.4    39.6   0.317   0.331   0.327   0.275   0.205     5.7     5.6     5.4     5.1     5.1
03067 20160302  2.422 -100.96   38.87    19.2    -3.1     8.0     8.2     0.0     8.32 C    25.4    -6.1     6.7    67.9    18.6    38.6   0.313   0.328   0.325   0.277   0.205     5.1     5.2     5.2     5.3     5.3
03067 20160303  2.422 -100.96   38.87    17.3    -2.1     7.6     7.6     0.0    16.95 C    32.7    -6.9     8.0    90.7    14.0    47.6   0.313   0.327   0.325   0.277   0.207     5.7     5.6     5.4     5.4     5.4
03067 20160304  2.422 -100.96   38.87    21.9    -0.5    10.7     9.8     0.0    15.11 C    32.2    -5.3     9.2    72.1    13.2    39.9   0.311   0.326   0.324   0.277   0.207     5.9     5.7     5.5     5.5     5.5
03067 20160305  2.422 -100.96   38.87    20.7    -3.1     8.8     9.0     0.0    15.15 C    29.7    -8.3     8.3    77.5     9.0    41.0   0.308   0.325   0.324   0.277   0.207     5.8     5.7     5.6     5.7     5.6
03067 20160306  2.422 -100.96   38.87    23.0     5.5    14.2    13.5     0.0    14.41 C    38.7    -0.2    13.7    80.1    14.5    43.6   0.308   0.326   0.324   0.279   0.208     7.2     6.8     6.2     5.8     5.7
03067 20160307  2.422 -100.96   38.87    25.0    -0.2    12.4    12.4     0.0    18.88 C    32.6    -3.7    11.4    73.9     6.1    37.1   0.306   0.325   0.325   0.279   0.208     7.4     7.2     6.7     6.1     5.9
03067 20160308  2.422 -100.96   38.87    16.2    -2.5     6.9     6.4     0.0    13.37 C    31.4    -5.1     7.3    91.9    22.4    59.8   0.303   0.323   0.324   0.281   0.208     7.0     7.0     6.8     6.4     6.0
03067 20160309  2.422 -100.96   38.87    20.1    -5.4     7.3     7.1     0.0    18.79 C    34.5    -8.3     8.8    89.6    18.3    53.0   0.300   0.321   0.323   0.282   0.208     6.8     6.8     6.6     6.5     6.2
03067 20160310  2.422 -100.96   38.87    19.3     1.3    10.3    10.2     0.0    19.58 C    36.9    -3.2    11.9    80.9    15.7    44.9   0.299   0.321   0.324   0.281   0.208     7.7     7.5     7.1     6.6     6.3
03067 20160311  2.422 -100.96   38.87    21.8     2.6    12.2    11.1     0.0    19.55 C    33.9    -3.7    11.0    63.5    15.8    38.3   0.297   0.320   0.323   0.282   0.209     7.7     7.6     7.3     6.9     6.4
03067 20160312  2.422 -100.96   38.87    19.8    -1.3     9.3    10.1     0.0    13.59 C    31.3    -6.1    10.3    80.6    46.2    63.0   0.295   0.319   0.323   0.282   0.210     7.7     7.6     7.4     7.1     6.6
03067 20160313  2.422 -100.96   38.87    23.9     6.5    15.2    13.9     0.3    17.96 C    36.1     0.9    15.3    94.7    14.8    55.0   0.296   0.320   0.323   0.282   0.210     9.5     9.1     8.3     7.3     6.8
03067 20160314  2.422 -100.96   38.87    26.1     1.4    13.8    13.5     0.0    18.16 C    38.2    -2.9    14.5    59.6     9.3    31.6   0.293   0.319   0.324   0.284   0.210     9.3     9.1     8.6     7.7     6.9
03067 20160315  2.422 -100.96   38.87    14.2    -2.8     5.7     8.8     0.0    18.02 C    26.2    -6.3     9.5    52.7    10.7    25.9   0.290   0.317   0.324   0.283   0.211     8.9     9.0     8.8     8.0     7.2
03067 20160316  2.422 -100.96   38.87    14.9    -2.9     6.0     6.6     0.0    18.43 C    28.9    -6.5     8.5    52.8    11.3    28.9   0.285   0.314   0.321   0.284   0.210     7.7     7.9     8.1     8.1     7.4
03067 20160317  2.422 -100.96   38.87    17.0    -3.1     6.9     6.5     1.0    17.46 C    34.5    -8.2     9.0    93.7    15.6    39.8   0.282   0.312   0.320   0.284   0.212     7.8     7.8     7.8     8.0     7.5
03067 20160318  2.422 -100.96   38.87     2.8    -4.4    -0.8    -0.8     6.6    12.18 C     1.1    -7.3    -1.4    96.9    60.1    82.5   0.282   0.310   0.320   0.285   0.212     6.8     7.2     7.6     8.0     7.6
03067 20160319  2.422 -100.96   38.87     7.1    -7.8    -0.4    -1.1     0.0    20.23 C    12.8   -12.1    -2.3    87.0    21.7    56.8   0.292   0.318   0.317   0.283   0.212     5.3     6.0     6.6     7.7     7.6
03067 20160320  2.422 -100.96   38.87    13.2   -10.7     1.3     0.5     0.0    21.66 C    26.9   -13.0     2.8    80.0    14.3    48.8   0.308   0.334   0.320   0.282   0.213     4.6     5.0     5.5     7.3     7.6
03067 20160321  2.422 -100.96   38.87    27.6    -7.0    10.3    11.4     0.0    18.41 C    36.3    -9.1    11.0    79.8     6.7    34.2   0.316   0.335   0.324   0.281   0.212     6.0     5.9     5.9     6.9     7.5
03067 20160322  2.422 -100.96   38.87    29.4     3.2    16.3    15.1     0.0    12.64 C    37.9    -1.2    12.9    61.1     5.2    28.7   0.318   0.337   0.327   0.281   0.210     7.6     7.3     6.9     7.0     7.4
03067 20160323  2.422 -100.96   38.87    10.7    -0.7     5.0     3.2     0.9     5.36 C     9.3    -4.3     2.7    92.0    47.0    77.6   0.316   0.335   0.327   0.282   0.211     6.7     7.0     7.2     7.2     7.3
03067 20160324  2.422 -100.96   38.87    12.6    -4.0     4.3     3.1     0.0    21.67 C    28.9    -5.6     6.5    82.0    30.1    59.0   0.313   0.332   0.325   0.283   0.211     6.1     6.2     6.4     7.2     7.3
03067 20160325  2.422 -100.96   38.87    16.1    -0.9     7.6     7.9     0.0    20.37 C    35.7    -4.9    10.6    65.7    21.8    42.3   0.313   0.332   0.326   0.282   0.211     7.0     6.9     6.8     7.2     7.3
03067 20160326  2.422 -100.96   38.87     7.1    -4.4     1.3     3.1     0.0    12.27 C    15.0    -7.0     4.7    83.4    44.3    59.9   0.311   0.330   0.325   0.283   0.211     6.8     7.1     7.2     7.3     7.3
03067 20160327  2.422 -100.96   38.87    17.1    -9.1     4.0     4.0     0.0    23.00 C    34.1   -10.7     6.9    85.8     8.4    46.1   0.307   0.328   0.324   0.282   0.212     6.4     6.4     6.6     7.3     7.4
03067 20160328  2.422 -100.96   38.87    22.0    -2.1     9.9    10.0     0.0    16.67 C    32.3    -8.0    10.1    66.4    20.2    41.7   0.305   0.326   0.324   0.283   0.213     6.9     6.9     6.8     7.3     7.4
03067 20160329  2.422 -100.96   38.87    24.1     8.0    16.1    15.1     0.0    17.53 C    31.5     6.6    16.0    75.9    30.9    52.8   0.306   0.328   0.326   0.282   0.212     8.9     8.5     7.8     7.3     7.4
03067 20160330  2.422 -100.96   38.87    19.4     3.3    11.3    11.9     0.0    19.72 C    35.5     2.4    14.6    83.5    17.4    53.0   0.305   0.329   0.327   0.284   0.212    10.1     9.8     9.0     7.8     7.5
03067 20160331  2.422 -100.96   38.87    13.2    -3.9     4.7     5.4     0.0    16.98 C    25.9    -6.5     7.1    83.9    23.2    54.3   0.299   0.325   0.326   0.285   0.213     8.7     8.9     8.9     8.3     7.6
03067 20160401  2.422 -100.96   38.87    12.7    -6.3     3.2     3.0     0.0    22.32 C    26.8    -8.4     4.6    81.6    18.8    46.9   0.294   0.321   0.323   0.285   0.213     7.3     7.6     8.0     8.3     7.8
03067 20160402  2.422 -100.96   38.87    21.3    -3.4     9.0     9.6     0.0    23.42 C    37.7    -6.8    11.7    68.4    16.6    39.4   0.292   0.319   0.322   0.283   0.213     7.9     7.8     7.7     8.1     7.9
03067 20160403  2.422 -100.96   38.87    26.0     3.4    14.7    14.9     0.0    23.81 C    40.7    -3.4    15.7    57.3     9.7    29.4   0.289   0.319   0.322   0.283   0.215     9.3     9.0     8.5     8.2     8.0
03067 20160404  2.422 -100.96   38.87    24.9     2.7    13.8    14.1     0.0    21.46 C    38.5    -1.1    15.8    70.5    17.8    39.2   0.286   0.318   0.323   0.286   0.214    10.3    10.0     9.3     8.5     8.0
03067 20160405  2.422 -100.96   38.87    26.9     8.7    17.8    14.9     0.3    17.38 C    42.2     5.0    16.2    70.4    12.7    38.2   0.281   0.317   0.324   0.286   0.213    11.0    10.7    10.0     8.9     8.2
03067 20160406  2.422 -100.96   38.87    22.8    -0.3    11.2    11.1     0.0    23.73 C    32.7    -2.4    12.1    65.7    12.1    34.9   0.275   0.313   0.322   0.287   0.215    10.3    10.3    10.0     9.2     8.4
03067 20160407  2.422 -100.96   38.87    19.6     2.4    11.0    11.3     0.0    23.45 C    34.1    -2.5    12.7    67.2    19.3    39.0   0.270   0.310   0.321   0.287   0.215    10.3    10.3    10.0     9.4     8.6
03067 20160408  2.422 -100.96   38.87    23.0     2.4    12.7    12.7     0.0    21.70 C    38.7    -2.4    15.3    59.6    18.1    36.2   0.267   0.307   0.320   0.286   0.215    10.9    10.6    10.2     9.5     8.8
03067 20160409  2.422 -100.96   38.87    25.0     1.2    13.1    14.2     0.0    19.22 C    35.7    -0.1    15.8    65.6    25.8    44.9   0.263   0.305   0.319   0.289   0.216    11.3    11.1    10.6     9.7     8.9
03067 20160410  2.422 -100.96   38.87    21.9     6.9    14.4    14.2     0.0    20.71 C    37.7     3.4    16.3    80.2    22.9    44.2   0.260   0.303   0.319   0.288   0.216    12.1    11.8    11.2    10.0     9.0
03067 20160411  2.422 -100.96   38.87    14.6     3.2     8.9     8.5     0.8    12.45 C    29.3     0.4    10.6    90.2    32.5    63.8   0.256   0.300   0.317   0.288   0.216    11.3    11.4    11.2    10.3     9.2
03067 20160412  2.422 -100.96   38.87    19.7     0.0     9.8     9.9     0.0    24.32 C    30.3    -3.4    11.4    95.9    30.5    61.3   0.253   0.296   0.314   0.288   0.217    10.6    10.7    10.6    10.4     9.4
03067 20160413  2.422 -100.96   38.87    24.2     0.4    12.3    12.7     0.0    24.86 C    39.6    -2.2    15.8    94.5    22.2    58.6   0.251   0.293   0.312   0.288   0.217    11.6    11.4    10.9    10.4     9.5
03067 20160414  2.422 -100.96   38.87    25.5     8.7    17.1    16.1     0.0    19.85 C    35.9     6.2    18.2    92.9    32.7    64.8   0.249   0.292   0.312   0.288   0.217    12.9    12.5    11.8    10.6     9.7
03067 20160415  2.422 -100.96   38.87 -9999.0 -9999.0 -9999.0 -9999.0 -9999.0 -9999.00 U -9999.0 -9999.0 -9999.0 -9999.0 -9999.0 -9999.0 -99.000 -99.000 -99.000 -99.000 -99.000 -9999.0 -9999.0 -9999.0 -9999.0 -9999.0
03067 20160416  2.422 -100.96   38.87    14.2     7.3    10.7    11.0    54.4     1.72 C    14.4     7.2    11.1    94.1    89.7    92.3   0.450   0.424   0.382   0.304   0.218    12.0    12.3    12.2    11.3    10.0
03067 20160417  2.422 -100.96   38.87     9.2     4.7     7.0     6.4     2.9     8.07 C    17.6     4.9     7.9    93.0    74.1    87.2   0.416   0.413   0.402   0.379   0.219    10.6    11.0    11.3    11.4    10.2
03067 20160418  2.422 -100.96   38.87    13.8     3.4     8.6     7.2     0.6    15.40 C    25.6    -0.5     9.2    92.6    44.5    73.1   0.396   0.397   0.389   0.376   0.218    10.2    10.4    10.7    11.1    10.4
03067 20160419  2.422 -100.96   38.87    10.2     2.4     6.3     6.2     3.1     7.32 C    16.7    -0.3     7.0    95.6    69.6    85.3   0.389   0.392   0.382   0.370   0.218     9.7    10.0    10.3    10.9    10.4
03067 20160420  2.422 -100.96   38.87    18.2     2.6    10.4     9.7     0.0    18.73 C    31.3     1.7    12.0    99.7    37.0    73.0   0.383   0.387   0.379   0.366   0.218    10.6    10.5    10.4    10.7    10.4
03067 20160421  2.422 -100.96   38.87    21.4     4.2    12.8    13.1     0.0    23.05 C    33.6     3.0    14.5    91.9    29.6    61.3   0.374   0.381   0.375   0.362   0.218    11.5    11.3    11.0    10.8    10.4
03067 20160422  2.422 -100.96   38.87    24.8     2.5    13.7    14.8     0.0    26.30 C    36.0     0.3    16.5    93.6    28.7    59.4   0.364   0.375   0.370   0.359   0.220    12.3    12.0    11.5    10.9    10.4
03067 20160423  2.422 -100.96   38.87    28.4    11.3    19.8    19.9     0.0    20.53 C    32.7     7.6    19.6    72.6    28.6    48.0   0.353   0.369   0.367   0.357   0.224    13.5    13.2    12.4    11.2    10.5
03067 20160424  2.422 -100.96   38.87    26.6     9.1    17.8    18.4     0.0    26.40 C    38.3     6.2    20.4    82.2    10.4    43.0   0.341   0.362   0.364   0.354   0.228    14.8    14.3    13.4    11.6    10.6
03067 20160425  2.422 -100.96   38.87    22.9     3.4    13.1    14.6     0.0    26.26 C    37.5     0.2    17.5    85.3    32.3    54.7   0.326   0.353   0.360   0.353   0.233    14.2    14.0    13.5    12.1    10.8
03067 20160426  2.422 -100.96   38.87    24.6     9.4    17.0    16.8     0.0    23.28 C    38.5     6.6    18.7    96.0     9.4    49.8   0.314   0.346   0.356   0.350   0.238    14.8    14.6    13.9    12.4    11.0
03067 20160427  2.422 -100.96   38.87    16.3     1.9     9.1     9.1     0.0    21.25 C    27.8    -0.9    11.5    89.2    33.4    60.6   0.301   0.338   0.351   0.347   0.243    12.9    13.3    13.5    12.6    11.3
03067 20160428  2.422 -100.96   38.87    13.4     0.0     6.7     7.4     0.2    16.45 C    29.7    -2.0    10.7    89.0    44.0    65.3   0.293   0.331   0.347   0.346   0.246    11.9    12.2    12.5    12.6    11.5
03067 20160429  2.422 -100.96   38.87     7.5     1.8     4.6     4.6    37.2     2.93 C     7.2     0.5     5.0    95.5    82.4    90.7   0.409   0.394   0.373   0.344   0.249     9.9    10.8    11.6    12.3    11.5
03067 20160430  2.422 -100.96   38.87     8.5     1.5     5.0     4.3     0.2    11.21 C    13.1     1.3     5.9    94.0    58.8    78.4   0.403   0.403   0.394   0.369   0.252     8.6     9.1     9.9    11.7    11.5
03067 20160501  2.422 -100.96   38.87    10.6     2.4     6.5     6.1     0.0     8.30 C    17.1     2.3     7.1    90.6    55.2    75.7   0.385   0.389   0.383   0.371   0.255     8.6     9.0     9.6    11.2    11.4
03067 20160502  2.422 -100.96   38.87    18.0     1.0     9.5    10.3     0.0    27.76 C    31.6    -0.3    13.5    89.2    23.5    54.5   0.376   0.382   0.377   0.368   0.258    10.4    10.2    10.0    10.9    11.2
03067 20160503  2.422 -100.96   38.87    19.1     5.5    12.3    12.7     0.0    25.54 C    33.3     2.7    14.5    88.0    34.5    56.3   0.365   0.376   0.373   0.364   0.261    11.8    11.6    11.1    11.0    11.0
03067 20160504  2.422 -100.96   38.87    25.0     4.4    14.7    15.2     0.0    27.37 C    36.3     2.4    16.6    84.7    23.8    53.3   0.351   0.368   0.368   0.361   0.267    12.6    12.3    11.8    11.2    11.0
03067 20160505  2.422 -100.96   38.87    27.7     6.2    16.9    17.7     0.0    25.88 C    36.2     2.7    17.8    86.6    29.2    54.6   0.335   0.359   0.364   0.359   0.272    13.6    13.3    12.6    11.5    11.0
03067 20160506  2.422 -100.96   38.87    30.3    11.2    20.7    20.5     0.0    26.66 C    36.1     8.5    20.4    74.1    18.0    46.2   0.320   0.351   0.359   0.356   0.278    14.8    14.4    13.5    12.0    11.1
03067 20160507  2.422 -100.96   38.87    28.5    11.3    19.9    20.3     0.0    19.13 C    34.2     8.5    19.8    77.8    30.2    52.7   0.304   0.343   0.356   0.353   0.283    15.3    15.0    14.2    12.5    11.3
03067 20160508  2.422 -100.96   38.87    23.9     6.8    15.3    14.0    15.6    20.72 C    36.8     3.6    14.7    92.2    33.6    67.7   0.329   0.346   0.351   0.352   0.287    14.0    14.3    14.1    12.8    11.5
03067 20160509  2.422 -100.96   38.87    21.9     4.7    13.3    14.0     0.0    26.08 C    33.2     2.9    15.8    92.9    42.5    71.6   0.381   0.373   0.361   0.349   0.290    14.1    13.8    13.4    12.9    11.7
03067 20160510  2.422 -100.96   38.87    28.6     7.3    17.9    17.2     0.6    25.75 C    35.6     5.2    18.2    89.9    24.3    53.7   0.362   0.367   0.361   0.347   0.294    15.3    15.0    14.3    13.0    11.9
03067 20160511  2.422 -100.96   38.87    20.7     7.7    14.2    13.9     1.6    24.58 C    33.3     6.5    16.6    91.8    31.6    64.8   0.346   0.358   0.357   0.348   0.296    15.2    15.1    14.7    13.3    12.0
03067 20160512  2.422 -100.96   38.87    23.7     4.5    14.1    14.1     0.0    25.49 C    33.5     3.8    15.5    93.0    26.8    61.8   0.333   0.350   0.354   0.345   0.298    15.2    15.1    14.7    13.5    12.2
03067 20160513  2.422 -100.96   38.87    25.0     4.1    14.6    14.7     0.0    27.90 C    30.6     2.7    16.3    81.0    24.8    54.8   0.316   0.340   0.349   0.343   0.300    15.2    15.2    14.9    13.7    12.4
03067 20160514  2.422 -100.96   38.87    11.6     2.0     6.8     7.9     0.0    14.81 C    20.6    -0.5    10.9    87.5    40.8    57.4   0.303   0.332   0.344   0.343   0.300    13.7    14.0    14.2    13.8    12.6
03067 20160515  2.422 -100.96   38.87    13.2     7.9    10.6    10.3     0.0     5.84 C    14.8     7.9    10.6    72.6    45.0    56.6   0.295   0.327   0.340   0.341   0.301    12.8    13.3    13.6    13.7    12.7
03067 20160516  2.422 -100.96   38.87     9.9     7.4     8.7     8.5    10.6     5.12 C    12.3     7.8     9.3    95.1    67.8    90.8   0.308   0.326   0.337   0.339   0.303    12.1    12.5    12.9    13.4    12.7
03067 20160517  2.422 -100.96   38.87    15.8     4.4    10.1    10.1     0.3    10.84 C    24.6     1.5    10.5    93.2    44.9    76.2   0.374   0.357   0.339   0.338   0.305    12.1    12.3    12.5    13.2    12.7
03067 20160518  2.422 -100.96   38.87    17.2     2.6     9.9    11.3     0.0    16.16 C    29.9     0.3    11.8    93.5    44.0    66.2   0.361   0.357   0.343   0.336   0.304    12.2    12.3    12.4    12.9    12.6
03067 20160519  2.422 -100.96   38.87    17.4     8.5    12.9    12.7     0.0    13.90 C    23.6     7.8    13.5    93.6    47.9    69.2   0.351   0.353   0.343   0.334   0.302    13.0    13.1    12.9    12.9    12.6
03067 20160520  2.422 -100.96   38.87    20.2     9.3    14.8    14.3     0.0    15.64 C    29.1     9.6    15.7    94.9    58.4    80.6   0.341   0.348   0.341   0.333   0.303    13.7    13.5    13.2    12.9    12.5
03067 20160521  2.422 -100.96   38.87    26.9    13.8    20.3    19.2     0.0    18.13 C    33.3    13.7    20.1    93.1    55.5    78.2   0.331   0.344   0.340   0.333   0.302    15.5    15.0    14.2    13.1    12.5
03067 20160522  2.422 -100.96   38.87    30.5    19.5    25.0    23.1     0.0    22.61 C    35.0    18.3    23.8    86.6    36.2    71.8   0.318   0.337   0.338   0.333   0.303    17.8    17.1    15.7    13.6    12.6
03067 20160523  2.422 -100.96   38.87    25.7    13.9    19.8    20.3     0.0    26.64 C    36.6    14.0    22.7    90.1    43.6    64.9   0.298   0.327   0.334   0.332   0.303    18.6    18.0    16.8    14.2    12.7
03067 20160524  2.422 -100.96   38.87    26.2    15.1    20.6    19.6     0.0    17.26 C    33.6    14.2    20.6    91.8    48.0    73.6   0.281   0.316   0.329   0.333   0.303    18.4    18.1    17.3    14.9    13.0
03067 20160525  2.422 -100.96   38.87    26.6    15.1    20.8    19.5     0.0    23.02 C    37.1    13.8    21.9    94.4    30.9    73.9   0.267   0.307   0.323   0.332   0.304    18.8    18.4    17.5    15.3    13.3
03067 20160526  2.422 -100.96   38.87    25.8     8.2    17.0    16.8     2.2    15.64 C    34.8     6.8    17.6    90.8    43.9    71.9   0.252   0.298   0.318   0.330   0.305    18.0    18.1    17.5    15.6    13.6
03067 20160527  2.422 -100.96   38.87    21.0     7.6    14.3    14.0     0.2    16.34 C    30.6     5.6    15.7    94.0    42.7    80.5   0.243   0.290   0.313   0.328   0.305    17.2    17.3    17.0    15.7    13.9
03067 20160528  2.422 -100.96   38.87    25.0     6.8    15.9    16.7     0.0    29.04 C    35.9     6.5    18.5    93.9    32.0    63.0   0.236   0.283   0.308   0.327   0.305    17.6    17.4    16.9    15.7    14.1
03067 20160529  2.422 -100.96   38.87    29.4    11.0    20.2    18.9     8.8    18.46 C    35.7     8.0    18.4    83.0    36.9    60.9   0.232   0.274   0.301   0.325   0.305    17.7    17.7    17.2    15.9    14.3
03067 20160530  2.422 -100.96   38.87    28.7     9.7    19.2    19.3     6.4    27.33 C    33.3     7.5    19.6    91.7    32.7    63.4   0.280   0.271   0.295   0.322   0.305    18.1    17.9    17.2    16.0    14.4
03067 20160531  2.422 -100.96   38.87    22.8    11.6    17.2    16.9     0.0    25.61 C    33.0    10.8    19.3    92.9    48.8    72.2   0.334   0.293   0.293   0.320   0.305    18.9    18.6    17.8    16.1    14.5
03067 20160601  2.422 -100.96   38.87    24.0    12.0    18.0    17.4     0.0    23.80 C    35.3     8.6    19.1    92.0    40.5    67.1   0.308   0.290   0.292   0.319   0.307    19.1    18.9    18.2    16.4    14.7
03067 20160602  2.422 -100.96   38.87    27.4     8.9    18.2    18.8     0.0    27.26 C    34.7     6.9    19.7    92.8    33.1    64.5   0.281   0.282   0.288   0.317   0.307    18.9    18.7    18.1    16.6    14.9
03067 20160603  2.422 -100.96   38.87    30.1    15.2    22.6    22.1     0.0    28.25 C    37.7    13.7    22.9    84.3    27.5    56.8   0.255   0.274   0.285   0.313   0.306    19.9    19.6    18.7    16.8    15.1
03067 20160604  2.422 -100.96   38.87    27.9    11.9    19.9    20.2     0.0    29.42 C    37.8     9.2    21.7    86.5    22.4    48.8   0.233   0.264   0.279   0.310   0.306    19.9    19.7    19.0    17.1    15.2
03067 20160605  2.422 -100.96   38.87    28.7     8.6    18.6    19.2     0.0    28.98 C    38.1     7.0    20.6    83.5    23.6    51.3   0.218   0.252   0.272   0.304   0.306    19.6    19.4    18.9    17.3    15.4
03067 20160606  2.422 -100.96   38.87    32.7    12.4    22.6    22.9     0.0    25.94 C    41.0     9.9    23.3    79.8    23.6    49.2   0.210   0.244   0.265   0.298   0.305    20.1    19.9    19.1    17.4    15.6
03067 20160607  2.422 -100.96   38.87    31.0    11.8    21.4    22.0     0.0    27.96 C    39.3    10.6    24.0    81.9    30.0    51.5   0.205   0.237   0.259   0.292   0.305    20.7    20.4    19.6    17.6    15.8
03067 20160608  2.422 -100.96   38.87    35.0    15.5    25.3    26.2     0.0    28.67 C    42.5    11.9    27.1    77.5    19.6    43.7   0.202   0.231   0.255   0.286   0.304    21.6    21.1    20.1    17.9    15.9
03067 20160609  2.422 -100.96   38.87    35.0    17.7    26.4    26.0     0.0    26.14 C    43.9    16.1    27.2    75.6    21.0    49.4   0.198   0.226   0.251   0.278   0.303    22.0    21.6    20.6    18.2    16.1
03067 20160610  2.422 -100.96   38.87    34.6    19.4    27.0    27.0     0.0    28.72 C    43.1    16.6    28.3    69.9    22.7    45.9   0.197   0.223   0.247   0.270   0.303    22.8    22.3    21.1    18.6    16.3
03067 20160611  2.422 -100.96   38.87    35.4    19.4    27.4    27.3     0.0    24.90 C    43.3    16.4    28.5    83.6    28.6    52.7   0.194   0.221   0.244   0.265   0.300    23.2    22.7    21.6    18.9    16.5
03067 20160612  2.422 -100.96   38.87    34.6    17.4    26.0    24.8    26.8    26.86 C    44.9    16.1    27.3    91.5    27.5    62.6   0.217   0.222   0.242   0.260   0.299    23.3    23.0    21.9    19.2    16.8
03067 20160613  2.422 -100.96   38.87    29.7    17.6    23.6    23.6     4.6    27.49 C    37.6    16.1    25.2    91.5    41.9    64.1   0.396   0.352   0.241   0.258   0.298    23.1    22.8    22.0    19.5    17.0
03067 20160614  2.422 -100.96   38.87    30.5    15.8    23.2    23.1     0.0    27.83 C    38.6    15.1    24.3    88.6    24.5    56.8   0.350   0.342   0.244   0.259   0.297    23.5    23.3    22.5    19.8    17.3
03067 20160615  2.422 -100.96   38.87    36.4    17.5    26.9    26.6     0.0    28.65 C    40.5    15.7    27.3    92.0    14.2    58.4   0.313   0.317   0.245   0.261   0.297    23.9    23.6    22.7    20.2    17.5
03067 20160616  2.422 -100.96   38.87    35.4    18.2    26.8    27.0     0.0    27.83 C    40.7    16.4    27.4    76.9    25.8    50.9   0.275   0.288   0.248   0.261   0.295    24.2    24.0    23.1    20.5    17.8
03067 20160617  2.422 -100.96   38.87    36.4    17.7    27.1    26.1     2.3    26.43 C    43.0    16.8    27.9    90.6    27.4    62.7   0.243   0.268   0.249   0.260   0.295    24.7    24.4    23.4    20.7    18.0
03067 20160618  2.422 -100.96   38.87    30.7    15.1    22.9    23.0     0.0    28.57 C    40.9    14.0    25.4    93.6    36.2    64.2   0.222   0.251   0.248   0.260   0.293    24.2    24.1    23.3    21.0    18.3
03067 20160619  2.422 -100.96   38.87    34.4    15.6    25.0    26.0     0.0    29.12 C    43.7    13.1    27.7    93.8    31.8    60.8   0.211   0.239   0.248   0.258   0.293    24.4    24.1    23.3    21.1    18.5
03067 20160620  2.422 -100.96   38.87    36.3    19.5    27.9    27.7     0.0    27.60 C    46.8    16.7    30.0    88.8    27.3    56.6   0.204   0.231   0.246   0.255   0.290    25.2    24.8    23.7    21.2    18.7
03067 20160621  2.422 -100.96   38.87    39.7    18.3    29.0    29.4     0.0    28.28 C    47.1    15.5    30.6    78.4    15.6    40.5   0.197   0.223   0.244   0.252   0.288    25.1    24.9    24.0    21.5    18.8
03067 20160622  2.422 -100.96   38.87    32.9    17.4    25.2    26.5     0.0    23.72 C    48.5    14.4    28.8    65.2    29.6    46.3   0.193   0.218   0.241   0.248   0.285    24.7    24.6    23.9    21.7    19.1
03067 20160623  2.422 -100.96   38.87    32.0    18.8    25.4    25.3     0.0    24.69 C    45.2    18.3    28.6    77.3    37.5    52.7   0.192   0.215   0.240   0.245   0.283    25.0    24.7    23.9    21.7    19.2
03067 20160624  2.422 -100.96   38.87    37.2    18.1    27.6    28.3     0.0    26.91 C    48.0    16.7    31.0    88.0    23.1    50.5   0.190   0.215   0.238   0.243   0.280    25.4    25.0    24.1    21.8    19.4
03067 20160625  2.422 -100.96   38.87    32.0    19.7    25.8    25.6     0.0     8.72 C    38.3    19.6    26.0    82.0    31.6    54.4   0.188   0.212   0.237   0.242   0.278    24.7    24.8    24.3    22.1    19.5
03067 20160626  2.422 -100.96   38.87    32.1    17.5    24.8    25.0     0.0    28.02 C    47.7    15.5    28.9    91.1    34.7    60.3   0.187   0.211   0.234   0.240   0.276    24.9    24.6    23.8    22.1    19.7
03067 20160627  2.422 -100.96   38.87    33.6    16.4    25.0    24.2     1.5    20.09 C    50.6    14.9    26.8    93.8    35.9    69.3   0.185   0.210   0.234   0.239   0.275    25.0    24.8    24.1    22.2    19.8
03067 20160628  2.422 -100.96   38.87    31.8    17.4    24.6    25.1     6.7    26.94 C    46.9    17.3    29.1    90.2    37.5    63.8   0.185   0.209   0.234   0.238   0.273    25.4    25.1    24.3    22.3    20.0
03067 20160629  2.422 -100.96   38.87    31.8    17.1    24.5    24.1     6.9    27.34 C    42.6    16.4    26.8    90.1    33.0    57.9   0.278   0.210   0.232   0.238   0.272    24.7    24.6    24.1    22.4    20.1
03067 20160630  2.422 -100.96   38.87    32.6    16.1    24.3    23.5    10.1    18.57 C    45.4    15.7    25.8    92.3    28.4    60.9   0.260   0.211   0.232   0.237   0.271    24.5    24.6    24.2    22.5    20.2
03067 20160701  2.422 -100.96   38.87    27.4    17.6    22.5    21.7    13.7    15.20 C    35.2    17.1    23.4    94.3    50.4    77.7   0.365   0.252   0.232   0.239   0.270    23.9    24.0    23.7    22.5    20.3
03067 20160702  2.422 -100.96   38.87    25.7    18.4    22.1    20.8     1.1     7.97 C    32.5    18.7    21.8    93.8    63.3    83.1   0.380   0.354   0.232   0.239   0.271    23.5    23.7    23.4    22.4    20.4
03067 20160703  2.422 -100.96   38.87    27.9    18.2    23.0    21.8     0.0    18.65 C    37.3    18.7    24.5    94.5    45.0    74.3   0.360   0.354   0.233   0.239   0.270    23.7    23.7    23.3    22.3    20.4
03067 20160704  2.422 -100.96   38.87    35.6    16.8    26.2    26.1     0.0    27.44 C    44.5    14.8    27.7    94.3    19.5    55.9   0.332   0.333   0.235   0.238   0.270    24.6    24.4    23.7    22.3    20.4
03067 20160705  2.422 -100.96   38.87    36.3    15.9    26.1    27.3     6.5    27.28 C    44.0    14.3    28.2    87.9    27.4    50.0   0.300   0.304   0.238   0.240   0.270    24.9    24.8    24.2    22.4    20.5
03067 20160706  2.422 -100.96   38.87    35.1    17.4    26.2    26.4     0.0    26.84 C    42.5    17.0    28.0    88.0    33.1    61.6   0.302   0.283   0.240   0.239   0.270    25.4    25.2    24.5    22.7    20.6
03067 20160707  2.422 -100.96   38.87    32.8    18.9    25.9    25.7     0.4    27.32 C    43.8    17.7    28.9    89.4    43.2    64.9   0.274   0.268   0.242   0.241   0.271    26.2    25.9    25.1    22.9    20.7
03067 20160708  2.422 -100.96   38.87    32.2    19.6    25.9    24.8     0.5    17.10 C    40.2    18.6    25.4    84.7    32.1    59.2   0.249   0.256   0.242   0.241   0.272    25.5    25.6    25.1    23.2    20.8
03067 20160709  2.422 -100.96   38.87    35.8    19.3    27.5    27.0     0.0    26.91 C    47.4    17.4    30.2    95.3    29.7    63.6   0.228   0.243   0.242   0.241   0.270    25.9    25.7    24.9    23.2    21.0
03067 20160710  2.422 -100.96   38.87    38.5    20.6    29.6    29.3     0.0    27.72 C    45.4    19.8    31.4    87.3    19.7    53.4   0.210   0.230   0.242   0.241   0.270    26.3    26.1    25.4    23.4    21.1
03067 20160711  2.422 -100.96   38.87    35.5    23.1    29.3    28.6     0.0    27.24 C    50.9    22.1    32.8    70.0    22.1    45.8   0.198   0.220   0.239   0.240   0.269    26.7    26.4    25.6    23.6    21.2
03067 20160712  2.422 -100.96   38.87    33.3    18.4    25.8    25.6     0.0    26.36 C    49.2    16.5    30.2    84.3    35.2    51.4   0.191   0.214   0.236   0.237   0.268    26.5    26.3    25.7    23.7    21.3
03067 20160713  2.422 -100.96   38.87    35.4    15.5    25.5    26.4     0.0    26.37 C    52.9    16.1    31.2    92.2    23.5    51.1   0.187   0.210   0.234   0.236   0.267    26.7    26.4    25.8    23.8    21.5
03067 20160714  2.422 -100.96   38.87    33.2    17.6    25.4    24.7     1.6    22.53 C    49.3    17.6    28.1    86.5    23.9    54.2   0.183   0.208   0.233   0.234   0.266    26.3    26.3    25.8    23.9    21.6
03067 20160715  2.422 -100.96   38.87    29.5    14.3    21.9    21.1     0.0    15.88 C    45.8    12.4    23.5    93.1    45.0    72.3   0.180   0.205   0.231   0.234   0.265    24.9    25.2    25.1    24.0    21.7
03067 20160716  2.422 -100.96   38.87    33.3    13.0    23.1    23.8     0.0    27.21 C    46.8    10.9    27.3    95.7    35.3    63.8   0.179   0.203   0.228   0.232   0.264    24.6    24.6    24.3    23.7    21.8
03067 20160717  2.422 -100.96   38.87    34.8    20.0    27.4    28.0     0.0    26.33 C    52.0    18.5    32.9    82.4    31.2    52.5   0.180   0.204   0.228   0.230   0.262    26.6    26.1    25.2    23.6    21.8
03067 20160718  2.422 -100.96   38.87    39.1    22.2    30.6    29.8     0.0    24.36 C    55.9    21.8    34.5    87.0    21.7    52.1   0.180   0.205   0.229   0.228   0.261    27.7    27.2    26.2    23.9    21.8
03067 20160719  2.422 -100.96   38.87    38.2    21.3    29.7    29.6     0.0    27.07 C    50.1    19.1    32.4    72.0    17.3    42.9   0.178   0.204   0.227   0.227   0.259    27.5    27.3    26.5    24.2    21.9
03067 20160720  2.422 -100.96   38.87    40.9    22.0    31.5    31.3     0.0    26.93 C    55.3    20.4    34.4    68.4    14.1    38.3   0.176   0.201   0.226   0.225   0.258    27.8    27.4    26.6    24.5    22.0
03067 20160721  2.422 -100.96   38.87    40.4    21.5    30.9    31.3     0.0    26.52 C    57.7    19.8    36.0    72.6    16.7    39.6   0.175   0.201   0.226   0.224   0.256    28.5    28.0    27.0    24.7    22.2
03067 20160722  2.422 -100.96   38.87    41.8    20.2    31.0    31.3     0.0    19.79 C    58.0    19.0    33.7    69.1    13.6    37.0   0.172   0.199   0.224   0.222   0.255    28.3    28.1    27.3    25.0    22.4
03067 20160723  2.422 -100.96   38.87    40.9    22.7    31.8    31.5     0.0    24.05 C    58.8    22.8    36.0    75.6    16.6    38.2   0.171   0.199   0.223   0.221   0.254    28.8    28.4    27.4    25.1    22.5
03067 20160724  2.422 -100.96   38.87    36.1    18.1    27.1    27.9    24.3    22.19 C    56.8    18.2    33.8    93.5    27.6    55.0   0.182   0.198   0.223   0.220   0.252    29.2    28.9    28.0    25.4    22.7
03067 20160725  2.422 -100.96   38.87    31.1    17.3    24.2    23.7     0.6    25.44 C    45.3    17.3    27.9    91.7    41.7    69.2   0.357   0.267   0.221   0.219   0.253    26.8    27.0    27.0    25.5    22.9
03067 20160726  2.422 -100.96   38.87    33.4    19.1    26.2    25.2     0.2    20.80 C    47.7    18.8    28.7    93.8    28.5    68.0   0.325   0.271   0.221   0.223   0.254    27.1    27.2    26.8    25.4    23.0
03067 20160727  2.422 -100.96   38.87    34.8    18.2    26.5    25.7     3.4    23.74 C    49.0    17.2    29.8    88.1    31.9    61.0   0.296   0.257   0.222   0.222   0.255    27.1    27.1    26.8    25.4    23.2
03067 20160728  2.422 -100.96   38.87    31.9    17.0    24.4    23.8     3.8    21.88 C    43.6    17.0    26.3    90.8    32.5    60.8   0.278   0.245   0.222   0.222   0.253    26.3    26.5    26.4    25.4    23.2
03067 20160729  2.422 -100.96   38.87    27.5    16.6    22.0    21.0     0.7    14.28 C    37.0    16.1    23.1    94.4    46.4    78.8   0.280   0.239   0.221   0.222   0.253    25.3    25.6    25.8    25.2    23.3
03067 20160730  2.422 -100.96   38.87    33.9    17.6    25.7    26.0     0.5    25.53 C    45.3    16.3    29.3    91.5    31.4    60.9   0.270   0.235   0.221   0.219   0.253    26.0    25.9    25.6    24.9    23.3
03067 20160731  2.422 -100.96   38.87    38.6    18.1    28.3    28.4     0.0    25.42 C    47.6    16.5    30.1    83.0    18.4    48.0   0.244   0.230   0.223   0.219   0.252    26.4    26.4    26.0    24.9    23.1
03067 20160801  2.422 -100.96   38.87    39.0    17.9    28.4    29.0     0.0    25.06 C    50.7    16.6    31.4    80.5    19.1    45.9   0.219   0.223   0.224   0.220   0.253    26.6    26.5    26.1    25.0    23.1
03067 20160802  2.422 -100.96   38.87    35.4    20.6    28.0    27.2     0.0    23.74 C    51.6    19.5    31.9    86.8    30.5    54.0   0.201   0.216   0.225   0.221   0.255    27.4    27.2    26.6    25.0    23.2
03067 20160803  2.422 -100.96   38.87    37.2    17.8    27.5    27.3     0.0    24.60 C    50.6    16.6    30.8    91.6    22.6    55.4   0.188   0.209   0.225   0.220   0.253    27.1    27.1    26.6    25.2    23.2
03067 20160804  2.422 -100.96   38.87    36.8    21.0    28.9    27.4     0.0    22.70 C    54.8    17.3    31.3    72.8    28.6    50.8   0.181   0.204   0.224   0.221   0.253    27.3    27.3    26.7    25.3    23.3
03067 20160805  2.422 -100.96   38.87    24.9    17.5    21.2    20.5     0.0     7.72 C    35.4    17.9    22.9    80.3    42.3    64.1   0.175   0.200   0.222   0.221   0.252    25.5    26.0    26.2    25.3    23.3
03067 20160806  2.422 -100.96   38.87    26.5    18.2    22.3    20.8     9.6     8.74 C    36.5    18.3    23.6    92.7    62.9    81.1   0.173   0.198   0.220   0.221   0.252    24.6    25.0    25.1    25.0    23.4
03067 20160807  2.422 -100.96   38.87    25.6    17.9    21.7    20.8    19.5     9.47 C    34.2    18.2    22.7    94.9    67.4    85.3   0.368   0.279   0.218   0.220   0.251    23.6    24.0    24.3    24.6    23.4
03067 20160808  2.422 -100.96   38.87    28.3    18.4    23.3    22.3     0.0    14.02 C    43.1    19.3    25.3    95.1    60.2    83.5   0.358   0.307   0.219   0.218   0.251    24.5    24.6    24.4    24.3    23.2
03067 20160809  2.422 -100.96   38.87    34.5    17.2    25.8    25.6     0.0    24.78 C    45.4    16.9    28.1    92.9    28.4    62.0   0.336   0.304   0.221   0.218   0.250    25.4    25.3    24.9    24.2    23.1
03067 20160810  2.422 -100.96   38.87    36.2    20.6    28.4    28.2     0.0    24.88 C    44.2    19.7    30.0    88.9    29.7    57.1   0.307   0.290   0.223   0.218   0.252    26.0    25.9    25.4    24.4    23.0
03067 20160811  2.422 -100.96   38.87    34.5    19.0    26.8    25.8     0.3    15.99 C    50.6    17.6    27.6    81.9    27.5    58.2   0.282   0.277   0.224   0.220   0.252    25.9    25.9    25.6    24.6    23.0
03067 20160812  2.422 -100.96   38.87    30.8    16.0    23.4    23.2     0.0    22.03 C    45.6    14.0    26.5    89.2    28.4    57.8   0.258   0.265   0.224   0.221   0.252    25.1    25.3    25.2    24.6    23.0
03067 20160813  2.422 -100.96   38.87    32.6    13.0    22.8    22.4     0.0    23.70 C    48.2    11.7    25.7    90.7    22.2    56.4   0.233   0.251   0.224   0.220   0.252    24.5    24.7    24.8    24.5    23.0
03067 20160814  2.422 -100.96   38.87    32.3    14.5    23.4    23.0     0.0    20.53 C    43.6    13.3    25.2    88.8    20.8    52.4   0.214   0.237   0.224   0.219   0.251    24.2    24.4    24.5    24.3    23.1
03067 20160815  2.422 -100.96   38.87    35.2    11.1    23.1    24.6     0.0    25.14 C    45.5     9.4    26.1    83.2    13.2    41.1   0.199   0.223   0.224   0.219   0.251    23.7    24.0    24.1    24.1    23.0
03067 20160816  2.422 -100.96   38.87    34.9    14.0    24.4    25.0     0.0    22.96 C    49.8    12.0    28.3    82.7    15.4    44.2   0.189   0.213   0.224   0.219   0.249    24.5    24.5    24.3    24.0    22.9
03067 20160817  2.422 -100.96   38.87    38.0    14.5    26.2    26.1     0.0    22.59 C    51.2    12.7    27.9    82.2    12.3    41.4   0.181   0.206   0.223   0.219   0.249    24.6    24.7    24.5    24.0    22.9
03067 20160818  2.422 -100.96   38.87    36.6    16.1    26.4    26.5     0.0    24.49 C    47.8    11.6    28.2    67.6    13.2    38.4   0.175   0.201   0.221   0.218   0.248    24.7    24.7    24.5    24.0    22.9
03067 20160819  2.422 -100.96   38.87    25.9    15.3    20.6    21.0     0.5    12.09 C    40.5    14.7    23.1    88.8    47.5    68.9   0.172   0.198   0.219   0.217   0.249    24.3    24.6    24.5    24.0    22.8
03067 20160820  2.422 -100.96   38.87    25.3    11.2    18.3    18.1     0.0    25.02 C    44.8     8.6    23.4    84.3    25.4    50.4   0.169   0.195   0.217   0.217   0.248    23.5    23.8    23.9    23.9    22.8
03067 20160821  2.422 -100.96   38.87    32.8     7.9    20.3    21.5     0.0    22.04 C    44.2     6.0    23.4    83.2    27.7    47.5   0.166   0.193   0.216   0.216   0.249    22.9    23.2    23.3    23.6    22.7
03067 20160822  2.422 -100.96   38.87    33.7    16.9    25.3    25.4     0.0    20.21 C    43.6    14.6    27.0    80.3    27.1    48.9   0.167   0.193   0.215   0.216   0.247    24.0    24.0    23.7    23.5    22.6
03067 20160823  2.422 -100.96   38.87    36.4    19.3    27.8    27.0     0.0    23.23 C    53.1    16.5    30.8    76.0    16.6    41.8   0.167   0.194   0.216   0.215   0.246    25.2    24.9    24.3    23.5    22.5
03067 20160824  2.422 -100.96   38.87    25.9    14.5    20.2    21.7     9.7    13.51 C    38.6    13.0    23.9    80.2    30.4    44.6   0.163   0.192   0.215   0.215   0.246    24.3    24.6    24.5    23.7    22.5
03067 20160825  2.422 -100.96   38.87    24.0    13.7    18.8    18.1     9.8    12.32 C    37.1    13.2    20.4    91.7    47.0    73.5   0.289   0.190   0.213   0.214   0.245    22.2    22.8    23.3    23.6    22.5
03067 20160826  2.422 -100.96   38.87    27.5    14.7    21.1    19.5     0.2    16.53 C    42.7    14.4    22.7    90.6    41.7    71.2   0.296   0.194   0.213   0.215   0.245    22.8    23.0    23.0    23.3    22.5
03067 20160827  2.422 -100.96   38.87    33.0    11.6    22.3    21.9     0.2    22.19 C    44.2    10.8    24.9    95.7    31.0    66.4   0.273   0.198   0.213   0.214   0.245    23.1    23.2    23.1    23.1    22.4
03067 20160828  2.422 -100.96   38.87    31.8    16.4    24.1    23.3     0.0    15.54 C    45.8    16.3    25.2    90.3    30.0    62.0   0.249   0.202   0.215   0.215   0.245    23.5    23.7    23.5    23.2    22.3
03067 20160829  2.422 -100.96   38.87    25.0    16.6    20.8    19.9     2.5     6.69 C    27.0    15.6    20.4    93.1    61.6    84.3   0.235   0.202   0.214   0.215   0.245    22.7    23.1    23.2    23.2    22.3
03067 20160830  2.422 -100.96   38.87    25.3    18.1    21.7    20.9     0.0     7.67 C    28.6    18.2    22.1    94.2    55.9    82.1   0.231   0.203   0.214   0.214   0.244    22.8    23.0    23.0    23.0    22.2
03067 20160831  2.422 -100.96   38.87    27.9    16.2    22.1    20.2     0.3    13.75 C    44.0    16.0    23.0    95.5    48.4    84.3   0.225   0.205   0.215   0.214   0.244    23.1    23.2    23.0    22.9    22.2
03067 20160901  2.422 -100.96   38.87    27.2    16.5    21.9    20.6     0.0    14.70 C    42.3    15.4    23.4    94.4    45.6    69.5   0.216   0.205   0.215   0.214   0.245    23.0    23.2    23.1    22.9    22.1
03067 20160902  2.422 -100.96   38.87    29.1    13.8    21.5    21.2     0.0    12.57 C    40.2    12.3    22.7    88.0    41.7    66.2   0.207   0.203   0.214   0.214   0.244    22.1    22.5    22.7    22.8    22.1
03067 20160903  2.422 -100.96   38.87    32.8    17.1    25.0    24.5    15.2    15.69 C    38.1    17.0    25.1    92.9    38.4    67.8   0.317   0.206   0.215   0.215   0.244    22.5    22.6    22.5    22.7    22.0
03067 20160904  2.422 -100.96   38.87    33.2    16.6    24.9    23.8    31.9    12.94 C    41.0    16.3    24.2    90.6    39.5    70.3   0.348   0.259   0.224   0.215   0.244    22.7    23.0    22.9    22.6    21.9
03067 20160905  2.422 -100.96   38.87    35.0    20.5    27.8    27.3     0.0    21.54 C    40.8    19.1    27.7    80.9    31.7    57.1   0.388   0.396   0.359   0.214   0.244    22.8    22.7    22.5    22.6    21.9
03067 20160906  2.422 -100.96   38.87    32.1    18.8    25.4    25.5     2.7    19.28 C    43.8    18.8    28.0    92.1    40.0    58.1   0.357   0.376   0.364   0.214   0.244    24.0    23.9    23.5    22.7    21.9
03067 20160907  2.422 -100.96   38.87    27.8    18.4    23.1    22.2     0.0    13.15 C    36.8    18.2    23.8    93.8    50.6    77.6   0.352   0.370   0.360   0.214   0.244    23.9    24.0    23.8    23.0    21.9
03067 20160908  2.422 -100.96   38.87    29.7    18.7    24.2    23.1     0.0    14.66 C    44.6    17.1    25.3    91.9    54.4    77.7   0.341   0.364   0.357   0.215   0.245    24.0    24.1    23.8    23.1    21.9
03067 20160909  2.422 -100.96   38.87    27.8    10.1    18.9    20.6     0.0    14.15 C    39.9     8.6    22.4    95.1    34.6    69.2   0.328   0.354   0.353   0.216   0.244    23.6    23.9    23.8    23.2    22.1
03067 20160910  2.422 -100.96   38.87    26.1     5.7    15.9    15.6     0.0    22.60 C    37.6     5.0    18.2    89.7    15.6    52.4   0.310   0.342   0.346   0.216   0.245    21.2    21.8    22.4    23.1    22.1
03067 20160911  2.422 -100.96   38.87    32.7    11.7    22.2    21.2     0.0    20.58 C    40.8    10.1    22.3    76.6    20.8    50.1   0.294   0.331   0.340   0.214   0.245    21.1    21.4    21.7    22.6    22.1
03067 20160912  2.422 -100.96   38.87    24.9    14.4    19.6    19.6     0.0    16.69 C    35.8    14.9    21.7    89.1    43.1    64.7   0.280   0.323   0.335   0.214   0.244    21.5    21.8    21.9    22.4    21.9
03067 20160913  2.422 -100.96   38.87    15.3    11.4    13.3    13.0     4.7     5.19 C    20.4    12.0    14.5    93.7    70.7    82.2   0.282   0.317   0.332   0.213   0.244    19.7    20.4    21.1    22.2    21.8
03067 20160914  2.422 -100.96   38.87    23.5    11.1    17.3    15.5     0.0     9.56 C    28.2    12.2    17.1    93.6    54.4    81.1   0.284   0.317   0.328   0.213   0.243    19.4    19.8    20.3    21.7    21.6
03067 20160915  2.422 -100.96   38.87    31.4    15.4    23.4    21.4     0.0    17.78 C    39.6    14.9    22.9    94.3    31.3    67.0   0.279   0.314   0.326   0.212   0.242    20.7    20.6    20.6    21.3    21.5
03067 20160916  2.422 -100.96   38.87    26.6    10.7    18.6    18.3     0.0    20.82 C    37.8     8.9    20.2    86.6    22.4    53.6   0.266   0.306   0.323   0.213   0.243    20.4    20.8    20.9    21.3    21.3
03067 20160917  2.422 -100.96   38.87    28.4     7.8    18.1    15.8     2.5    14.69 C    37.7     7.5    17.2    89.0    23.0    66.4   0.253   0.296   0.318   0.213   0.242    19.4    19.9    20.4    21.2    21.1
03067 20160918  2.422 -100.96   38.87    32.5     8.5    20.5    19.8     0.0    20.51 C    40.0     7.5    20.0    92.2    14.8    57.0   0.248   0.289   0.313   0.212   0.241    19.5    19.7    19.9    21.0    21.1
03067 20160919  2.422 -100.96   38.87    34.0     9.9    21.9    22.4     0.0    20.29 C    42.8     8.0    22.6    79.7    14.5    45.5   0.239   0.278   0.310   0.212   0.241    19.8    20.0    20.1    20.8    20.9
03067 20160920  2.422 -100.96   38.87    35.3    15.1    25.2    24.7     0.0    16.38 C    41.0    11.4    23.7    81.9    13.7    45.5   0.230   0.270   0.305   0.211   0.242    20.4    20.5    20.5    20.8    20.8
03067 20160921  2.422 -100.96   38.87    33.5    21.1    27.3    26.1     0.0     9.68 C    37.4    19.0    25.5    60.3    21.7    44.4   0.224   0.264   0.300   0.212   0.241    20.8    20.9    20.8    20.8    20.7
03067 20160922  2.422 -100.96   38.87    34.9    15.7    25.3    24.9     0.0    18.82 C    44.0    13.3    26.0    79.1    23.0    48.5   0.219   0.257   0.296   0.212   0.240    21.3    21.3    21.1    20.9    20.7
03067 20160923  2.422 -100.96   38.87    32.9    17.9    25.4    25.1     0.0    18.95 C    39.0    16.2    25.6    77.6    25.9    49.6   0.211   0.249   0.288   0.213   0.240    21.4    21.5    21.4    21.1    20.6
03067 20160924  2.422 -100.96   38.87    25.5     9.8    17.6    17.4     8.2    18.18 C    35.2     9.5    18.8    90.5    23.0    59.1   0.228   0.244   0.282   0.214   0.240    20.4    20.8    21.0    21.2    20.6
03067 20160925  2.422 -100.96   38.87    23.3     8.4    15.8    15.6     0.0    19.35 C    33.0     6.9    16.9    77.4    19.7    43.3   0.227   0.239   0.278   0.213   0.240    18.6    19.3    20.0    21.0    20.6
03067 20160926  2.422 -100.96   38.87    27.5     3.3    15.4    14.8     0.0    19.38 C    36.0     2.4    16.5    77.9    18.1    44.7   0.219   0.236   0.272   0.212   0.240    17.4    18.1    18.8    20.6    20.6
03067 20160927  2.422 -100.96   38.87    30.1     7.7    18.9    18.3     0.0    19.31 C    40.0     6.5    19.1    76.8    15.4    45.2   0.212   0.234   0.268   0.211   0.241    17.9    18.2    18.6    20.0    20.4
03067 20160928  2.422 -100.96   38.87    27.8     7.8    17.8    17.6     0.0    18.96 C    39.5     5.7    18.8    72.2    22.9    45.6   0.206   0.231   0.264   0.210   0.240    18.0    18.3    18.7    19.8    20.2
03067 20160929  2.422 -100.96   38.87    23.6     4.0    13.8    13.7     0.0    18.12 C    35.6     2.5    15.5    87.8    26.3    55.8   0.199   0.227   0.258   0.210   0.239    17.3    17.8    18.3    19.6    20.0
03067 20160930  2.422 -100.96   38.87    25.2     7.4    16.3    15.7     0.0    15.29 C    34.7     6.1    17.0    88.5    31.7    57.0   0.195   0.223   0.254   0.210   0.240    17.2    17.6    18.0    19.4    19.9
03067 20161001  2.422 -100.96   38.87    26.4     8.7    17.6    17.0     0.0    14.37 C    38.2     7.7    18.6    85.0    35.1    58.9   0.193   0.223   0.250   0.209   0.238    17.7    17.9    18.1    19.1    19.7
03067 20161002  2.422 -100.96   38.87    29.3     9.4    19.3    18.9     0.0    17.61 C    39.3     8.2    20.9    91.5    33.5    63.2   0.191   0.220   0.246   0.209   0.239    18.3    18.4    18.3    19.1    19.5
03067 20161003  2.422 -100.96   38.87    31.1    15.4    23.3    22.2     0.0    12.26 C    35.5    13.7    22.2    76.9    24.6    51.5   0.189   0.218   0.242   0.208   0.239    18.7    18.8    18.8    19.1    19.4
03067 20161004  2.422 -100.96   38.87    23.6     7.2    15.4    16.7     0.0    16.91 C    36.4     2.2    18.0    67.7    11.8    35.0   0.185   0.214   0.238   0.208   0.238    18.2    18.6    18.8    19.2    19.3
03067 20161005  2.422 -100.96   38.87    25.6     2.3    14.0    13.9     0.0    17.73 C    36.8     0.1    15.7    85.1    11.8    43.7   0.180   0.208   0.232   0.209   0.238    16.6    17.1    17.8    19.1    19.2
03067 20161006  2.422 -100.96   38.87    18.7     4.1    11.4    11.1     0.0     9.63 C    26.5     4.1    12.8    95.4    48.7    76.9   0.178   0.206   0.230   0.208   0.239    16.6    17.2    17.7    18.8    19.2
03067 20161007  2.422 -100.96   38.87    20.8    -2.5     9.1     8.6     0.0    17.79 C    31.6    -3.8    10.4    93.1    18.0    54.4   0.174   0.202   0.225   0.208   0.238    14.7    15.4    16.4    18.5    19.0
03067 20161008  2.422 -100.96   38.87    26.2     2.6    14.4    14.8     0.0    16.33 C    36.4     0.5    15.5    79.4    18.0    43.4   0.172   0.200   0.222   0.207   0.237    15.0    15.3    16.0    18.0    18.8
03067 20161009  2.422 -100.96   38.87    26.3     9.3    17.8    17.7     0.0    14.12 C    34.9     6.9    18.4    80.4    38.5    55.5   0.173   0.200   0.221   0.208   0.238    16.2    16.3    16.4    17.7    18.6
03067 20161010  2.422 -100.96   38.87    28.7    12.3    20.5    19.1     0.0    16.00 C    40.4     9.6    21.1    92.5    21.6    60.4   0.174   0.201   0.221   0.208   0.237    17.8    17.7    17.4    17.8    18.5
03067 20161011  2.422 -100.96   38.87    23.6     8.0    15.8    16.0     0.0    14.38 C    37.7     5.8    17.3    91.7    28.3    58.8   0.171   0.197   0.219   0.206   0.236    17.0    17.3    17.5    18.0    18.4
03067 20161012  2.422 -100.96   38.87    13.1     2.2     7.7     6.8     0.0    13.20 C    26.8     0.3    10.1    84.3    41.3    65.2   0.168   0.195   0.217   0.206   0.235    15.6    16.3    17.0    18.0    18.3
03067 20161013  2.422 -100.96   38.87    17.7     1.2     9.5     9.0     0.0    14.20 C    26.8    -0.2    10.4    83.4    39.9    63.4   0.165   0.191   0.214   0.207   0.236    14.3    15.0    15.8    17.7    18.2
03067 20161014  2.422 -100.96   38.87    28.3     2.2    15.3    15.2     0.0    14.37 C    37.8    -0.4    16.1    96.0    25.1    60.8   0.164   0.191   0.213   0.206   0.236    14.9    15.2    15.6    17.3    18.1
03067 20161015  2.422 -100.96   38.87    31.2     7.5    19.4    18.7     0.0    14.68 C    42.7     5.3    19.2    91.2    15.2    55.4   0.165   0.191   0.213   0.206   0.235    16.4    16.4    16.3    17.1    17.9
03067 20161016  2.422 -100.96   38.87    36.1     3.5    19.8    18.4     0.0    15.32 C    45.9     2.8    18.2    96.5     4.4    50.5   0.164   0.190   0.212   0.207   0.236    16.1    16.4    16.5    17.2    17.9
03067 20161017  2.422 -100.96   38.87    30.3     7.1    18.7    17.0     0.0    11.84 C    37.8     5.3    17.5    86.3    11.0    43.8   0.163   0.189   0.211   0.207   0.236    16.2    16.4    16.6    17.3    17.8
03067 20161018  2.422 -100.96   38.87    21.6     2.6    12.1    11.8     0.0    15.38 C    35.0    -0.8    13.5    59.8    16.1    36.7   0.160   0.187   0.209   0.205   0.235    15.2    15.6    16.2    17.2    17.7
03067 20161019  2.422 -100.96   38.87    19.7     3.6    11.6    11.1     0.0    12.82 C    35.2     0.8    12.5    77.0    26.7    51.1   0.158   0.185   0.208   0.204   0.234    14.6    15.1    15.6    17.0    17.6
03067 20161020  2.422 -100.96   38.87    17.0     0.5     8.8     8.0     0.0    15.39 C    25.5    -0.7     9.4    88.4    20.2    56.1   0.157   0.183   0.206   0.205   0.234    13.6    14.3    15.0    16.8    17.5
03067 20161021  2.422 -100.96   38.87    25.2     1.1    13.2    11.6     0.0    14.35 C    36.1    -1.6    11.9    80.6     9.3    41.2   0.154   0.181   0.204   0.204   0.234    13.1    13.6    14.4    16.4    17.3
03067 20161022  2.422 -100.96   38.87    30.3    -1.1    14.6    14.4     0.0    14.88 C    36.1    -2.8    13.3    73.4    12.8    37.7   0.154   0.180   0.203   0.203   0.234    13.3    13.6    14.2    16.1    17.2
03067 20161023  2.422 -100.96   38.87    22.9     4.0    13.4    13.4     0.0    14.40 C    33.9     0.4    13.6    61.0    16.6    35.7   0.154   0.181   0.203   0.202   0.233    13.8    14.1    14.4    15.9    17.0
03067 20161024  2.422 -100.96   38.87    25.0     1.3    13.1    12.1     0.0    13.96 C    35.2    -1.5    13.3    88.0    31.1    54.3   0.153   0.179   0.203   0.202   0.232    13.5    13.8    14.2    15.8    16.8
03067 20161025  2.422 -100.96   38.87    28.6    10.9    19.7    17.7     0.0    12.23 C    39.6     8.1    18.9    92.3    18.4    58.6   0.154   0.182   0.203   0.203   0.233    15.2    15.1    14.9    15.7    16.7
03067 20161026  2.422 -100.96   38.87    26.2     7.1    16.6    15.8     0.0    14.09 C    37.1     3.0    15.9    74.2    16.1    43.3   0.154   0.182   0.204   0.202   0.232    15.2    15.4    15.4    15.9    16.6
03067 20161027  2.422 -100.96   38.87    29.7     4.6    17.2    18.3     0.0    13.73 C    35.0     1.4    16.8    68.3    16.7    40.3   0.153   0.180   0.203   0.201   0.232    14.6    14.8    15.0    15.9    16.5
03067 20161028  2.422 -100.96   38.87    31.4    10.3    20.9    19.6     0.0    11.73 C    44.8     5.9    19.8    61.9    12.7    36.4   0.153   0.181   0.204   0.201   0.231    15.8    15.8    15.6    15.9    16.5
03067 20161029  2.422 -100.96   38.87    27.0     4.1    15.6    15.9     0.0    13.16 C    36.1     2.5    16.1    85.4    20.8    48.8   0.153   0.181   0.204   0.202   0.231    15.4    15.6    15.7    16.1    16.4
03067 20161030  2.422 -100.96   38.87    21.0     7.8    14.4    12.0     0.0    11.60 C    32.1     8.4    14.6    87.6    33.4    66.3   0.151   0.180   0.204   0.202   0.232    15.3    15.5    15.6    16.1    16.5
03067 20161031  2.422 -100.96   38.87    31.7     9.7    20.7    18.6     0.0    10.00 C    38.1     6.7    18.2    83.1    12.8    45.5   0.151   0.180   0.203   0.202   0.232    15.4    15.4    15.5    16.1    16.4
03067 20161101  2.422 -100.96   38.87    22.0     8.9    15.4    15.0     0.0     9.23 C    33.4     5.5    15.6    58.1    16.8    31.3   0.150   0.179   0.203   0.200   0.232    15.2    15.4    15.6    16.1    16.4
03067 20161102  2.422 -100.96   38.87    22.4     5.8    14.1    12.9     0.0     9.94 C    32.5     2.6    13.8    74.3    36.9    54.9   0.149   0.178   0.202   0.201   0.232    14.7    15.0    15.3    16.1    16.4
03067 20161103  2.422 -100.96   38.87    23.3     0.7    12.0    11.4     0.0    12.84 C    34.5    -0.1    12.1    82.7    20.0    51.0   0.147   0.177   0.201   0.202   0.232    13.8    14.3    14.8    16.0    16.4
03067 20161104  2.422 -100.96   38.87    22.2     0.6    11.4    10.9     0.0     9.16 C    28.7    -0.6    10.5    79.5    21.3    49.7   0.145   0.175   0.200   0.201   0.231    12.9    13.4    14.1    15.7    16.3
03067 20161105  2.422 -100.96   38.87    22.8     2.5    12.7    12.6     0.0    10.31 C    32.4    -1.0    12.2    89.7    18.2    53.5   0.144   0.175   0.199   0.201   0.231    12.8    13.1    13.7    15.4    16.2
03067 20161106  2.422 -100.96   38.87    15.8    11.9    13.8    13.9     0.0     2.21 C    17.8    12.2    14.4    94.4    74.9    84.0   0.146   0.176   0.199   0.199   0.230    14.2    14.2    14.2    15.2    16.1
03067 20161107  2.422 -100.96   38.87    18.4     4.3    11.3    12.6     0.0     5.40 C    25.3     2.2    13.6    95.1    54.4    79.4   0.146   0.177   0.200   0.200   0.229    14.5    14.6    14.6    15.2    15.9
03067 20161108  2.422 -100.96   38.87    16.7    -1.0     7.8     6.6     0.0    12.43 C    26.7    -4.9     7.2    94.0    24.7    67.0   0.143   0.174   0.199   0.200   0.230    12.5    13.2    13.9    15.3    15.8
03067 20161109  2.422 -100.96   38.87    18.7    -5.6     6.6     5.4     0.0    12.81 C    26.2    -9.0     5.1    92.6    17.0    59.6   0.140   0.170   0.196   0.199   0.230    10.6    11.4    12.6    14.9    15.8
03067 20161110  2.422 -100.96   38.87    24.7    -6.4     9.1     9.8     0.0    12.48 C    33.9   -10.5     9.6    85.7    11.4    44.3   0.139   0.168   0.194   0.199   0.229    10.3    10.8    11.8    14.4    15.7
03067 20161111  2.422 -100.96   38.87    14.2    -2.9     5.6     7.0     0.0    11.79 C    24.2    -6.3     7.6    83.8    24.2    54.8   0.140   0.170   0.195   0.197   0.228    10.9    11.3    11.9    14.0    15.5
03067 20161112  2.422 -100.96   38.87    16.1    -8.2     4.0     4.2     0.0    12.00 C    22.1   -10.2     3.5    90.9    16.6    52.8   0.137   0.167   0.193   0.197   0.229     9.0     9.9    11.0    13.7    15.2
03067 20161113  2.422 -100.96   38.87    23.7    -5.5     9.1     8.4     0.0    11.54 C    32.6    -7.9     8.0    84.4    15.4    47.0   0.137   0.167   0.191   0.196   0.227     9.2     9.7    10.6    13.3    15.0
03067 20161114  2.422 -100.96   38.87    24.5     0.5    12.5    11.1     0.0    11.29 C    29.9    -1.9    10.1    76.9    12.1    42.9   0.138   0.167   0.192   0.196   0.227    10.1    10.4    10.8    13.0    14.7
03067 20161115  2.422 -100.96   38.87    24.6     2.9    13.7    12.4     0.0    11.40 C    34.3    -0.5    11.2    56.9    15.3    36.7   0.138   0.167   0.192   0.196   0.227    10.4    10.7    11.1    12.9    14.5
03067 20161116  2.422 -100.96   38.87    28.5     3.7    16.1    15.1     0.0     8.16 C    32.8    -1.3    12.3    56.4     9.4    31.8   0.137   0.168   0.192   0.195   0.226    10.5    10.7    11.1    12.8    14.3
03067 20161117  2.422 -100.96   38.87    15.3     0.7     8.0     7.6     0.6     7.62 C    23.1     0.4     8.8    92.3    28.8    60.8   0.138   0.168   0.193   0.194   0.226    11.1    11.3    11.6    12.8    14.2
03067 20161118  2.422 -100.96   38.87     4.7    -8.9    -2.1    -0.9     0.0    11.37 C    10.8   -12.3    -0.6    90.0    35.4    66.5   0.134   0.165   0.191   0.194   0.225     8.3     9.4    10.7    12.8    14.1
03067 20161119  2.422 -100.96   38.87     9.9   -13.1    -1.6    -1.4     0.0    11.17 C    16.3   -14.7    -1.5    85.5    21.7    53.9   0.130   0.160   0.187   0.194   0.225     6.1     7.2     8.8    12.3    14.0
03067 20161120  2.422 -100.96   38.87    19.0    -7.7     5.7     3.7     0.0    10.93 C    27.6    -9.1     3.9    79.5    16.5    46.4   0.131   0.160   0.187   0.192   0.224     6.7     7.3     8.4    11.6    13.7
03067 20161121  2.422 -100.96   38.87    12.7     0.4     6.6     7.1     0.0     4.21 C    20.8    -1.9     7.3    73.6    32.1    48.8   0.132   0.163   0.187   0.191   0.224     7.7     8.0     8.7    11.3    13.4
03067 20161122  2.422 -100.96   38.87     9.4     2.7     6.1     5.8     0.0     2.57 C     8.2     2.6     5.6    85.4    58.6    74.0   0.132   0.163   0.188   0.192   0.224     8.0     8.5     9.0    11.2    13.2
03067 20161123  2.422 -100.96   38.87    12.9    -3.3     4.8     4.6     0.0    10.79 C    22.6    -6.3     4.5    87.4    26.4    57.1   0.131   0.162   0.188   0.192   0.223     7.8     8.2     8.9    11.1    13.0
03067 20161124  2.422 -100.96   38.87    14.2    -5.4     4.4     3.8     0.0     9.72 C    19.9    -8.8     2.6    85.4    32.5    58.9   0.130   0.161   0.186   0.191   0.223     6.9     7.5     8.4    10.9    12.8
03067 20161125  2.422 -100.96   38.87    14.2    -7.2     3.5     2.1     0.0    10.54 C    19.5   -10.0     0.9    84.5    18.0    54.6   0.129   0.158   0.185   0.190   0.222     5.9     6.6     7.7    10.6    12.7
03067 20161126  2.422 -100.96   38.87    16.5   -11.3     2.6     2.7     0.0    10.70 C    24.1   -14.9     0.7    80.2    14.2    42.7   0.127   0.157   0.184   0.190   0.222     5.1     5.9     7.1    10.3    12.4
03067 20161127  2.422 -100.96   38.87    19.5    -0.2     9.7     8.8     0.6     8.05 C    21.5    -4.4     7.4    88.0    15.0    59.6   0.130   0.159   0.184   0.189   0.220     7.0     7.1     7.5     9.9    12.2
03067 20161128  2.422 -100.96   38.87    14.3    -3.5     5.4     4.9     0.0     8.35 C    19.5    -7.2     3.7    76.6    12.7    41.1   0.129   0.159   0.185   0.189   0.221     6.3     6.8     7.6     9.9    12.0
03067 20161129  2.422 -100.96   38.87     6.8    -6.7     0.0     0.4     0.0     7.21 C    12.3    -9.6     0.0    75.8    36.0    54.1   0.127   0.157   0.184   0.188   0.220     5.3     6.1     7.1     9.8    11.8
03067 20161130  2.422 -100.96   38.87     9.0    -7.8     0.6    -0.1     0.0    10.24 C    14.2   -12.2    -1.6    71.0    14.5    42.0   0.126   0.156   0.182   0.188   0.219     4.6     5.4     6.5     9.4    11.6
03067 20161201  2.422 -100.96   38.87     8.8   -11.1    -1.2    -2.5     0.0     9.85 C    18.5   -14.3    -3.4    71.0    18.8    43.6   0.124   0.154   0.180   0.187   0.220     3.3     4.2     5.5     9.1    11.4
03067 20161202  2.422 -100.96   38.87     8.0   -11.8    -1.9    -2.1     0.0     6.07 C    16.7   -14.1    -2.0    73.8    22.5    48.1   0.123   0.153   0.179   0.186   0.218     2.9     3.7     4.9     8.6    11.2
03067 20161203  2.422 -100.96   38.87     2.6    -4.3    -0.9     0.4     0.0     1.07 C     4.6    -5.2     0.8    97.3    50.0    77.1   0.124   0.154   0.179   0.186   0.218     4.0     4.5     5.2     8.2    10.9
03067 20161204  2.422 -100.96   38.87    11.0    -8.2     1.4     0.4     0.0    10.06 C    19.8    -9.8     0.2    94.0    15.7    53.3   0.124   0.153   0.179   0.185   0.218     3.8     4.3     5.2     8.1    10.7
03067 20161205  2.422 -100.96   38.87    14.7    -4.6     5.0     3.7     0.0     9.69 C    23.5    -9.0     3.7    74.0    20.0    45.1   0.124   0.154   0.179   0.185   0.216     4.2     4.5     5.2     7.9    10.4
03067 20161206  2.422 -100.96   38.87     2.7   -11.1    -4.2    -3.6     0.0     9.55 C    13.0   -12.9    -2.8    70.0    13.5    38.5   0.123   0.153   0.179   0.184   0.217     3.2     4.0     5.0     7.8    10.2
03067 20161207  2.422 -100.96   38.87    -2.4   -17.0    -9.7    -8.3     0.2     5.08 C     0.5   -19.5    -7.9    85.5    32.1    66.9   0.121   0.151   0.178   0.185   0.216     2.2     3.2     4.4     7.6    10.0
03067 20161208  2.422 -100.96   38.87    -5.5   -19.5   -12.5   -12.8     0.0     9.69 C     4.1   -21.4   -12.6    78.2    36.4    60.3 -99.000   0.148   0.175   0.183   0.215    -0.3     1.1     3.0     7.2     9.9
03067 20161209  2.422 -100.96   38.87     4.3   -15.8    -5.7    -5.0     0.0     9.13 C     9.2   -17.5    -4.6    79.7    41.4    60.5 -99.000   0.146   0.173   0.182   0.215     0.0     0.8     2.1     6.5     9.6
03067 20161210  2.422 -100.96   38.87     4.7   -10.2    -2.8    -3.3     0.0     5.65 C     7.8   -11.9    -3.0    86.1    50.6    72.6 -99.000   0.148   0.174   0.181   0.215     0.9     1.4     2.4     6.1     9.3
03067 20161211  2.422 -100.96   38.87     4.4   -10.3    -2.9    -2.2     0.3     3.70 C     9.4   -13.9    -3.6    86.1    37.5    68.6   0.119   0.148   0.174   0.181   0.214     1.4     2.0     2.8     5.9     9.0
03067 20161212  2.422 -100.96   38.87     2.4    -7.3    -2.5    -3.1     0.0     4.21 C     5.2   -13.0    -5.0    83.7    51.3    65.4 -99.000   0.148   0.174   0.181   0.213     0.6     1.4     2.5     5.8     8.7
03067 20161213  2.422 -100.96   38.87    -2.0   -14.0    -8.0    -8.8     0.0     9.19 C     6.7   -16.4    -8.0    81.8    35.8    61.8 -99.000 -99.000   0.173   0.181   0.212    -0.3     0.6     1.9     5.5     8.5
03067 20161214  2.422 -100.96   38.87    -2.5   -13.8    -8.1    -8.6     0.0     7.26 C     6.3   -17.1    -8.8    79.5    19.2    49.4 -99.000 -99.000   0.171   0.179   0.212    -1.0    -0.1     1.3     5.2     8.3
03067 20161215  2.422 -100.96   38.87     0.1   -13.6    -6.7    -7.0     0.0     4.51 C     1.4   -17.1    -7.6    60.1    26.2    43.3 -99.000 -99.000   0.170   0.179   0.212    -1.6    -0.7     0.7     4.8     8.0
03067 20161216  2.422 -100.96   38.87    -1.7   -10.4    -6.0    -5.3     0.0     1.88 C     1.9    -9.5    -4.3    94.5    56.7    83.8 -99.000 -99.000   0.170   0.178   0.211    -0.4     0.1     0.9     4.4     7.7
03067 20161217  2.422 -100.96   38.87   -10.4   -26.7   -18.6   -17.0     4.0     3.13 C    -9.5   -33.1   -17.9    78.6    57.6    69.3 -99.000 -99.000   0.170   0.178   0.211    -1.8    -0.7     0.7     4.3     7.5
03067 20161218  2.422 -100.96   38.87    -6.4   -31.0   -18.7   -19.2     0.0     9.52 C    -5.2   -34.5   -22.3    85.0    45.0    65.9 -99.000 -99.000 -99.000   0.177   0.209    -3.3    -2.1    -0.5     3.9     7.3
03067 20161219  2.422 -100.96   38.87     1.3   -23.4   -11.1   -11.9     0.0     9.83 C     0.6   -25.4   -14.0    78.7    48.1    66.0 -99.000 -99.000 -99.000   0.176   0.209    -2.8    -2.1    -0.9     3.4     7.0
03067 20161220  2.422 -100.96   38.87     8.0   -12.8    -2.4    -0.9     0.0     8.73 C     9.3   -16.4    -3.8    79.0    39.0    61.3 -99.000 -99.000 -99.000   0.175   0.209    -1.7    -1.2    -0.4     3.1     6.7
03067 20161221  2.422 -100.96   38.87    10.3    -4.6     2.9     2.3     0.0     7.56 C    13.9    -8.9    -0.6    81.9    26.2    53.3 -99.000 -99.000   0.170   0.175   0.209    -0.1     0.2     0.5     3.1     6.4
03067 20161222  2.422 -100.96   38.87     5.2    -6.0    -0.4    -1.4     2.2     2.85 C     7.8    -9.3    -1.9    93.7    35.5    74.9 -99.000 -99.000   0.170   0.176   0.208     0.0     0.3     0.9     3.3     6.2
03067 20161223  2.422 -100.96   38.87    12.7    -7.3     2.7     2.5     0.4     9.16 C    13.8   -10.9     0.3    87.1    17.5    63.1 -99.000   0.147   0.171   0.176   0.208     0.7     0.9     1.2     3.4     6.1
03067 20161224  2.422 -100.96   38.87    12.7   -12.1     0.3     0.8     0.0     9.37 C    15.6   -14.4    -0.5    82.3    34.3    64.8 -99.000   0.147   0.171   0.177   0.207     0.2     0.7     1.3     3.6     6.0
03067 20161225  2.422 -100.96   38.87    12.7    -8.0     2.3     5.8     3.0     7.13 C    12.6    -9.4     4.4    96.0    15.3    72.9   0.127   0.148   0.173   0.177   0.206     2.3     2.1     1.9     3.6     6.0
03067 20161226  2.422 -100.96   38.87     5.5   -11.1    -2.8    -4.0     0.0     9.66 C    11.5   -13.3    -5.0    81.2    33.5    64.6   0.154   0.147   0.172   0.176   0.206     0.6     1.3     2.0     3.9     6.0
03067 20161227  2.422 -100.96   38.87     8.7   -10.3    -0.8    -1.8     0.0     9.54 C    13.7   -13.2    -3.9    83.6    31.6    63.1 -99.000   0.148   0.171   0.177   0.206     0.0     0.6     1.4     3.9     6.0
03067 20161228  2.422 -100.96   38.87    11.2    -7.5     1.8     1.1     0.0     8.28 C    16.4   -10.5     0.1    84.7    20.4    56.2 -99.000   0.148   0.171   0.176   0.207    -0.1     0.4     1.2     3.7     5.9
03067 20161229  2.422 -100.96   38.87     8.1    -7.6     0.2    -1.2     0.0     9.76 C    13.9   -11.4    -3.5    72.8    10.4    42.8 -99.000   0.148   0.171   0.177   0.207    -0.1     0.4     1.1     3.6     5.9
03067 20161230  2.422 -100.96   38.87    18.7    -9.4     4.6     2.7     0.0     9.74 C    22.6   -12.4    -0.4    76.4    11.4    46.1 -99.000 -99.000   0.171   0.177   0.207    -0.5     0.1     0.9     3.5     5.8
03067 20161231  2.422 -100.96   38.87     6.2    -5.4     0.4    -0.4     0.0     9.32 C    14.9   -10.7    -1.2    76.1    38.4    58.0 -99.000   0.146   0.170   0.176   0.206    -0.1     0.3     0.9     3.3     5.7
