54808 20160101  2.422  -88.37   40.05    -0.6    -5.2    -2.9    -2.9     0.0     4.30 C     1.1    -6.3    -3.3    90.8    76.6    83.1   0.434   0.398   0.396   0.388 -99.000     1.1     2.5     3.9     6.3     8.5
54808 20160102  2.422  -88.37   40.05     2.0    -5.6    -1.8    -1.3     0.0     9.25 C     4.3    -8.3    -1.9    88.2    70.4    81.5   0.427   0.393   0.394   0.386 -99.000     0.8     2.1     3.4     5.8     8.3
54808 20160103  2.422  -88.37   40.05     0.5    -5.1    -2.3    -2.1     0.0     6.76 C     4.3    -6.5    -2.1    87.1    72.8    80.3   0.423   0.395   0.389   0.378 -99.000     0.7     1.9     3.1     5.5     8.0
54808 20160104  2.422  -88.37   40.05     0.8    -5.7    -2.5    -2.2     0.0     9.03 C     5.8    -7.1    -2.1    86.2    49.8    72.0   0.405   0.392   0.388   0.373 -99.000     0.6     1.8     2.9     5.2     7.8
54808 20160105  2.422  -88.37   40.05     1.8    -7.1    -2.6    -3.0     0.0     9.15 C     5.1    -8.9    -3.7    90.8    60.8    80.0   0.400   0.390   0.386   0.374 -99.000     0.5     1.6     2.7     4.9     7.6
54808 20160106  2.422  -88.37   40.05     5.0    -5.3    -0.1    -0.8     0.0     6.52 C     8.5    -7.1    -1.1    87.5    59.0    77.9   0.402   0.389   0.386   0.372 -99.000     0.4     1.4     2.6     4.7     7.4
54808 20160107  2.422  -88.37   40.05     8.6     0.6     4.6     3.6     0.4     5.40 C    13.1    -0.2     3.6    86.7    55.9    73.5   0.416   0.387   0.386   0.373 -99.000     1.6     2.0     2.7     4.6     7.2
54808 20160108  2.422  -88.37   40.05     8.3     3.8     6.0     6.3     4.0     1.20 C     8.4     3.3     5.9    97.3    87.6    93.5   0.441   0.401   0.389   0.370 -99.000     3.9     3.6     3.7     4.8     7.0
54808 20160109  2.422  -88.37   40.05     6.7    -5.4     0.6     2.2    10.3     0.91 C     6.0    -4.8     2.3    96.2    87.6    92.8   0.462   0.423   0.407   0.436 -99.000     4.1     4.4     4.6     5.2     7.0
54808 20160110  2.422  -88.37   40.05    -5.4   -13.4    -9.4   -11.4     0.0     7.51 C    -4.8   -13.7   -10.2    87.5    71.2    78.7   0.441   0.410   0.406   0.404 -99.000     0.8     2.4     3.7     5.3     7.0
54808 20160111  2.422  -88.37   40.05    -0.1   -13.1    -6.6    -5.5     0.0     5.75 C     1.1   -13.9    -5.1    84.1    64.9    76.1 -99.000   0.400   0.395   0.390 -99.000    -0.2     1.2     2.6     4.9     7.0
54808 20160112  2.422  -88.37   40.05    -0.6   -13.8    -7.2    -8.4     0.3     9.80 C    -1.2   -14.6    -8.0    84.1    61.2    71.0 -99.000   0.397   0.392   0.379 -99.000    -0.5     0.9     2.1     4.4     6.9
54808 20160113  2.422  -88.37   40.05     0.1   -15.3    -7.6    -7.4     0.0     5.09 C     1.0   -17.2    -7.6    87.4    57.1    73.3 -99.000   0.394   0.392   0.378 -99.000    -1.0     0.5     1.7     4.1     6.7
54808 20160114  2.422  -88.37   40.05    11.1    -5.2     2.9     3.0     0.0     9.82 C    12.7    -8.0     1.7    89.8    62.1    79.7 -99.000   0.393   0.390   0.378 -99.000    -0.6     0.3     1.5     3.8     6.5
54808 20160115  2.422  -88.37   40.05     5.7    -2.1     1.8     2.1     4.6     1.20 C     5.9    -2.0     1.5    96.9    84.1    89.5 -99.000   0.390   0.391   0.376 -99.000    -0.3     0.4     1.4     3.5     6.3
54808 20160116  2.422  -88.37   40.05    -1.5    -5.1    -3.3    -3.3     0.0     4.11 C     3.5    -6.4    -3.0    90.2    74.6    83.9 -99.000   0.391   0.394   0.371 -99.000    -0.2     0.5     1.5     3.4     6.1
54808 20160117  2.422  -88.37   40.05    -5.1   -16.7   -10.9   -12.5     0.7     9.91 C    -5.3   -17.2   -11.6    85.7    61.9    71.2 -99.000   0.386   0.389   0.373 -99.000    -0.4     0.6     1.5     3.4     5.9
54808 20160118  2.422  -88.37   40.05   -12.8   -18.2   -15.5   -15.9     0.0     8.43 C    -7.3   -19.8   -15.4    81.1    64.2    71.9 -99.000   0.383   0.386   0.372 -99.000    -1.7     0.2     1.3     3.3     5.8
54808 20160119  2.422  -88.37   40.05    -7.4   -17.3   -12.4   -12.0     4.1    10.11 C    -0.4   -20.0   -10.6    89.9    58.7    72.2 -99.000   0.379   0.392   0.372 -99.000    -2.0    -0.3     0.9     3.1     5.7
54808 20160120  2.422  -88.37   40.05    -7.4   -19.4   -13.4   -11.4     2.8    10.33 C    -4.8   -20.4   -11.6    90.7    78.3    85.9 -99.000   0.382   0.388   0.369 -99.000    -1.2    -0.2     0.8     2.9     5.5
54808 20160121  2.422  -88.37   40.05    -4.9   -18.8   -11.8   -10.2     0.0     8.90 C    -2.3   -19.7   -10.6    91.4    71.0    84.2 -99.000   0.378   0.392   0.374 -99.000    -1.0    -0.2     0.7     2.7     5.4
54808 20160122  2.422  -88.37   40.05    -2.6    -8.7    -5.7    -5.2     0.0     7.48 C    -2.3   -11.1    -5.7    91.3    68.6    80.5 -99.000 -99.000   0.390   0.371 -99.000    -0.9    -0.2     0.7     2.6     5.3
54808 20160123  2.422  -88.37   40.05    -2.9   -15.5    -9.2    -9.4     0.0    10.26 C    -0.4   -17.8   -10.6    95.0    84.8    89.6 -99.000 -99.000   0.387   0.373 -99.000    -1.0    -0.2     0.7     2.5     5.1
54808 20160124  2.422  -88.37   40.05     1.1   -14.0    -6.5    -4.6     0.0     9.92 C     0.5   -16.4    -6.0    91.9    76.6    84.0 -99.000 -99.000   0.388   0.371 -99.000    -1.0    -0.3     0.6     2.5     5.0
54808 20160125  2.422  -88.37   40.05     5.7    -5.0     0.4     0.8     0.0     5.74 C     3.9    -7.6    -1.0    95.3    75.3    83.9 -99.000 -99.000   0.388   0.375 -99.000    -0.6    -0.1     0.7     2.4     4.9
54808 20160126  2.422  -88.37   40.05     0.7    -2.1    -0.7    -1.0     0.0     1.99 C     0.3    -2.4    -1.2    89.8    73.5    80.0 -99.000 -99.000   0.402   0.380 -99.000    -0.3     0.0     0.7     2.3     4.8
54808 20160127  2.422  -88.37   40.05     1.1    -4.5    -1.7    -1.3     0.0     7.65 C     7.5    -6.6    -1.1    84.7    59.4    73.9 -99.000   0.381   0.399   0.376 -99.000    -0.4     0.0     0.7     2.3     4.7
54808 20160128  2.422  -88.37   40.05     6.9    -1.7     2.6     2.0     0.0     9.53 C     9.9    -3.3     1.5    86.4    62.8    76.8 -99.000   0.386   0.394   0.375 -99.000    -0.4     0.0     0.7     2.3     4.7
54808 20160129  2.422  -88.37   40.05     3.6    -2.0     0.8     0.5     0.0    10.33 C    12.4    -3.6     1.0    84.0    61.1    73.7 -99.000   0.385   0.390   0.379 -99.000    -0.3     0.1     0.7     2.3     4.6
54808 20160130  2.422  -88.37   40.05    12.0     0.2     6.1     4.4     0.0     8.64 C    16.1    -2.8     3.2    95.0    61.5    81.9 -99.000   0.386   0.392   0.377 -99.000    -0.2     0.1     0.8     2.3     4.5
54808 20160131  2.422  -88.37   40.05    15.8     0.8     8.3     7.7     0.0     5.59 C    17.5    -1.0     6.6    97.0    74.0    87.9 -99.000   0.388   0.383   0.372 -99.000     0.1     0.3     0.9     2.3     4.5
54808 20160201  2.422  -88.37   40.05     8.7    -0.8     3.9     2.6     0.0    10.22 C    16.5    -4.7     2.5    96.3    44.9    81.1 -99.000   0.395   0.399   0.381 -99.000     0.6     1.0     1.2     2.3     4.5
54808 20160202  2.422  -88.37   40.05    14.2     0.5     7.4     6.6    14.8     1.37 C    13.2    -1.1     5.7    97.5    81.5    90.9   0.435   0.409   0.403   0.415 -99.000     2.1     1.8     1.8     2.5     4.4
54808 20160203  2.422  -88.37   40.05     9.2    -2.3     3.4     1.4     0.0     1.61 C     8.5    -2.5     0.9    97.8    75.8    84.6   0.425   0.408   0.408   0.399 -99.000     2.7     2.9     2.9     2.9     4.4
54808 20160204  2.422  -88.37   40.05     0.0    -6.1    -3.0    -2.9     0.0    12.57 C     5.7    -6.7    -2.3    85.8    57.6    73.3   0.403   0.392   0.396   0.384 -99.000     0.8     1.6     2.2     3.2     4.5
54808 20160205  2.422  -88.37   40.05     0.2    -5.0    -2.4    -2.4     0.0     5.75 C     7.8    -8.6    -3.4    92.8    68.1    82.1   0.380   0.383   0.391   0.378 -99.000     0.4     1.1     1.8     3.1     4.6
54808 20160206  2.422  -88.37   40.05     7.5    -5.6     1.0     0.3     0.0    12.35 C    11.7    -9.3    -0.6    93.8    56.0    82.1 -99.000   0.381   0.390   0.375 -99.000     0.4     1.0     1.7     3.0     4.6
54808 20160207  2.422  -88.37   40.05     9.3    -0.6     4.4     3.7     0.0    11.06 C    11.9    -3.5     2.8    90.1    56.5    74.9   0.394   0.385   0.387   0.375 -99.000     1.3     1.6     1.9     3.0     4.6
54808 20160208  2.422  -88.37   40.05     0.8    -7.2    -3.2    -3.6     0.7     4.37 C     0.0    -6.8    -3.6    93.1    71.9    83.5   0.393   0.383   0.390   0.376 -99.000     0.9     1.5     2.1     3.1     4.6
54808 20160209  2.422  -88.37   40.05    -7.2   -10.0    -8.6    -8.2     0.0     8.12 C    -4.1   -10.0    -7.3    83.6    67.3    76.8 -99.000   0.379   0.389   0.376 -99.000     0.3     1.0     1.7     3.1     4.6
54808 20160210  2.422  -88.37   40.05    -6.7   -15.5   -11.1   -10.2     0.0    10.96 C    -2.7   -17.8   -10.1    82.9    58.2    69.9 -99.000   0.385   0.386   0.369 -99.000    -0.1     0.7     1.5     2.9     4.6
54808 20160211  2.422  -88.37   40.05    -4.9   -13.3    -9.1    -8.1     0.0    13.90 C     5.2   -15.8    -6.8    83.6    46.1    62.6 -99.000   0.387   0.384   0.374 -99.000    -0.4     0.5     1.3     2.8     4.6
54808 20160212  2.422  -88.37   40.05    -2.6   -11.4    -7.0    -6.1     0.4     5.46 C     0.8   -12.6    -6.1    89.7    48.5    70.8 -99.000   0.388   0.384   0.383 -99.000    -0.6     0.4     1.1     2.6     4.5
54808 20160213  2.422  -88.37   40.05    -6.9   -15.9   -11.4   -10.6     0.0    13.91 C     2.1   -17.6    -9.0    71.7    41.1    54.2 -99.000   0.389   0.386   0.378 -99.000    -1.4     0.1     1.0     2.5     4.4
54808 20160214  2.422  -88.37   40.05    -6.1    -9.7    -7.9    -7.8     2.6     4.88 C    -5.0    -9.2    -7.4    94.3    54.7    81.0 -99.000   0.388   0.393   0.369 -99.000    -1.4    -0.1     0.7     2.4     4.4
54808 20160215  2.422  -88.37   40.05    -1.1    -6.1    -3.6    -3.0     0.0     5.58 C     0.6    -7.9    -2.6    96.8    89.3    94.7 -99.000 -99.000   0.388   0.371 -99.000    -0.8    -0.1     0.7     2.3     4.3
54808 20160216  2.422  -88.37   40.05     3.3    -8.7    -2.7    -1.5     0.0    13.38 C     6.9   -11.5    -1.1    95.5    77.2    87.6 -99.000 -99.000   0.391   0.368 -99.000    -0.5     0.0     0.6     2.2     4.2
54808 20160217  2.422  -88.37   40.05     1.8    -3.2    -0.7    -0.1     0.0     4.02 C     5.9    -7.8    -0.5    89.3    66.0    80.9 -99.000 -99.000   0.396   0.367 -99.000    -0.3     0.0     0.6     2.1     4.1
54808 20160218  2.422  -88.37   40.05     7.4    -2.1     2.7     3.0     0.0    10.42 C     9.6    -4.3     2.4    91.7    66.7    78.5 -99.000   0.386   0.399   0.368 -99.000    -0.3     0.0     0.7     2.1     4.0
54808 20160219  2.422  -88.37   40.05    17.7     2.9    10.3     9.6     0.0    11.31 C    19.3    -1.7     7.7    82.4    39.9    65.8 -99.000   0.380   0.385   0.365 -99.000     0.6     0.5     0.9     2.1     4.0
54808 20160220  2.422  -88.37   40.05    20.7     1.3    11.0     9.6     0.0    15.21 C    24.0    -3.6     7.7    81.8    28.2    61.6   0.394   0.377   0.383   0.367 -99.000     2.1     1.8     1.6     2.2     3.9
54808 20160221  2.422  -88.37   40.05    10.5    -0.5     5.0     4.7     0.0    13.06 C    16.4    -2.6     5.2    93.3    59.1    78.0   0.383   0.377   0.386   0.368 -99.000     3.1     2.8     2.5     2.6     3.9
54808 20160222  2.422  -88.37   40.05     8.1    -2.6     2.7     2.6     0.0    13.66 C    21.5    -7.0     3.4    92.4    53.8    74.1   0.375   0.373   0.386   0.367 -99.000     3.2     3.2     3.0     3.0     4.0
54808 20160223  2.422  -88.37   40.05     9.7    -2.0     3.8     3.6     0.0    13.20 C    14.3    -3.8     3.6    88.7    46.9    67.0   0.368   0.370   0.386   0.370 -99.000     2.9     3.1     3.2     3.4     4.1
54808 20160224  2.422  -88.37   40.05     2.7    -0.2     1.2     0.6     6.2     3.93 C     2.2    -0.3     0.3    95.2    65.6    87.3   0.374   0.371   0.385   0.372 -99.000     2.0     2.6     3.0     3.6     4.2
54808 20160225  2.422  -88.37   40.05     2.9    -0.5     1.2     0.9     0.0     7.94 C     1.0    -2.2    -0.1    86.8    65.1    78.6   0.402   0.391   0.388   0.370 -99.000     1.7     2.2     2.7     3.5     4.4
54808 20160226  2.422  -88.37   40.05     1.5    -4.0    -1.3    -1.1     0.0     9.12 C     3.0    -6.5    -2.2    89.8    55.4    78.3   0.409   0.402   0.403   0.375 -99.000     1.5     2.1     2.5     3.4     4.4
54808 20160227  2.422  -88.37   40.05    11.9    -3.4     4.2     3.5     0.0    16.43 C    12.4    -5.8     1.8    89.9    47.8    76.9   0.406   0.404   0.403   0.386 -99.000     1.7     2.0     2.3     3.3     4.4
54808 20160228  2.422  -88.37   40.05    18.6     3.4    11.0    10.0     0.8    13.32 C    20.5     0.9     8.9    87.3    49.6    71.0   0.409   0.402   0.402   0.388 -99.000     4.5     3.7     3.2     3.4     4.4
54808 20160229  2.422  -88.37   40.05    14.3    -1.5     6.4     6.1     0.0    16.19 C    17.3    -3.7     5.7    91.7    41.1    69.7   0.402   0.396   0.406   0.388 -99.000     5.0     4.7     4.3     4.0     4.5
54808 20160301  2.422  -88.37   40.05     9.5    -3.3     3.1     1.3     0.0     2.48 C    10.0    -4.3     1.0    92.7    67.4    79.6   0.393   0.391   0.397   0.386 -99.000     3.7     4.2     4.4     4.4     4.6
54808 20160302  2.422  -88.37   40.05     3.1   -10.1    -3.5    -1.9     0.0    15.93 C    13.0   -13.3     0.1    87.4    34.7    63.0   0.387   0.384   0.392   0.380 -99.000     2.1     2.9     3.5     4.3     4.8
54808 20160303  2.422  -88.37   40.05     4.5    -0.4     2.0     1.6     4.6     1.77 C     5.8    -0.7     1.7    96.3    73.4    87.3   0.405   0.393   0.395   0.379 -99.000     2.5     2.9     3.3     4.1     4.8
54808 20160304  2.422  -88.37   40.05     4.9    -2.8     1.1     0.9     0.0    16.34 C    16.3    -4.9     2.7    90.0    56.2    75.7   0.418   0.403   0.402   0.382 -99.000     3.2     3.3     3.4     4.1     4.9
54808 20160305  2.422  -88.37   40.05     6.7     1.0     3.8     3.5     0.0     5.71 C    10.3     0.6     3.8    94.3    63.0    81.6   0.412   0.400   0.401   0.378 -99.000     3.7     3.8     3.8     4.2     4.9
54808 20160306  2.422  -88.37   40.05    12.9    -2.5     5.2     5.9     0.0    15.96 C    18.1    -6.5     5.5    95.4    49.9    70.8   0.407   0.394   0.401   0.379 -99.000     4.3     4.1     4.0     4.3     4.9
54808 20160307  2.422  -88.37   40.05    18.6     6.3    12.4    11.2     5.3     5.80 C    19.7     4.4     9.8    89.9    55.4    73.5   0.430   0.409   0.404   0.380 -99.000     6.1     5.4     4.8     4.6     5.0
54808 20160308  2.422  -88.37   40.05    22.0    10.6    16.3    15.6     0.0    12.82 C    24.2     9.0    15.0    87.6    55.7    72.9   0.430   0.414   0.412   0.385 -99.000     9.0     7.6     6.3     5.1     5.1
54808 20160309  2.422  -88.37   40.05    19.4    13.3    16.4    15.8     0.0     5.56 C    22.0    12.5    15.5    96.8    67.7    82.2   0.422   0.412   0.405   0.387 -99.000    10.6     9.3     7.9     6.0     5.3
54808 20160310  2.422  -88.37   40.05    13.3     4.0     8.7     8.9     3.1     4.23 C    13.0     1.5     8.5    97.1    79.6    88.0   0.438   0.416   0.415   0.389 -99.000     9.5     9.2     8.5     6.9     5.6
54808 20160311  2.422  -88.37   40.05    13.8     1.3     7.6     7.5     0.0    14.97 C    20.3    -0.1     7.5    96.0    58.9    81.3   0.428   0.410   0.412   0.385 -99.000     8.2     8.2     7.9     7.2     5.9
54808 20160312  2.422  -88.37   40.05    14.6     6.1    10.3    10.8     2.1     5.87 C    17.5     4.5    10.9    94.8    74.6    85.7   0.421   0.406   0.404   0.387 -99.000     8.8     8.4     8.0     7.3     6.2
54808 20160313  2.422  -88.37   40.05    17.2    11.8    14.5    13.9    24.0     4.40 C    19.6    11.5    13.9    97.1    85.2    94.0   0.482   0.448   0.433   0.495 -99.000    10.9     9.8     8.8     7.5     6.4
54808 20160314  2.422  -88.37   40.05    14.1     6.7    10.4    12.0     0.3     4.39 C    17.9     4.3    11.7    97.7    82.7    93.1   0.457   0.434   0.428   0.445 -99.000    11.2    10.5     9.6     8.1     6.6
54808 20160315  2.422  -88.37   40.05    23.1     6.7    14.9    15.1     0.0    17.54 C    25.3     4.8    14.9    97.6    59.3    81.6   0.446   0.423   0.421   0.397 -99.000    11.6    10.7     9.8     8.5     7.0
54808 20160316  2.422  -88.37   40.05    16.7     4.5    10.6    11.2     0.0    18.70 C    19.7    -1.0    10.4    85.3    27.3    57.2   0.426   0.413   0.416   0.399 -99.000    10.6    10.6    10.1     8.9     7.2
54808 20160317  2.422  -88.37   40.05    16.0     2.1     9.0     8.5     0.0    18.27 C    21.3    -1.0     7.1    83.4    23.4    55.1   0.407   0.402   0.405   0.390 -99.000     8.8     9.2     9.3     9.0     7.5
54808 20160318  2.422  -88.37   40.05    10.5    -1.3     4.6     5.7     0.0    15.24 C    21.6    -4.4     6.1    87.1    37.7    60.3   0.391   0.397   0.402   0.388 -99.000     8.0     8.5     8.7     8.7     7.6
54808 20160319  2.422  -88.37   40.05     8.4     1.5     5.0     4.7     0.7     7.59 C    20.1     1.0     5.3    90.1    46.7    71.1   0.377   0.392   0.400   0.387 -99.000     7.4     8.0     8.3     8.4     7.7
54808 20160320  2.422  -88.37   40.05     7.9    -0.9     3.5     3.8     0.0    13.13 C    16.9    -3.7     4.1    91.2    40.0    67.7   0.362   0.386   0.401   0.385 -99.000     6.6     7.3     7.7     8.2     7.7
54808 20160321  2.422  -88.37   40.05    11.6    -3.6     4.0     4.6     0.0    19.84 C    18.3    -5.6     5.0    88.5    34.2    62.8   0.349   0.381   0.397   0.380 -99.000     6.3     6.8     7.2     7.9     7.7
54808 20160322  2.422  -88.37   40.05    19.4     3.6    11.5    11.7     0.0    17.51 C    21.8     1.8    11.0    75.7    35.2    55.5   0.334   0.379   0.397   0.382 -99.000     7.7     7.5     7.4     7.7     7.6
54808 20160323  2.422  -88.37   40.05    19.7    11.5    15.6    15.1     0.0    11.21 C    23.9     9.9    14.6    80.8    54.9    67.3   0.320   0.371   0.394   0.382 -99.000    10.1     9.2     8.5     7.9     7.6
54808 20160324  2.422  -88.37   40.05    16.7     0.1     8.4     9.9    12.4     6.78 C    17.5     0.1     9.5    92.9    68.9    82.2   0.385   0.392   0.405   0.384 -99.000    10.4    10.1     9.4     8.4     7.6
54808 20160325  2.422  -88.37   40.05     7.5    -1.1     3.2     2.6     0.0    19.07 C    21.9    -1.0     5.1    89.3    61.1    75.4   0.398   0.391   0.402   0.380 -99.000     7.9     8.4     8.6     8.6     7.7
54808 20160326  2.422  -88.37   40.05    16.4    -0.5     7.9     7.4     0.0    21.67 C    23.2    -2.2     7.9    93.9    37.2    69.6   0.383   0.382   0.395   0.381 -99.000     8.4     8.4     8.4     8.4     7.9
54808 20160327  2.422  -88.37   40.05    19.9     2.0    10.9     8.9    12.7    11.67 C    22.6    -0.8     8.6    94.2    35.7    75.1   0.400   0.390   0.404   0.378 -99.000     8.6     8.7     8.6     8.4     7.9
54808 20160328  2.422  -88.37   40.05    12.4     2.6     7.5     7.1     0.0    19.03 C    21.3    -1.5     7.4    90.4    52.9    76.0   0.430   0.415   0.408   0.381 -99.000     8.7     8.7     8.6     8.4     8.0
54808 20160329  2.422  -88.37   40.05    14.5     0.3     7.4     7.5     0.0    22.63 C    23.3    -2.8     7.6    93.2    36.3    65.3   0.408   0.405   0.400   0.378 -99.000     8.3     8.5     8.5     8.4     8.0
54808 20160330  2.422  -88.37   40.05    15.0     4.2     9.6    10.6    26.2     3.74 C    15.7     2.3     9.6    93.5    47.8    77.9   0.436   0.416   0.409   0.431 -99.000     8.6     8.6     8.6     8.4     8.0
54808 20160331  2.422  -88.37   40.05    20.7     6.3    13.5    14.5     9.7    12.37 C    22.5     4.0    13.8    94.2    60.5    83.2   0.481   0.454   0.457   0.574 -99.000    11.8    10.7     9.7     8.6     8.1
54808 20160401  2.422  -88.37   40.05    11.3     2.1     6.7     6.9     0.0    14.44 C    15.5    -0.2     6.7    94.3    56.9    78.1   0.446   0.427   0.433   0.485 -99.000     9.7    10.0     9.8     9.1     8.2
54808 20160402  2.422  -88.37   40.05     9.7    -2.3     3.7     3.4     0.0    21.18 C    12.8    -6.0     3.0    86.5    33.0    62.0   0.423   0.412   0.411   0.400 -99.000     7.4     8.4     8.9     9.1     8.3
54808 20160403  2.422  -88.37   40.05    19.1    -2.9     8.1     9.0     0.0    23.09 C    20.6    -6.1     8.5    85.1    35.9    58.3   0.407   0.401   0.405   0.394 -99.000     7.4     7.6     8.0     8.7     8.4
54808 20160404  2.422  -88.37   40.05    13.4    -1.4     6.0     5.2     0.0    16.37 C    17.0    -3.0     5.9    83.6    49.9    66.2   0.391   0.397   0.403   0.387 -99.000     8.2     8.5     8.6     8.5     8.4
54808 20160405  2.422  -88.37   40.05    10.0    -5.2     2.4     3.9     0.0    21.85 C    19.6    -8.5     5.1    84.2    39.4    58.5   0.374   0.390   0.398   0.390 -99.000     7.0     7.5     7.9     8.5     8.3
54808 20160406  2.422  -88.37   40.05    11.1     7.2     9.2     8.6    20.7     2.21 C    10.1     5.7     7.8    95.4    53.4    76.3   0.420   0.415   0.411   0.394 -99.000     7.5     7.7     8.0     8.3     8.3
54808 20160407  2.422  -88.37   40.05     7.9     0.4     4.1     4.8     0.0    13.81 C    11.4    -2.2     4.6    92.0    60.4    76.2   0.444   0.428   0.420   0.401 -99.000     7.3     7.7     7.9     8.3     8.3
54808 20160408  2.422  -88.37   40.05     7.6    -0.6     3.5     3.5     0.4     9.12 C    11.2    -1.9     3.3    91.5    48.6    75.8   0.427   0.412   0.410   0.396 -99.000     6.3     7.0     7.5     8.2     8.2
54808 20160409  2.422  -88.37   40.05     4.5    -3.8     0.3     0.5     0.0    25.06 C    17.6    -5.0     3.5    80.6    36.9    58.0   0.413   0.406   0.405   0.389 -99.000     5.9     6.4     6.9     7.9     8.2
54808 20160410  2.422  -88.37   40.05    10.9     2.1     6.5     7.2    11.5     2.39 C    10.9     1.6     6.7    96.5    54.4    78.3   0.430   0.415   0.405   0.388 -99.000     6.3     6.6     7.0     7.7     8.1
54808 20160411  2.422  -88.37   40.05    10.6     0.2     5.4     7.8     0.7    14.43 C    14.6    -2.9     7.2    97.2    48.4    75.8   0.461   0.434   0.421   0.401 -99.000     8.0     7.8     7.6     7.7     8.0
54808 20160412  2.422  -88.37   40.05    11.1    -1.6     4.7     5.2     0.0    25.28 C    20.4    -4.4     5.8    84.9    34.0    60.4   0.435   0.420   0.414   0.395 -99.000     7.4     7.7     7.7     7.8     8.0
54808 20160413  2.422  -88.37   40.05    15.7     0.1     7.9     8.4     0.0    25.28 C    25.4    -1.6     9.4    87.0    32.6    59.6   0.423   0.411   0.406   0.393 -99.000     8.5     8.3     8.0     7.9     8.0
54808 20160414  2.422  -88.37   40.05    19.8     2.9    11.4    12.0     0.0    25.01 C    24.7     1.6    12.1    83.4    27.3    51.7   0.409   0.407   0.404   0.385 -99.000     9.7     9.2     8.7     8.2     8.0
54808 20160415  2.422  -88.37   40.05    23.9     6.1    15.0    15.4     0.0    24.56 C    29.6     4.8    15.3    76.9    34.6    54.3   0.388   0.401   0.407   0.388 -99.000    11.2    10.3     9.5     8.6     8.0
54808 20160416  2.422  -88.37   40.05    26.4     9.1    17.7    17.9     0.0    24.08 C    32.7     6.8    17.2    75.8    29.8    53.3   0.362   0.390   0.403   0.386 -99.000    12.9    11.8    10.6     9.1     8.2
54808 20160417  2.422  -88.37   40.05    26.4     9.0    17.7    18.5     0.0    25.33 C    33.2     6.3    17.2    84.4    23.6    49.1   0.332   0.379   0.402   0.384 -99.000    13.6    12.6    11.4     9.8     8.3
54808 20160418  2.422  -88.37   40.05    27.3     7.8    17.5    18.9     0.0    22.56 C    32.5     4.7    17.3    84.4    21.6    48.2   0.311   0.359   0.400   0.388 -99.000    14.0    13.1    12.0    10.3     8.6
54808 20160419  2.422  -88.37   40.05    25.6    11.5    18.5    18.6     0.0    14.55 C    31.0     9.1    17.0    78.2    28.3    51.7   0.294   0.342   0.394   0.384 -99.000    14.2    13.4    12.4    10.8     8.9
54808 20160420  2.422  -88.37   40.05    23.3    10.7    17.0    15.7     6.9     9.38 C    24.2     9.5    15.1    94.7    36.0    75.7   0.283   0.329   0.386   0.387 -99.000    13.6    13.1    12.5    11.1     9.2
54808 20160421  2.422  -88.37   40.05    20.8    10.5    15.7    15.4     6.9    12.13 C    24.2     8.4    15.4    96.7    59.2    85.5   0.329   0.337   0.389   0.383 -99.000    14.6    13.7    12.8    11.3     9.4
54808 20160422  2.422  -88.37   40.05    19.2     6.4    12.8    12.7     0.2    20.01 C    23.3     5.6    13.0    97.3    66.4    82.7   0.377   0.346   0.387   0.384 -99.000    14.2    13.8    13.0    11.6     9.6
54808 20160423  2.422  -88.37   40.05    19.5     3.5    11.5    11.4     0.0    22.66 C    26.8     2.3    12.6    95.5    47.0    74.0   0.353   0.338   0.388   0.386 -99.000    13.6    13.4    12.8    11.8     9.8
54808 20160424  2.422  -88.37   40.05    25.1     6.1    15.6    16.2     0.0    23.37 C    28.7     4.5    16.1    97.8    41.5    69.8   0.328   0.329   0.381   0.386 -99.000    14.5    13.8    13.0    11.8    10.0
54808 20160425  2.422  -88.37   40.05    27.2    14.0    20.6    21.3     0.0    19.86 C    30.1    12.5    20.2    77.1    44.2    59.5   0.305   0.320   0.377   0.381 -99.000    15.8    14.7    13.6    12.1    10.2
54808 20160426  2.422  -88.37   40.05    25.1     9.8    17.4    18.0     1.2    11.45 C    29.6     9.4    17.7    91.3    53.7    74.4   0.289   0.311   0.370   0.380 -99.000    16.3    15.5    14.3    12.6    10.3
54808 20160427  2.422  -88.37   40.05    16.1    10.0    13.0    13.6     1.0     7.54 C    17.6     9.5    13.6    94.4    75.9    87.8   0.282   0.304   0.367   0.379 -99.000    14.2    14.2    13.9    12.8    10.6
54808 20160428  2.422  -88.37   40.05    20.7     9.6    15.2    14.9    14.6    17.58 C    24.8     7.2    14.8    97.3    54.1    80.6   0.406   0.378   0.369   0.379 -99.000    15.2    14.6    13.8    12.7    10.8
54808 20160429  2.422  -88.37   40.05    15.3     6.7    11.0    11.3     0.0    13.34 C    20.3     4.7    11.5    97.4    68.2    83.5   0.379   0.359   0.367   0.380 -99.000    13.9    14.0    13.7    12.9    10.9
54808 20160430  2.422  -88.37   40.05    16.4     9.7    13.0    12.8    18.9     2.69 C    16.5     9.5    12.4    97.6    85.7    93.5   0.441   0.396   0.379   0.380 -99.000    13.1    13.3    13.2    12.7    11.0
54808 20160501  2.422  -88.37   40.05    19.3    10.1    14.7    13.6     1.0    11.00 C    23.3     9.9    14.2    97.7    78.9    92.1   0.449   0.405   0.384   0.376 -99.000    14.2    13.8    13.3    12.6    11.1
54808 20160502  2.422  -88.37   40.05    13.5     6.3     9.9    10.3     0.0     9.31 C    18.0     3.8    10.3    96.0    68.2    85.3   0.437   0.396   0.377   0.377 -99.000    13.6    13.7    13.4    12.7    11.2
54808 20160503  2.422  -88.37   40.05    18.5     6.1    12.3    12.4     0.0    21.27 C    22.7     5.2    12.4    95.2    41.6    68.2   0.420   0.391   0.375   0.373 -99.000    13.6    13.4    13.1    12.6    11.2
54808 20160504  2.422  -88.37   40.05    14.9     6.0    10.4    11.1     4.6    16.96 C    17.3     5.0    10.9    94.7    56.8    76.7   0.430   0.389   0.372   0.374 -99.000    13.3    13.4    13.2    12.6    11.2
54808 20160505  2.422  -88.37   40.05    19.4     4.3    11.8    11.2     0.0    23.91 C    21.3     3.7    10.9    86.1    40.4    68.2   0.412   0.380   0.371   0.371 -99.000    13.1    13.1    12.9    12.6    11.3
54808 20160506  2.422  -88.37   40.05    25.4     4.9    15.2    15.7     0.0    23.54 C    27.1     2.5    14.8    92.2    31.1    59.9   0.390   0.369   0.368   0.372 -99.000    14.0    13.6    13.1    12.5    11.3
54808 20160507  2.422  -88.37   40.05    25.6    11.5    18.5    18.0     0.0    14.43 C    27.2     8.6    17.1    79.9    36.4    55.6   0.369   0.362   0.365   0.373 -99.000    15.1    14.5    13.7    12.7    11.3
54808 20160508  2.422  -88.37   40.05    18.0    10.1    14.1    13.4    10.4     9.42 C    19.4     7.4    12.8    92.8    46.6    74.6   0.357   0.356   0.362   0.376 -99.000    14.3    14.2    13.8    13.0    11.4
54808 20160509  2.422  -88.37   40.05    21.3    11.8    16.5    15.5    11.6     6.99 C    23.0    11.4    15.3    95.3    75.0    89.8   0.447   0.402   0.366   0.373 -99.000    14.7    14.4    13.8    13.0    11.5
54808 20160510  2.422  -88.37   40.05    21.8    14.6    18.2    18.0     9.5    11.47 C    23.7    13.7    17.7    95.8    69.6    86.7   0.480   0.427   0.423   0.389 -99.000    16.0    15.3    14.4    13.2    11.6
54808 20160511  2.422  -88.37   40.05    25.3    13.5    19.4    18.1    12.2    17.31 C    27.1    12.1    18.3    97.4    66.5    88.1   0.476   0.432   0.425   0.406 -99.000    17.3    16.3    15.1    13.5    11.6
54808 20160512  2.422  -88.37   40.05    20.6    10.2    15.4    16.6     0.0    11.98 C    21.6     8.9    16.1    96.2    59.6    82.5   0.474   0.443   0.426   0.411 -99.000    16.8    16.4    15.6    14.0    11.8
54808 20160513  2.422  -88.37   40.05    21.0     7.2    14.1    14.4    10.7    26.94 C    22.8     6.3    14.7    93.9    45.8    72.4   0.456   0.428   0.417   0.410 -99.000    16.4    16.1    15.4    14.2    12.0
54808 20160514  2.422  -88.37   40.05    11.4     4.3     7.8     7.4     0.0    16.73 C    13.6     2.9     7.3    89.0    51.4    70.4   0.468   0.439   0.429   0.413 -99.000    13.7    14.6    14.8    14.2    12.1
54808 20160515  2.422  -88.37   40.05    14.0     3.6     8.8     9.1     0.0    28.57 C    17.4     2.4     8.9    87.5    33.5    59.7   0.442   0.422   0.410   0.405 -99.000    13.2    13.7    13.8    13.9    12.3
54808 20160516  2.422  -88.37   40.05    18.2     4.2    11.2    11.9     1.1    18.19 C    20.8     2.4    11.4    91.1    41.7    62.9   0.423   0.411   0.406   0.402 -99.000    13.2    13.5    13.6    13.6    12.3
54808 20160517  2.422  -88.37   40.05    14.4     8.6    11.5    11.6     1.2     8.96 C    15.7     7.5    11.2    95.3    64.9    82.3   0.414   0.409   0.404   0.396 -99.000    13.7    13.8    13.6    13.5    12.3
54808 20160518  2.422  -88.37   40.05    19.9     4.7    12.3    13.0     0.0    24.82 C    24.6     3.8    13.0    85.2    43.3    63.5   0.403   0.401   0.398   0.396 -99.000    14.6    14.3    13.8    13.4    12.2
54808 20160519  2.422  -88.37   40.05    21.9     7.9    14.9    15.7     0.0    28.70 C    25.3     6.5    15.8    85.9    31.5    54.0   0.382   0.395   0.400   0.396 -99.000    16.0    15.4    14.5    13.5    12.2
54808 20160520  2.422  -88.37   40.05    19.9    12.0    16.0    15.0     2.5     9.27 C    20.0    10.5    14.3    93.4    38.6    64.7   0.358   0.384   0.395   0.396 -99.000    15.0    15.1    14.8    13.8    12.3
54808 20160521  2.422  -88.37   40.05    25.1    10.4    17.8    17.4     0.0    26.42 C    25.1     7.3    16.3    87.8    24.9    54.0   0.343   0.375   0.389   0.390 -99.000    16.1    15.6    14.8    13.8    12.3
54808 20160522  2.422  -88.37   40.05    28.9     8.1    18.5    19.5     0.0    28.32 C    29.5     5.2    18.2    85.1    23.5    47.1   0.317   0.357   0.377   0.393 -99.000    16.6    16.0    15.2    14.0    12.4
54808 20160523  2.422  -88.37   40.05    26.9     9.7    18.3    19.8     0.0    26.95 C    29.5     6.8    19.1    83.4    30.0    49.7   0.293   0.338   0.367   0.392 -99.000    17.5    16.8    15.8    14.3    12.5
54808 20160524  2.422  -88.37   40.05 -9999.0 -9999.0 -9999.0 -9999.0 -9999.0 -9999.00 U -9999.0 -9999.0 -9999.0 -9999.0 -9999.0 -9999.0 -99.000 -99.000 -99.000 -99.000 -99.000 -9999.0 -9999.0 -9999.0 -9999.0 -9999.0
54808 20160525  2.422  -88.37   40.05    29.0    15.6    22.3    22.6     0.0    23.15 C    35.1    12.4    22.7    91.9    52.5    71.7   0.268   0.311   0.347   0.386 -99.000    19.2    18.1    16.9    15.0    12.8
54808 20160526  2.422  -88.37   40.05    27.1    16.8    22.0    21.6    10.3    16.43 C    32.1    16.4    21.6    95.6    61.6    83.4   0.307   0.308   0.347   0.384 -99.000    19.7    18.7    17.5    15.5    13.0
54808 20160527  2.422  -88.37   40.05    26.5    17.7    22.1    21.3     5.3    14.76 C    32.4    16.6    21.4    94.1    65.1    84.0   0.313   0.310   0.350   0.381 -99.000    19.8    19.0    17.8    15.9    13.2
54808 20160528  2.422  -88.37   40.05    26.9    19.8    23.3    22.7     0.0    18.03 C    30.0    17.3    22.4    91.1    64.4    79.4   0.308   0.308   0.344   0.386 -99.000    20.2    19.3    18.1    16.2    13.4
54808 20160529  2.422  -88.37   40.05    29.2    16.9    23.0    23.1     0.0    27.50 C    34.8    11.7    22.8    96.0    35.2    64.3   0.297   0.308   0.343   0.382 -99.000    20.7    19.7    18.6    16.5    13.6
54808 20160530  2.422  -88.37   40.05    30.4    14.9    22.6    22.8    14.6    24.53 C    40.1    10.6    22.7    91.3    33.2    64.1   0.316   0.325   0.335   0.381 -99.000    20.6    19.8    18.7    16.8    13.9
54808 20160531  2.422  -88.37   40.05    28.9    17.7    23.3    21.9     9.0    18.53 C    37.3    14.2    21.9    95.8    48.2    77.4   0.407   0.377   0.332   0.376 -99.000    20.9    20.2    19.1    17.1    14.1
54808 20160601  2.422  -88.37   40.05    26.6    18.5    22.6    21.7     3.3    16.26 C    33.3    15.9    22.1    94.4    64.6    84.5   0.447   0.400   0.335   0.376 -99.000    21.3    20.4    19.4    17.4    14.3
54808 20160602  2.422  -88.37   40.05    27.3    15.5    21.4    21.7     0.0    30.03 C    36.0    10.3    22.0    94.6    33.8    63.4   0.425   0.388   0.341   0.379 -99.000    21.7    20.9    19.7    17.6    14.5
54808 20160603  2.422  -88.37   40.05    27.6    13.5    20.5    21.4     0.0    21.42 C    38.1     9.4    21.3    92.2    36.2    61.3   0.390   0.369   0.341   0.382 -99.000    20.8    20.4    19.6    17.8    14.7
54808 20160604  2.422  -88.37   40.05    24.0    16.3    20.2    19.3    32.0     7.33 C    26.6    16.2    18.9    96.1    74.6    89.0   0.453   0.424   0.401   0.410 -99.000    20.0    19.8    19.4    17.9    14.9
54808 20160605  2.422  -88.37   40.05    25.5    16.1    20.8    20.2     0.0    22.91 C    29.8    14.6    20.1    94.4    46.8    74.6   0.440   0.425   0.413   0.411 -99.000    20.1    19.7    19.1    17.8    15.0
54808 20160606  2.422  -88.37   40.05    29.7    14.8    22.2    22.1     0.0    29.36 C    32.4    10.6    21.3    89.8    25.0    56.2   0.414   0.408   0.398   0.402 -99.000    20.1    19.7    19.1    17.8    15.2
54808 20160607  2.422  -88.37   40.05    23.5    12.1    17.8    18.1     0.0    29.43 C    30.7     9.4    18.2    86.3    36.7    59.2   0.383   0.392   0.390   0.400 -99.000    19.4    19.4    18.9    17.8    15.3
54808 20160608  2.422  -88.37   40.05    24.9     9.4    17.1    18.1     0.0    29.82 C    34.2     5.4    18.4    93.6    32.4    61.0   0.355   0.377   0.382   0.399 -99.000    19.5    19.3    18.7    17.6    15.4
54808 20160609  2.422  -88.37   40.05    29.0    12.1    20.6    22.4     0.0    23.20 C    33.3     8.5    21.7    88.5    42.5    60.1   0.331   0.358   0.373   0.393 -99.000    19.7    19.3    18.8    17.6    15.4
54808 20160610  2.422  -88.37   40.05    33.4    19.7    26.5    27.0     0.0    27.84 C    38.8    18.1    27.0    84.1    40.5    61.6   0.309   0.344   0.359   0.391 -99.000    22.2    20.9    19.6    17.8    15.4
54808 20160611  2.422  -88.37   40.05    33.3    20.9    27.1    27.1     0.0    25.05 C    37.7    18.5    26.3    85.9    38.7    62.8   0.289   0.328   0.353   0.389 -99.000    22.9    21.7    20.4    18.2    15.5
54808 20160612  2.422  -88.37   40.05    31.3    18.3    24.8    25.6     0.0    26.98 C    40.0    15.9    26.3    86.2    34.3    58.4   0.274   0.313   0.336   0.385 -99.000    23.4    22.4    21.0    18.7    15.7
54808 20160613  2.422  -88.37   40.05    32.1    15.4    23.7    24.7     0.0    27.37 C    40.2    12.7    25.6    78.2    41.9    55.0   0.260   0.301   0.324   0.379 -99.000    23.3    22.3    21.1    19.0    15.8
54808 20160614  2.422  -88.37   40.05    30.6    21.1    25.8    25.0    22.7    22.89 C    38.2    20.9    25.6    95.8    69.2    84.2   0.347   0.363   0.348   0.404 -99.000    24.3    23.2    21.8    19.4    16.1
54808 20160615  2.422  -88.37   40.05    32.9    21.7    27.3    26.6     7.9    26.97 C    37.5    20.4    27.1    95.2    50.8    80.7   0.366   0.393   0.351   0.405 -99.000    25.0    23.8    22.3    19.8    16.3
54808 20160616  2.422  -88.37   40.05    28.0    17.6    22.8    24.0     0.0    29.27 C    34.9    16.4    24.8    94.7    58.7    75.4   0.351   0.370   0.341   0.398 -99.000    24.8    24.0    22.7    20.2    16.5
54808 20160617  2.422  -88.37   40.05    29.3    16.4    22.9    22.4     0.0    29.10 C    36.8    13.0    23.2    93.2    40.0    68.8   0.330   0.347   0.339   0.390 -99.000    23.9    23.3    22.4    20.4    16.7
54808 20160618  2.422  -88.37   40.05    29.6    14.0    21.8    22.8     0.0    28.17 C    36.4    11.1    22.7    90.6    38.1    64.4   0.311   0.326   0.325   0.393 -99.000    23.2    22.8    22.1    20.4    17.0
54808 20160619  2.422  -88.37   40.05    31.7    18.1    24.9    25.2     0.0    24.03 C    38.0    16.1    25.5    91.0    53.8    72.7   0.296   0.313   0.321   0.389 -99.000    23.9    23.1    22.1    20.4    17.1
54808 20160620  2.422  -88.37   40.05    33.1    20.4    26.7    26.8    19.0    25.88 C    37.8    17.4    27.1    93.4    50.1    72.7   0.297   0.314   0.314   0.391 -99.000    24.5    23.6    22.4    20.4    17.2
54808 20160621  2.422  -88.37   40.05    28.0    18.4    23.2    23.1     0.0    27.76 C    32.6    15.5    23.1    93.3    50.9    73.0   0.356   0.366   0.321   0.407 -99.000    24.3    23.7    22.7    20.7    17.3
54808 20160622  2.422  -88.37   40.05    29.2    17.6    23.4    23.4    37.1    14.75 C    30.8    17.0    23.2    96.1    70.6    85.1   0.416   0.423   0.396   0.426 -99.000    22.8    22.7    22.2    20.8    17.5
54808 20160623  2.422  -88.37   40.05    30.8    19.0    24.9    26.3     0.0    27.84 C    34.9    16.4    26.4    94.8    50.1    76.9   0.406   0.415   0.396   0.416 -99.000    24.8    23.8    22.6    20.7    17.6
54808 20160624  2.422  -88.37   40.05    28.6    17.3    22.9    22.7     0.0    26.53 C    36.0    15.9    24.0    96.4    51.8    80.3   0.379   0.393   0.380   0.414 -99.000    24.4    23.7    22.8    20.9    17.7
54808 20160625  2.422  -88.37   40.05    32.4    18.0    25.2    25.8     0.0    27.77 C    37.7    16.1    26.5    95.5    53.9    76.2   0.360   0.377   0.372   0.407 -99.000    25.0    24.1    23.0    21.1    17.9
54808 20160626  2.422  -88.37   40.05    33.0    21.1    27.1    25.2     0.0    18.85 C    37.7    19.7    25.7    96.4    60.3    83.9   0.340   0.361   0.365   0.401 -99.000    25.4    24.6    23.5    21.3    17.9
54808 20160627  2.422  -88.37   40.05    31.2    17.3    24.3    24.8     0.0    29.08 C    36.2    14.6    24.8    97.3    48.0    74.7   0.323   0.348   0.356   0.398 -99.000    25.2    24.5    23.5    21.5    18.1
54808 20160628  2.422  -88.37   40.05    25.4    11.8    18.6    20.1     0.0    25.03 C    34.3     8.6    21.1    95.8    52.2    74.0   0.305   0.333   0.341   0.396 -99.000    23.6    23.6    23.1    21.6    18.2
54808 20160629  2.422  -88.37   40.05    24.9     8.6    16.8    17.5     0.0    29.67 C    33.8     6.6    19.1    94.5    38.3    67.6   0.290   0.317   0.336   0.388 -99.000    22.1    22.3    22.2    21.3    18.3
54808 20160630  2.422  -88.37   40.05    25.9    11.3    18.6    20.3     0.0    23.93 C    32.5     9.0    20.9    92.0    47.0    70.5   0.276   0.307   0.323   0.387 -99.000    21.6    21.6    21.6    20.9    18.3
54808 20160701  2.422  -88.37   40.05    25.0    14.4    19.7    20.5     2.7    28.62 C    34.4    11.9    22.0    95.5    47.2    74.2   0.277   0.317   0.319   0.383 -99.000    22.7    22.2    21.7    20.7    18.3
54808 20160702  2.422  -88.37   40.05    18.5    10.2    14.4    15.7     0.0     9.16 C    21.9     8.7    15.8    93.5    65.2    79.5   0.265   0.303   0.314   0.384 -99.000    20.2    20.8    21.0    20.6    18.2
54808 20160703  2.422  -88.37   40.05    18.7    14.2    16.5    16.9    16.4     4.14 C    19.2    14.0    16.9    97.0    81.5    93.3   0.339   0.368   0.320   0.376 -99.000    19.4    19.8    20.2    20.1    18.2
54808 20160704  2.422  -88.37   40.05    24.2    17.8    21.0    20.6     0.2     9.97 C    27.7    17.8    21.2    97.1    80.6    92.0   0.365   0.379   0.324   0.375 -99.000    20.8    20.4    20.1    19.7    18.1
54808 20160705  2.422  -88.37   40.05    29.0    20.3    24.6    24.3     0.0    24.24 C    35.8    19.7    25.5    96.5    61.8    82.6   0.358   0.371   0.329   0.373 -99.000    23.2    22.1    21.0    19.8    18.0
54808 20160706  2.422  -88.37   40.05    28.7    19.0    23.8    23.2    11.1    13.99 C    33.1    17.5    23.1    97.0    67.7    87.5   0.398   0.393   0.354   0.373 -99.000    23.2    22.5    21.7    20.1    17.9
54808 20160707  2.422  -88.37   40.05    28.5    18.3    23.4    22.8     0.6    18.48 C    32.4    17.3    22.9    97.3    66.3    87.3   0.389   0.385   0.355   0.370 -99.000    23.2    22.5    21.8    20.4    18.0
54808 20160708  2.422  -88.37   40.05    29.9    18.3    24.1    23.8     0.0    27.04 C    35.5    16.8    24.6    96.8    54.0    81.5   0.371   0.376   0.349   0.369 -99.000    24.3    23.3    22.3    20.6    18.0
54808 20160709  2.422  -88.37   40.05    26.2    15.5    20.8    21.2     0.0    26.73 C    33.9    13.5    22.2    95.2    58.0    78.9   0.355   0.359   0.340   0.361 -99.000    23.6    23.2    22.4    20.8    18.1
54808 20160710  2.422  -88.37   40.05    28.2    13.8    21.0    21.7     0.0    28.50 C    35.0    11.8    23.1    95.9    56.3    76.9   0.336   0.345   0.332   0.354 -99.000    23.8    23.1    22.3    20.9    18.2
54808 20160711  2.422  -88.37   40.05    30.2    18.6    24.4    24.6     0.0    27.50 C    35.3    17.7    25.6    93.8    61.8    80.5   0.318   0.331   0.328   0.350 -99.000    24.6    23.7    22.8    21.0    18.4
54808 20160712  2.422  -88.37   40.05    30.2    20.5    25.4    25.0     0.0    22.49 C    38.5    18.9    25.8    95.4    64.6    84.0   0.302   0.319   0.324   0.347 -99.000    25.0    24.0    23.1    21.3    18.4
54808 20160713  2.422  -88.37   40.05    30.7    19.9    25.3    23.5    10.3    15.26 C    34.2    18.3    23.8    96.6    60.5    88.9   0.304   0.326   0.320   0.342 -99.000    24.5    23.9    23.1    21.5    18.6
54808 20160714  2.422  -88.37   40.05    29.6    18.7    24.1    23.7     0.0    24.57 C    34.5    18.0    24.3    94.5    55.6    83.0   0.322   0.344   0.321   0.337 -99.000    24.8    24.0    23.1    21.5    18.8
54808 20160715  2.422  -88.37   40.05    26.3    16.8    21.6    21.7     0.0    28.25 C    32.8    14.8    22.8    96.5    56.5    80.5   0.301   0.328   0.317   0.332 -99.000    24.6    24.1    23.3    21.6    18.8
54808 20160716  2.422  -88.37   40.05    25.6    15.8    20.7    20.8     0.0    27.25 C    35.9    14.2    22.9    96.0    56.5    78.0   0.287   0.314   0.315   0.324 -99.000    24.1    23.8    23.1    21.7    18.9
54808 20160717  2.422  -88.37   40.05    29.7    16.8    23.3    23.1    11.4    16.78 C    32.5    15.6    23.0    94.0    71.5    86.2   0.294   0.330   0.319   0.320 -99.000    23.5    23.2    22.8    21.6    18.9
54808 20160718  2.422  -88.37   40.05    28.7    20.3    24.5    24.7    10.4    16.21 C    34.2    19.1    24.8    97.2    70.0    86.1   0.345   0.369   0.332   0.318 -99.000    24.5    23.8    23.0    21.6    19.0
54808 20160719  2.422  -88.37   40.05    30.5    19.4    24.9    24.9     0.0    21.21 C    36.5    18.2    26.1    97.4    63.3    85.9   0.356   0.369   0.335   0.317 -99.000    25.4    24.5    23.4    21.7    19.1
54808 20160720  2.422  -88.37   40.05    29.9    20.7    25.3    25.0     0.0    23.53 C    37.2    20.0    26.2    96.0    66.3    84.3   0.342   0.351   0.337   0.310 -99.000    26.1    25.1    24.0    22.0    19.1
54808 20160721  2.422  -88.37   40.05    32.1    21.4    26.7    27.1     4.2    25.05 C    38.4    20.6    28.1    96.2    71.0    86.0   0.328   0.338   0.330   0.316 -99.000    26.5    25.5    24.3    22.3    19.3
54808 20160722  2.422  -88.37   40.05    29.2    21.3    25.2    24.9    10.1    22.55 C    35.2    20.7    25.9    96.1    67.4    83.2   0.405   0.393   0.345   0.307 -99.000    26.4    25.7    24.6    22.6    19.4
54808 20160723  2.422  -88.37   40.05    31.1    20.6    25.9    26.3     0.0    24.61 C    36.8    19.9    27.4    96.7    69.2    85.2   0.378   0.368   0.344   0.306 -99.000    26.9    26.0    24.9    22.8    19.6
54808 20160724  2.422  -88.37   40.05    32.1    20.8    26.5    26.9    40.4    22.54 C    37.4    20.6    27.7    95.7    68.2    85.7   0.370   0.368   0.348   0.314 -99.000    27.0    26.3    25.2    23.1    19.8
54808 20160725  2.422  -88.37   40.05    28.5    20.8    24.6    24.1     3.1    16.58 C    33.8    20.0    24.5    95.5    74.1    87.2   0.431   0.431   0.416   0.421 -99.000    25.7    25.4    24.9    23.4    20.0
54808 20160726  2.422  -88.37   40.05    27.9    18.8    23.4    24.0     0.0    24.62 C    33.8    17.0    24.6    95.9    61.9    80.9   0.402   0.403   0.400   0.400 -99.000    26.2    25.7    24.9    23.3    20.1
54808 20160727  2.422  -88.37   40.05    29.0    16.9    23.0    23.6     0.0    23.64 C    36.6    15.4    24.3    97.3    53.5    82.2   0.382   0.389   0.392   0.399 -99.000    25.7    25.3    24.7    23.3    20.2
54808 20160728  2.422  -88.37   40.05    28.3    19.8    24.0    23.3    18.5    17.76 C    33.7    18.8    23.9    96.9    68.4    88.1   0.417   0.421   0.407   0.412 -99.000    25.5    25.2    24.6    23.2    20.3
54808 20160729  2.422  -88.37   40.05    27.2    17.9    22.6    22.4     0.0    21.03 C    33.6    16.7    23.0    97.5    64.7    86.7   0.415   0.414   0.411   0.407 -99.000    25.4    25.0    24.4    23.1    20.4
54808 20160730  2.422  -88.37   40.05    26.8    16.9    21.8    21.5     0.0    20.66 C    33.0    15.2    22.1    97.2    66.3    87.5   0.401   0.402   0.401   0.405 -99.000    24.8    24.6    24.2    23.1    20.4
54808 20160731  2.422  -88.37   40.05    27.8    16.3    22.1    22.4     0.0    25.48 C    35.1    15.5    23.8    97.3    63.8    84.3   0.388   0.388   0.393   0.398 -99.000    25.1    24.7    24.1    23.0    20.4
54808 20160801  2.422  -88.37   40.05    28.7    19.1    23.9    23.3     0.0    20.70 C    35.1    18.0    23.9    96.0    63.7    85.0   0.372   0.379   0.385   0.401 -99.000    25.2    24.9    24.2    23.0    20.4
54808 20160802  2.422  -88.37   40.05    28.2    17.6    22.9    23.4     0.0    17.29 C    33.4    16.7    23.7    96.5    68.6    86.5   0.355   0.372   0.377   0.397 -99.000    25.1    24.7    24.2    22.9    20.5
54808 20160803  2.422  -88.37   40.05    30.2    18.7    24.4    24.6     0.0    23.34 C    35.4    17.9    25.1    96.9    62.6    83.5   0.344   0.362   0.370   0.391 -99.000    25.6    25.1    24.3    22.9    20.5
54808 20160804  2.422  -88.37   40.05    30.4    18.5    24.4    24.9     0.0    25.10 C    36.9    17.0    25.8    96.2    63.6    83.1   0.327   0.349   0.361   0.389 -99.000    26.0    25.3    24.5    23.0    20.5
54808 20160805  2.422  -88.37   40.05    28.0    19.5    23.8    24.1     0.0    18.17 C    34.1    18.2    24.6    95.4    73.9    86.2   0.315   0.339   0.353   0.390 -99.000    25.9    25.4    24.7    23.1    20.5
54808 20160806  2.422  -88.37   40.05    27.3    16.2    21.7    21.8     0.0    25.77 C    35.7    14.3    23.0    96.3    55.9    80.5   0.302   0.328   0.349   0.385 -99.000    25.0    24.9    24.4    23.2    20.5
54808 20160807  2.422  -88.37   40.05    27.1    15.0    21.1    21.1     0.0    25.13 C    36.4    13.1    22.1    96.2    51.0    76.9   0.288   0.318   0.335   0.386 -99.000    24.2    24.3    23.9    23.0    20.6
54808 20160808  2.422  -88.37   40.05    28.4    16.7    22.6    22.4     0.0    17.26 C    33.3    15.1    22.5    95.7    59.7    81.4   0.280   0.312   0.326   0.386 -99.000    23.9    23.9    23.6    22.8    20.6
54808 20160809  2.422  -88.37   40.05    29.6    18.7    24.1    23.9     0.0    24.41 C    36.3    17.4    25.1    94.9    52.5    77.2   0.273   0.307   0.321   0.376 -99.000    24.8    24.3    23.7    22.7    20.6
54808 20160810  2.422  -88.37   40.05    31.2    17.5    24.3    25.0     0.0    24.55 C    37.3    16.4    26.3    96.3    57.7    80.5   0.266   0.303   0.320   0.372 -99.000    25.4    24.8    24.0    22.8    20.6
54808 20160811  2.422  -88.37   40.05    31.8    21.5    26.6    26.5     0.0    23.30 C    37.4    20.2    27.3    97.4    66.0    85.4   0.261   0.298   0.313   0.368 -99.000    26.0    25.2    24.3    22.9    20.6
54808 20160812  2.422  -88.37   40.05    30.5    22.3    26.4    26.0    31.3    15.87 C    33.0    21.9    26.4    96.1    74.1    87.4   0.272   0.304   0.318   0.373 -99.000    25.8    25.3    24.5    23.1    20.6
54808 20160813  2.422  -88.37   40.05    26.0    19.7    22.9    23.2     0.0    13.33 C    28.8    19.1    23.6    96.6    77.5    89.4   0.339   0.347   0.371   0.411 -99.000    25.1    24.9    24.4    23.2    20.6
54808 20160814  2.422  -88.37   40.05    24.7    16.3    20.5    20.9     0.0     9.63 C    29.7    15.2    21.3    97.6    76.9    91.5   0.326   0.341   0.366   0.406 -99.000    23.7    23.9    23.8    23.1    20.7
54808 20160815  2.422  -88.37   40.05    24.4    20.2    22.3    22.0    39.3     3.02 C    24.1    20.1    21.8    96.3    89.6    94.6   0.375   0.405   0.404   0.420 -99.000    23.2    23.4    23.3    22.9    20.8
54808 20160816  2.422  -88.37   40.05    27.8    20.7    24.2    23.6     1.9    17.51 C    33.3    20.1    24.9    96.3    68.2    87.6   0.411   0.436   0.418   0.418 -99.000    24.3    23.9    23.3    22.6    20.8
54808 20160817  2.422  -88.37   40.05    28.5    20.3    24.4    23.4     0.0    18.19 C    35.5    19.9    25.0    97.5    70.3    89.7   0.398   0.418   0.408   0.414 -99.000    24.8    24.4    23.7    22.7    20.7
54808 20160818  2.422  -88.37   40.05    29.6    19.4    24.5    24.0     2.0    23.47 C    35.2    19.0    25.7    97.5    65.3    85.5   0.385   0.410   0.401   0.404 -99.000    25.1    24.6    24.0    22.8    20.7
54808 20160819  2.422  -88.37   40.05    27.9    19.2    23.5    23.3     0.0    16.63 C    37.2    18.7    24.9    96.9    68.1    88.1   0.386   0.410   0.400   0.406 -99.000    24.8    24.5    24.0    22.9    20.7
54808 20160820  2.422  -88.37   40.05    26.4    16.4    21.4    22.5     2.0    15.43 C    28.8    15.8    22.8    96.0    70.9    87.3   0.382   0.402   0.391   0.405 -99.000    24.5    24.4    24.0    22.9    20.7
54808 20160821  2.422  -88.37   40.05    23.9    13.4    18.6    18.1     0.0    23.68 C    28.0    12.1    19.4    96.7    56.7    82.7   0.372   0.392   0.386   0.403 -99.000    23.1    23.4    23.4    22.8    20.7
54808 20160822  2.422  -88.37   40.05    25.2    10.8    18.0    18.4     0.0    24.05 C    32.1     9.5    20.6    97.9    52.3    79.4   0.355   0.378   0.378   0.400 -99.000    22.2    22.6    22.7    22.5    20.7
54808 20160823  2.422  -88.37   40.05    26.6    13.6    20.1    20.5     0.0    19.80 C    30.6    12.6    21.5    94.5    57.8    80.5   0.337   0.369   0.374   0.399 -99.000    22.2    22.3    22.4    22.1    20.6
54808 20160824  2.422  -88.37   40.05    30.0    20.2    25.1    24.7    14.0    13.10 C    32.3    19.8    25.1    95.3    69.5    86.2   0.362   0.374   0.384   0.393 -99.000    23.3    22.9    22.5    22.0    20.5
54808 20160825  2.422  -88.37   40.05    29.0    18.8    23.9    24.3     0.6    21.00 C    34.3    18.4    26.0    96.5    67.6    85.1   0.363   0.374   0.382   0.397 -99.000    24.2    23.6    23.0    22.0    20.5
54808 20160826  2.422  -88.37   40.05    29.5    19.8    24.6    23.5     4.3    16.77 C    38.1    19.5    25.0    96.8    64.8    86.0   0.355   0.377   0.378   0.397 -99.000    24.5    24.0    23.4    22.2    20.4
54808 20160827  2.422  -88.37   40.05    30.0    20.8    25.4    24.4     3.4    20.50 C    35.9    20.2    26.0    96.8    64.9    84.2   0.360   0.399   0.374   0.396 -99.000    24.8    24.3    23.6    22.3    20.5
54808 20160828  2.422  -88.37   40.05    31.2    19.5    25.3    24.9     0.0    18.68 C    40.5    19.1    27.4    96.8    57.7    84.2   0.352   0.386   0.375   0.398 -99.000    25.0    24.5    23.8    22.5    20.5
54808 20160829  2.422  -88.37   40.05    30.8    19.2    25.0    24.9     0.0    21.54 C    40.1    18.8    27.5    96.8    62.7    83.5   0.345   0.371   0.370   0.398 -99.000    25.2    24.7    24.0    22.7    20.5
54808 20160830  2.422  -88.37   40.05    29.0    18.9    24.0    23.3     0.0    15.08 C    35.5    18.6    24.5    97.4    71.2    88.6   0.337   0.362   0.370   0.395 -99.000    24.6    24.4    24.0    22.8    20.6
54808 20160831  2.422  -88.37   40.05    27.8    13.8    20.8    22.3     0.0    15.06 C    34.7    13.2    23.6    97.8    63.4    83.7   0.331   0.354   0.365   0.398 -99.000    24.2    24.2    23.8    22.8    20.7
54808 20160901  2.422  -88.37   40.05    24.8    13.6    19.2    18.6     0.0    21.13 C    29.1    12.7    19.6    96.4    47.3    75.3   0.318   0.341   0.360   0.389 -99.000    22.3    22.9    23.1    22.7    20.7
54808 20160902  2.422  -88.37   40.05    24.7    12.7    18.7    18.0     0.0    22.80 C    29.5    12.0    19.2    95.5    49.6    76.0   0.307   0.330   0.352   0.392 -99.000    21.5    22.0    22.3    22.2    20.7
54808 20160903  2.422  -88.37   40.05    26.3    11.9    19.1    18.7     0.0    21.73 C    32.3    11.0    20.3    95.0    46.0    75.3   0.300   0.320   0.345   0.384 -99.000    21.0    21.5    21.8    21.8    20.6
54808 20160904  2.422  -88.37   40.05    28.5    12.6    20.5    20.7     0.0    22.48 C    36.5    12.3    22.6    94.8    44.9    74.2   0.291   0.314   0.338   0.387 -99.000    21.2    21.4    21.5    21.5    20.5
54808 20160905  2.422  -88.37   40.05    31.7    18.0    24.9    24.7     0.0    18.73 C    36.6    17.6    26.0    94.5    56.2    79.1   0.285   0.310   0.333   0.381 -99.000    22.5    22.1    21.8    21.3    20.3
54808 20160906  2.422  -88.37   40.05    32.6    20.9    26.7    26.3     0.0    18.32 C    36.4    20.5    27.3    95.2    56.8    80.4   0.281   0.308   0.335   0.374 -99.000    23.6    23.0    22.4    21.5    20.2
54808 20160907  2.422  -88.37   40.05    32.5    21.7    27.1    26.5     0.2    16.83 C    36.0    21.3    27.3    95.5    53.5    79.4   0.276   0.304   0.328   0.375 -99.000    24.1    23.5    22.8    21.7    20.2
54808 20160908  2.422  -88.37   40.05    26.6    18.7    22.6    23.3    23.7     5.92 C    29.2    18.2    23.3    97.7    79.3    91.9   0.300   0.323   0.356   0.373 -99.000    23.8    23.5    23.0    22.0    20.2
54808 20160909  2.422  -88.37   40.05    26.1    18.7    22.4    21.5    16.4     6.18 C    29.4    18.4    21.5    98.1    73.4    93.1   0.330   0.359   0.373   0.370 -99.000    22.8    22.8    22.7    22.0    20.3
54808 20160910  2.422  -88.37   40.05    23.7    11.6    17.7    19.4    16.3    16.79 C    26.1    10.0    19.5    97.7    48.7    82.3   0.416   0.417   0.415   0.411 -99.000    22.2    22.5    22.4    21.9    20.3
54808 20160911  2.422  -88.37   40.05    25.2     8.8    17.0    17.0     0.0    21.54 C    31.3     7.8    18.6    98.2    34.8    72.2   0.396   0.402   0.401   0.414 -99.000    20.5    21.2    21.6    21.7    20.3
54808 20160912  2.422  -88.37   40.05    26.8    10.2    18.5    18.4     0.0    21.16 C    30.6     9.2    18.8    96.1    37.6    71.9   0.384   0.391   0.395   0.407 -99.000    20.3    20.8    21.1    21.3    20.3
54808 20160913  2.422  -88.37   40.05    30.4    13.2    21.8    21.6     0.0    17.14 C    33.5    12.2    22.1    94.6    43.8    75.6   0.372   0.385   0.391   0.399 -99.000    21.1    21.1    21.0    21.0    20.1
54808 20160914  2.422  -88.37   40.05    27.4    17.9    22.7    21.6     7.8    11.77 C    31.9    17.0    22.0    96.2    57.1    82.3   0.402   0.399   0.401   0.396 -99.000    22.2    22.0    21.6    21.0    20.0
54808 20160915  2.422  -88.37   40.05    28.8    17.6    23.2    22.0     0.0    13.98 C    32.7    17.1    22.5    95.3    54.5    79.8   0.391   0.391   0.395   0.397 -99.000    22.2    22.1    21.7    21.1    19.9
54808 20160916  2.422  -88.37   40.05    24.9    18.6    21.7    21.5     4.2     6.93 C    26.3    18.2    21.4    95.2    74.4    88.9   0.382   0.386   0.392   0.393 -99.000    21.8    21.9    21.7    21.2    19.9
54808 20160917  2.422  -88.37   40.05    27.3    17.2    22.3    21.7     2.5    17.09 C    30.5    16.2    22.2    97.0    50.6    80.2   0.422   0.410   0.397   0.395 -99.000    22.7    22.5    21.9    21.2    19.9
54808 20160918  2.422  -88.37   40.05    28.2    13.5    20.8    20.6     0.0    18.14 C    32.6    12.2    21.5    96.6    32.1    70.1   0.400   0.399   0.386   0.399 -99.000    22.1    22.2    21.9    21.3    19.9
54808 20160919  2.422  -88.37   40.05    30.3    11.6    20.9    20.6     0.0    19.72 C    33.3    10.5    20.9    95.8    30.7    69.3   0.384   0.387   0.385   0.390 -99.000    21.3    21.6    21.5    21.2    19.9
54808 20160920  2.422  -88.37   40.05    31.8    15.6    23.7    23.3     0.0    16.11 C    38.7    14.8    24.1    94.8    45.8    74.1   0.370   0.376   0.384   0.389 -99.000    22.3    22.1    21.6    21.1    19.9
54808 20160921  2.422  -88.37   40.05    31.5    15.9    23.7    22.9     0.0    17.58 C    36.2    15.0    23.5    93.2    34.4    69.6   0.354   0.370   0.379   0.391 -99.000    22.6    22.5    22.0    21.2    19.9
54808 20160922  2.422  -88.37   40.05    32.1    14.6    23.3    23.0     0.0    17.21 C    36.0    13.4    22.9    94.8    34.4    67.1   0.336   0.357   0.371   0.387 -99.000    22.2    22.2    21.9    21.2    19.8
54808 20160923  2.422  -88.37   40.05    31.8    15.1    23.5    23.8     0.0    17.44 C    37.7    14.4    24.8    96.3    38.3    71.1   0.323   0.350   0.365   0.390 -99.000    22.7    22.5    22.0    21.2    19.8
54808 20160924  2.422  -88.37   40.05    31.0    16.5    23.7    23.5     0.0    15.24 C    37.6    15.7    24.4    97.7    44.8    76.4   0.316   0.340   0.363   0.386 -99.000    23.1    22.9    22.3    21.3    19.8
54808 20160925  2.422  -88.37   40.05    32.0    18.4    25.2    23.5     9.9    13.01 C    35.0    18.0    23.5    95.8    45.3    76.2   0.316   0.351   0.362   0.390 -99.000    22.8    22.7    22.3    21.5    19.9
54808 20160926  2.422  -88.37   40.05    23.0     9.9    16.4    16.4     1.6    17.54 C    23.9     8.4    15.9    93.4    21.0    59.0   0.332   0.356   0.367   0.384 -99.000    20.4    21.4    21.7    21.4    19.9
54808 20160927  2.422  -88.37   40.05    24.5     9.3    16.9    15.9     0.0    18.18 C    25.9     8.2    15.4    81.7    22.3    55.1   0.317   0.340   0.352   0.380 -99.000    18.3    19.4    20.2    21.0    19.9
54808 20160928  2.422  -88.37   40.05    15.8    11.7    13.7    13.4     0.2     8.72 C    17.9    10.8    13.2    92.5    59.1    75.7   0.306   0.331   0.346   0.375 -99.000    17.3    18.4    19.3    20.3    19.8
54808 20160929  2.422  -88.37   40.05    21.5    12.5    17.0    15.9     2.0     9.24 C    22.8    11.8    16.1    94.0    53.6    83.5   0.307   0.329   0.342   0.384 -99.000    17.4    18.1    18.7    19.7    19.6
54808 20160930  2.422  -88.37   40.05    19.7    14.9    17.3    16.5     6.6     4.45 C    21.3    14.7    16.5    95.3    78.9    90.8   0.320   0.337   0.340   0.378 -99.000    17.7    18.2    18.6    19.3    19.3
54808 20161001  2.422  -88.37   40.05    20.9    13.8    17.3    16.5     4.2     9.89 C    27.4    13.2    17.1    95.9    59.2    86.0   0.384   0.367   0.353   0.376 -99.000    18.4    18.6    18.7    19.1    19.1
54808 20161002  2.422  -88.37   40.05    21.4    12.1    16.7    16.0     0.0     8.35 C    24.7    11.5    16.3   100.0    56.7    85.1   0.371   0.356   0.348   0.378 -99.000    18.2    18.6    18.8    19.1    19.0
54808 20161003  2.422  -88.37   40.05    22.4    10.2    16.3    17.0     0.0    10.92 C    28.6     9.1    17.6    96.3    49.0    74.3   0.361   0.354   0.349   0.376 -99.000    18.3    18.6    18.7    19.0    18.8
54808 20161004  2.422  -88.37   40.05    25.9    12.6    19.2    19.0     0.0    16.47 C    28.8    11.6    19.2    92.3    45.5    72.1   0.348   0.347   0.349   0.374 -99.000    18.7    18.9    18.9    19.0    18.7
54808 20161005  2.422  -88.37   40.05    27.5    16.4    21.9    20.9     0.0    12.60 C    29.9    15.7    20.7    94.0    47.8    73.6   0.335   0.341   0.348   0.376 -99.000    19.1    19.1    19.1    19.0    18.7
54808 20161006  2.422  -88.37   40.05    28.9    16.4    22.6    21.9     0.0    12.19 C    31.6    15.8    21.7    94.5    48.5    73.6   0.324   0.338   0.345   0.376 -99.000    19.7    19.6    19.3    19.0    18.6
54808 20161007  2.422  -88.37   40.05    23.4     5.6    14.5    15.4     0.0    13.13 C    26.3     4.2    15.3    93.9    53.3    74.4   0.314   0.332   0.345   0.378 -99.000    18.5    19.1    19.2    19.2    18.5
54808 20161008  2.422  -88.37   40.05    19.4     2.0    10.7    11.1     0.0    16.48 C    24.7     1.2    11.4    92.3    37.8    65.2   0.301   0.324   0.340   0.374 -99.000    15.9    17.2    18.1    18.9    18.5
54808 20161009  2.422  -88.37   40.05    23.9     4.3    14.1    13.8     0.0    15.52 C    26.8     3.1    13.4    93.3    30.8    65.1   0.291   0.317   0.334   0.371 -99.000    15.5    16.5    17.3    18.3    18.4
54808 20161010  2.422  -88.37   40.05    24.7     4.8    14.8    15.0     0.0    14.34 C    30.2     3.9    15.4    95.0    32.0    66.6   0.284   0.314   0.331   0.368 -99.000    15.8    16.5    17.0    17.9    18.3
54808 20161011  2.422  -88.37   40.05    25.5     9.0    17.3    17.2     0.0    12.53 C    27.9     7.9    16.9    91.8    32.0    64.0   0.279   0.310   0.328   0.370 -99.000    16.4    16.8    17.1    17.7    18.1
54808 20161012  2.422  -88.37   40.05    22.7     9.4    16.1    15.4     3.4     5.75 C    23.5     9.2    15.0    92.7    64.2    84.1   0.275   0.306   0.323   0.370 -99.000    16.5    17.0    17.2    17.6    17.9
54808 20161013  2.422  -88.37   40.05    15.1     3.3     9.2     9.0     0.0    15.96 C    19.6     1.7     9.7    90.9    40.8    71.2   0.273   0.305   0.325   0.364 -99.000    14.7    15.9    16.7    17.5    17.8
54808 20161014  2.422  -88.37   40.05    20.2     3.3    11.7    11.9     0.0    14.47 C    22.4     1.7    11.9    92.4    44.9    75.0   0.269   0.301   0.322   0.363 -99.000    13.9    14.9    15.8    17.1    17.7
54808 20161015  2.422  -88.37   40.05    25.1    13.6    19.3    18.6     0.0     7.24 C    26.3    13.2    18.4    96.8    60.7    82.3   0.271   0.302   0.320   0.366 -99.000    15.9    16.0    16.1    16.8    17.5
54808 20161016  2.422  -88.37   40.05    22.3    17.4    19.9    19.4     3.8     4.23 C    23.3    16.7    19.0    95.1    79.2    86.9   0.274   0.307   0.322   0.360 -99.000    17.2    17.0    16.8    16.9    17.3
54808 20161017  2.422  -88.37   40.05    29.1    18.1    23.6    23.0     0.0    13.23 C    29.9    17.6    22.7    90.5    49.7    71.7   0.275   0.309   0.326   0.363 -99.000    18.5    18.1    17.6    17.2    17.2
54808 20161018  2.422  -88.37   40.05    26.8    13.0    19.9    21.1     0.0     5.99 C    28.1    11.7    20.5    85.0    60.0    73.8   0.275   0.306   0.324   0.362 -99.000    18.7    18.6    18.1    17.6    17.2
54808 20161019  2.422  -88.37   40.05    19.9     8.7    14.3    14.9     4.0     4.42 C    21.8     7.5    14.2    94.1    52.3    77.2   0.274   0.304   0.321   0.359 -99.000    16.5    17.3    17.6    17.8    17.3
54808 20161020  2.422  -88.37   40.05    15.7     8.4    12.0    12.4    14.9     4.14 C    16.5     7.8    12.3    95.2    75.8    87.6   0.390   0.370   0.361   0.355 -99.000    15.4    16.3    16.9    17.5    17.3
54808 20161021  2.422  -88.37   40.05    13.6     1.3     7.4     7.3     0.0    10.60 C    17.1     0.1     7.2    91.8    51.6    76.3   0.380   0.370   0.351   0.362 -99.000    13.5    14.8    15.9    17.1    17.3
54808 20161022  2.422  -88.37   40.05    16.3    -1.1     7.6     7.5     0.0    13.65 C    18.3    -1.9     7.3    94.5    47.8    75.2   0.364   0.360   0.346   0.359 -99.000    12.1    13.5    14.7    16.4    17.1
54808 20161023  2.422  -88.37   40.05    24.0     3.8    13.9    13.3     0.0    13.22 C    24.5     2.9    12.6    95.3    43.2    73.1   0.351   0.354   0.344   0.351 -99.000    12.7    13.5    14.3    15.8    16.9
54808 20161024  2.422  -88.37   40.05    16.7     4.1    10.4     9.9     0.0    13.43 C    21.2     2.6     9.9    95.2    42.4    71.9   0.338   0.348   0.342   0.351 -99.000    12.7    13.6    14.3    15.6    16.7
54808 20161025  2.422  -88.37   40.05    16.0     4.8    10.4    10.0     1.1    10.25 C    19.9     4.0    10.3    89.0    45.0    70.5   0.328   0.341   0.341   0.349 -99.000    12.3    13.1    14.0    15.3    16.4
54808 20161026  2.422  -88.37   40.05    18.6     8.8    13.7    12.9     9.0     5.45 C    19.5     8.2    12.6    95.4    56.5    85.0   0.357   0.353   0.346   0.347 -99.000    12.9    13.4    14.0    15.1    16.2
54808 20161027  2.422  -88.37   40.05    11.9     5.0     8.4     9.3     0.0     3.44 C    11.8     3.9     9.1    96.3    74.9    85.8   0.396   0.379   0.352   0.344 -99.000    13.0    13.7    14.2    15.0    16.0
54808 20161028  2.422  -88.37   40.05    19.3     3.9    11.6    12.3     0.0    11.34 C    20.8     3.2    12.2    98.0    71.2    85.5   0.382   0.371   0.350   0.346 -99.000    12.6    13.2    13.7    14.9    15.9
54808 20161029  2.422  -88.37   40.05    26.8    16.3    21.6    20.1     0.0    10.29 C    27.2    15.5    19.6    87.8    47.4    71.8   0.374   0.367   0.350   0.345 -99.000    15.1    14.8    14.6    14.9    15.8
54808 20161030  2.422  -88.37   40.05    18.3     7.3    12.8    13.7     0.0     8.39 C    21.2     6.5    13.6    92.5    59.3    78.9   0.358   0.363   0.351   0.347 -99.000    14.8    15.1    15.2    15.2    15.7
54808 20161031  2.422  -88.37   40.05    19.6     6.3    12.9    12.6     0.0     8.96 C    21.6     5.4    12.6    90.8    69.7    83.9   0.343   0.354   0.346   0.343 -99.000    13.5    14.1    14.6    15.3    15.6
54808 20161101  2.422  -88.37   40.05    25.7    15.5    20.6    19.2     0.0     9.96 C    26.8    14.7    18.7    91.8    50.4    74.5   0.338   0.351   0.347   0.341 -99.000    15.2    15.1    15.0    15.2    15.6
54808 20161102  2.422  -88.37   40.05    25.4    15.0    20.2    18.9     8.7     6.53 C    26.5    14.1    18.5    95.5    62.2    78.7   0.349   0.355   0.346   0.344 -99.000    16.0    15.8    15.6    15.5    15.6
54808 20161103  2.422  -88.37   40.05    18.2     8.4    13.3    14.9     0.0     8.01 C    21.6     7.4    15.0    96.5    69.2    89.0   0.391   0.369   0.348   0.342 -99.000    16.2    16.2    16.1    15.7    15.7
54808 20161104  2.422  -88.37   40.05    16.0     4.5    10.3    10.0     0.0    12.10 C    20.6     2.5     9.9    97.7    50.4    79.6   0.376   0.359   0.346   0.339 -99.000    13.8    14.8    15.4    15.8    15.7
54808 20161105  2.422  -88.37   40.05    16.8     2.0     9.4     9.4     0.0     9.86 C    20.0     1.0     8.8    98.6    51.1    80.3   0.362   0.352   0.341   0.336 -99.000    12.2    13.3    14.2    15.4    15.7
54808 20161106  2.422  -88.37   40.05    18.6     3.7    11.2    10.5     0.0    11.34 C    21.5     2.0    10.0    97.6    44.5    76.3   0.353   0.346   0.341   0.338 -99.000    11.9    12.9    13.7    14.9    15.7
54808 20161107  2.422  -88.37   40.05    19.7     3.7    11.7    11.2     0.0    10.13 C    23.5     2.5    11.0    92.6    45.6    73.9   0.348   0.340   0.339   0.336 -99.000    11.9    12.6    13.3    14.5    15.5
54808 20161108  2.422  -88.37   40.05    14.1     4.1     9.1    11.1    10.1     1.46 C    13.8     2.8    10.4    96.2    77.2    89.4   0.386   0.369   0.356   0.332 -99.000    12.4    12.9    13.4    14.4    15.3
54808 20161109  2.422  -88.37   40.05    12.7     1.3     7.0     6.5     0.0    10.41 C    15.7    -0.3     6.2    94.8    62.7    84.5   0.397   0.376   0.359   0.335 -99.000    10.9    12.0    12.9    14.2    15.2
54808 20161110  2.422  -88.37   40.05    15.3    -0.3     7.5     7.4     0.0    11.23 C    16.4    -1.6     6.8    93.8    53.3    77.7   0.386   0.371   0.355   0.329 -99.000     9.6    10.9    12.0    13.8    15.0
54808 20161111  2.422  -88.37   40.05    13.8     0.2     7.0     7.2     0.0     8.77 C    15.9    -1.0     6.7    92.8    55.3    77.2   0.378   0.365   0.353   0.334 -99.000     9.9    10.8    11.8    13.3    14.8
54808 20161112  2.422  -88.37   40.05    10.4    -2.7     3.9     3.3     0.0    11.11 C    16.8    -4.3     3.4    95.0    43.7    75.0   0.366   0.360   0.350   0.330 -99.000     8.3     9.8    11.1    13.0    14.6
54808 20161113  2.422  -88.37   40.05    13.1    -3.9     4.6     3.4     0.0    11.12 C    14.9    -5.5     2.6    92.0    42.4    74.0   0.357   0.355   0.346   0.330 -99.000     7.1     8.7    10.1    12.4    14.4
54808 20161114  2.422  -88.37   40.05    16.9     0.2     8.5     8.1     0.0     9.41 C    18.5    -1.0     7.6    91.5    54.5    75.9   0.352   0.349   0.345   0.331 -99.000     8.1     8.9     9.9    11.9    14.1
54808 20161115  2.422  -88.37   40.05    14.5     1.0     7.7     6.8     0.0    10.08 C    17.0    -0.1     6.5    99.6    60.0    85.0   0.345   0.349   0.346   0.331 -99.000     8.6     9.4    10.1    11.7    13.8
54808 20161116  2.422  -88.37   40.05    17.3     0.2     8.8     8.3     0.0     9.95 C    22.4    -1.0     8.7    98.4    51.7    81.5   0.338   0.346   0.344   0.328 -99.000     8.6     9.4    10.1    11.7    13.6
54808 20161117  2.422  -88.37   40.05    23.0     4.9    13.9    14.6     0.0     8.14 C    23.9     3.9    13.8    93.4    49.0    70.4   0.336   0.344   0.342   0.326 -99.000    10.2    10.2    10.5    11.6    13.4
54808 20161118  2.422  -88.37   40.05    20.5     4.1    12.3    12.6    14.2     3.40 C    20.4     3.8    11.9    93.2    65.3    73.2   0.353   0.362   0.364   0.326 -99.000    11.4    11.5    11.5    11.9    13.3
54808 20161119  2.422  -88.37   40.05     4.3    -2.6     0.8     1.5     0.0     5.25 C     6.1    -3.9     1.2    80.9    58.3    70.3   0.366   0.374   0.382   0.327 -99.000     8.0     9.6    10.8    12.1    13.3
54808 20161120  2.422  -88.37   40.05     2.3    -5.4    -1.6    -2.1     0.0     9.99 C     5.8    -7.0    -2.4    92.8    55.0    76.7   0.359   0.368   0.370   0.325 -99.000     5.8     7.6     9.3    11.5    13.2
54808 20161121  2.422  -88.37   40.05     5.1    -6.4    -0.7    -0.7     0.0     9.75 C    11.0    -8.4    -0.6    96.0    50.7    76.4   0.353   0.363   0.369   0.325 -99.000     4.6     6.3     8.0    10.8    13.0
54808 20161122  2.422  -88.37   40.05     8.4    -1.1     3.6     3.6     9.7     6.70 C    10.3    -1.9     3.6    88.0    51.7    73.0   0.355   0.363   0.367   0.324 -99.000     5.4     6.5     7.7    10.1    12.7
54808 20161123  2.422  -88.37   40.05     8.9     3.7     6.3     6.3    14.3     0.48 C     8.6     3.4     6.0    97.7    85.3    94.5   0.414   0.405   0.400   0.343 -99.000     6.4     7.0     7.9     9.8    12.4
54808 20161124  2.422  -88.37   40.05     5.8     3.2     4.5     4.0     0.0     0.88 C     5.4     3.0     3.8    94.3    81.2    86.6   0.408   0.399   0.391   0.394 -99.000     6.9     7.5     8.3     9.8    12.1
54808 20161125  2.422  -88.37   40.05     5.0     3.2     4.1     4.0     0.0     2.55 C     6.7     2.9     4.0    92.7    73.1    85.2   0.405   0.392   0.384   0.390 -99.000     6.8     7.5     8.2     9.8    12.0
54808 20161126  2.422  -88.37   40.05     8.8    -0.8     4.0     3.9     0.0     7.39 C    10.8    -2.5     3.6    97.5    72.4    87.6   0.398   0.390   0.381   0.387 -99.000     6.6     7.4     8.2     9.7    11.8
54808 20161127  2.422  -88.37   40.05     6.3    -0.2     3.1     3.3     1.9     2.01 C     6.0    -1.4     2.9    98.9    79.5    91.8   0.400   0.387   0.382   0.384 -99.000     5.9     6.8     7.9     9.6    11.7
54808 20161128  2.422  -88.37   40.05    10.3     5.6     7.9     8.2    23.0     0.29 C     9.9     4.8     7.7    95.5    80.5    91.4   0.439   0.416   0.407   0.409 -99.000     7.2     7.4     8.0     9.4    11.5
54808 20161129  2.422  -88.37   40.05    14.1     5.3     9.7     9.1     0.0     6.95 C    16.1     4.6     8.8    95.4    68.2    87.5   0.429   0.413   0.397   0.395 -99.000     8.3     8.4     8.6     9.4    11.3
54808 20161130  2.422  -88.37   40.05     6.7    -0.4     3.1     2.8     0.0     5.16 C     8.0    -2.1     2.3    94.1    70.7    82.2   0.421   0.403   0.395   0.396 -99.000     6.7     7.7     8.5     9.7    11.3
54808 20161201  2.422  -88.37   40.05     3.9     1.8     2.8     2.6     0.0     2.37 C     4.7     1.1     2.5    82.4    71.1    76.9   0.413   0.399   0.387   0.393 -99.000     5.7     6.8     7.8     9.5    11.3
54808 20161202  2.422  -88.37   40.05     4.6     1.7     3.1     3.0     0.0     2.18 C     5.1     1.5     2.9    88.5    75.8    81.6   0.410   0.395   0.380   0.390 -99.000     5.7     6.6     7.5     9.2    11.2
54808 20161203  2.422  -88.37   40.05     3.2    -1.2     1.0     1.0     0.0     4.57 C     5.6    -2.2     1.1    93.4    69.3    81.4   0.404   0.392   0.382   0.385 -99.000     5.5     6.4     7.4     9.0    11.1
54808 20161204  2.422  -88.37   40.05     1.3    -0.1     0.6     0.4    10.1     0.85 C     1.5    -0.3     0.2    98.5    86.2    93.1   0.420   0.404   0.389   0.380 -99.000     4.6     5.8     6.9     8.8    10.9
54808 20161205  2.422  -88.37   40.05     3.7     0.0     1.8     1.2     0.0     3.05 C     5.6    -0.6     0.9    95.1    86.8    92.1   0.440   0.418   0.404   0.397 -99.000     4.4     5.4     6.5     8.5    10.8
54808 20161206  2.422  -88.37   40.05     3.2    -1.1     1.1     1.3     0.0     2.24 C     3.8    -2.1     1.1    96.1    75.3    88.7   0.427   0.408   0.396   0.400 -99.000     4.4     5.3     6.4     8.2    10.6
54808 20161207  2.422  -88.37   40.05     1.5    -4.6    -1.5    -1.4     0.0     5.86 C     4.0    -5.3    -1.6    83.7    63.7    72.0   0.418   0.401   0.389   0.393 -99.000     3.4     4.6     5.9     8.0    10.4
54808 20161208  2.422  -88.37   40.05    -4.6    -7.2    -5.9    -6.1     0.0     3.11 C    -3.8    -7.9    -6.1    77.4    66.7    72.8   0.411   0.396   0.382   0.389 -99.000     1.6     3.3     5.0     7.7    10.3
54808 20161209  2.422  -88.37   40.05    -3.5    -6.9    -5.2    -5.2     0.2     3.83 C    -0.9    -7.7    -4.9    81.5    56.9    68.8   0.400   0.393   0.380   0.387 -99.000     1.0     2.5     4.1     7.0    10.0
54808 20161210  2.422  -88.37   40.05    -2.2    -6.1    -4.1    -4.1     1.2     3.24 C     0.0    -6.5    -3.8    92.7    59.7    73.3   0.396   0.392   0.379   0.387 -99.000     0.9     2.2     3.7     6.5     9.7
54808 20161211  2.422  -88.37   40.05     2.4    -2.9    -0.2     0.6     2.1     0.68 C     2.1    -3.2     0.2    97.5    64.2    83.4   0.405   0.394   0.378   0.386 -99.000     1.4     2.4     3.6     6.2     9.5
54808 20161212  2.422  -88.37   40.05     1.6    -4.8    -1.6    -2.5     0.0     5.59 C     1.5    -7.1    -2.7    93.2    71.4    82.6   0.419   0.402   0.391   0.382 -99.000     1.8     2.7     3.8     6.0     9.2
54808 20161213  2.422  -88.37   40.05    -1.9   -14.8    -8.3    -6.2     2.3     3.98 C    -0.9   -16.9    -6.6    95.5    57.8    80.2   0.410   0.395   0.383   0.381 -99.000     1.2     2.3     3.5     5.8     9.0
54808 20161214  2.422  -88.37   40.05    -4.1   -16.0   -10.0   -10.6     0.0     5.75 C    -3.8   -18.0   -11.4    84.3    54.2    68.1   0.391   0.393   0.383   0.383 -99.000     0.6     1.8     3.2     5.6     8.7
54808 20161215  2.422  -88.37   40.05    -9.4   -15.5   -12.5   -11.7     0.0     7.54 C    -6.9   -16.4   -11.6    70.7    51.3    62.0 -99.000   0.391   0.380   0.378 -99.000     0.0     1.3     2.7     5.3     8.5
54808 20161216  2.422  -88.37   40.05    -2.5    -9.9    -6.2    -6.3     1.1     1.58 C    -2.4    -9.7    -6.2    96.4    59.1    73.3 -99.000   0.390   0.379   0.376 -99.000    -0.2     1.0     2.4     5.0     8.3
54808 20161217  2.422  -88.37   40.05    -0.2    -7.8    -4.0    -3.1     1.1     0.97 C    -0.1    -7.9    -3.0    98.2    83.2    92.6 -99.000   0.385   0.377   0.377 -99.000     0.0     1.0     2.2     4.7     8.1
54808 20161218  2.422  -88.37   40.05    -7.8   -18.5   -13.2   -13.9     0.0     9.41 C    -7.9   -20.8   -13.7    85.2    71.9    78.9 -99.000   0.385   0.376   0.376 -99.000    -0.4     0.8     2.1     4.5     7.9
54808 20161219  2.422  -88.37   40.05    -7.9   -19.4   -13.6   -13.8     0.0     9.72 C    -6.1   -21.5   -14.3    85.6    61.9    76.6 -99.000   0.382   0.375   0.378 -99.000    -1.0     0.4     1.8     4.3     7.7
54808 20161220  2.422  -88.37   40.05     0.2   -11.3    -5.6    -6.0     0.0     7.56 C     1.0   -12.7    -6.8    88.7    61.5    77.9 -99.000   0.379   0.376   0.374 -99.000    -1.0     0.2     1.5     4.1     7.5
54808 20161221  2.422  -88.37   40.05     4.8    -8.3    -1.7    -1.8     0.0     6.65 C     5.9   -10.0    -2.3    88.5    60.1    80.5 -99.000   0.380   0.374   0.372 -99.000    -0.7     0.2     1.4     3.8     7.3
54808 20161222  2.422  -88.37   40.05     4.9    -2.2     1.4     1.3     0.0     7.84 C     8.0    -3.8     1.0    94.8    68.2    83.1 -99.000   0.379   0.373   0.374 -99.000    -0.3     0.3     1.4     3.7     7.1
54808 20161223  2.422  -88.37   40.05     2.2    -1.6     0.3     0.7     1.0     1.04 C     2.0    -2.7     0.4    98.0    81.1    91.8 -99.000   0.376   0.372   0.375 -99.000    -0.2     0.5     1.5     3.7     6.9
54808 20161224  2.422  -88.37   40.05     5.8     1.6     3.7     3.1     0.0     3.22 C     8.1     1.6     3.3    98.8    73.8    93.0 -99.000   0.386   0.373   0.372 -99.000     0.0     0.7     1.6     3.6     6.7
54808 20161225  2.422  -88.37   40.05    11.3     1.5     6.4     3.8     4.2     1.07 C    11.1     1.3     3.7    98.8    92.1    95.9   0.396   0.406   0.392   0.387 -99.000     0.7     1.2     1.8     3.7     6.6
54808 20161226  2.422  -88.37   40.05    14.7     0.1     7.4     8.4    10.1     1.67 C    14.1    -1.0     7.7    98.0    64.9    85.4   0.438   0.415   0.408   0.401 -99.000     4.0     3.4     3.0     3.7     6.4
54808 20161227  2.422  -88.37   40.05     3.2    -2.8     0.2    -0.2     0.0     8.05 C     4.4    -4.8    -1.1    94.9    63.6    78.1   0.417   0.403   0.396   0.396 -99.000     2.0     2.8     3.4     4.3     6.4
54808 20161228  2.422  -88.37   40.05     6.4    -3.6     1.4     1.3     0.0     6.07 C     8.1    -5.2     0.8    93.4    62.0    82.2   0.407   0.395   0.390   0.390 -99.000     1.3     2.1     2.9     4.4     6.5
54808 20161229  2.422  -88.37   40.05     4.6    -0.3     2.2     1.5     0.0     7.36 C     5.3    -1.3     1.0    83.1    57.6    70.9   0.407   0.395   0.389   0.385 -99.000     1.6     2.3     3.0     4.4     6.5
54808 20161230  2.422  -88.37   40.05     2.7    -4.0    -0.7     0.1     0.0     7.01 C     4.6    -5.1    -0.1    82.4    51.7    67.9   0.400   0.391   0.383   0.388 -99.000     1.2     2.0     2.8     4.4     6.5
54808 20161231  2.422  -88.37   40.05     8.5    -5.3     1.6     2.1     0.0     5.47 C     9.7    -8.0     1.3    95.2    47.6    69.5   0.394   0.390   0.385   0.384 -99.000     1.7     2.2     2.9     4.3     6.5
