53974 20160101  2.422  -96.61   39.10     5.5    -8.5    -1.5    -1.4     0.0    10.38 C     7.2    -9.5    -2.3    81.2    33.8    59.8   0.426   0.429 -99.000 -99.000 -99.000     1.6     2.5     3.6     6.0     9.5
53974 20160102  2.422  -96.61   39.10     7.8    -7.7     0.0    -0.4     0.0    10.28 C    10.2    -8.9    -2.0    80.1    33.4    58.3   0.419   0.423 -99.000 -99.000 -99.000     1.6     2.5     3.4     5.8     9.4
53974 20160103  2.422  -96.61   39.10     5.2    -8.6    -1.7    -2.0     0.0    10.08 C    10.9    -9.4    -3.1    85.0    46.3    69.5   0.407   0.418 -99.000 -99.000 -99.000     1.3     2.3     3.2     5.6     9.2
53974 20160104  2.422  -96.61   39.10    -3.4    -9.2    -6.3    -5.8     0.0     2.97 C     0.7   -10.7    -4.4    90.8    78.8    86.7   0.397   0.410 -99.000 -99.000 -99.000     1.1     2.0     2.9     5.4     9.0
53974 20160105  2.422  -96.61   39.10     6.1    -9.8    -1.8    -0.8     0.0     8.10 C    10.3   -10.5    -1.5    89.3    48.4    70.6   0.394   0.406 -99.000 -99.000 -99.000     1.2     1.9     2.7     5.1     8.8
53974 20160106  2.422  -96.61   39.10     3.6     0.5     2.1     2.2     0.5     2.09 C     5.0     0.0     2.1    90.3    65.0    81.0   0.401   0.411 -99.000 -99.000 -99.000     2.4     2.7     3.0     5.0     8.7
53974 20160107  2.422  -96.61   39.10     6.1     2.7     4.4     4.5     7.2     0.94 C     7.2     2.5     4.4    95.3    89.5    92.8   0.432   0.435 -99.000 -99.000 -99.000     3.6     3.8     3.8     5.1     8.6
53974 20160108  2.422  -96.61   39.10     4.4    -0.9     1.8     1.2     0.0     1.18 C     4.4    -0.4     1.6    95.7    78.8    86.8   0.498   0.469 -99.000 -99.000 -99.000     3.9     4.2     4.4     5.3     8.4
53974 20160109  2.422  -96.61   39.10    -0.9   -14.2    -7.6    -6.8     0.0     5.86 C     0.0   -12.8    -4.8    79.8    61.2    70.0   0.489   0.464 -99.000 -99.000 -99.000     2.8     3.5     4.1     5.5     8.4
53974 20160110  2.422  -96.61   39.10    -3.3   -17.7   -10.5   -10.8     0.0    10.72 C    -0.3   -15.7    -8.7    73.8    43.3    63.6   0.423   0.423 -99.000 -99.000 -99.000     1.2     2.1     3.2     5.4     8.4
53974 20160111  2.422  -96.61   39.10     6.7    -3.8     1.4     0.3     0.0     6.95 C     9.7    -5.8    -0.7    82.4    44.4    65.6   0.407   0.415 -99.000 -99.000 -99.000     1.0     1.7     2.7     5.0     8.3
53974 20160112  2.422  -96.61   39.10    -0.3    -7.0    -3.6    -3.4     0.0    10.70 C     5.3    -8.9    -3.5    78.3    38.9    60.6   0.410   0.414 -99.000 -99.000 -99.000     1.0     1.7     2.5     4.8     8.2
53974 20160113  2.422  -96.61   39.10    12.0    -4.7     3.6     3.5     0.0    10.08 C    14.3    -4.8     2.1    77.2    32.1    55.3   0.406   0.415 -99.000 -99.000 -99.000     1.1     1.8     2.4     4.6     8.0
53974 20160114  2.422  -96.61   39.10    14.3     2.1     8.2     7.1     0.0    10.93 C    16.7    -4.1     4.6    68.1    31.0    51.0   0.422   0.424 -99.000 -99.000 -99.000     2.4     2.7     2.9     4.5     7.9
53974 20160115  2.422  -96.61   39.10     3.5    -9.1    -2.8    -0.9     0.0     6.61 C     9.8   -10.0    -0.8    86.9    54.3    69.3   0.421   0.424 -99.000 -99.000 -99.000     2.5     3.1     3.4     4.6     7.8
53974 20160116  2.422  -96.61   39.10     3.2   -11.4    -4.1    -3.8     0.0     9.73 C     9.0   -11.4    -3.1    87.5    38.3    64.9   0.408   0.415 -99.000 -99.000 -99.000     1.4     2.2     3.0     4.7     7.7
53974 20160117  2.422  -96.61   39.10    -6.4   -16.1   -11.3   -12.4     0.0     7.73 C     0.9   -15.6    -9.0    78.5    40.7    56.9   0.390   0.401 -99.000 -99.000 -99.000     1.0     1.8     2.6     4.6     7.7
53974 20160118  2.422  -96.61   39.10    -0.4   -16.6    -8.5    -8.1     0.0     9.57 C     6.5   -15.9    -6.4    81.4    29.4    57.1   0.361   0.378 -99.000 -99.000 -99.000     0.5     1.3     2.2     4.4     7.6
53974 20160119  2.422  -96.61   39.10    -3.0    -5.2    -4.1    -4.6     0.8     1.43 C    -1.7    -5.3    -3.9    82.7    47.7    65.3   0.362   0.378 -99.000 -99.000 -99.000     0.5     1.2     2.0     4.2     7.5
53974 20160120  2.422  -96.61   39.10    -0.4    -5.3    -2.9    -2.9     2.8     3.20 C     2.7    -4.8    -2.1    89.1    75.4    82.1   0.365   0.379 -99.000 -99.000 -99.000     0.6     1.1     1.9     4.0     7.4
53974 20160121  2.422  -96.61   39.10    -2.2    -6.8    -4.5    -3.4     3.6     4.68 C    -1.0   -12.2    -3.2    92.2    77.3    84.3   0.372   0.386 -99.000 -99.000 -99.000     0.6     1.2     1.9     3.9     7.3
53974 20160122  2.422  -96.61   39.10    -2.8    -8.1    -5.4    -4.1     0.0     2.50 C    -0.7   -13.2    -4.2    85.6    77.7    81.0   0.376   0.390 -99.000 -99.000 -99.000     0.8     1.3     1.9     3.8     7.1
53974 20160123  2.422  -96.61   39.10     0.1    -5.1    -2.5    -3.3     0.0     5.81 C     0.6    -7.8    -3.6    87.6    74.1    82.9   0.378   0.395 -99.000 -99.000 -99.000     0.9     1.4     1.9     3.8     7.0
53974 20160124  2.422  -96.61   39.10     7.8    -7.0     0.4     1.4     0.0     9.01 C    10.0    -9.8    -0.9    90.6    58.7    74.2   0.399   0.409 -99.000 -99.000 -99.000     0.9     1.4     2.0     3.7     6.9
53974 20160125  2.422  -96.61   39.10     2.0    -4.2    -1.1    -0.2     0.0     1.77 C     2.6    -5.7    -1.3    91.7    66.4    80.2   0.426   0.425 -99.000 -99.000 -99.000     1.0     1.5     2.0     3.6     6.8
53974 20160126  2.422  -96.61   39.10     4.3    -6.0    -0.9    -0.5     0.0    12.19 C    10.0    -8.2    -0.6    86.7    51.8    69.1   0.429   0.429 -99.000 -99.000 -99.000     1.3     1.8     2.2     3.6     6.7
53974 20160127  2.422  -96.61   39.10    11.0    -6.8     2.1     3.2     0.0    11.12 C    14.9    -8.7     1.5    88.3    32.4    57.2   0.423   0.425 -99.000 -99.000 -99.000     1.1     1.8     2.3     3.6     6.7
53974 20160128  2.422  -96.61   39.10    11.7    -2.9     4.4     3.9     0.0    12.22 C    17.2    -5.1     2.2    81.2    31.4    62.0   0.429   0.428 -99.000 -99.000 -99.000     1.9     2.4     2.7     3.7     6.7
53974 20160129  2.422  -96.61   39.10    20.3    -4.1     8.1     7.7     0.0    12.62 C    22.4    -5.6     4.9    85.7    22.8    55.3   0.429   0.432 -99.000 -99.000 -99.000     2.5     3.0     3.1     3.9     6.7
53974 20160130  2.422  -96.61   39.10    15.1    -2.7     6.2     5.7     0.0     9.09 C    23.0    -5.0     4.2    91.5    33.2    68.7   0.426   0.433 -99.000 -99.000 -99.000     3.2     3.6     3.6     4.1     6.7
53974 20160131  2.422  -96.61   39.10    12.8     1.5     7.2     5.8     0.0     9.41 C    18.2    -1.6     4.9    83.4    30.6    63.0   0.425   0.433 -99.000 -99.000 -99.000     3.9     4.3     4.2     4.4     6.7
53974 20160201  2.422  -96.61   39.10     8.7     1.4     5.1     5.1     1.5     3.54 C     9.7    -1.7     4.2    80.5    44.2    62.6   0.421   0.430 -99.000 -99.000 -99.000     4.0     4.4     4.5     4.7     6.8
53974 20160202  2.422  -96.61   39.10     8.4    -1.1     3.6     3.7    10.2     5.08 C    14.0    -0.9     3.6    90.8    61.2    79.9   0.500   0.473 -99.000 -99.000 -99.000     4.2     4.6     4.6     4.9     6.8
53974 20160203  2.422  -96.61   39.10     1.0    -8.7    -3.8    -2.6     0.0    12.28 C     7.9    -9.9    -1.8    82.4    46.0    64.6   0.512   0.478 -99.000 -99.000 -99.000     3.3     3.9     4.4     5.0     6.9
53974 20160204  2.422  -96.61   39.10     6.5    -9.1    -1.3    -2.7     0.0    13.83 C    10.5   -10.0    -3.0    83.3    26.9    63.6   0.502   0.466 -99.000 -99.000 -99.000     1.7     2.6     3.6     4.9     7.0
53974 20160205  2.422  -96.61   39.10     7.7    -7.8     0.0    -0.9     0.0     7.80 C    13.1    -8.6    -1.0    87.1    29.7    65.8   0.489   0.452 -99.000 -99.000 -99.000     1.5     2.3     3.0     4.6     7.1
53974 20160206  2.422  -96.61   39.10     9.6    -6.8     1.4     1.8     0.0    13.66 C    14.1    -8.3     1.2    91.5    35.9    65.6   0.478   0.450 -99.000 -99.000 -99.000     1.7     2.5     3.0     4.4     7.0
53974 20160207  2.422  -96.61   39.10    11.0     1.7     6.3     5.7     0.0     9.43 C    13.1    -2.4     4.5    66.6    19.9    44.2   0.474   0.448 -99.000 -99.000 -99.000     2.9     3.3     3.5     4.3     6.9
53974 20160208  2.422  -96.61   39.10     4.0    -0.8     1.6     1.6     0.0    11.15 C     9.2    -2.3     1.6    59.0    32.3    44.9   0.454   0.435 -99.000 -99.000 -99.000     2.8     3.3     3.8     4.5     6.9
53974 20160209  2.422  -96.61   39.10     0.3    -8.4    -4.1    -3.0     0.0    13.40 C     7.4    -9.9    -2.5    67.8    27.4    49.2   0.429   0.426 -99.000 -99.000 -99.000     2.0     2.8     3.4     4.6     6.9
53974 20160210  2.422  -96.61   39.10    16.9    -8.3     4.3     3.8     0.0    14.33 C    20.1    -9.3     3.0    77.2    27.4    50.1   0.415   0.419 -99.000 -99.000 -99.000     2.0     2.6     3.1     4.4     6.8
53974 20160211  2.422  -96.61   39.10     5.6    -4.5     0.5    -0.5     0.0     9.20 C    14.1    -6.6     0.2    84.9    44.8    68.0   0.415   0.418 -99.000 -99.000 -99.000     2.5     3.1     3.5     4.3     6.8
53974 20160212  2.422  -96.61   39.10     3.4    -5.8    -1.2    -1.4     0.0     7.36 C    12.7    -7.6    -0.4    88.2    41.8    65.4   0.409   0.413 -99.000 -99.000 -99.000     2.2     2.9     3.4     4.4     6.8
53974 20160213  2.422  -96.61   39.10    -0.7    -8.4    -4.5    -5.2     0.0     6.78 C     6.9    -8.4    -3.3    59.1    24.9    44.3   0.402   0.413 -99.000 -99.000 -99.000     1.8     2.5     3.1     4.4     6.8
53974 20160214  2.422  -96.61   39.10    13.3   -10.8     1.2     1.3     0.0    14.81 C    20.0   -10.6     1.6    70.6    28.5    49.4   0.396   0.403 -99.000 -99.000 -99.000     1.8     2.4     2.8     4.2     6.7
53974 20160215  2.422  -96.61   39.10    14.5    -0.7     6.9     7.0     0.0    14.62 C    22.4    -4.4     6.5    76.6    24.3    50.2   0.398   0.407 -99.000 -99.000 -99.000     3.2     3.6     3.5     4.2     6.7
53974 20160216  2.422  -96.61   39.10    11.2    -1.1     5.0     6.0     0.6    10.35 C    18.5    -4.5     5.4    80.4    41.6    62.8   0.397   0.407 -99.000 -99.000 -99.000     4.5     4.8     4.6     4.5     6.6
53974 20160217  2.422  -96.61   39.10    19.6    -1.9     8.8     9.2     0.0    14.96 C    26.9    -4.4     8.1    86.1    22.8    51.6   0.392   0.405 -99.000 -99.000 -99.000     4.6     4.9     4.8     4.8     6.7
53974 20160218  2.422  -96.61   39.10    25.2     9.2    17.2    17.1     0.0    13.86 C    26.8     5.7    15.0    50.6    28.4    41.5   0.397   0.405 -99.000 -99.000 -99.000     6.8     6.7     5.9     5.1     6.8
53974 20160219  2.422  -96.61   39.10    22.0    11.9    17.0    16.6     0.0    14.89 C    30.0     7.6    15.0    48.3    10.8    23.8   0.391   0.405 -99.000 -99.000 -99.000     8.6     8.5     7.5     5.8     6.9
53974 20160220  2.422  -96.61   39.10    24.0     1.1    12.5    13.0     0.0    15.44 C    31.4    -1.0    11.5    69.5    12.1    34.5   0.386   0.399 -99.000 -99.000 -99.000     7.9     8.2     7.7     6.4     7.1
53974 20160221  2.422  -96.61   39.10    14.2    -2.6     5.8     6.0     0.0    15.63 C    23.1    -3.8     5.9    93.8    33.0    65.0   0.381   0.396 -99.000 -99.000 -99.000     7.1     7.7     7.7     6.7     7.3
53974 20160222  2.422  -96.61   39.10    12.8    -3.4     4.7     5.2     0.0    14.59 C    24.3    -5.3     5.8    93.3    36.8    66.2   0.378   0.392 -99.000 -99.000 -99.000     6.3     6.9     7.1     6.9     7.6
53974 20160223  2.422  -96.61   39.10    11.7     0.6     6.1     5.7     0.0     9.62 C    17.8    -1.6     6.2    84.4    36.7    59.5   0.378   0.390 -99.000 -99.000 -99.000     6.6     7.1     7.1     6.9     7.7
53974 20160224  2.422  -96.61   39.10    10.4    -4.4     3.0     3.2     0.0    17.16 C    19.2    -6.5     4.6    87.2    26.5    60.1   0.371   0.387 -99.000 -99.000 -99.000     6.0     6.6     6.8     6.9     7.8
53974 20160225  2.422  -96.61   39.10     3.5    -7.9    -2.2    -0.3     0.0     5.77 C     7.1    -9.2    -0.5    86.3    47.5    67.5   0.368   0.384 -99.000 -99.000 -99.000     5.1     5.9     6.4     6.8     7.9
53974 20160226  2.422  -96.61   39.10    15.8   -10.2     2.8     2.8     0.0    16.99 C    22.8   -10.8     2.3    88.0    18.3    52.5   0.365   0.381 -99.000 -99.000 -99.000     4.0     4.8     5.5     6.6     7.9
53974 20160227  2.422  -96.61   39.10    24.3    -5.0     9.7    11.5     0.0    17.83 C    28.4    -7.4     9.5    75.1    10.9    37.5   0.363   0.379 -99.000 -99.000 -99.000     5.2     5.6     5.7     6.3     8.0
53974 20160228  2.422  -96.61   39.10    18.2     0.2     9.2    12.5     0.0    16.28 C    25.4    -3.1    11.2    67.3    27.7    44.9   0.365   0.382 -99.000 -99.000 -99.000     7.6     7.7     7.2     6.5     7.9
53974 20160229  2.422  -96.61   39.10    22.3    -2.5     9.9    11.2     0.0    16.19 C    26.4    -4.6    10.0    81.6    21.8    46.1   0.362   0.377 -99.000 -99.000 -99.000     7.2     7.5     7.4     6.8     8.0
53974 20160301  2.422  -96.61   39.10     8.2    -3.4     2.4     1.5     0.0    15.45 C    18.9    -5.1     3.5    69.7    34.2    54.0   0.359   0.377 -99.000 -99.000 -99.000     6.7     7.3     7.5     7.1     8.1
53974 20160302  2.422  -96.61   39.10    17.7    -3.8     7.0     9.3     0.0    11.26 C    23.4    -5.6     8.4    72.5    15.4    43.2   0.356   0.373 -99.000 -99.000 -99.000     6.3     6.7     7.0     7.1     8.2
53974 20160303  2.422  -96.61   39.10    13.8    -0.5     6.6     7.4     1.5    17.96 C    23.5    -3.7     7.9    83.0    35.7    58.4   0.367   0.378 -99.000 -99.000 -99.000     7.6     8.0     7.7     7.1     8.2
53974 20160304  2.422  -96.61   39.10    21.8    -1.6    10.1     9.8     0.0    15.14 C    26.2    -3.9     8.0    80.3    18.5    50.1   0.362   0.374 -99.000 -99.000 -99.000     7.1     7.6     7.6     7.3     8.2
53974 20160305  2.422  -96.61   39.10    20.1    -3.6     8.2     9.2     0.0    18.64 C    29.8    -5.2     9.1    89.9    16.5    48.1   0.359   0.375 -99.000 -99.000 -99.000     7.2     7.8     7.8     7.4     8.3
53974 20160306  2.422  -96.61   39.10    23.1    10.8    16.9    17.0     0.0     8.77 C    27.0     6.9    15.0    52.0    28.5    38.7   0.358   0.370 -99.000 -99.000 -99.000     9.0     9.0     8.5     7.6     8.4
53974 20160307  2.422  -96.61   39.10    25.0    16.3    20.6    19.4     0.0    14.10 C    31.1    13.1    18.8    84.8    42.1    64.9   0.359   0.373 -99.000 -99.000 -99.000    11.4    11.0     9.8     8.0     8.5
53974 20160308  2.422  -96.61   39.10    17.5     7.7    12.6    13.9     1.6     3.81 C    20.4     5.9    13.4    91.2    51.6    75.1   0.361   0.374 -99.000 -99.000 -99.000    11.7    11.7    10.9     8.7     8.6
53974 20160309  2.422  -96.61   39.10    16.6     3.3    10.0     9.6     0.0    13.80 C    25.5     0.9     9.1    91.4    43.5    69.0   0.363   0.374 -99.000 -99.000 -99.000    10.3    10.7    10.5     9.2     8.9
53974 20160310  2.422  -96.61   39.10    21.4    -1.7     9.9    10.9     0.0    18.52 C    32.1    -2.0    11.1    93.8    19.8    55.5   0.359   0.374 -99.000 -99.000 -99.000     9.6    10.1    10.1     9.2     9.1
53974 20160311  2.422  -96.61   39.10    23.0     1.6    12.3    13.2     0.0    18.95 C    33.7    -0.6    13.3    86.7    18.7    48.1   0.357   0.371 -99.000 -99.000 -99.000    10.4    10.6    10.3     9.3     9.3
53974 20160312  2.422  -96.61   39.10    17.7     9.0    13.3    12.5     0.6     4.59 C    21.5     5.6    12.2    94.7    55.0    81.4   0.357   0.371 -99.000 -99.000 -99.000    10.7    11.0    10.6     9.5     9.4
53974 20160313  2.422  -96.61   39.10    20.3    11.4    15.8    14.8     0.0     9.06 C    31.3     8.3    15.1    94.6    51.5    79.4   0.357   0.369 -99.000 -99.000 -99.000    11.7    11.7    11.1     9.7     9.6
53974 20160314  2.422  -96.61   39.10    27.2     8.2    17.7    17.5     0.0    18.41 C    38.0     5.8    17.8    91.5    23.4    60.8   0.356   0.370 -99.000 -99.000 -99.000    12.4    12.4    11.6    10.0     9.7
53974 20160315  2.422  -96.61   39.10    19.2     5.5    12.3    13.2     0.0    12.44 C    30.2     1.6    12.8    85.5    15.3    56.9   0.349   0.365 -99.000 -99.000 -99.000    12.3    12.5    12.2    10.4     9.9
53974 20160316  2.422  -96.61   39.10    17.6    -0.4     8.6     8.5     0.0    18.66 C    27.0    -2.8     8.7    73.9    11.3    42.2   0.340   0.362 -99.000 -99.000 -99.000    10.5    11.2    11.3    10.6    10.1
53974 20160317  2.422  -96.61   39.10    16.8    -2.1     7.4     8.4     0.0    16.99 C    30.2    -4.4     9.2    69.5    13.8    39.6   0.335   0.359 -99.000 -99.000 -99.000     9.5    10.3    10.6    10.4    10.3
53974 20160318  2.422  -96.61   39.10     9.6    -4.0     2.8     4.5     1.5    11.37 C    18.0    -5.9     5.3    78.4    30.2    52.5   0.336   0.359 -99.000 -99.000 -99.000     9.2    10.0    10.4    10.3    10.4
53974 20160319  2.422  -96.61   39.10     5.8    -6.4    -0.3     1.0     0.0    12.82 C    15.2    -7.3     2.2    80.7    31.3    56.5   0.332   0.356 -99.000 -99.000 -99.000     6.9     8.1     9.2    10.0    10.4
53974 20160320  2.422  -96.61   39.10     9.6    -4.3     2.7     2.8     0.0    21.41 C    24.4    -6.3     5.7    85.5    28.7    54.4   0.327   0.352 -99.000 -99.000 -99.000     7.4     8.1     8.7     9.5    10.4
53974 20160321  2.422  -96.61   39.10    21.0     0.2    10.6    11.7     0.0    20.87 C    27.2    -1.7    11.5    55.9    20.8    34.9   0.329   0.353 -99.000 -99.000 -99.000     8.2     8.6     8.8     9.2    10.3
53974 20160322  2.422  -96.61   39.10    26.7    11.2    18.9    18.1     0.0    15.34 C    29.3     8.5    17.2    50.0    21.8    36.1   0.325   0.351 -99.000 -99.000 -99.000    10.5    10.4     9.9     9.3    10.2
53974 20160323  2.422  -96.61   39.10    27.5     4.8    16.2    18.6     0.0    17.30 C    31.7     5.5    18.1    77.7    10.1    43.8   0.321   0.349 -99.000 -99.000 -99.000    12.3    12.1    11.3     9.7    10.2
53974 20160324  2.422  -96.61   39.10    11.5    -3.1     4.2     3.6     0.6    17.66 C    24.2    -5.5     5.8    88.7    24.6    60.6   0.312   0.345 -99.000 -99.000 -99.000    10.0    10.7    11.1    10.2    10.3
53974 20160325  2.422  -96.61   39.10    17.0    -6.5     5.2     7.4     0.0    17.16 C    31.1    -7.5     8.5    82.3    21.2    45.5   0.306   0.341 -99.000 -99.000 -99.000     8.6     9.3     9.9    10.1    10.4
53974 20160326  2.422  -96.61   39.10    11.6     1.7     6.7     7.3     5.4     5.75 C    20.5     2.7     7.9    88.7    35.4    70.9   0.354   0.357 -99.000 -99.000 -99.000     9.4     9.9    10.1     9.9    10.4
53974 20160327  2.422  -96.61   39.10    13.7     0.6     7.2     6.2     0.0    22.68 C    26.4     0.9     9.1    79.5    18.6    48.8   0.358   0.360 -99.000 -99.000 -99.000     9.3     9.8     9.9     9.8    10.4
53974 20160328  2.422  -96.61   39.10    21.0     3.6    12.3    12.0     0.0    22.12 C    31.0     0.8    12.4    65.8    15.3    37.9   0.347   0.356 -99.000 -99.000 -99.000     9.7    10.1    10.1     9.8    10.4
53974 20160329  2.422  -96.61   39.10    20.0     8.0    14.0    14.6     0.0     7.74 C    25.1     4.7    13.2    48.0    23.9    34.4   0.337   0.352 -99.000 -99.000 -99.000    10.1    10.3    10.4     9.9    10.4
53974 20160330  2.422  -96.61   39.10    27.4    12.7    20.0    19.6     0.0    14.26 C    34.9    10.2    19.1    75.4    15.7    51.7   0.331   0.352 -99.000 -99.000 -99.000    12.3    12.0    11.2    10.1    10.5
53974 20160331  2.422  -96.61   39.10    16.7     4.2    10.4    10.4     0.0    12.33 C    28.0     1.7    11.4    81.5    30.3    57.0   0.325   0.347 -99.000 -99.000 -99.000    11.9    12.2    12.0    10.5    10.6
53974 20160401  2.422  -96.61   39.10    12.7    -2.8     4.9     6.0     0.0    19.71 C    24.3    -5.3     7.1    71.1    21.5    45.1   0.314   0.344 -99.000 -99.000 -99.000     9.8    10.6    11.1    10.7    10.7
53974 20160402  2.422  -96.61   39.10    21.0    -2.3     9.3    10.0     0.0    23.58 C    34.3    -5.2    11.3    71.2    15.5    37.6   0.306   0.336 -99.000 -99.000 -99.000     9.6    10.2    10.5    10.5    10.8
53974 20160403  2.422  -96.61   39.10    28.1     9.1    18.6    18.9     0.0    23.69 C    34.9     5.7    17.9    46.7    11.1    26.5   0.299   0.336 -99.000 -99.000 -99.000    11.4    11.6    11.3    10.4    10.8
53974 20160404  2.422  -96.61   39.10    21.2     5.9    13.6    15.0     0.0    23.49 C    34.8     1.4    15.4    61.2    20.0    34.7   0.293   0.332 -99.000 -99.000 -99.000    12.3    12.6    12.2    10.7    10.8
53974 20160405  2.422  -96.61   39.10    30.4     8.5    19.4    18.5     2.6    17.62 C    35.7     5.6    18.2    79.4    15.3    36.8   0.287   0.330 -99.000 -99.000 -99.000    12.7    12.8    12.4    11.0    10.9
53974 20160406  2.422  -96.61   39.10    19.3     9.3    14.3    13.7     0.9    23.51 C    28.5     5.2    14.1    80.8    18.6    43.4   0.305   0.338 -99.000 -99.000 -99.000    13.0    13.3    13.0    11.3    11.1
53974 20160407  2.422  -96.61   39.10    19.9     1.9    10.9    13.7     0.0    23.97 C    30.5    -1.0    13.7    55.4    13.5    31.9   0.301   0.337 -99.000 -99.000 -99.000    12.2    12.9    12.9    11.5    11.2
53974 20160408  2.422  -96.61   39.10    20.5    -1.4     9.6    10.1     0.0    24.72 C    32.2    -3.3    11.9    74.2    17.5    39.7   0.290   0.326 -99.000 -99.000 -99.000    11.2    12.0    12.3    11.6    11.3
53974 20160409  2.422  -96.61   39.10    21.2     0.5    10.8    11.6     0.0    22.64 C    30.8    -1.2    13.7    52.2    18.6    33.4   0.282   0.322 -99.000 -99.000 -99.000    11.6    12.0    12.2    11.5    11.4
53974 20160410  2.422  -96.61   39.10    24.0    11.5    17.8    17.5     0.0    16.48 C    36.8     6.2    18.6    74.3    35.1    54.2   0.276   0.320 -99.000 -99.000 -99.000    13.7    13.7    13.0    11.5    11.5
53974 20160411  2.422  -96.61   39.10    16.7     3.3    10.0    10.8     0.0    20.73 C    32.2    -1.9    12.0    62.0    17.8    32.9   0.270   0.314 -99.000 -99.000 -99.000    12.7    13.3    13.3    11.8    11.5
53974 20160412  2.422  -96.61   39.10    19.6     1.6    10.6    11.0     0.0    23.92 C    33.8    -3.7    12.2    45.1    16.3    29.3   0.256   0.307 -99.000 -99.000 -99.000    11.7    12.4    12.6    11.9    11.6
53974 20160413  2.422  -96.61   39.10    24.4     6.1    15.2    15.8     0.0    23.62 C    37.2     1.6    17.4    77.4    25.7    41.2   0.249   0.304 -99.000 -99.000 -99.000    13.3    13.4    13.0    11.8    11.8
53974 20160414  2.422  -96.61   39.10 -9999.0 -9999.0 -9999.0 -9999.0 -9999.0 -9999.00 U -9999.0 -9999.0 -9999.0 -9999.0 -9999.0 -9999.0 -99.000 -99.000 -99.000 -99.000 -99.000 -9999.0 -9999.0 -9999.0 -9999.0 -9999.0
53974 20160415  2.422  -96.61   39.10    25.2    11.1    18.2    18.3     0.0    21.26 C    34.5     7.4    18.7    71.3    27.2    50.6   0.239   0.290 -99.000 -99.000 -99.000    14.6    14.7    14.2    12.4    12.0
53974 20160416  2.422  -96.61   39.10    24.5    14.3    19.4    18.6     0.0    14.97 C    32.9    12.1    19.2    80.1    39.8    62.3   0.235   0.286 -99.000 -99.000 -99.000    15.3    15.3    14.7    12.7    12.1
53974 20160417  2.422  -96.61   39.10    18.4    16.0    17.2    16.8     7.8     3.94 C    20.0    13.7    16.2    89.2    64.1    77.5   0.240   0.285 -99.000 -99.000 -99.000    15.1    15.2    14.9    13.1    12.3
53974 20160418  2.422  -96.61   39.10    16.6 -9999.0 -9999.0 -9999.0    16.2     7.98 C    23.2    11.8    15.0   100.0    70.2    83.4   0.389   0.357 -99.000 -99.000 -99.000    14.9    15.2    14.8    13.2    12.6
53974 20160419  2.422  -96.61   39.10    19.9    11.1    15.5    14.9     3.6    15.22 C    35.1     9.8    17.2    83.0    44.7    66.7   0.384   0.384 -99.000 -99.000 -99.000    15.2    15.4    14.9    13.3    12.6
53974 20160420  2.422  -96.61   39.10 -9999.0 -9999.0 -9999.0 -9999.0    25.7    17.39 C    26.9     5.7    14.4   100.0    45.7    73.0   0.538   0.495 -99.000 -99.000 -99.000    14.5    15.0    15.0    13.5    12.7
53974 20160421  2.422  -96.61   39.10    21.4     9.6    15.5    14.9     0.0    16.92 C    30.4     7.1    14.6    83.5    37.6    64.4   0.538   0.481 -99.000 -99.000 -99.000    14.2    14.6    14.6    13.5    12.8
53974 20160422  2.422  -96.61   39.10    21.8     9.0    15.4    15.1     0.0    21.63 C    35.9     4.5    16.8    89.3    30.5    65.2   0.480   0.452 -99.000 -99.000 -99.000    14.9    15.1    14.7    13.5    13.0
53974 20160423  2.422  -96.61   39.10    28.1    10.3    19.2    20.0     0.0    25.32 C    34.5     5.0    19.7    84.5    25.2    51.7   0.443   0.435 -99.000 -99.000 -99.000    15.8    15.9    15.4    13.6    13.0
53974 20160424  2.422  -96.61   39.10    28.4    14.0    21.2    21.3    42.9    20.36 C    34.1    12.3    20.8    89.0    32.3    55.7   0.443   0.424 -99.000 -99.000 -99.000    16.4    16.5    15.9    13.9    13.1
53974 20160425  2.422  -96.61   39.10    25.1    14.3    19.7    19.4     0.0    21.92 C    35.9    11.7    21.0    83.1    49.0    66.5   0.534   0.490 -99.000 -99.000 -99.000    17.2    17.2    16.4    14.2    13.3
53974 20160426  2.422  -96.61   39.10    25.7    15.3    20.5    19.2    81.6    13.70 C    34.9    15.0    19.7    90.6    61.6    78.3   0.519   0.487 -99.000 -99.000 -99.000    17.9    18.0    17.4    14.6    13.4
53974 20160427  2.422  -96.61   39.10    17.3     7.7    12.5    13.5     2.8    14.41 C    23.9     5.9    13.5    89.7    56.2    71.8   0.528   0.493 -99.000 -99.000 -99.000    15.7    16.5    16.6    14.9    13.6
53974 20160428  2.422  -96.61   39.10    15.3     5.3    10.3    10.2     0.0    19.83 C    28.2     4.0    12.7    77.8    55.6    68.4   0.521   0.480 -99.000 -99.000 -99.000    13.7    14.7    15.1    14.8    13.8
53974 20160429  2.422  -96.61   39.10    10.8     7.7     9.3     9.3    13.1     3.55 C    12.0     7.7     9.4    90.3    74.2    82.9   0.513   0.480 -99.000 -99.000 -99.000    13.1    13.9    14.5    14.4    14.0
53974 20160430  2.422  -96.61   39.10    16.8    10.4    13.6    12.3     4.2    15.44 C    23.0     9.4    13.0    93.6    55.1    77.3   0.536   0.494 -99.000 -99.000 -99.000    13.2    13.8    13.8    13.9    14.0
53974 20160501  2.422  -96.61   39.10    13.3     8.3    10.8     9.8     0.0     8.44 C    28.5     8.5    11.1    87.3    68.9    77.1   0.535   0.487 -99.000 -99.000 -99.000    13.0    13.7    14.0    13.8    13.9
53974 20160502  2.422  -96.61   39.10    17.3     8.4    12.8    11.8     0.0    13.89 C    32.5     5.5    13.3    85.1    39.0    66.6   0.527   0.478 -99.000 -99.000 -99.000    13.2    13.6    13.7    13.6    13.8
53974 20160503  2.422  -96.61   39.10    22.2     5.5    13.8    14.4     0.0    25.63 C    37.2     2.1    16.4    92.1    30.1    60.0   0.487   0.459 -99.000 -99.000 -99.000    14.4    14.6    14.3    13.5    13.8
53974 20160504  2.422  -96.61   39.10    22.0     7.9    15.0    15.4     0.0    27.96 C    34.8     4.0    17.0    79.2    23.9    50.0   0.448   0.437 -99.000 -99.000 -99.000    15.3    15.6    15.2    13.7    13.7
53974 20160505  2.422  -96.61   39.10    25.7     4.2    15.0    16.0     0.0    27.63 C    37.8     2.0    17.8    90.6    22.9    54.2   0.422   0.415 -99.000 -99.000 -99.000    15.8    16.0    15.7    14.0    13.7
53974 20160506  2.422  -96.61   39.10    28.8     9.1    18.9    20.4     0.0    26.36 C    36.4     5.4    19.8    84.9    18.3    46.1   0.406   0.401 -99.000 -99.000 -99.000    16.7    16.9    16.4    14.2    13.8
53974 20160507  2.422  -96.61   39.10    29.9    15.9    22.9    22.7     0.0    24.83 C    38.4    13.2    22.8    66.7    26.6    47.1   0.385   0.383 -99.000 -99.000 -99.000    18.1    18.2    17.2    14.6    13.9
53974 20160508  2.422  -96.61   39.10    22.1    17.0    19.6    19.2     0.9    11.17 C    25.2    15.0    18.6    86.5    54.4    72.9   0.368   0.371 -99.000 -99.000 -99.000    17.6    17.9    17.5    15.2    14.0
53974 20160509  2.422  -96.61   39.10    26.0    12.6    19.3    19.7     1.8    16.03 C    33.4    10.1    19.6    83.8    45.9    70.4   0.361   0.367 -99.000 -99.000 -99.000    18.3    18.3    17.6    15.4    14.3
53974 20160510  2.422  -96.61   39.10    29.0    10.3    19.6    20.7     0.0    27.19 C    38.7     7.8    21.9    89.9    34.2    62.9   0.347   0.355 -99.000 -99.000 -99.000    18.9    18.8    18.0    15.6    14.4
53974 20160511  2.422  -96.61   39.10    22.5    12.7    17.6    17.7     3.6    10.91 C    27.9     8.8    17.6    88.0    46.2    71.0   0.361   0.353 -99.000 -99.000 -99.000    18.5    18.8    18.4    16.0    14.6
53974 20160512  2.422  -96.61   39.10    23.1     9.9    16.5    16.7     0.0    28.25 C    32.5     5.0    17.2    74.9    25.8    49.2   0.345   0.345 -99.000 -99.000 -99.000    17.8    18.1    17.8    16.1    14.8
53974 20160513  2.422  -96.61   39.10    27.3     7.3    17.3    17.3     0.0    22.19 C    32.4     3.9    16.9    76.3    32.7    49.6   0.314   0.325 -99.000 -99.000 -99.000    17.1    17.7    17.6    16.1    15.0
53974 20160514  2.422  -96.61   39.10    16.3     5.7    11.0    10.2     0.0    27.16 C    30.9     2.8    13.8    77.1    27.7    45.3   0.291   0.311 -99.000 -99.000 -99.000    16.0    16.7    16.8    16.0    15.1
53974 20160515  2.422  -96.61   39.10    18.1     4.9    11.5    11.7     1.0    17.05 C    31.7     2.3    13.1    85.9    25.8    58.5   0.271   0.297 -99.000 -99.000 -99.000    15.4    16.1    16.5    15.7    15.2
53974 20160516  2.422  -96.61   39.10    12.6     9.4    11.0    10.8    12.6     3.64 C    14.3     9.3    11.1    90.7    84.0    88.2   0.310   0.302 -99.000 -99.000 -99.000    14.5    15.2    15.7    15.4    15.2
53974 20160517  2.422  -96.61   39.10    18.0     8.0    13.0    12.3     0.3    17.91 C    26.8     4.6    13.6    91.1    52.6    77.2   0.393   0.348 -99.000 -99.000 -99.000    15.1    15.4    15.4    15.1    15.2
53974 20160518  2.422  -96.61   39.10    20.0     4.8    12.4    13.5     0.0    22.29 C    34.0     2.7    14.6    93.6    42.2    67.7   0.368   0.336 -99.000 -99.000 -99.000    15.5    15.8    15.8    15.0    15.1
53974 20160519  2.422  -96.61   39.10    19.3     7.1    13.2    13.8     1.4    15.29 C    28.2     4.5    14.1    89.6    37.0    69.9   0.350   0.325 -99.000 -99.000 -99.000    15.6    16.1    16.0    15.0    15.0
53974 20160520  2.422  -96.61   39.10    19.3    11.9    15.6    14.7     0.8    10.59 C    27.1    11.7    15.2    91.6    63.1    81.3   0.342   0.324 -99.000 -99.000 -99.000    15.9    16.2    16.0    15.1    15.0
53974 20160521  2.422  -96.61   39.10    21.5     9.7    15.6    17.1     0.0    15.86 C    28.2     6.9    16.8    91.5    54.3    68.4   0.337   0.320 -99.000 -99.000 -99.000    16.3    16.6    16.3    15.2    15.0
53974 20160522  2.422  -96.61   39.10    27.9    15.0    21.5    22.0     0.0    23.79 C    35.2    12.2    22.2    75.9    51.0    63.2   0.314   0.308 -99.000 -99.000 -99.000    18.3    18.1    17.1    15.3    15.0
53974 20160523  2.422  -96.61   39.10    23.2    18.7    21.0    20.6     2.5    11.37 C    27.1    17.6    19.9    87.4    60.0    73.7   0.299   0.302 -99.000 -99.000 -99.000    18.8    18.9    18.1    15.8    15.1
53974 20160524  2.422  -96.61   39.10    27.3    15.5    21.4    21.6    27.9    22.14 C    31.9    14.6    21.9    90.1    43.9    72.3   0.418   0.392 -99.000 -99.000 -99.000    19.6    19.5    18.5    16.2    15.3
53974 20160525  2.422  -96.61   39.10    27.3    16.1    21.7    21.1    33.1    13.39 C    31.3    14.1    20.4    89.2    59.1    75.4   0.484   0.484 -99.000 -99.000 -99.000    19.8    20.0    19.3    16.6    15.4
53974 20160526  2.422  -96.61   39.10    28.8    14.9    21.9    20.4    52.3    10.54 C    32.3    14.7    20.1    90.2    65.2    81.2   0.543   0.493 -99.000 -99.000 -99.000    19.5    19.7    19.3    17.0    15.6
53974 20160527  2.422  -96.61   39.10    25.1    14.2    19.6    18.0    19.2    15.31 C    29.9    12.1    18.1    92.1    62.4    80.2   0.540   0.494 -99.000 -99.000 -99.000    18.8    19.2    18.9    17.1    15.8
53974 20160528  2.422  -96.61   39.10    24.6    14.3    19.4    19.1     2.8    25.82 C    29.3    13.9    19.5    92.1    48.3    72.9   0.543   0.497 -99.000 -99.000 -99.000    19.5    19.7    19.1    17.2    15.9
53974 20160529  2.422  -96.61   39.10    29.9    13.9    21.9    21.6     0.3    21.06 C    36.1    11.3    21.0    87.1    40.3    69.2   0.526   0.485 -99.000 -99.000 -99.000    20.5    20.6    19.8    17.4    16.1
53974 20160530  2.422  -96.61   39.10    29.0    16.0    22.5    22.6     0.0    27.74 C    34.3    14.0    23.0    88.2    42.5    67.1   0.468   0.449 -99.000 -99.000 -99.000    21.5    21.5    20.5    17.7    16.2
53974 20160531  2.422  -96.61   39.10    25.5    15.9    20.7    20.2     0.0    19.07 C    36.0    14.2    21.4    90.0    50.5    73.8   0.428   0.420 -99.000 -99.000 -99.000    21.7    21.7    21.0    18.1    16.4
53974 20160601  2.422  -96.61   39.10    26.6    13.1    19.8    19.7     0.0    26.81 C    35.3    11.3    21.1    92.6    36.7    69.5   0.409   0.392 -99.000 -99.000 -99.000    21.8    21.7    21.0    18.4    16.6
53974 20160602  2.422  -96.61   39.10    28.3    11.7    20.0    20.9     0.0    26.86 C    35.1    10.4    21.1    91.6    32.8    61.4   0.385   0.375 -99.000 -99.000 -99.000    21.8    21.7    21.2    18.6    16.8
53974 20160603  2.422  -96.61   39.10    29.1    12.4    20.7    22.4     3.4    27.89 C    35.4    10.2    22.7    90.0    40.1    61.5   0.359   0.356 -99.000 -99.000 -99.000    22.2    22.1    21.5    18.8    17.0
53974 20160604  2.422  -96.61   39.10    28.0    14.2    21.1    21.5     0.0    28.53 C    36.3    12.6    21.6    93.0    24.7    59.1   0.360   0.341 -99.000 -99.000 -99.000    22.2    22.2    21.9    19.0    17.1
53974 20160605  2.422  -96.61   39.10    28.4    11.5    20.0    20.9     0.0    29.68 C    36.4    10.5    21.9    90.7    30.7    58.1   0.337   0.325 -99.000 -99.000 -99.000    22.1    21.9    21.7    19.2    17.2
53974 20160606  2.422  -96.61   39.10    31.7    15.9    23.8    23.6     0.0    27.73 C    37.2    12.5    23.0    68.7    28.8    48.1   0.302   0.300 -99.000 -99.000 -99.000    22.7    22.5    22.0    19.4    17.4
53974 20160607  2.422  -96.61   39.10    27.1    11.7    19.4    20.6     0.0    29.56 C    35.0     9.7    21.0    81.7    31.9    53.3   0.273   0.281 -99.000 -99.000 -99.000    22.6    22.5    22.2    19.5    17.6
53974 20160608  2.422  -96.61   39.10    32.7    17.6    25.1    26.0     0.0    27.01 C    37.6    13.9    25.8    67.8    32.9    49.4   0.250   0.263 -99.000 -99.000 -99.000    23.1    23.1    22.4    19.7    17.7
53974 20160609  2.422  -96.61   39.10    32.9    22.9    27.9    27.6     0.0    27.67 C    36.6    20.6    27.4    62.4    30.8    48.0   0.230   0.246 -99.000 -99.000 -99.000    23.8    23.8    23.1    20.0    17.8
53974 20160610  2.422  -96.61   39.10    33.1    23.2    28.1    28.2     0.0    26.68 C    38.0    21.1    28.3    69.3    40.9    55.5   0.213   0.231 -99.000 -99.000 -99.000    24.7    24.6    23.7    20.3    17.9
53974 20160611  2.422  -96.61   39.10    33.4    23.7    28.5    28.3     0.0    25.79 C    39.1    22.2    28.5    72.5    39.8    56.3   0.198   0.214 -99.000 -99.000 -99.000    25.5    25.4    24.4    20.7    18.1
53974 20160612  2.422  -96.61   39.10    33.5    22.6    28.1    27.5     0.0    28.08 C    40.8    21.0    28.4    81.8    40.7    62.1   0.186   0.205 -99.000 -99.000 -99.000    26.2    26.0    25.0    21.1 -9999.0
53974 20160613  2.422  -96.61   39.10    31.4    20.6    26.0    26.2     0.0    23.10 C    39.6    18.1    26.9    90.5    49.2    69.7   0.175   0.197 -99.000 -99.000 -99.000    26.1    26.0    25.2    21.5 -9999.0
53974 20160614  2.422  -96.61   39.10    34.1    21.8    27.9    27.3     3.4    25.68 C    39.6    20.3    27.8    88.4    30.2    63.5   0.168   0.191 -99.000 -99.000 -99.000    26.4    26.3    25.4    21.8 -9999.0
53974 20160615  2.422  -96.61   39.10    37.7    21.0    29.3    28.6     0.0    27.42 C    43.1    19.0    28.7    87.4    18.7    52.7   0.164   0.186 -99.000 -99.000 -99.000    26.3    26.3    25.6    22.0 -9999.0
53974 20160616  2.422  -96.61   39.10    35.0    21.2    28.1    29.2     0.0    27.61 C    41.7    20.2    29.9    87.0    28.2    55.0   0.163   0.183 -99.000 -99.000 -99.000    26.6    26.4    25.6    22.2 -9999.0
53974 20160617  2.422  -96.61   39.10    36.6    23.4    30.0    30.3     0.0    27.64 C    42.6    21.4    30.9    89.8    34.4    64.7   0.160   0.181 -99.000 -99.000 -99.000    28.3    27.6    26.5    22.5    19.4
53974 20160618  2.422  -96.61   39.10    31.7    20.6    26.1    26.1     8.5    20.83 C    35.4    19.4    25.9    87.2    39.1    65.0   0.228   0.183 -99.000 -99.000 -99.000    26.8    26.9    26.4    22.9 -9999.0
53974 20160619  2.422  -96.61   39.10    33.9    22.0    28.0    27.8     0.0    25.93 C    39.5    20.4    28.3    75.7    40.9    60.2   0.207   0.182 -99.000 -99.000 -99.000    26.4    26.4    25.8    23.0    20.0
53974 20160620  2.422  -96.61   39.10    36.1    23.2    29.6    29.3     0.0    26.58 C    43.0    21.7    30.2    79.0    36.3    57.9   0.186   0.179 -99.000 -99.000 -99.000    27.5    27.2    26.2    23.1    20.1
53974 20160621  2.422  -96.61   39.10    36.8    22.4    29.6    29.8     0.0    27.96 C    42.1    20.6    30.2    82.9    27.8    50.5   0.167   0.175 -99.000 -99.000 -99.000    27.8    27.7    26.8    23.3 -9999.0
53974 20160622  2.422  -96.61   39.10    39.0    24.3    31.7    30.8     0.0    24.73 C    42.5    22.9    30.4    80.2    26.4    48.3   0.153   0.172 -99.000 -99.000 -99.000    27.7    27.7    26.9    23.5 -9999.0
53974 20160623  2.422  -96.61   39.10    32.8    19.6    26.2    26.2     0.0    18.99 C    40.1    17.7    26.0    85.1    33.9    59.4   0.144   0.169 -99.000 -99.000 -99.000    27.5    27.6    27.0    23.7 -9999.0
53974 20160624  2.422  -96.61   39.10    29.8    19.7    24.7    25.5     0.3    12.53 C    32.9    17.9    25.1    84.9    52.6    71.6   0.137   0.166 -99.000 -99.000 -99.000    25.8    26.0    26.0    23.7 -9999.0
53974 20160625  2.422  -96.61   39.10    35.6    23.9    29.7    29.6     0.0    23.20 C    41.6    22.4    30.1    70.3    37.3    54.3   0.136   0.166 -99.000 -99.000 -99.000    27.2    26.9    26.1    23.5    20.9
53974 20160626  2.422  -96.61   39.10    30.1    20.3    25.2    25.2     0.0    17.21 C    42.4    18.7    26.2    88.9    58.7    72.3   0.131   0.164 -99.000 -99.000 -99.000    27.2    27.1    26.5    23.7 -9999.0
53974 20160627  2.422  -96.61   39.10    35.2    17.9    26.5    26.3     0.0    28.56 C    44.2    16.6    28.3    91.6    29.3    64.4   0.128   0.164 -99.000 -99.000 -99.000    27.7    27.2    26.5    23.7 -9999.0
53974 20160628  2.422  -96.61   39.10    29.9    17.8    23.9    24.5    17.1    25.09 C    35.3    17.1    25.2    88.3    46.9    68.2   0.287   0.168 -99.000 -99.000 -99.000    26.5    26.7    26.6    23.9 -9999.0
53974 20160629  2.422  -96.61   39.10    31.3    19.4    25.3    25.2     0.0    22.70 C    41.3    17.9    25.5    84.7    43.1    64.7   0.270   0.173 -99.000 -99.000 -99.000    26.1    26.2    26.0    23.8 -9999.0
53974 20160630  2.422  -96.61   39.10    31.7    20.1    25.9    26.0     0.0    23.35 C    40.1    18.8    26.6    88.7    38.4    62.9   0.242   0.174 -99.000 -99.000 -99.000    26.3    26.3    26.0    23.8 -9999.0
53974 20160701  2.422  -96.61   39.10    27.7    19.1    23.4    23.5     0.0    16.91 C    31.7    17.5    23.5    79.6    46.4    60.6   0.214   0.174 -99.000 -99.000 -99.000    25.2    25.5    25.5    23.9 -9999.0
53974 20160702  2.422  -96.61   39.10    25.7    17.6    21.6    21.5    39.3     9.35 C    29.0    17.3    21.6    91.8    58.8    82.0   0.363   0.269 -99.000 -99.000 -99.000    23.5    24.0    24.5    23.7 -9999.0
53974 20160703  2.422  -96.61   39.10    21.9    17.5    19.7    19.3     1.9     7.32 C    24.4    17.6    20.0    93.0    79.3    88.5   0.392   0.386 -99.000 -99.000 -99.000    23.3    23.5    23.9    23.4 -9999.0
53974 20160704  2.422  -96.61   39.10    29.9    18.2    24.1    23.2     0.0    20.70 C    35.3    18.4    24.6    93.4    58.5    78.9   0.363   0.369 -99.000 -99.000 -99.000    24.4    24.2    23.8    23.1 -9999.0
53974 20160705  2.422  -96.61   39.10    35.9    24.3    30.1    29.8     0.0    26.74 C    39.1    22.5    29.8    85.3    44.5    66.1   0.337   0.346 -99.000 -99.000 -99.000    26.4    26.2    25.3    23.2 -9999.0
53974 20160706  2.422  -96.61   39.10    33.9    22.3    28.1    28.9     0.0    28.34 C    38.2    21.2    29.5    77.3    37.4    61.6   0.299   0.315 -99.000 -99.000 -99.000    27.2    27.1    26.3    23.6 -9999.0
53974 20160707  2.422  -96.61   39.10    32.2    19.5    25.8    26.8     9.2    24.07 C    36.4    19.0    27.0    88.6    43.5    69.8   0.332   0.298 -99.000 -99.000 -99.000    26.9    26.9    26.5    24.0 -9999.0
53974 20160708  2.422  -96.61   39.10    31.7    21.7    26.7    26.8     0.0    24.36 C    36.7    20.7    27.5    92.6    56.9    74.8   0.311   0.289 -99.000 -99.000 -99.000    27.4    27.3    26.7    24.1    21.5
53974 20160709  2.422  -96.61   39.10    33.3    21.7    27.5    27.8     0.0    24.05 C    38.9    20.5    28.3    92.1    49.6    71.9   0.281   0.276 -99.000 -99.000 -99.000    27.5    27.4    26.9    24.3    21.7
53974 20160710  2.422  -96.61   39.10    33.8    23.3    28.5    28.6     0.0    27.75 C    37.8    22.2    29.0    84.5    48.9    64.7   0.244   0.264 -99.000 -99.000 -99.000    27.5    27.5    27.1    24.5    21.7
53974 20160711  2.422  -96.61   39.10    34.1    25.1    29.6    29.4     0.0    23.05 C    37.9    23.6    29.4    77.2    49.3    63.1   0.206   0.243 -99.000 -99.000 -99.000    27.4    27.6    27.2    24.7    21.7
53974 20160712  2.422  -96.61   39.10    27.8    19.6    23.7    24.4    22.5    15.02 C    30.7    18.7    24.3    88.6    65.8    75.8   0.366   0.322 -99.000 -99.000 -99.000    25.6    26.2    26.5    24.7    21.9
53974 20160713  2.422  -96.61   39.10    29.9    19.9    24.9    25.1    10.6    19.72 C    34.9    18.9    25.2    90.5    56.6    76.6   0.393   0.350 -99.000 -99.000 -99.000    25.9    26.0    25.9    24.6    22.1
53974 20160714  2.422  -96.61   39.10    29.2    19.3    24.2    24.0     0.0    16.76 C    33.9    17.8    23.5    93.9    47.2    77.5   0.367   0.344 -99.000 -99.000 -99.000    25.6    25.8    25.9    24.4    22.1
53974 20160715  2.422  -96.61   39.10    28.8    17.5    23.1    22.6     0.0    22.49 C    34.3    16.1    23.1    92.0    53.7    74.7   0.340   0.319 -99.000 -99.000 -99.000    25.1    25.2    25.4    24.3 -9999.0
53974 20160716  2.422  -96.61   39.10    32.3    18.7    25.5    25.9     0.0    25.97 C    37.0    17.7    26.4    91.1    47.5    70.0   0.308   0.293 -99.000 -99.000 -99.000    25.8    25.6    25.4    24.1    22.2
53974 20160717  2.422  -96.61   39.10    34.6    24.1    29.3    29.2     0.0    25.82 C    37.4    22.6    29.0    85.1    44.6    64.6   0.266   0.262 -99.000 -99.000 -99.000    26.8    26.6    26.1    24.2 -9999.0
53974 20160718  2.422  -96.61   39.10    34.6    23.8    29.2    29.3     0.0    24.71 C    37.9    21.4    29.0    71.1    46.2    59.0   0.217   0.229 -99.000 -99.000 -99.000    27.1    27.1    26.6    24.4 -9999.0
53974 20160719  2.422  -96.61   39.10    34.5    25.1    29.8    29.5     0.0    25.09 C    38.0    23.5    29.2    77.9    40.2    59.9   0.182   0.207 -99.000 -99.000 -99.000    27.5    27.5    26.9    24.6 -9999.0
53974 20160720  2.422  -96.61   39.10    36.3    25.3    30.8    30.9     0.0    27.04 C    39.9    23.5    30.6    78.9    39.4    57.7   0.161   0.190 -99.000 -99.000 -99.000    28.0    28.0    27.3    24.8 -9999.0
53974 20160721  2.422  -96.61   39.10    37.7    26.0    31.9    31.9     0.0    27.09 C    41.8    23.9    31.5    70.1    37.1    52.8   0.149   0.178 -99.000 -99.000 -99.000    28.6    28.5    27.7    25.1 -9999.0
53974 20160722  2.422  -96.61   39.10    39.0    26.9    32.9    32.2     0.0    23.42 C    43.1    24.8    31.6    65.9    28.5    49.9   0.139   0.171 -99.000 -99.000 -99.000    28.9    28.9    28.0    25.3 -9999.0
53974 20160723  2.422  -96.61   39.10    37.1    25.7    31.4    31.4     0.0    18.46 C    42.5    23.5    30.5    67.8    33.9    49.9   0.132   0.164 -99.000 -99.000 -99.000    28.5    28.6    28.1    25.4 -9999.0
53974 20160724  2.422  -96.61   39.10    33.8    22.4    28.1    27.6     0.7    15.55 C    39.7    20.7    26.9    84.8    48.8    64.8   0.127   0.160 -99.000 -99.000 -99.000    27.8    28.0    27.7    25.5 -9999.0
53974 20160725  2.422  -96.61   39.10    28.7    19.8    24.3    23.1    19.8    13.74 C    32.5    18.6    23.1    92.3    59.4    80.1   0.267   0.213 -99.000 -99.000 -99.000    25.9    26.4    26.7    25.4 -9999.0
53974 20160726  2.422  -96.61   39.10    30.9    17.5    24.2    24.5     0.0    26.61 C    35.4    16.7    24.9    93.5    49.2    73.7   0.279   0.219 -99.000 -99.000 -99.000    26.0    26.3    26.2    25.1 -9999.0
53974 20160727  2.422  -96.61   39.10    31.9    19.1    25.5    25.4     0.0    22.31 C    36.2    17.9    25.7    92.5    48.9    75.0   0.236   0.201 -99.000 -99.000 -99.000    26.3    26.4    26.2    25.0 -9999.0
53974 20160728  2.422  -96.61   39.10    32.7    19.0    25.9    25.1    15.9    24.06 C    37.2    18.1    25.7    92.2    39.6    73.0   0.242   0.189 -99.000 -99.000 -99.000    26.4    26.6    26.3    24.9 -9999.0
53974 20160729  2.422  -96.61   39.10    28.9    18.3    23.6    23.1     0.0    22.44 C    34.3    17.6    23.6    94.1    51.0    77.5   0.315   0.198 -99.000 -99.000 -99.000    25.5    25.8    25.9    24.8 -9999.0
53974 20160730  2.422  -96.61   39.10    30.0    18.1    24.1    23.9     0.0    22.97 C    35.9    16.9    24.3    90.6    55.3    74.0   0.264   0.195 -99.000 -99.000 -99.000    25.4    25.6    25.7    24.7    23.4
53974 20160731  2.422  -96.61   39.10    31.6    20.2    25.9    26.1     8.6    18.39 C    34.7    19.8    26.0    89.9    59.3    76.2   0.307   0.214 -99.000 -99.000 -99.000    25.9    26.0    25.8    24.6    23.4
53974 20160801  2.422  -96.61   39.10    31.2    25.2    28.2    28.3     0.0    23.00 C    35.1    22.8    28.1    74.9    62.6    66.9   0.279   0.213 -99.000 -99.000 -99.000    26.9    26.8    26.2    24.6    23.2
53974 20160802  2.422  -96.61   39.10    29.8    23.4    26.6    27.0     0.0    14.04 C    32.4    21.9    26.3    91.4    61.3    73.8   0.238   0.200 -99.000 -99.000 -99.000    26.6    26.7    26.3    24.7 -9999.0
53974 20160803  2.422  -96.61   39.10    36.0    22.9    29.5    29.0     0.0    24.23 C    39.9    21.6    29.3    92.7    37.7    68.7   0.199   0.190 -99.000 -99.000 -99.000    27.2    27.1    26.5    24.9 -9999.0
53974 20160804  2.422  -96.61   39.10    36.0    24.5    30.2    30.2     0.0    20.27 C    39.9    23.1    29.1    85.1    38.5    56.5   0.160   0.176 -99.000 -99.000 -99.000    27.4    27.5    26.8    25.0 -9999.0
53974 20160805  2.422  -96.61   39.10    25.8    19.5    22.7    22.3    19.6     5.53 C    28.0    19.2    22.0    91.4    66.5    83.1   0.267   0.202 -99.000 -99.000 -99.000    25.3    25.9    26.1    25.1    23.2
53974 20160806  2.422  -96.61   39.10    26.2    19.9    23.0    22.4     0.0    11.66 C    29.8    19.2    22.2    89.7    61.4    75.8   0.311   0.227 -99.000 -99.000 -99.000    24.6    24.9    25.1    24.8    23.3
53974 20160807  2.422  -96.61   39.10    23.8    19.1    21.5    21.0    24.0     6.79 C    26.4    18.7    20.9    90.8    77.2    83.7   0.370   0.283 -99.000 -99.000 -99.000    23.4    23.8    24.4    24.4    23.2
53974 20160808  2.422  -96.61   39.10    27.9    19.8    23.8    23.2     0.0    12.77 C    32.0    19.2    23.3    90.0    67.8    81.4   0.351   0.281 -99.000 -99.000 -99.000    24.2    24.3    24.2    24.1    23.0
53974 20160809  2.422  -96.61   39.10    34.1    21.3    27.7    28.0     0.0    24.18 C    37.4    20.1    28.1    92.0    44.1    70.8   0.316   0.263 -99.000 -99.000 -99.000    25.7    25.5    25.0    24.0    22.9
53974 20160810  2.422  -96.61   39.10    34.2    23.8    29.0    29.0     0.0    22.59 C    38.3    22.3    28.9    83.1    52.5    66.6   0.275   0.244 -99.000 -99.000 -99.000    26.8    26.6    25.9    24.2    22.8
53974 20160811  2.422  -96.61   39.10    35.7    21.9    28.8    29.6    16.2    24.00 C    38.4    21.4    29.3    88.7    44.9    64.2   0.258   0.237 -99.000 -99.000 -99.000    27.1    27.1    26.4    24.5    22.8
53974 20160812  2.422  -96.61   39.10    29.7    19.0    24.3    24.4    13.5    17.25 C    34.4    17.7    24.6    92.2    56.9    79.6   0.391   0.345 -99.000 -99.000 -99.000    25.9    26.2    26.2    24.7    22.8
53974 20160813  2.422  -96.61   39.10    31.2    15.7    23.5    23.6     0.0    24.76 C    36.0    14.7    24.0    93.6    40.8    71.0   0.355   0.338 -99.000 -99.000 -99.000    24.9    25.3    25.5    24.7    22.9
53974 20160814  2.422  -96.61   39.10    30.3    17.9    24.1    23.4     0.0    22.18 C    36.1    17.1    23.6    92.9    39.6    70.2   0.330   0.323 -99.000 -99.000 -99.000    24.9    25.2    25.3    24.6    23.0
53974 20160815  2.422  -96.61   39.10    28.7    17.5    23.1    22.5     0.0    15.20 C    35.2    16.4    22.3    91.5    44.2    71.9   0.310   0.312 -99.000 -99.000 -99.000    24.3    24.7    24.9    24.5    23.0
53974 20160816  2.422  -96.61   39.10    32.3    18.9    25.6    25.8     0.0    24.33 C    39.6    17.3    26.5    85.9    44.2    65.0   0.293   0.305 -99.000 -99.000 -99.000    24.9    25.0    24.8    24.3    23.0
53974 20160817  2.422  -96.61   39.10    33.6    20.6    27.1    27.0     0.0    24.26 C    38.9    18.7    27.3    76.1    35.6    57.2   0.270   0.292 -99.000 -99.000 -99.000    25.4    25.5    25.2    24.2 -9999.0
53974 20160818  2.422  -96.61   39.10    32.8    21.7    27.3    26.7     0.0    24.12 C    41.3    20.1    27.7    81.5    43.6    64.4   0.251   0.287 -99.000 -99.000 -99.000    25.8    26.0    25.6    24.3 -9999.0
53974 20160819  2.422  -96.61   39.10    32.2    19.2    25.7    24.1    35.6    18.32 C    42.2    18.7    25.4    91.7    50.6    77.4   0.307   0.321 -99.000 -99.000 -99.000    25.1    25.5    25.6    24.4 -9999.0
53974 20160820  2.422  -96.61   39.10    24.3    13.0    18.6    19.2     0.0    22.69 C    30.4    12.0    20.2    92.1    44.1    72.9   0.387   0.389 -99.000 -99.000 -99.000    23.5    24.2    24.8    24.3 -9999.0
53974 20160821  2.422  -96.61   39.10    27.5    12.0    19.7    19.9     0.0    25.37 C    35.8    10.5    20.9    91.8    34.2    64.0   0.359   0.370 -99.000 -99.000 -99.000    22.5    23.1    23.8    24.0 -9999.0
53974 20160822  2.422  -96.61   39.10    28.6    17.5    23.0    22.8     0.0    23.44 C    37.1    14.9    23.2    72.4    39.3    57.0   0.332   0.353 -99.000 -99.000 -99.000    22.9    23.3    23.7    23.7 -9999.0
53974 20160823  2.422  -96.61   39.10    31.3    21.0    26.2    26.0     0.0    19.27 C    37.2    19.4    26.5    86.7    52.7    71.5   0.308   0.343 -99.000 -99.000 -99.000    24.0    24.1    24.0    23.5 -9999.0
53974 20160824  2.422  -96.61   39.10    29.3    19.8    24.5    23.7     0.0     9.64 C    39.5    18.1    23.7    86.9    52.6    76.1   0.297   0.330 -99.000 -99.000 -99.000    24.2    24.4    24.4    23.5 -9999.0
53974 20160825  2.422  -96.61   39.10    25.6    17.1    21.4    21.3    30.9    16.19 C    32.5    16.8    22.0    92.5    62.3    78.8   0.380   0.395 -99.000 -99.000 -99.000    23.1    23.4    23.8    23.5 -9999.0
53974 20160826  2.422  -96.61   39.10    27.5    17.8    22.6    21.5    25.0    12.99 C    35.9    16.9    22.2    92.8    59.4    81.7   0.497   0.459 -99.000 -99.000 -99.000    22.8    23.1    23.3    23.3 -9999.0
53974 20160827  2.422  -96.61   39.10    29.8    18.7    24.3    23.9     4.8    19.99 C    38.5    17.9    24.9    91.4    55.7    77.3   0.488   0.455 -99.000 -99.000 -99.000    23.4    23.7    23.6    23.2 -9999.0
53974 20160828  2.422  -96.61   39.10    32.1    21.1    26.6    26.2     0.0    21.58 C    41.7    19.8    27.6    88.2    47.4    69.7   0.439   0.426 -99.000 -99.000 -99.000    24.5    24.7    24.3    23.2 -9999.0
53974 20160829  2.422  -96.61   39.10    31.9    20.0    25.9    24.7     4.1    19.47 C    41.8    19.2    26.2    92.9    46.1    76.9   0.418   0.408 -99.000 -99.000 -99.000    24.8    25.0    24.7    23.3 -9999.0
53974 20160830  2.422  -96.61   39.10    29.6    19.9    24.7    23.4     0.0    12.88 C    38.3    18.8    24.0    93.5    64.1    84.7   0.418   0.412 -99.000 -99.000 -99.000    24.4    24.7    24.7    23.5 -9999.0
53974 20160831  2.422  -96.61   39.10    26.2    15.7    21.0    21.7     7.3     9.49 C    33.9    14.1    21.7    91.9    66.8    85.2   0.433   0.430 -99.000 -99.000 -99.000    23.9    24.4    24.4    23.6 -9999.0
53974 20160901  2.422  -96.61   39.10    26.5    13.4    19.9    19.9     0.0    22.74 C    33.6    12.0    20.5    93.1    45.6    72.3   0.432   0.432 -99.000 -99.000 -99.000    22.5    23.2    23.6    23.5 -9999.0
53974 20160902  2.422  -96.61   39.10    26.1    12.5    19.3    19.3     0.0    21.48 C    37.7    11.1    20.4    93.1    44.2    70.3   0.412   0.408 -99.000 -99.000 -99.000    21.9    22.5    23.0    23.2 -9999.0
53974 20160903  2.422  -96.61   39.10    27.7    15.3    21.5    21.4     0.0    21.12 C    37.3    14.4    22.7    84.1    47.6    64.0   0.401   0.391 -99.000 -99.000 -99.000    22.3    22.5    22.8    22.9 -9999.0
53974 20160904  2.422  -96.61   39.10    30.5    19.4    24.9    24.6     0.0    18.05 C    38.0    18.5    25.3    72.7    54.7    63.0   0.381   0.381 -99.000 -99.000 -99.000    23.0    23.0    23.1    22.8    22.5
53974 20160905  2.422  -96.61   39.10    32.9    22.6    27.8    27.6     0.0    21.16 C    38.3    21.1    27.7    75.4    47.5    62.0   0.360   0.369 -99.000 -99.000 -99.000    24.0    24.0    23.7    22.8 -9999.0
53974 20160906  2.422  -96.61   39.10    32.9    24.3    28.6    28.3     0.0    20.09 C    37.9    22.6    28.3    75.9    48.7    62.5   0.337   0.354 -99.000 -99.000 -99.000    24.7    24.7    24.3    22.9 -9999.0
53974 20160907  2.422  -96.61   39.10    32.9    23.9    28.4    27.9     0.6    11.55 C    36.7    22.9    27.6    87.3    54.8    68.2   0.320   0.349 -99.000 -99.000 -99.000    24.9    25.0    24.6    23.2 -9999.0
53974 20160908  2.422  -96.61   39.10    28.5    20.5    24.5    24.4     0.0     8.21 C    36.1    19.7    24.9    89.6    65.4    78.2   0.311   0.338 -99.000 -99.000 -99.000    24.7    24.9    24.7    23.3 -9999.0
53974 20160909  2.422  -96.61   39.10    30.6    18.6    24.6    23.5     0.0    16.47 C    39.6    17.6    24.6    91.5    52.1    71.9   0.305   0.329 -99.000 -99.000 -99.000    24.4    24.6    24.4    23.4 -9999.0
53974 20160910  2.422  -96.61   39.10    24.5    11.0    17.7    17.6     0.0    22.29 C    33.4     9.0    18.7    83.5    33.9    59.8   0.292   0.318 -99.000 -99.000 -99.000    22.3    23.1    23.8    23.3 -9999.0
53974 20160911  2.422  -96.61   39.10    27.4    10.9    19.1    19.9     0.0    21.80 C    34.8     8.9    20.1    87.3    34.8    58.5   0.282   0.309 -99.000 -99.000 -99.000    21.2    22.0    22.7    23.1 -9999.0
53974 20160912  2.422  -96.61   39.10    31.8    19.0    25.4    24.8     0.0    19.12 C    36.3    17.4    24.6    69.0    36.0    54.9   0.277   0.303 -99.000 -99.000 -99.000    22.1    22.6    22.7    22.7 -9999.0
53974 20160913  2.422  -96.61   39.10    25.1    16.0    20.5    20.3    48.2     7.60 C    29.8    16.7    21.0    91.7    66.8    83.8   0.518   0.468 -99.000 -99.000 -99.000    22.0    22.4    22.7    22.5 -9999.0
53974 20160914  2.422  -96.61   39.10    22.5    15.8    19.2    18.2    12.8     7.86 C    28.7    15.8    19.1    94.2    77.9    89.9   0.536   0.480 -99.000 -99.000 -99.000    21.4    21.8    22.2    22.4    22.1
53974 20160915  2.422  -96.61   39.10    30.2    17.0    23.6    23.6     0.0    16.66 C    36.9    16.1    23.8    94.8    52.1    75.7   0.523   0.466 -99.000 -99.000 -99.000    22.0    22.2    22.2    22.2    22.1
53974 20160916  2.422  -96.61   39.10    21.9    16.4    19.2    18.7     5.9     5.11 C    25.2    14.1    18.5    92.3    72.3    85.1   0.528   0.474 -99.000 -99.000 -99.000    21.6    22.1    22.4    22.2    22.0
53974 20160917  2.422  -96.61   39.10    28.6    14.7    21.6    20.4     0.0    20.12 C    36.9    13.1    21.1    94.4    29.0    70.5   0.515   0.465 -99.000 -99.000 -99.000    21.2    21.6    21.8    22.0    21.8
53974 20160918  2.422  -96.61   39.10    29.9    16.3    23.1    23.2     0.0    19.54 C    38.0    14.7    23.9    88.9    45.6    67.2   0.471   0.448 -99.000 -99.000 -99.000    21.9    22.1    22.0    21.9    21.7
53974 20160919  2.422  -96.61   39.10    33.9    20.7    27.3    26.1     0.0    19.73 C    40.2    18.9    26.3    87.4    44.6    68.8   0.439   0.425 -99.000 -99.000 -99.000    23.0    23.1    22.7    21.9    21.7
53974 20160920  2.422  -96.61   39.10    34.5    18.1    26.3    26.7     0.0    18.19 C    40.3    16.7    26.4    93.6    40.7    69.0   0.420   0.409 -99.000 -99.000 -99.000    23.5    23.6    23.2    22.1    21.7
53974 20160921  2.422  -96.61   39.10    33.1    23.5    28.3    27.6     0.0    14.75 C    38.4    22.1    27.2    81.2    48.6    65.6   0.403   0.396 -99.000 -99.000 -99.000    24.2    24.3    23.7    22.3    21.7
53974 20160922  2.422  -96.61   39.10    33.1    22.7    27.9    26.9     0.0    18.03 C    38.6    20.3    26.7    76.0    41.2    60.0   0.396   0.381 -99.000 -99.000 -99.000    24.2    24.3    24.0    22.5    21.7
53974 20160923  2.422  -96.61   39.10    31.5    19.1    25.3    25.3     0.0    18.64 C    38.2    17.1    25.2    80.2    39.4    59.9   0.384   0.371 -99.000 -99.000 -99.000    23.8    24.0    23.8    22.7    21.7
53974 20160924  2.422  -96.61   39.10    30.5    19.4    24.9    22.9    72.6     8.62 C    35.1    18.8    22.4    91.9    57.2    79.7   0.453   0.414 -99.000 -99.000 -99.000    23.2    23.5    23.6    22.7    21.7
53974 20160925  2.422  -96.61   39.10    22.8     8.9    15.8    17.7     3.3    11.86 C    30.3     7.7    17.9    92.5    40.5    70.0   0.538   0.489 -99.000 -99.000 -99.000    21.8    22.4    22.8    22.6    21.8
53974 20160926  2.422  -96.61   39.10    23.5     5.2    14.3    14.7     0.0    19.55 C    33.7     4.4    15.5    92.8    27.1    60.5   0.515   0.469 -99.000 -99.000 -99.000    19.1    20.1    21.2    22.3    21.9
53974 20160927  2.422  -96.61   39.10    27.6    10.0    18.8    18.5     0.0    19.11 C    37.0     8.1    18.8    81.5    28.6    56.8   0.480   0.441 -99.000 -99.000 -99.000    19.2    19.9    20.5    21.7    21.8
53974 20160928  2.422  -96.61   39.10    21.5     8.4    15.0    15.3     0.0    19.07 C    31.6     6.8    15.9    91.2    39.1    64.0   0.458   0.419 -99.000 -99.000 -99.000    18.7    19.6    20.3    21.4    21.7
53974 20160929  2.422  -96.61   39.10    21.8     5.4    13.6    12.8     0.0    17.50 C    32.2     4.7    14.1    93.5    42.6    74.3   0.444   0.407 -99.000 -99.000 -99.000    17.4    18.4    19.4    21.0    21.7
53974 20160930  2.422  -96.61   39.10    24.1     5.4    14.8    13.8     0.0    18.40 C    34.0     4.6    14.9    93.7    36.2    72.5   0.429   0.398 -99.000 -99.000 -99.000    17.0    17.9    18.8    20.6    21.5
53974 20161001  2.422  -96.61   39.10    23.9     7.9    15.9    15.2     0.0    17.00 C    34.1     7.0    16.5    93.7    37.4    73.7   0.426   0.391 -99.000 -99.000 -99.000    17.4    18.1    18.7    20.2    21.3
53974 20161002  2.422  -96.61   39.10    26.4     8.7    17.6    17.8     0.0    17.53 C    35.1     7.5    18.2    94.0    39.7    69.6   0.422   0.386 -99.000 -99.000 -99.000    17.9    18.3    18.7    20.0    21.0
53974 20161003  2.422  -96.61   39.10    27.6    12.5    20.0    20.4     0.0    15.14 C    34.3    10.4    19.9    90.3    40.8    63.6   0.413   0.381 -99.000 -99.000 -99.000    18.7    19.0    19.1    19.9    20.9
53974 20161004  2.422  -96.61   39.10    24.2    12.8    18.5    19.8    23.2     5.49 C    27.0    10.2    18.3    92.3    54.4    68.9   0.430   0.399 -99.000 -99.000 -99.000    18.8    19.1    19.4    19.9    20.8
53974 20161005  2.422  -96.61   39.10    25.5     7.7    16.6    16.7     0.0    15.37 C    31.9     6.2    16.6    94.1    36.4    78.9   0.534   0.484 -99.000 -99.000 -99.000    17.7    18.2    18.7    19.8    20.6
53974 20161006  2.422  -96.61   39.10    26.3     7.7    17.0    17.8     9.1    10.82 C    31.2     8.0    17.9    92.6    59.8    79.1   0.518   0.473 -99.000 -99.000 -99.000    18.8    19.1    19.1    19.5    20.5
53974 20161007  2.422  -96.61   39.10    17.5     4.6    11.1     9.9     0.0    17.70 C    27.6     3.9    11.4    86.6    36.6    67.1   0.533   0.488 -99.000 -99.000 -99.000    16.8    17.6    18.4    19.5    20.5
53974 20161008  2.422  -96.61   39.10    22.6     4.4    13.5    13.5     0.0    17.37 C    28.3     2.5    12.8    88.8    23.2    55.8   0.510   0.470 -99.000 -99.000 -99.000    15.5    16.4    17.3    19.2    20.3
53974 20161009  2.422  -96.61   39.10    23.8     7.1    15.5    15.0     0.0    11.52 C    32.0     5.2    14.9    91.1    26.9    61.5   0.484   0.450 -99.000 -99.000 -99.000    15.9    16.4    17.0    18.8    20.1
53974 20161010  2.422  -96.61   39.10    20.7    11.7    16.2    15.6    13.4     6.92 C    23.9    10.8    14.5    88.2    45.0    65.6   0.513   0.475 -99.000 -99.000 -99.000    16.1    16.5    17.1    18.5    20.0
53974 20161011  2.422  -96.61   39.10    27.3    12.3    19.8    18.8     0.0    14.18 C    32.9    12.0    18.4    85.0    42.1    61.6   0.533   0.491 -99.000 -99.000 -99.000    16.8    17.0    17.2    18.3    19.7
53974 20161012  2.422  -96.61   39.10    14.2     2.5     8.3    10.0     0.0    13.07 C    24.2     1.2    11.7    88.5    48.5    67.4   0.519   0.478 -99.000 -99.000 -99.000    16.1    16.7    17.3    18.3    19.6
53974 20161013  2.422  -96.61   39.10    16.0    -0.8     7.6     7.8     0.0    12.45 C    27.2    -1.3     8.8    93.7    39.2    71.4   0.493   0.458 -99.000 -99.000 -99.000    13.9    14.8    15.9    18.1    19.4
53974 20161014  2.422  -96.61   39.10    22.8    11.1    17.0    15.8     0.0     6.70 C    28.1    11.0    15.9    92.1    59.3    80.6   0.483   0.449 -99.000 -99.000 -99.000    15.3    15.5    15.9    17.6    19.3
53974 20161015  2.422  -96.61   39.10    27.7    16.8    22.2    20.8     0.0     5.52 C    30.2    14.6    19.7    94.0    52.0    77.2   0.479   0.441 -99.000 -99.000 -99.000    16.9    17.0    16.8    17.6    19.1
53974 20161016  2.422  -96.61   39.10    30.7    16.2    23.4    23.8     0.0    14.65 C    36.3    14.4    23.1    94.7    42.5    69.9   0.470   0.432 -99.000 -99.000 -99.000    18.4    18.3    17.7    17.7    18.9
53974 20161017  2.422  -96.61   39.10    31.7    17.2    24.5    24.7     0.0    14.51 C    34.8    12.7    23.2    75.2    32.1    55.8   0.462   0.427 -99.000 -99.000 -99.000    19.4    19.4    18.8    18.1    18.9
53974 20161018  2.422  -96.61   39.10    23.2    10.6    16.9    16.3     0.0    14.97 C    32.1     7.0    16.1    75.4    33.9    53.0   0.449   0.415 -99.000 -99.000 -99.000    17.9    18.4    18.6    18.4    18.9
53974 20161019  2.422  -96.61   39.10    24.1     7.0    15.5    14.7     0.0    12.87 C    31.7     6.0    13.9    90.8    37.1    64.3   0.441   0.407 -99.000 -99.000 -99.000    16.3    17.0    17.6    18.4    18.9
53974 20161020  2.422  -96.61   39.10    16.6     3.9    10.3    10.9     3.0    11.14 C    24.4     2.3    11.7    90.1    37.9    72.0   0.445   0.410 -99.000 -99.000 -99.000    15.6    16.4    17.0    18.2    18.9
53974 20161021  2.422  -96.61   39.10    19.8     0.8    10.3    10.7     0.0    13.90 C    26.4     0.1    10.6    94.1    30.0    62.5   0.441   0.404 -99.000 -99.000 -99.000    14.1    14.9    15.9    17.8    18.9
53974 20161022  2.422  -96.61   39.10    25.7     6.9    16.3    16.2     0.0    14.64 C    33.0     4.0    16.0    78.6    25.9    51.6   0.437   0.398 -99.000 -99.000 -99.000    14.8    15.2    15.7    17.5    18.9
53974 20161023  2.422  -96.61   39.10    24.8    10.2    17.5    16.8     0.0    13.85 C    31.6     6.2    15.8    76.7    25.1    48.1   0.432   0.394 -99.000 -99.000 -99.000    15.4    15.8    16.1    17.2    18.6
53974 20161024  2.422  -96.61   39.10    22.7     8.2    15.4    14.6     0.0    13.49 C    30.2     5.8    14.1    74.4    37.8    55.5   0.426   0.389 -99.000 -99.000 -99.000    14.8    15.4    15.8    17.1    18.6
53974 20161025  2.422  -96.61   39.10    28.7    11.2    20.0    20.3     2.6    13.05 C    35.4     9.7    20.0    84.6    39.0    62.9   0.424   0.386 -99.000 -99.000 -99.000    16.4    16.4    16.2    17.1    18.5
53974 20161026  2.422  -96.61   39.10    24.1     9.1    16.6    17.9    10.4    12.68 C    31.6     7.1    17.7    90.0    42.7    74.1   0.517   0.462 -99.000 -99.000 -99.000    17.2    17.6    17.3    17.2    18.3
53974 20161027  2.422  -96.61   39.10    25.2     5.4    15.3    15.3     0.0    12.29 C    30.1     4.7    15.1    95.5    32.7    71.0   0.495   0.449 -99.000 -99.000 -99.000    15.7    16.3    16.7    17.4    18.2
53974 20161028  2.422  -96.61   39.10    29.0    15.8    22.4    22.1     0.0    10.02 C    30.5    14.3    21.0    87.1    40.0    65.2   0.485   0.440 -99.000 -99.000 -99.000    17.1    17.3    17.0    17.3    18.2
53974 20161029  2.422  -96.61   39.10    30.1    13.8    21.9    22.4     0.0    10.80 C    33.6    13.2    21.3    77.0    29.6    52.7   0.468   0.429 -99.000 -99.000 -99.000    17.8    18.1    17.7    17.5    18.2
53974 20161030  2.422  -96.61   39.10    15.1     8.8    12.0    11.9     0.0     5.75 C    22.0     7.1    13.0    90.0    64.5    77.7   0.457   0.417 -99.000 -99.000 -99.000    16.6    17.2    17.4    17.6    18.2
53974 20161031  2.422  -96.61   39.10    28.2    11.6    19.9    19.8     0.0     9.26 C    30.8    10.8    19.5    91.6    34.6    64.7   0.454   0.411 -99.000 -99.000 -99.000    16.6    16.8    16.9    17.6    18.3
53974 20161101  2.422  -96.61   39.10    27.2    13.5    20.3    21.2     0.0    10.90 C    35.6    11.5    20.4    81.5    40.8    60.6   0.450   0.405 -99.000 -99.000 -99.000    17.5    17.7    17.4    17.6    18.3
53974 20161102  2.422  -96.61   39.10    22.4    12.6    17.5    18.7     3.1     5.22 C    26.3    10.1    18.0    92.3    64.8    81.1   0.451   0.407 -99.000 -99.000 -99.000    17.8    18.1    17.9    17.6    18.2
53974 20161103  2.422  -96.61   39.10    23.5     6.0    14.8    14.1     0.0    12.79 C    30.0     4.6    13.4    92.1    28.2    64.5   0.451   0.410 -99.000 -99.000 -99.000    16.2    16.9    17.4    17.7    18.2
53974 20161104  2.422  -96.61   39.10    24.1     4.2    14.1    13.9     0.0    12.20 C    30.8     3.1    13.1    91.7    25.8    60.8   0.444   0.400 -99.000 -99.000 -99.000    14.9    15.6    16.3    17.6    18.2
53974 20161105  2.422  -96.61   39.10    24.3     6.1    15.2    15.0     0.0    10.88 C    33.9     4.3    14.3    89.2    27.0    53.9   0.438   0.399 -99.000 -99.000 -99.000    14.8    15.5    16.0    17.3    18.2
53974 20161106  2.422  -96.61   39.10    22.0     6.7    14.4    14.7     0.0    11.20 C    29.7     5.0    14.1    79.8    29.2    51.8   0.433   0.395 -99.000 -99.000 -99.000    14.8    15.4    15.8    17.0    18.2
53974 20161107  2.422  -96.61   39.10    15.4    10.2    12.8    12.6     0.7     3.58 C    18.4     9.3    12.9    89.8    55.7    78.9   0.433   0.391 -99.000 -99.000 -99.000    14.8    15.3    15.6    16.9    18.0
53974 20161108  2.422  -96.61   39.10    17.6     6.6    12.1    12.4     0.0    11.85 C    24.3     2.1    12.4    89.6    36.4    65.4   0.431   0.390 -99.000 -99.000 -99.000    14.8    15.3    15.6    16.7    17.9
53974 20161109  2.422  -96.61   39.10    16.6    -1.7     7.4     6.7     0.0    12.25 C    24.0    -2.3     6.5    93.4    26.1    67.6   0.427   0.386 -99.000 -99.000 -99.000    12.3    13.4    14.5    16.6    17.9
53974 20161110  2.422  -96.61   39.10    22.5     0.4    11.5    11.6     0.0    12.01 C    25.0    -1.4    10.1    88.6    32.8    62.7   0.422   0.383 -99.000 -99.000 -99.000    11.8    12.6    13.6    16.1    17.9
53974 20161111  2.422  -96.61   39.10    16.4     0.8     8.6     9.8     0.0     9.71 C    22.9    -1.7     8.5    78.9    25.9    54.5   0.419   0.380 -99.000 -99.000 -99.000    12.1    12.9    13.5    15.7    17.6
53974 20161112  2.422  -96.61   39.10    14.8    -3.8     5.5     5.6     0.0    11.75 C    22.0    -4.5     5.0    91.8    34.0    66.9   0.413   0.377 -99.000 -99.000 -99.000    10.3    11.4    12.6    15.4    17.4
53974 20161113  2.422  -96.61   39.10    19.3     3.5    11.4    11.0     0.0    11.43 C    22.5     1.7    10.2    75.1    36.2    59.2   0.413   0.373 -99.000 -99.000 -99.000    10.7    11.5    12.2    14.9    17.2
53974 20161114  2.422  -96.61   39.10    20.7     3.7    12.2    10.8     0.0     9.89 C    28.0     1.5    10.1    93.4    31.7    66.9   0.411   0.371 -99.000 -99.000 -99.000    11.3    12.0    12.5    14.6    17.0
53974 20161115  2.422  -96.61   39.10    23.2     1.0    12.1    10.5     0.0    11.00 C    28.6    -0.2     9.6    93.0    27.3    66.8   0.407   0.370 -99.000 -99.000 -99.000    11.0    11.7    12.3    14.5    16.8
53974 20161116  2.422  -96.61   39.10    29.1     4.9    17.0    17.3     0.0    10.79 C    31.5     2.3    15.2    83.7    16.6    48.8   0.406   0.369 -99.000 -99.000 -99.000    11.8    12.2    12.4    14.3    16.6
53974 20161117  2.422  -96.61   39.10    24.1     9.8    17.0    18.5     0.0     8.14 C    28.0     7.1    17.1    67.6    30.5    43.9   0.404   0.366 -99.000 -99.000 -99.000    13.4    13.7    13.4    14.4    16.5
53974 20161118  2.422  -96.61   39.10    10.2    -1.7     4.2     4.6     0.0     3.28 C    10.4    -2.7     4.5    74.9    43.9    61.0   0.390   0.365 -99.000 -99.000 -99.000    11.3    12.3    13.1    14.5    16.3
53974 20161119  2.422  -96.61   39.10     7.9    -6.3     0.8     0.8     0.0    10.81 C    16.1    -7.5     0.8    84.3    35.6    61.3   0.382   0.359 -99.000 -99.000 -99.000     8.6     9.8    11.2    14.3    16.2
53974 20161120  2.422  -96.61   39.10    14.4    -0.5     7.0     5.9     0.0     9.90 C    19.7    -3.7     5.0    66.0    24.8    47.4   0.378   0.358 -99.000 -99.000 -99.000     8.2     9.1    10.3    13.8    16.2
53974 20161121  2.422  -96.61   39.10    15.0    -1.3     6.9     7.2     0.0     5.97 C    22.4    -3.1     6.9    80.8    33.0    54.6   0.375   0.355 -99.000 -99.000 -99.000     8.7     9.4    10.2    13.3    15.9
53974 20161122  2.422  -96.61   39.10    17.2     8.1    12.7    12.7     3.4     3.57 C    19.0     8.4    11.7    88.8    50.5    76.0   0.385   0.368 -99.000 -99.000 -99.000    10.4    10.7    10.8    13.0    15.7
53974 20161123  2.422  -96.61   39.10     8.1     4.0     6.0     5.4     0.0     1.64 C     8.4     4.6     6.0    88.3    71.7    78.5   0.390   0.367 -99.000 -99.000 -99.000    10.2    10.8    11.3    13.0    15.5
53974 20161124  2.422  -96.61   39.10     8.5     2.8     5.6     5.2     0.0     4.12 C    15.3     3.6     6.3    85.4    66.1    78.1   0.388   0.364 -99.000 -99.000 -99.000     9.5    10.1    10.8    13.0    15.4
53974 20161125  2.422  -96.61   39.10    12.4    -1.1     5.6     5.4     0.0    10.16 C    18.4    -3.4     5.3    90.9    36.4    67.0   0.386   0.360 -99.000 -99.000 -99.000     9.1     9.8    10.5    12.8    15.2
53974 20161126  2.422  -96.61   39.10    17.6     3.1    10.4     9.6     0.0     9.64 C    19.3     1.1     8.3    73.9    23.2    51.1   0.388   0.357 -99.000 -99.000 -99.000     8.7     9.4    10.1    12.6    15.1
53974 20161127  2.422  -96.61   39.10    15.0     9.2    12.1    12.1     0.7     1.25 C    13.6     7.3    11.1    87.7    48.5    73.8   0.386   0.355 -99.000 -99.000 -99.000     9.9    10.2    10.4    12.5    14.9
53974 20161128  2.422  -96.61   39.10    15.1     5.5    10.3    10.3     0.0     9.60 C    20.0     3.1     9.2    89.0    26.8    50.9   0.385   0.353 -99.000 -99.000 -99.000    10.0    10.6    10.9    12.5    14.9
53974 20161129  2.422  -96.61   39.10     9.6     1.7     5.6     5.5     0.0     9.03 C    16.7    -1.6     5.3    62.4    37.4    49.8   0.381   0.352 -99.000 -99.000 -99.000     8.7     9.6    10.3    12.5    14.7
53974 20161130  2.422  -96.61   39.10     6.3    -1.6     2.3     2.0     0.0     7.07 C    10.4    -2.8     1.8    70.7    40.5    56.6   0.379   0.348 -99.000 -99.000 -99.000     7.7     8.8     9.6    12.3    14.7
53974 20161201  2.422  -96.61   39.10     8.0    -5.6     1.2     0.3     0.0     8.99 C    14.3    -7.4    -0.6    80.9    36.2    62.9   0.375   0.344 -99.000 -99.000 -99.000     6.2     7.4     8.6    12.0    14.6
53974 20161202  2.422  -96.61   39.10     9.9    -8.3     0.8     0.1     0.0     8.73 C    17.2    -9.3    -0.5    88.1    33.7    67.6   0.369   0.341 -99.000 -99.000 -99.000     5.0     6.3     7.7    11.5    14.5
53974 20161203  2.422  -96.61   39.10     4.7    -2.7     1.0     2.0     8.8     1.57 C     5.6    -4.9     1.8    91.6    69.8    83.4   0.370   0.344 -99.000 -99.000 -99.000     5.4     6.4     7.4    11.0    14.3
53974 20161204  2.422  -96.61   39.10     6.7     0.8     3.8     3.4     8.9     4.48 C     9.3    -2.2     3.0    93.3    70.1    85.9   0.498   0.447 -99.000 -99.000 -99.000     6.3     7.0     7.7    10.7    14.0
53974 20161205  2.422  -96.61   39.10    13.1     0.5     6.8     6.0     0.0     9.49 C    15.8    -2.0     4.7    86.2    36.6    66.7   0.498   0.451 -99.000 -99.000 -99.000     6.3     7.0     7.6    10.5 -9999.0
53974 20161206  2.422  -96.61   39.10     4.5    -5.3    -0.4    -0.2     0.0     9.31 C    11.7    -7.5     0.2    77.4    28.3    53.2   0.484   0.446 -99.000 -99.000 -99.000     5.8     6.6     7.5    10.4 -9999.0
53974 20161207  2.422  -96.61   39.10    -1.3    -8.1    -4.7    -4.3     0.5     4.48 C     2.8   -10.7    -4.1    80.9    45.4    64.5   0.471   0.432 -99.000 -99.000 -99.000     4.3     5.3     6.6    10.2 -9999.0
53974 20161208  2.422  -96.61   39.10    -2.7   -13.4    -8.1    -8.4     0.0     9.53 C     2.4   -14.0    -8.1    82.1    44.9    62.3   0.452   0.416 -99.000 -99.000 -99.000     2.7     3.9     5.5     9.7 -9999.0
53974 20161209  2.422  -96.61   39.10    -2.4   -14.2    -8.3    -6.5     0.0     2.95 C    -0.2   -14.8    -5.9    84.1    47.9    64.1   0.435   0.399 -99.000 -99.000 -99.000     1.7     2.9     4.5     9.1 -9999.0
53974 20161210  2.422  -96.61   39.10     3.1    -3.5    -0.2     0.0     0.0     3.96 C     7.9    -3.8     0.2    63.4    40.2    52.5   0.436   0.404 -99.000 -99.000 -99.000     2.5     3.3     4.3     8.6 -9999.0
53974 20161211  2.422  -96.61   39.10     7.3    -6.5     0.4     1.7     0.0     2.81 C     7.7    -8.7     1.3    90.2    53.7    70.8   0.434   0.409 -99.000 -99.000 -99.000     3.7     4.3     4.9     8.3 -9999.0
53974 20161212  2.422  -96.61   39.10     3.7   -11.2    -3.7    -3.5     0.0     5.55 C     6.0   -11.6    -4.0    85.2    40.1    64.8   0.428   0.402 -99.000 -99.000 -99.000     2.4     3.4     4.6     8.2 -9999.0
53974 20161213  2.422  -96.61   39.10    -1.2   -11.9    -6.5    -7.3     0.0     9.17 C     5.3   -13.0    -5.9    73.4    32.3    55.0   0.425   0.398 -99.000 -99.000 -99.000     2.2     3.1     4.2     8.0 -9999.0
53974 20161214  2.422  -96.61   39.10    -1.3   -11.9    -6.6    -5.9     0.0     4.60 C     2.4   -12.8    -5.3    80.5    29.9    52.3   0.413   0.387 -99.000 -99.000 -99.000     1.3     2.4     3.7     7.7 -9999.0
53974 20161215  2.422  -96.61   39.10    -1.5    -6.3    -3.9    -3.5     0.0     5.33 C     3.8    -8.5    -2.5    53.0    26.9    38.0   0.413   0.386 -99.000 -99.000 -99.000     1.5     2.4     3.5     7.3 -9999.0
53974 20161216  2.422  -96.61   39.10     0.8    -2.0    -0.6    -0.4     0.0     0.95 C     2.1    -1.9     0.1    93.9    44.9    85.0   0.415   0.389 -99.000 -99.000 -99.000     2.1     2.7     3.5     7.0 -9999.0
53974 20161217  2.422  -96.61   39.10    -1.8   -18.1    -9.9   -10.6     3.5     1.20 C    -1.0   -19.8    -9.7    93.3    68.8    79.0   0.414   0.389 -99.000 -99.000 -99.000     1.9     2.8     3.6     6.9 -9999.0
53974 20161218  2.422  -96.61   39.10   -11.3   -27.8   -19.6   -17.8     0.0     9.28 C    -7.6   -28.2   -18.3    76.5    51.6    66.0   0.403   0.378 -99.000 -99.000 -99.000     0.9     2.0     3.1     6.7 -9999.0
53974 20161219  2.422  -96.61   39.10    -1.3   -16.2    -8.8    -8.3     0.0     9.28 C    -1.1   -19.3   -10.1    67.0    40.7    53.3   0.385   0.367 -99.000 -99.000 -99.000     0.6     1.7     2.8     6.5 -9999.0
53974 20161220  2.422  -96.61   39.10     7.4    -6.8     0.3    -1.0     0.0     8.43 C     9.6   -10.2    -2.7    71.2    38.0    53.4   0.381   0.365 -99.000 -99.000 -99.000     0.6     1.6     2.7     6.2 -9999.0
53974 20161221  2.422  -96.61   39.10    11.1    -4.1     3.5     2.7     0.0     7.15 C    14.6    -7.0     0.0    76.9    34.3    55.3   0.401   0.377 -99.000 -99.000 -99.000     0.7     1.8     2.7     6.0 -9999.0
53974 20161222  2.422  -96.61   39.10     6.6    -7.1    -0.3     0.9     0.0     5.21 C     9.7    -8.9    -0.3    87.1    38.9    63.2   0.411   0.388 -99.000 -99.000 -99.000     0.9     2.0     2.8     5.8 -9999.0
53974 20161223  2.422  -96.61   39.10    10.3    -3.3     3.5     4.1     0.5     6.36 C    11.8    -6.3     2.4    89.4    32.6    64.8   0.423   0.407 -99.000 -99.000 -99.000     1.9     2.7     3.2     5.8 -9999.0
53974 20161224  2.422  -96.61   39.10    11.6    -7.5     2.0     1.9     0.0     9.06 C    17.5    -9.3     1.9    92.6    45.7    80.9   0.422   0.408 -99.000 -99.000 -99.000     2.0     2.8     3.5     5.9 -9999.0
53974 20161225  2.422  -96.61   39.10    19.6     5.5    12.6    11.0     3.5     1.94 C    18.8     5.1     9.3    93.1    30.0    75.6   0.435   0.422 -99.000 -99.000 -99.000     4.9     5.0     4.6     6.0 -9999.0
53974 20161226  2.422  -96.61   39.10     9.7    -4.6     2.6     2.1     0.0     9.11 C    10.5    -7.4     0.4    73.2    33.3    51.9   0.443   0.435 -99.000 -99.000 -99.000     4.2     5.0     5.3     6.5 -9999.0
53974 20161227  2.422  -96.61   39.10    11.6    -6.8     2.4     1.4     0.0     9.23 C    15.3    -9.4    -0.5    82.5    23.1    59.3   0.440   0.428 -99.000 -99.000 -99.000     2.8     3.7     4.5     6.7 -9999.0
53974 20161228  2.422  -96.61   39.10    12.6    -5.8     3.4     2.9     0.0     8.26 C    19.2    -7.3     1.5    86.6    25.4    57.2   0.436   0.427 -99.000 -99.000 -99.000     2.7     3.5     4.1     6.6 -9999.0
53974 20161229  2.422  -96.61   39.10     9.0    -3.2     2.9     2.8     0.0     9.46 C    12.6    -7.6     1.0    57.8    19.2    38.2   0.435   0.424 -99.000 -99.000 -99.000     2.8     3.6     4.1     6.5 -9999.0
53974 20161230  2.422  -96.61   39.10    13.6    -6.1     3.7     5.3     0.0     9.14 C    15.0    -9.4     3.1    63.6    21.6    37.4   0.430   0.415 -99.000 -99.000 -99.000     2.7     3.4     3.9     6.4 -9999.0
53974 20161231  2.422  -96.61   39.10     7.7    -7.9    -0.1     0.9     0.0     9.24 C    13.6   -10.3    -0.2    81.2    36.2    58.3   0.428   0.411 -99.000 -99.000 -99.000     3.1     3.8     4.2     6.4 -9999.0
