13301 20160101  2.422  -93.15   39.87     2.4    -8.7    -3.2    -3.0     0.0    10.09 C    -1.0   -13.2    -7.0    84.5    50.8    68.4   0.534   0.521   0.538 -99.000 -99.000     3.1     3.7     4.4     7.1     9.2
13301 20160102  2.422  -93.15   39.87     2.1    -8.0    -3.0    -2.5     0.0    10.22 C    -0.9   -14.0    -7.5    85.6    55.2    70.2   0.527   0.521   0.538 -99.000 -99.000     2.7     3.3     4.1     6.9     9.0
13301 20160103  2.422  -93.15   39.87    -1.8    -7.6    -4.7    -4.6     0.0     9.58 C    -1.0   -12.7    -6.1    83.6    68.3    77.9   0.517   0.522   0.537 -99.000 -99.000     2.3     2.9     3.7     6.6     8.9
13301 20160104  2.422  -93.15   39.87    -0.7    -5.4    -3.0    -3.4     0.0     8.72 C     0.6    -9.6    -5.0    80.1    62.8    73.5   0.512   0.522   0.538 -99.000 -99.000     2.1     2.7     3.5     6.4     8.7
13301 20160105  2.422  -93.15   39.87     1.7    -5.8    -2.1    -2.4     0.0     9.52 C    -0.1   -10.1    -5.7    79.9    61.1    71.0   0.511   0.522   0.537 -99.000 -99.000     1.9     2.5     3.3     6.2     8.6
13301 20160106  2.422  -93.15   39.87     1.9    -2.7    -0.4     0.1     0.0     2.45 C     0.5    -6.3    -1.5    90.8    67.5    74.2   0.517   0.521   0.534 -99.000 -99.000     1.9     2.3     3.1     6.0     8.4
13301 20160107  2.422  -93.15   39.87     6.0     1.7     3.9     3.7    14.9     0.97 C     4.1     0.2     1.8    96.5    82.3    93.7   0.545   0.522   0.535 -99.000 -99.000     2.2     2.5     3.1     5.8     8.3
13301 20160108  2.422  -93.15   39.87     6.9     0.9     3.9     4.3     5.3     1.24 C     8.6     0.7     4.1    96.4    88.6    94.6   0.546   0.523   0.535 -99.000 -99.000     3.3     3.2     3.6     5.8     8.1
13301 20160109  2.422  -93.15   39.87     0.9   -15.8    -7.5    -6.5     0.0     2.88 C     0.7   -14.9    -5.4    89.0    66.7    76.9   0.547   0.524   0.535 -99.000 -99.000     2.7     3.2     3.9     6.0     8.0
13301 20160110  2.422  -93.15   39.87    -9.4   -18.0   -13.7   -13.7     0.0    10.81 C    -3.1   -17.4   -12.4    77.7    55.2    66.8   0.484   0.512   0.534 -99.000 -99.000     1.4     2.1     3.1     5.9     7.9
13301 20160111  2.422  -93.15   39.87     0.9   -11.0    -5.1    -3.7     0.0     4.62 C     4.8   -12.8    -4.1    83.2    55.7    72.3   0.430   0.469   0.527 -99.000 -99.000     0.9     1.6     2.6     5.6     7.8
13301 20160112  2.422  -93.15   39.87     1.6   -12.1    -5.3    -7.4     0.0    10.78 C     0.4   -14.5    -7.5    82.9    44.8    59.9   0.420   0.458   0.510 -99.000 -99.000     0.8     1.4     2.3     5.3     7.7
13301 20160113  2.422  -93.15   39.87     7.0   -12.2    -2.6    -1.6     0.0    10.33 C     9.8   -13.8    -3.7    82.8    47.8    65.3   0.400   0.436   0.466 -99.000 -99.000     0.7     1.2     2.1     5.1     7.6
13301 20160114  2.422  -93.15   39.87    13.1    -0.9     6.1     5.6     0.0    10.53 C    14.3    -5.7     2.2    82.8    49.0    67.9   0.403   0.438   0.475 -99.000 -99.000     0.6     1.1     2.0     4.9     7.4
13301 20160115  2.422  -93.15   39.87     4.8    -7.3    -1.2    -1.0     0.0     2.20 C     1.4    -9.1    -2.5    84.2    66.5    75.4   0.412   0.450   0.508 -99.000 -99.000     0.7     1.1     1.9     4.8     7.3
13301 20160116  2.422  -93.15   39.87    -0.9   -10.2    -5.6    -6.1     0.0    10.97 C     6.8   -11.9    -5.7    73.9    45.5    62.8   0.410   0.450   0.505 -99.000 -99.000     0.7     1.1     1.9     4.7     7.2
13301 20160117  2.422  -93.15   39.87    -8.5   -19.4   -14.0   -15.6     1.9    11.72 C    -7.3   -25.8   -17.2    81.2    50.6    65.0   0.393   0.430   0.463 -99.000 -99.000     0.6     1.0     1.8     4.6     7.1
13301 20160118  2.422  -93.15   39.87   -10.4   -21.4   -15.9   -15.6     0.0    10.84 C    -8.0   -26.6   -18.5    81.4    55.7    70.6   0.361   0.415   0.443 -99.000 -99.000     0.5     0.9     1.7     4.5     6.9
13301 20160119  2.422  -93.15   39.87    -7.7   -12.8   -10.3    -8.9     6.8     2.28 C    -7.1   -14.3    -8.7    87.3    68.1    79.0   0.339   0.408   0.434 -99.000 -99.000     0.3     0.8     1.6     4.4     6.8
13301 20160120  2.422  -93.15   39.87    -5.6   -12.4    -9.0    -8.3     0.0     8.77 C    -3.4   -21.8   -10.2    94.1    72.2    83.4   0.345   0.406   0.435 -99.000 -99.000     0.3     0.8     1.5     4.3     6.7
13301 20160121  2.422  -93.15   39.87    -4.3    -8.6    -6.4    -6.0     0.0     5.38 C    -3.9   -11.5    -6.9    84.2    69.1    76.3   0.356   0.407   0.434 -99.000 -99.000     0.4     0.8     1.5     4.2     6.6
13301 20160122  2.422  -93.15   39.87    -2.7    -7.1    -4.9    -5.1     0.0     4.52 C    -2.4    -9.3    -5.7    83.6    70.2    77.8   0.361   0.409   0.435 -99.000 -99.000     0.4     0.8     1.5     4.1     6.5
13301 20160123  2.422  -93.15   39.87    -4.0    -8.0    -6.0    -6.1     0.0     7.44 C    -3.1   -13.6    -7.8    93.5    75.6    81.8   0.366   0.409   0.435 -99.000 -99.000     0.4     0.8     1.5     4.1     6.4
13301 20160124  2.422  -93.15   39.87     5.4    -8.2    -1.4    -1.0     0.0     9.63 C     0.8   -13.7    -4.7    93.7    59.5    77.1   0.371   0.411   0.438 -99.000 -99.000     0.4     0.8     1.5     4.0     6.3
13301 20160125  2.422  -93.15   39.87     3.5    -2.1     0.7     1.5     0.9     1.06 C     1.4    -2.8    -0.6    95.9    68.4    82.2   0.392   0.426   0.453 -99.000 -99.000     0.4     0.8     1.4     4.0     6.2
13301 20160126  2.422  -93.15   39.87    -0.1    -2.6    -1.3    -1.4     0.0     3.34 C     0.7    -3.7    -1.9    80.7    65.1    72.8   0.397   0.436   0.473 -99.000 -99.000     0.4     0.8     1.4     3.9     6.1
13301 20160127  2.422  -93.15   39.87     5.6    -6.5    -0.5     0.5     0.0    11.28 C     7.3   -11.5    -1.7    89.4    58.9    71.6   0.402   0.439   0.477 -99.000 -99.000     0.5     0.8     1.4     3.9     6.1
13301 20160128  2.422  -93.15   39.87     7.7    -1.2     3.2     3.0     0.0    11.39 C    11.9    -7.8     0.4    81.1    54.6    69.2   0.419   0.445   0.495 -99.000 -99.000     0.5     0.8     1.5     3.8     6.0
13301 20160129  2.422  -93.15   39.87    10.3    -4.7     2.8     3.0     0.0    12.13 C    12.2    -8.8     0.4    93.7    50.5    72.8   0.424   0.454   0.513 -99.000 -99.000     0.5     0.9     1.5     3.8     6.0
13301 20160130  2.422  -93.15   39.87    10.9    -0.7     5.1     5.0     0.0     7.74 C    17.1    -5.3     2.7    90.8    58.0    76.3   0.430   0.466   0.515 -99.000 -99.000     0.6     0.9     1.5     3.8     5.9
13301 20160131  2.422  -93.15   39.87     9.6     2.0     5.8     5.9     0.0     9.95 C    14.8    -4.7     3.0    85.9    60.3    72.8   0.458   0.485   0.518 -99.000 -99.000     0.8     1.0     1.5     3.8     5.9
13301 20160201  2.422  -93.15   39.87     9.2    -1.1     4.0     4.0     0.2     6.46 C    18.2    -7.1     2.3    89.1    50.1    73.0   0.478   0.495   0.520 -99.000 -99.000     1.0     1.1     1.6     3.7     5.8
13301 20160202  2.422  -93.15   39.87    13.7     2.6     8.2     6.5    12.0     7.96 C    16.8     1.2     5.0    94.0    37.5    72.0   0.513   0.498   0.522 -99.000 -99.000     1.7     1.5     1.9     3.8     5.8
13301 20160203  2.422  -93.15   39.87     2.6    -6.1    -1.7    -1.7     0.0     2.87 C     1.4   -10.0    -1.9    85.8    57.1    70.3   0.520   0.502   0.525 -99.000 -99.000     1.9     2.0     2.4     4.0     5.7
13301 20160204  2.422  -93.15   39.87     4.7    -8.1    -1.7    -2.1     0.0    13.36 C     8.5   -12.0    -3.9    86.3    43.9    66.9   0.512   0.505   0.527 -99.000 -99.000     1.2     1.5     2.1     4.1     5.7
13301 20160205  2.422  -93.15   39.87     1.8    -6.5    -2.4    -2.4     0.0     7.99 C     9.3   -11.0    -2.5    84.5    43.4    68.3   0.502   0.507   0.527 -99.000 -99.000     1.0     1.3     1.9     4.0     5.8
13301 20160206  2.422  -93.15   39.87     8.5    -4.2     2.1     2.2     0.0    13.42 C    14.0    -9.2     0.0    81.1    47.8    64.6   0.501   0.508   0.528 -99.000 -99.000     1.1     1.3     1.8     4.0     5.7
13301 20160207  2.422  -93.15   39.87    10.1     1.2     5.7     4.4     0.0    11.25 C    14.2    -2.4     3.0    76.2    35.6    60.2   0.506   0.510   0.529 -99.000 -99.000     1.6     1.6     1.9     3.9     5.7
13301 20160208  2.422  -93.15   39.87     1.2    -6.6    -2.7    -4.1     0.0     4.57 C     0.1    -6.8    -3.6    69.4    51.3    59.7   0.487   0.503   0.530 -99.000 -99.000     1.5     1.7     2.2     4.0     5.7
13301 20160209  2.422  -93.15   39.87    -3.8    -9.8    -6.8    -7.3     0.0    13.60 C     3.2   -13.6    -6.4    70.3    40.2    56.4   0.435   0.469   0.522 -99.000 -99.000     1.0     1.4     1.9     4.0     5.7
13301 20160210  2.422  -93.15   39.87    -3.0   -10.8    -6.9    -6.4     1.4     4.55 C    -1.3   -14.6    -6.6    87.1    69.2    80.4   0.409   0.442   0.482 -99.000 -99.000     0.8     1.1     1.7     3.9     5.6
13301 20160211  2.422  -93.15   39.87    -1.8    -9.2    -5.5    -4.9     0.0    11.46 C     8.0   -12.6    -3.6    82.8    45.2    64.2   0.401   0.432   0.465 -99.000 -99.000     0.7     1.0     1.6     3.8     5.6
13301 20160212  2.422  -93.15   39.87    -0.6   -11.0    -5.8    -5.1     0.0    12.23 C     8.1   -13.0    -4.1    80.4    38.5    61.3   0.398   0.428   0.460 -99.000 -99.000     0.7     0.9     1.5     3.8     5.6
13301 20160213  2.422  -93.15   39.87    -6.4   -13.2    -9.8    -9.8     0.0     3.85 C    -0.3   -13.7    -7.5    64.7    38.2    50.7   0.381   0.419   0.450 -99.000 -99.000     0.6     0.9     1.5     3.7     5.5
13301 20160214  2.422  -93.15   39.87     3.0    -7.0    -2.0    -2.9     0.6     4.86 C     6.6    -9.3    -3.1    90.2    44.1    70.9   0.350   0.416   0.444 -99.000 -99.000     0.4     0.7     1.4     3.6     5.5
13301 20160215  2.422  -93.15   39.87     6.2    -5.8     0.2     0.1     0.0     8.19 C    14.9    -9.9    -0.9    95.5    61.4    83.6   0.351   0.412   0.439 -99.000 -99.000     0.4     0.7     1.3     3.6     5.4
13301 20160216  2.422  -93.15   39.87     4.8    -0.1     2.3     2.0     6.9     4.11 C     9.6    -1.2     1.8    95.1    73.8    88.7   0.390   0.435   0.458 -99.000 -99.000     0.4     0.7     1.2     3.5     5.4
13301 20160217  2.422  -93.15   39.87     8.7    -1.1     3.8     3.0     0.0    12.11 C    14.2    -4.2     2.6    89.2    60.0    76.0   0.419   0.452   0.487 -99.000 -99.000     0.5     0.7     1.2     3.5     5.3
13301 20160218  2.422  -93.15   39.87    19.6     1.5    10.6    10.1     0.0    12.38 C    21.1    -1.2     7.7    83.0    41.2    61.2   0.459   0.479   0.511 -99.000 -99.000     0.9     0.9     1.3     3.4     5.3
13301 20160219  2.422  -93.15   39.87    19.5     6.9    13.2    14.9     0.0    15.60 C    21.4    -2.0    10.4    61.7    18.5    38.7   0.503   0.496   0.515 -99.000 -99.000     2.9     2.2     2.1     3.5     5.2
13301 20160220  2.422  -93.15   39.87    22.0     3.7    12.9    11.8     0.0    16.01 C    30.5    -4.6     9.3    74.9    15.3    41.6   0.501   0.499   0.518 -99.000 -99.000     3.8     3.3     3.1     3.9     5.2
13301 20160221  2.422  -93.15   39.87     8.8    -1.5     3.6     4.0     0.0    14.64 C    20.0    -6.5     2.5    92.1    47.3    73.4   0.493   0.501   0.521 -99.000 -99.000     4.2     4.0     3.8     4.3     5.3
13301 20160222  2.422  -93.15   39.87    10.1    -2.4     3.9     3.2     0.0    14.29 C    22.3    -7.2     2.9    95.5    44.9    74.3   0.486   0.494   0.523 -99.000 -99.000     3.8     3.7     3.8     4.7     5.4
13301 20160223  2.422  -93.15   39.87     8.7    -1.5     3.6     3.6     0.0     9.02 C    17.2    -5.6     3.5    87.3    48.4    70.0   0.471   0.485   0.523 -99.000 -99.000     3.7     3.6     3.8     4.8     5.5
13301 20160224  2.422  -93.15   39.87     5.1     1.1     3.1     3.1     0.0     4.54 C    10.6     0.1     3.1    86.8    53.2    71.4   0.459   0.484   0.524 -99.000 -99.000     3.8     3.7     3.9     4.9     5.6
13301 20160225  2.422  -93.15   39.87     5.5    -2.0     1.7     1.3     0.0    12.35 C    13.4    -3.0     2.1    79.2    39.6    62.2   0.445   0.479   0.525 -99.000 -99.000     3.4     3.4     3.8     5.0     5.7
13301 20160226  2.422  -93.15   39.87     8.6    -2.8     2.9     2.3     0.0    14.89 C    20.8    -7.4     2.4    78.3    36.6    58.4   0.437   0.471   0.516 -99.000 -99.000     3.4     3.4     3.7     5.0     5.8
13301 20160227  2.422  -93.15   39.87    20.6    -2.6     9.0     9.3     0.0    17.53 C    24.9    -8.8     6.6    80.4    16.6    45.7   0.431   0.465   0.509 -99.000 -99.000     3.8     3.6     3.8     5.0     5.8
13301 20160228  2.422  -93.15   39.87    19.8     2.7    11.2    11.9     0.0    14.68 C    25.2    -5.3    10.0    69.8    30.4    52.5   0.428   0.462   0.504 -99.000 -99.000     5.7     4.9     4.6     5.1     5.9
13301 20160229  2.422  -93.15   39.87    20.5    -0.9     9.8    10.6     0.0    15.87 C    29.1    -6.7     8.5    84.0    20.2    47.5   0.421   0.452   0.492 -99.000 -99.000     5.4     5.1     5.1     5.5     5.9
13301 20160301  2.422  -93.15   39.87    14.9    -7.3     3.8    -0.3     0.0     9.38 C     9.9   -12.3    -0.4    83.1    33.1    64.7   0.415   0.447   0.482 -99.000 -99.000     5.1     5.1     5.3     5.7     6.0
13301 20160302  2.422  -93.15   39.87     7.6    -9.0    -0.7     0.1     0.0    13.00 C    16.8   -12.5     0.5    89.8    40.0    62.4   0.407   0.437   0.469 -99.000 -99.000     3.5     3.8     4.4     5.8     6.1
13301 20160303  2.422  -93.15   39.87     9.1     1.9     5.5     4.4     2.5    12.66 C    19.8    -1.0     5.6    90.7    51.8    74.7   0.419   0.443   0.483 -99.000 -99.000     4.3     4.1     4.3     5.6     6.2
13301 20160304  2.422  -93.15   39.87    11.2    -2.9     4.2     4.8     0.0    11.66 C    18.9    -7.4     4.4    95.0    46.8    70.8   0.416   0.445   0.488 -99.000 -99.000     4.6     4.4     4.6     5.6     6.2
13301 20160305  2.422  -93.15   39.87    12.8    -0.2     6.3     6.0     0.0    18.85 C    22.8    -7.0     3.8    86.9    27.9    59.2   0.412   0.441   0.482 -99.000 -99.000     4.7     4.6     4.7     5.7     6.2
13301 20160306  2.422  -93.15   39.87    20.9     1.3    11.1    11.7     0.0    14.22 C    26.2    -2.7    10.5    76.8    29.1    49.5   0.409   0.439   0.474 -99.000 -99.000     5.2     4.9     4.9     5.8     6.3
13301 20160307  2.422  -93.15   39.87    21.1    11.8    16.5    17.4     0.0     3.87 C    21.2     8.0    16.0    68.0    41.8    57.8   0.409   0.440   0.472 -99.000 -99.000     7.5     6.5     5.9     6.0     6.3
13301 20160308  2.422  -93.15   39.87    21.1    13.7    17.4    16.6    19.6     6.06 C    23.0    12.0    15.6    96.4    56.3    76.8   0.444   0.459   0.490 -99.000 -99.000     9.4     8.2     7.4     6.5     6.5
13301 20160309  2.422  -93.15   39.87    14.9     8.4    11.6    11.5     0.0    13.57 C    23.9     4.5    12.0    96.0    51.9    78.0   0.531   0.514   0.533 -99.000 -99.000    10.0     9.1     8.4     7.3     6.6
13301 20160310  2.422  -93.15   39.87    16.8     6.2    11.5    10.7     0.0    14.76 C    26.4     1.2    10.2    86.1    44.3    66.8   0.531   0.517   0.535 -99.000 -99.000     9.4     8.8     8.5     7.8     6.9
13301 20160311  2.422  -93.15   39.87    19.1     3.7    11.4    11.0     0.0    18.42 C    29.6    -0.5    10.0    86.9    37.5    63.6   0.510   0.515   0.538 -99.000 -99.000     9.0     8.6     8.4     8.1     7.1
13301 20160312  2.422  -93.15   39.87    13.5     8.1    10.8    11.0    12.2     3.92 C    17.7     4.4    11.0    95.5    72.6    89.6   0.518   0.519   0.540 -99.000 -99.000     9.2     8.7     8.5     8.3     7.4
13301 20160313  2.422  -93.15   39.87    14.9    10.4    12.7    12.4     0.0     4.68 C    19.3     8.0    12.6    96.4    83.4    92.4   0.531   0.524   0.543 -99.000 -99.000     9.9     9.2     8.9     8.4     7.6
13301 20160314  2.422  -93.15   39.87    20.8     7.3    14.1    13.9     0.0    13.96 C    28.0     5.0    13.4    98.9    60.5    83.4   0.532   0.523   0.542 -99.000 -99.000    10.4     9.6     9.2     8.7     7.7
13301 20160315  2.422  -93.15   39.87    21.0     7.5    14.3    14.0     3.7    12.49 C    32.7     5.6    13.8    91.1    53.0    76.2   0.533   0.524   0.544 -99.000 -99.000    11.1    10.3     9.8     9.0     7.9
13301 20160316  2.422  -93.15   39.87    16.0     4.8    10.4     9.8     0.0    18.75 C    23.1    -0.8     8.4    80.6    27.7    55.1   0.533   0.526   0.545 -99.000 -99.000    10.2     9.9     9.8     9.3     8.1
13301 20160317  2.422  -93.15   39.87    15.8     2.4     9.1     9.3     0.0    19.80 C    26.4    -4.4     7.8    71.9    19.5    44.7   0.516   0.521   0.544 -99.000 -99.000     9.2     9.1     9.2     9.3     8.3
13301 20160318  2.422  -93.15   39.87     8.1    -0.3     3.9     4.4     0.0     7.72 C    12.3    -4.4     3.9    75.3    45.1    55.2   0.487   0.511   0.542 -99.000 -99.000     8.4     8.5     8.8     9.2     8.4
13301 20160319  2.422  -93.15   39.87     5.3    -2.1     1.6     1.1     0.0     9.65 C    16.6    -7.1     0.6    91.2    43.8    68.1   0.460   0.493   0.541 -99.000 -99.000     6.9     7.3     7.9     9.0     8.5
13301 20160320  2.422  -93.15   39.87     8.4    -1.3     3.5     3.1     0.0     9.82 C    24.1    -7.0     2.5    91.8    42.9    68.1   0.447   0.479   0.534 -99.000 -99.000     6.3     6.6     7.2     8.6     8.5
13301 20160321  2.422  -93.15   39.87    15.6    -2.8     6.4     7.3     0.0    21.28 C    22.3    -8.0     6.5    82.7    31.2    53.3   0.436   0.472   0.516 -99.000 -99.000     6.1     6.2     6.7     8.3     8.5
13301 20160322  2.422  -93.15   39.87    19.7     8.1    13.9    14.0     0.0    15.59 C    24.2     5.0    12.2    61.2    37.4    48.1   0.428   0.463   0.501 -99.000 -99.000     7.7     7.2     7.2     8.1     8.4
13301 20160323  2.422  -93.15   39.87    21.0    12.7    16.9    16.3     8.3     8.90 C    25.8     7.6    15.0    86.5    51.6    61.9   0.437   0.459   0.497 -99.000 -99.000     9.1     8.4     8.0     8.3     8.4
13301 20160324  2.422  -93.15   39.87    15.2     0.9     8.1     5.2     1.7     4.23 C    12.2     1.8     5.0    92.8    60.7    79.2   0.504   0.509   0.536 -99.000 -99.000     9.0     8.8     8.7     8.6     8.4
13301 20160325  2.422  -93.15   39.87    12.3     0.9     6.6     5.9     0.0    19.35 C    22.4    -1.5     7.2    79.8    40.7    63.6   0.485   0.506   0.537 -99.000 -99.000     8.1     7.9     8.1     8.8     8.4
13301 20160326  2.422  -93.15   39.87    14.1     4.6     9.4     8.3     0.6     6.52 C    19.9     0.0     7.5    87.0    51.9    71.2   0.463   0.493   0.539 -99.000 -99.000     8.1     7.9     8.1     8.7     8.5
13301 20160327  2.422  -93.15   39.87     8.6     1.9     5.2     4.6    13.8     4.98 C    14.4    -4.2     3.6    93.7    57.8    80.1   0.505   0.503   0.541 -99.000 -99.000     7.7     7.7     8.0     8.7     8.5
13301 20160328  2.422  -93.15   39.87    16.6    -2.1     7.2     7.9     0.0    22.52 C    27.7    -6.8     7.2    87.3    34.8    56.4   0.528   0.516   0.541 -99.000 -99.000     7.2     7.2     7.5     8.6     8.5
13301 20160329  2.422  -93.15   39.87    17.9     6.0    11.9    12.1     0.0    19.98 C    27.1     0.5    11.4    62.0    29.8    46.2   0.518   0.518   0.543 -99.000 -99.000     8.2     7.8     7.8     8.5     8.5
13301 20160330  2.422  -93.15   39.87    22.7    10.3    16.5    15.6     0.0     8.01 C    26.1     7.0    15.0    87.9    47.6    63.3   0.498   0.514   0.542 -99.000 -99.000     9.2     8.6     8.4     8.6     8.5
13301 20160331  2.422  -93.15   39.87    15.7     5.2    10.4    11.9     0.0     9.90 C    23.9     2.0    11.6    94.1    48.2    73.9   0.483   0.505   0.542 -99.000 -99.000    10.4     9.7     9.3     8.9     8.6
13301 20160401  2.422  -93.15   39.87    10.7     1.2     5.9     5.6     0.8     8.23 C    22.4    -2.4     5.1    78.9    53.5    69.2   0.463   0.487   0.539 -99.000 -99.000     9.2     9.1     9.2     9.2     8.6
13301 20160402  2.422  -93.15   39.87    13.2     0.0     6.6     6.7     0.0    23.66 C    20.9    -3.1     5.5    79.5    29.0    51.4   0.449   0.477   0.522 -99.000 -99.000     8.2     8.2     8.5     9.2     8.7
13301 20160403  2.422  -93.15   39.87    25.6     0.8    13.2    15.2     0.0    23.37 C    30.1    -3.3    13.5    73.9    18.0    41.6   0.436   0.460   0.496 -99.000 -99.000     8.6     8.2     8.3     9.1     8.8
13301 20160404  2.422  -93.15   39.87    16.7     4.0    10.4    11.1     0.0    23.86 C    26.9    -1.0    11.4    63.1    31.1    46.6   0.426   0.446   0.477 -99.000 -99.000     9.9     9.3     9.1     9.1     8.9
13301 20160405  2.422  -93.15   39.87    16.9     2.3     9.6     9.8     0.0    17.76 C    22.6     0.3    10.2    74.9    38.8    54.6   0.417   0.438   0.468 -99.000 -99.000     9.2     9.0     9.1     9.3     8.9
13301 20160406  2.422  -93.15   39.87    17.0     4.7    10.9    10.6     9.6    10.67 C    17.8     1.9     9.8    92.5    47.8    67.5   0.461   0.471   0.515 -99.000 -99.000     9.8     9.4     9.3     9.4     9.0
13301 20160407  2.422  -93.15   39.87    12.9     2.2     7.6     7.6     2.5    16.86 C    23.0    -0.3     7.8    82.8    41.9    62.4   0.456   0.478   0.529 -99.000 -99.000     9.2     9.0     9.1     9.5     9.0
13301 20160408  2.422  -93.15   39.87    13.3    -1.0     6.1     6.4     0.0    22.60 C    21.6    -4.9     6.7    69.3    28.6    45.4   0.446   0.471   0.517 -99.000 -99.000     8.7     8.6     8.8     9.5     9.1
13301 20160409  2.422  -93.15   39.87    10.9    -4.8     3.1     4.5     0.0    23.01 C    22.4    -9.3     6.2    78.9    26.4    42.6   0.431   0.454   0.490 -99.000 -99.000     8.0     8.0     8.4     9.3     9.1
13301 20160410  2.422  -93.15   39.87    15.6     7.8    11.7    11.8    12.4     3.82 C    17.9     5.3    11.0    89.9    38.6    73.1   0.488   0.487   0.517 -99.000 -99.000     8.7     8.4     8.4     9.2     9.1
13301 20160411  2.422  -93.15   39.87    13.0     2.7     7.9     8.8     0.0    22.33 C    22.3    -3.1     8.6    76.4    24.0    45.5   0.501   0.505   0.534 -99.000 -99.000     9.3     9.0     8.9     9.3     9.1
13301 20160412  2.422  -93.15   39.87    14.3    -1.3     6.5     7.1     0.0    25.40 C    28.2    -6.9     7.9    66.5    26.0    44.0   0.468   0.489   0.534 -99.000 -99.000     8.8     8.6     8.7     9.3     9.1
13301 20160413  2.422  -93.15   39.87    20.2     3.0    11.6    12.0     0.0    25.17 C    30.4    -1.8    12.0    72.3    27.4    48.1   0.450   0.473   0.514 -99.000 -99.000     9.6     9.1     9.0     9.3     9.2
13301 20160414  2.422  -93.15   39.87    21.3     5.8    13.5    14.3     0.0    25.38 C    32.0     0.3    14.2    74.8    28.6    47.3   0.437   0.455   0.489 -99.000 -99.000    10.6     9.9     9.6     9.5     9.2
13301 20160415  2.422  -93.15   39.87    24.4    10.0    17.2    17.6     0.0    15.76 C    33.0     6.6    16.9    66.3    46.5    57.0   0.427   0.444   0.475 -99.000 -99.000    11.5    10.7    10.3     9.8     9.2
13301 20160416  2.422  -93.15   39.87    24.7    13.4    19.0    19.0     0.0    21.40 C    33.4     9.8    18.5    79.5    41.1    59.5   0.418   0.439   0.468 -99.000 -99.000    12.8    11.7    11.1    10.2     9.3
13301 20160417  2.422  -93.15   39.87    26.0    13.6    19.8    19.5     0.0    18.01 C    34.3    10.1    18.4    79.0    42.3    60.0   0.407   0.435   0.463 -99.000 -99.000    13.5    12.5    11.8    10.7     9.5
13301 20160418  2.422  -93.15   39.87    23.1    15.6    19.3    17.7     3.9     9.25 C    29.8    11.7    17.1    95.9    49.0    73.8   0.398   0.433   0.462 -99.000 -99.000    13.8    12.9    12.4    11.1     9.7
13301 20160419  2.422  -93.15   39.87    21.0    13.4    17.2    16.5     0.5    16.98 C    31.4    11.8    18.0    96.5    63.6    81.3   0.399   0.431   0.460 -99.000 -99.000    14.4    13.4    12.8    11.5     9.9
13301 20160420  2.422  -93.15   39.87    19.4    10.3    14.9    15.4     1.5    11.00 C    25.9     5.4    14.2    93.2    52.0    78.1   0.398   0.429   0.461 -99.000 -99.000    14.4    13.7    13.2    11.9    10.2
13301 20160421  2.422  -93.15   39.87 -9999.0 -9999.0 -9999.0 -9999.0 -9999.0 -9999.00 U -9999.0 -9999.0 -9999.0 -9999.0 -9999.0 -9999.0 -99.000 -99.000 -99.000 -99.000 -99.000 -9999.0 -9999.0 -9999.0 -9999.0 -9999.0
13301 20160422  2.422  -93.15   39.87    16.1     9.4    12.7    12.8     0.0     8.30 C    20.4     4.3    12.2    93.1    71.0    83.5   0.393   0.424   0.454 -99.000 -99.000    12.9    12.6    12.5    12.1    10.6
13301 20160423  2.422  -93.15   39.87    23.4     5.8    14.6    15.9     0.0    25.52 C    32.3     1.7    15.7    98.1    43.9    69.2   0.383   0.420   0.451 -99.000 -99.000    13.3    12.6    12.4    12.1    10.7
13301 20160424  2.422  -93.15   39.87    26.4    13.3    19.8    19.9     0.7    24.84 C    31.2    10.0    19.0    76.1    37.5    56.8   0.361   0.417   0.449 -99.000 -99.000    14.5    13.6    13.1    12.2    10.8
13301 20160425  2.422  -93.15   39.87    25.0    14.3    19.7    19.7     0.2    18.22 C    30.0    11.8    18.9    89.1    56.3    74.0   0.337   0.412   0.447 -99.000 -99.000    15.2    14.2    13.7    12.5    10.9
13301 20160426  2.422  -93.15   39.87    21.1    12.5    16.8    16.7    11.4     8.47 C    24.8    11.4    15.7    95.6    62.4    79.8   0.375   0.421   0.452 -99.000 -99.000    14.9    14.3    13.9    12.8    11.0
13301 20160427  2.422  -93.15   39.87    22.0     7.9    14.9    14.6    10.9    11.98 C    27.6     3.4    14.3    94.3    60.0    81.4   0.411   0.432   0.464 -99.000 -99.000    14.8    14.2    13.9    13.0    11.2
13301 20160428  2.422  -93.15   39.87    14.0     7.8    10.9    11.1     0.0    11.05 C    20.2     3.2    11.3    94.4    67.6    77.7   0.443   0.452   0.498 -99.000 -99.000    13.9    13.5    13.5    13.1    11.4
13301 20160429  2.422  -93.15   39.87    13.0     7.6    10.3    10.4     1.7     6.74 C    16.1     5.3    10.6    90.4    72.5    81.7   0.432   0.446   0.488 -99.000 -99.000    13.3    13.1    13.2    13.0    11.5
13301 20160430  2.422  -93.15   39.87    20.0    10.1    15.0    13.8     6.0    12.30 C    29.7     7.0    14.1    94.9    58.6    86.7   0.464   0.461   0.503 -99.000 -99.000    13.3    12.9    12.9    12.9    11.6
13301 20160501  2.422  -93.15   39.87    13.9     8.5    11.2    10.8     1.7     7.96 C    22.3     7.4    11.8    95.9    78.2    88.6   0.460   0.470   0.517 -99.000 -99.000    13.6    13.2    13.1    12.9    11.6
13301 20160502  2.422  -93.15   39.87    14.7     5.8    10.2    10.4     0.0     8.36 C    19.9     0.8    10.1    95.7    55.8    80.8   0.453   0.467   0.511 -99.000 -99.000    13.1    12.9    12.9    12.9    11.7
13301 20160503  2.422  -93.15   39.87    19.8     2.5    11.1    12.4     0.0    24.57 C    29.2    -0.1    12.4    97.6    36.4    66.4   0.439   0.452   0.490 -99.000 -99.000    12.9    12.5    12.6    12.8    11.7
13301 20160504  2.422  -93.15   39.87    18.9     9.7    14.3    14.6     0.0    27.71 C    27.7     2.1    14.1    67.8    29.8    49.0   0.423   0.441   0.474 -99.000 -99.000    13.6    13.1    12.9    12.7    11.7
13301 20160505  2.422  -93.15   39.87    20.1     5.6    12.8    13.5     0.0    26.27 C    29.3     0.8    12.8    78.8    26.3    49.6   0.400   0.432   0.466 -99.000 -99.000    13.5    13.0    12.9    12.8    11.7
13301 20160506  2.422  -93.15   39.87    26.6     7.7    17.1    18.1     0.0    27.10 C    32.4     2.4    16.1    73.2    31.0    50.3   0.371   0.425   0.462 -99.000 -99.000    14.1    13.4    13.1    12.9    11.7
13301 20160507  2.422  -93.15   39.87    26.0    12.5    19.2    19.0     0.6    21.94 C    32.1     7.1    17.8    84.2    45.4    65.2   0.341   0.419   0.457 -99.000 -99.000    15.1    14.2    13.7    13.0    11.8
13301 20160508  2.422  -93.15   39.87    21.1    12.0    16.5    16.6    15.5    10.34 C    26.0     7.9    16.2    94.3    63.3    78.0   0.354   0.417   0.453 -99.000 -99.000    15.3    14.6    14.2    13.3    11.9
13301 20160509  2.422  -93.15   39.87    19.7    15.3    17.5    17.3     6.6     5.37 C    20.7    14.8    16.9    95.3    81.3    90.3   0.456   0.443   0.475 -99.000 -99.000    15.4    14.7    14.4    13.6    12.0
13301 20160510  2.422  -93.15   39.87    24.8    14.7    19.7    19.1    12.0    22.98 C    58.9    12.3    20.6    95.8    51.8    78.7   0.517   0.511   0.534 -99.000 -99.000    16.6    15.3    14.8    13.8    12.1
13301 20160511  2.422  -93.15   39.87    25.1    15.0    20.0    18.5     8.4    11.07 C    32.9    11.7    18.3    93.6    65.5    84.5   0.509   0.511   0.540 -99.000 -99.000    16.9    15.8    15.3    14.2    12.3
13301 20160512  2.422  -93.15   39.87    19.6    10.4    15.0    15.5     0.0    26.53 C    27.0     3.0    15.1    93.7    36.4    62.0   0.504   0.508   0.540 -99.000 -99.000    17.0    15.9    15.6    14.4    12.5
13301 20160513  2.422  -93.15   39.87    25.2     5.8    15.5    13.6     0.3    19.82 C    30.5     2.0    13.1    95.5    42.3    68.9   0.469   0.483   0.532 -99.000 -99.000    15.8    15.2    15.1    14.6    12.7
13301 20160514  2.422  -93.15   39.87    14.6     4.2     9.4     9.2     0.0    28.01 C    24.7    -0.6    10.5    82.2    35.8    51.4   0.443   0.462   0.501 -99.000 -99.000    15.1    14.6    14.6    14.5    12.8
13301 20160515  2.422  -93.15   39.87    18.6     3.3    11.0    11.8     0.0    24.52 C    30.2    -1.5    12.7    84.2    34.0    56.8   0.422   0.445   0.478 -99.000 -99.000    14.3    13.9    14.0    14.3    12.9
13301 20160516  2.422  -93.15   39.87    12.6     9.3    11.0    11.1    12.3     5.35 C    15.3     8.3    11.3    94.0    59.3    86.3   0.441   0.451   0.485 -99.000 -99.000    14.3    13.9    14.0    14.1    12.9
13301 20160517  2.422  -93.15   39.87 -9999.0 -9999.0 -9999.0 -9999.0     0.0 -9999.00 U -9999.0 -9999.0 -9999.0 -9999.0 -9999.0 -9999.0   0.472   0.481   0.529 -99.000 -99.000    14.2    13.7    13.8    14.0    12.9
13301 20160518  2.422  -93.15   39.87 -9999.0 -9999.0 -9999.0 -9999.0     0.0 -9999.00 U -9999.0 -9999.0 -9999.0 -9999.0 -9999.0 -9999.0   0.458   0.472   0.512 -99.000 -99.000    14.3    13.8    13.8    14.0    12.9
13301 20160519  2.422  -93.15   39.87    20.1     5.8    12.9    14.3     0.0    25.39 C    33.6     1.7    16.3    90.3    31.9    61.7   0.446   0.457   0.493 -99.000 -99.000    14.7    14.0    14.0    13.9    12.9
13301 20160520  2.422  -93.15   39.87    14.7     9.2    12.0    13.2     1.7     5.93 C    16.3     4.9    12.6    94.1    67.4    81.3   0.440   0.449   0.483 -99.000 -99.000    14.9    14.4    14.4    14.1    12.9
13301 20160521  2.422  -93.15   39.87    21.8     6.7    14.2    15.0     0.0    19.79 C    36.0     3.2    15.4    96.1    36.4    70.0   0.433   0.446   0.477 -99.000 -99.000    14.9    14.3    14.2    14.2    12.9
13301 20160522  2.422  -93.15   39.87    25.8     7.6    16.7    18.1     0.0    28.46 C    36.4     4.0    18.9    90.1    33.4    58.4   0.416   0.441   0.472 -99.000 -99.000    15.7    14.9    14.6    14.2    13.0
13301 20160523  2.422  -93.15   39.87    26.4    14.1    20.3    20.7     0.0    20.17 C    33.8    10.2    20.2    78.6    41.2    60.0   0.388   0.437   0.469 -99.000 -99.000    16.6    15.7    15.3    14.4    13.0
13301 20160524  2.422  -93.15   39.87    24.5    14.7    19.6    20.0     0.0    14.49 C    31.6    11.3    20.2    95.7    65.3    80.9   0.370   0.432   0.467 -99.000 -99.000    17.2    16.2    15.8    14.8    13.1
13301 20160525  2.422  -93.15   39.87    28.3    16.8    22.6    22.2     0.0    21.18 C    37.1    15.4    23.5    93.1    46.4    71.6   0.353   0.427   0.462 -99.000 -99.000    18.3    17.0    16.4    15.1    13.3
13301 20160526  2.422  -93.15   39.87    25.4    16.2    20.8    21.1    12.3     7.75 C    34.8    15.6    20.3    95.0    47.1    71.5   0.348   0.421   0.460 -99.000 -99.000    18.6    17.6    17.1    15.5    13.4
13301 20160527  2.422  -93.15   39.87    27.2    15.2    21.2    20.9    10.3    21.93 C    37.3    13.9    22.6    96.7    58.3    83.1   0.445   0.433   0.461 -99.000 -99.000    19.0    17.7    17.2    15.8    13.6
13301 20160528  2.422  -93.15   39.87    24.7    15.4    20.0    19.8     7.5    19.69 C    31.9    12.6    19.9    95.5    52.7    76.9   0.508   0.508   0.532 -99.000 -99.000    19.4    18.4    17.9    16.2    13.8
13301 20160529  2.422  -93.15   39.87    28.3    14.8    21.6    21.9     0.0    26.58 C    37.4    10.9    22.6    92.8    43.3    69.8   0.473   0.487   0.533 -99.000 -99.000    19.6    18.4    17.9    16.5    14.0
13301 20160530  2.422  -93.15   39.87    29.0    16.5    22.7    21.9     0.0    22.00 C    37.9    13.4    22.6    91.0    46.0    73.6   0.447   0.462   0.502 -99.000 -99.000    20.4    19.2    18.5    16.8    14.2
13301 20160531  2.422  -93.15   39.87    26.2    15.2    20.7    20.9     0.8    17.76 C    35.0    13.1    21.4    95.4    59.2    79.1   0.429   0.451   0.485 -99.000 -99.000    20.3    19.3    18.8    17.1    14.4
13301 20160601  2.422  -93.15   39.87    26.9    14.9    20.9    21.2     0.0    26.47 C    37.0    10.4    22.0    96.7    36.2    66.8   0.407   0.444   0.478 -99.000 -99.000    20.7    19.6    19.0    17.4    14.7
13301 20160602  2.422  -93.15   39.87    27.5    11.9    19.7    20.9     0.0    28.09 C    40.0     8.9    22.3    92.7    37.4    62.5   0.380   0.437   0.471 -99.000 -99.000    20.5    19.6    19.2    17.6    14.8
13301 20160603  2.422  -93.15   39.87    27.3    13.6    20.5    21.3     0.0    24.21 C    38.2    10.5    22.3    93.3    45.5    70.8   0.349   0.428   0.466 -99.000 -99.000    20.6    19.7    19.3    17.8    15.0
13301 20160604  2.422  -93.15   39.87    25.8    16.7    21.2    20.8    32.7    23.90 C    37.7    14.3    22.3    95.9    50.8    72.4   0.480   0.475   0.515 -99.000 -99.000    20.8    19.9    19.5    18.0    15.2
13301 20160605  2.422  -93.15   39.87    26.4    14.7    20.6    20.6     0.0    28.92 C    36.3    13.3    21.9    86.9    39.7    62.3   0.500   0.506   0.541 -99.000 -99.000    20.9    19.9    19.6    18.2    15.4
13301 20160606  2.422  -93.15   39.87    28.7    15.7    22.2    22.4     0.0    26.03 C    36.7    10.7    22.1    73.2    33.0    50.3   0.460   0.476   0.524 -99.000 -99.000    21.1    20.1    19.7    18.3    15.5
13301 20160607  2.422  -93.15   39.87    24.4    11.6    18.0    18.8     0.0    29.81 C    35.5     9.1    20.3    86.0    38.0    58.5   0.431   0.457   0.492 -99.000 -99.000    20.7    19.9    19.6    18.4    15.7
13301 20160608  2.422  -93.15   39.87    28.4    12.9    20.6    21.3     0.0    26.84 C    36.7    10.6    22.1    91.3    37.8    62.0   0.399   0.447   0.479 -99.000 -99.000    20.7    19.9    19.6    18.4    15.9
13301 20160609  2.422  -93.15   39.87    32.5    17.7    25.1    25.6     0.0    28.53 C    37.8    15.4    25.4    84.8    36.5    59.5   0.356   0.436   0.471 -99.000 -99.000    21.7    20.5    20.0    18.5    16.0
13301 20160610  2.422  -93.15   39.87    32.0    19.9    26.0    26.2     0.0    27.65 C    39.4    17.0    26.3    85.9    42.3    63.8   0.313   0.420   0.462 -99.000 -99.000    22.4    21.1    20.5    18.8    16.1
13301 20160611  2.422  -93.15   39.87    32.7    20.1    26.4    26.6     0.0    24.16 C    41.8    17.4    26.9    85.5    48.3    67.3   0.281   0.398   0.453 -99.000 -99.000    23.0    21.6    21.0    19.1    16.2
13301 20160612  2.422  -93.15   39.87    32.9    21.3    27.1    27.3     0.0    26.38 C    42.7    18.4    27.9    90.9    39.4    65.1   0.259   0.372   0.441 -99.000 -99.000    23.8    22.3    21.6    19.5    16.4
13301 20160613  2.422  -93.15   39.87    31.3    19.4    25.4    25.9     0.0    26.80 C    41.6    17.0    27.8    95.4    47.5    71.7   0.241   0.342   0.425 -99.000 -99.000    24.1    22.7    22.0    19.8    16.6
13301 20160614  2.422  -93.15   39.87    32.0    21.9    27.0    27.0     0.0    23.40 C    40.5    19.8    27.9    90.5    52.1    71.9   0.229   0.318   0.407 -99.000 -99.000    24.3    23.0    22.3    20.2    16.9
13301 20160615  2.422  -93.15   39.87    35.7    22.7    29.2    28.9     0.0    28.91 C    45.1    18.3    29.2    87.7    23.7    57.0   0.219   0.293   0.386 -99.000 -99.000    24.9    23.3    22.6    20.5    17.1
13301 20160616  2.422  -93.15   39.87    34.2    19.6    26.9    27.8     0.0    26.25 C    45.2    17.7    29.0    85.1    37.3    60.2   0.209   0.272   0.368 -99.000 -99.000    25.0    23.5    22.8    20.7    17.3
13301 20160617  2.422  -93.15   39.87    31.1    20.5    25.8    25.5     0.0    28.45 C    42.8    18.6    27.8    85.5    45.6    65.5   0.202   0.255   0.347 -99.000 -99.000    25.1    23.8    23.1    21.0    17.5
13301 20160618  2.422  -93.15   39.87    31.1    18.9    25.0    24.5     0.0    27.00 C    43.4    14.8    26.2    84.5    30.8    58.6   0.195   0.239   0.326 -99.000 -99.000    24.7    23.6    23.0    21.2    17.7
13301 20160619  2.422  -93.15   39.87    31.8    17.2    24.5    25.3     0.0    26.96 C    44.0    14.0    26.5    77.1    42.5    57.5   0.190   0.225   0.306 -99.000 -99.000    24.2    23.1    22.8    21.2    17.9
13301 20160620  2.422  -93.15   39.87    34.0    21.3    27.6    26.0    38.7    22.35 C    45.9    19.0    28.4    95.0    50.6    75.7   0.257   0.274   0.329 -99.000 -99.000    24.7    23.4    22.9    21.3    18.1
13301 20160621  2.422  -93.15   39.87    29.9    20.1    25.0    25.2    35.0    21.69 C    37.5    19.8    26.9    96.0    65.3    82.8   0.488   0.477   0.512 -99.000 -99.000    24.9    23.7    23.2    21.4    18.2
13301 20160622  2.422  -93.15   39.87    33.9    22.3    28.1    28.7     0.0    26.78 C    38.9    20.9    28.7    85.0    51.0    66.3   0.440   0.459   0.516 -99.000 -99.000    25.7    24.3    23.6    21.6    18.3
13301 20160623  2.422  -93.15   39.87    28.7    19.0    23.8    25.1     0.0    26.99 C    39.5    17.0    26.6    90.8    42.6    66.0   0.416   0.431   0.480 -99.000 -99.000    25.9    24.6    24.0    21.9    18.5
13301 20160624  2.422  -93.15   39.87    30.2    16.9    23.5    24.2     0.0    26.59 C    40.2    15.3    26.7    91.4    59.3    74.6   0.389   0.416   0.465 -99.000 -99.000    25.3    24.2    23.8    22.1    18.6
13301 20160625  2.422  -93.15   39.87    32.2    23.2    27.7    27.6     0.0    24.97 C    40.2    22.0    28.5    88.7    52.0    70.3   0.351   0.400   0.454 -99.000 -99.000    25.9    24.6    24.1    22.1    18.8
13301 20160626  2.422  -93.15   39.87    27.6    20.1    23.9    24.7     0.0    10.39 C    36.5    17.8    24.8    98.8    66.4    82.1   0.323   0.385   0.446 -99.000 -99.000    25.4    24.4    24.1    22.3    19.0
13301 20160627  2.422  -93.15   39.87    31.4    17.1    24.2    24.8     0.0    27.50 C    41.6    15.3    26.9   100.0    39.9    74.1   0.304   0.371   0.439 -99.000 -99.000    25.3    24.2    23.8    22.3    19.1
13301 20160628  2.422  -93.15   39.87    28.1    18.5    23.3    23.1     0.0    26.14 C    40.1    16.8    25.0    85.7    42.8    66.4   0.279   0.349   0.429 -99.000 -99.000    25.4    24.4    24.0    22.4    19.2
13301 20160629  2.422  -93.15   39.87    26.2    16.2    21.2    21.1     0.3    17.29 C    34.5    15.0    22.4    86.0    61.3    75.2   0.261   0.330   0.419 -99.000 -99.000    24.3    23.6    23.6    22.4    19.3
13301 20160630  2.422  -93.15   39.87    28.1    18.0    23.1    21.9    20.5    21.04 C    39.3    17.5    24.1    93.8    66.8    82.1   0.355   0.348   0.421 -99.000 -99.000    24.2    23.4    23.3    22.3    19.4
13301 20160701  2.422  -93.15   39.87    25.7    15.7    20.7    21.0     0.0    28.63 C    35.8    14.7    22.8    93.9    43.1    68.1   0.382   0.377   0.433 -99.000 -99.000    24.3    23.4    23.2    22.2    19.4
13301 20160702  2.422  -93.15   39.87    18.9    14.6    16.8    17.4    15.9     4.63 C    21.1    14.9    17.7    94.2    70.2    84.2   0.390   0.368   0.430 -99.000 -99.000    22.9    22.7    22.9    22.2    19.4
13301 20160703  2.422  -93.15   39.87    17.6    14.0    15.8    15.9    12.1     5.75 C    19.8    14.2    16.7    95.7    88.1    92.3   0.490   0.503   0.534 -99.000 -99.000    21.0    21.0    21.5    21.8    19.5
13301 20160704  2.422  -93.15   39.87    24.4    16.7    20.5    20.1     0.0    12.61 C    31.5    16.6    21.4   100.0    75.6    89.9   0.453   0.467   0.536 -99.000 -99.000    21.8    21.0    21.1    21.3    19.4
13301 20160705  2.422  -93.15   39.87    32.5    18.5    25.5    26.1     0.0    21.98 C    37.7    16.6    26.8    96.9    70.7    84.1   0.428   0.436   0.504 -99.000 -99.000    23.2    22.0    21.6    21.1    19.3
13301 20160706  2.422  -93.15   39.87    27.2    20.2    23.7    24.5    18.1    15.68 C    31.7    20.0    24.8    95.2    71.6    86.8   0.487   0.471   0.516 -99.000 -99.000    24.1    23.0    22.6    21.3    19.3
13301 20160707  2.422  -93.15   39.87    28.5    18.9    23.7    23.6     3.8    20.99 C    34.4    18.7    25.0    95.9    68.3    84.9   0.512   0.501   0.541 -99.000 -99.000    24.2    23.0    22.7    21.5    19.3
13301 20160708  2.422  -93.15   39.87    29.7    20.7    25.2    25.2     0.0    28.51 C    35.2    18.9    26.0    96.5    44.6    72.7   0.467   0.471   0.531 -99.000 -99.000    25.1    23.7    23.2    21.8    19.3
13301 20160709  2.422  -93.15   39.87    29.1    17.9    23.5    24.0     0.0    27.12 C    35.4    16.6    25.0    91.8    58.6    73.7   0.430   0.438   0.498 -99.000 -99.000    25.2    24.0    23.6    22.0    19.4
13301 20160710  2.422  -93.15   39.87    31.1    20.6    25.8    26.3     0.0    25.42 C    37.2    19.9    26.9    90.1    61.2    76.9   0.402   0.420   0.476 -99.000 -99.000    25.6    24.4    23.9    22.3    19.5
13301 20160711  2.422  -93.15   39.87    31.5    22.4    27.0    27.1     0.0    27.88 C    35.6    21.3    27.5    89.1    58.6    73.7   0.364   0.408   0.466 -99.000 -99.000    25.7    24.6    24.2    22.5    19.6
13301 20160712  2.422  -93.15   39.87    29.1    18.9    24.0    24.1    17.4    21.90 C    35.6    18.9    25.6    94.6    65.2    81.4   0.426   0.440   0.503 -99.000 -99.000    25.2    24.3    24.1    22.6    19.7
13301 20160713  2.422  -93.15   39.87    27.8    20.8    24.3    24.0     8.4    14.79 C    32.0    19.7    24.5    96.3    71.4    84.6   0.470   0.464   0.525 -99.000 -99.000    25.2    24.4    24.2    22.7    19.9
13301 20160714  2.422  -93.15   39.87    29.1    19.1    24.1    24.5     0.0    20.93 C    33.9    18.2    25.1   100.0    54.6    83.4   0.446   0.452   0.515 -99.000 -99.000    25.1    24.2    23.9    22.8    20.0
13301 20160715  2.422  -93.15   39.87    27.3    17.5    22.4    22.1     0.0    25.75 C    36.0    16.8    24.0   100.0    50.8    76.8   0.424   0.434   0.491 -99.000 -99.000    25.1    24.2    24.0    22.8    20.1
13301 20160716  2.422  -93.15   39.87    28.7    17.8    23.3    23.6     0.0    25.52 C    36.5    17.2    25.3    89.7    59.6    76.4   0.394   0.423   0.477 -99.000 -99.000    25.0    24.2    24.0    22.9    20.2
13301 20160717  2.422  -93.15   39.87    32.5    22.9    27.7    27.3     0.0    22.18 C    37.0    22.0    27.7    91.9    61.6    78.7   0.356   0.411   0.471 -99.000 -99.000    25.6    24.6    24.2    22.9    20.2
13301 20160718  2.422  -93.15   39.87    28.3    22.7    25.5    25.0     0.0    10.79 C    34.9    21.1    25.0    87.9    67.9    77.8   0.330   0.400   0.466 -99.000 -99.000    25.6    24.7    24.4    23.1    20.4
13301 20160719  2.422  -93.15   39.87    32.5    21.2    26.8    25.1    19.9    19.30 C    37.1    20.4    26.1    95.0    60.8    82.9   0.363   0.412   0.484 -99.000 -99.000    25.4    24.6    24.3    23.1    20.4
13301 20160720  2.422  -93.15   39.87    33.1    21.6    27.3    27.5     0.0    26.14 C    37.7    21.2    28.5    94.6    62.0    80.6   0.411   0.433   0.510 -99.000 -99.000    25.9    24.8    24.5    23.1    20.5
13301 20160721  2.422  -93.15   39.87    33.2    24.4    28.8    28.9     0.0    26.72 C    37.7    23.5    29.6    93.4    61.1    77.3   0.363   0.417   0.489 -99.000 -99.000    26.8    25.6    25.0    23.4    20.6
13301 20160722  2.422  -93.15   39.87    31.0    22.5    26.8    26.6     0.0    15.99 C    35.2    22.5    27.2    90.3    64.9    79.5   0.329   0.402   0.477 -99.000 -99.000    26.2    25.4    25.1    23.6    20.7
13301 20160723  2.422  -93.15   39.87    33.5    23.2    28.3    28.7     0.0    23.69 C    38.2    22.0    29.5    96.6    58.3    78.3   0.299   0.382   0.468 -99.000 -99.000    26.6    25.5    25.1    23.7    20.8
13301 20160724  2.422  -93.15   39.87    33.2    24.1    28.6    28.0     0.0    17.42 C    39.1    22.8    28.6    87.9    61.0    76.6   0.276   0.357   0.460 -99.000 -99.000    26.9    25.9    25.4    23.8    20.9
13301 20160725  2.422  -93.15   39.87    29.2    20.3    24.8    24.5     0.0    22.82 C    37.2    17.7    25.8    94.0    49.8    73.9   0.263   0.337   0.449 -99.000 -99.000    26.4    25.6    25.3    24.0    21.0
13301 20160726  2.422  -93.15   39.87    29.3    17.7    23.5    23.8     0.0    26.54 C    37.4    15.8    25.5    95.3    52.3    75.5   0.247   0.314   0.434 -99.000 -99.000    25.8    25.1    24.9    24.0    21.1
13301 20160727  2.422  -93.15   39.87    30.8    18.1    24.5    24.8     0.0    23.16 C    39.2    16.3    26.2    93.2    54.1    76.7   0.234   0.294   0.416 -99.000 -99.000    25.7    25.0    24.8    23.8    21.2
13301 20160728  2.422  -93.15   39.87    30.0    19.9    24.9    24.4     0.0    25.42 C    35.5    17.6    25.4    95.8    50.0    74.6   0.226   0.275   0.397 -99.000 -99.000    25.8    25.0    24.8    23.8    21.2
13301 20160729  2.422  -93.15   39.87    27.0    17.4    22.2    22.1     0.0    25.49 C    33.5    15.9    23.7    94.7    49.9    74.9   0.218   0.258   0.377 -99.000 -99.000    25.3    24.6    24.6    23.8    21.2
13301 20160730  2.422  -93.15   39.87    27.1    15.1    21.1    21.4     0.0    20.24 C    36.6    14.5    22.7    97.0    56.1    79.3   0.211   0.245   0.357 -99.000 -99.000    24.6    24.2    24.2    23.7    21.3
13301 20160731  2.422  -93.15   39.87    28.9    17.4    23.1    22.9     0.0    15.88 C    34.7    15.9    23.5    94.9    65.4    81.9   0.208   0.237   0.343 -99.000 -99.000    24.3    23.8    23.9    23.5    21.3
13301 20160801  2.422  -93.15   39.87    23.3    19.8    21.5    21.3    16.4     5.26 C    25.2    19.6    21.4    95.4    79.7    90.7   0.348   0.295   0.334 -99.000 -99.000    23.8    23.5    23.6    23.4    21.2
13301 20160802  2.422  -93.15   39.87    29.2    21.3    25.2    24.2     2.0    16.38 C    35.6    20.3    25.1    94.0    65.9    83.4   0.360   0.306   0.331 -99.000 -99.000    24.3    23.5    23.4    23.2    21.2
13301 20160803  2.422  -93.15   39.87    30.6    20.5    25.6    25.5     0.0    25.23 C    38.0    20.0    27.3    95.9    62.1    81.2   0.330   0.296   0.327 -99.000 -99.000    25.3    24.3    23.9    23.2    21.2
13301 20160804  2.422  -93.15   39.87    33.3    22.7    28.0    27.8     0.0    25.23 C    38.4    22.1    28.7    93.7    62.2    79.5   0.292   0.281   0.324 -99.000 -99.000    26.1    25.0    24.5    23.3    21.2
13301 20160805  2.422  -93.15   39.87    26.4    18.8    22.6    22.8    46.8    11.33 C    34.6    17.8    23.8    95.6    65.8    84.7   0.460   0.430   0.489 -99.000 -99.000    25.2    24.7    24.7    23.5    21.2
13301 20160806  2.422  -93.15   39.87    26.4    16.1    21.3    21.2     0.0    25.40 C    36.5    14.9    23.4    94.8    54.5    75.4   0.415   0.429   0.503 -99.000 -99.000    24.7    24.1    24.2    23.5    21.3
13301 20160807  2.422  -93.15   39.87    25.8    16.8    21.3    21.2     0.0    13.88 C    34.6    16.4    22.1    92.5    61.2    77.9   0.390   0.409   0.479 -99.000 -99.000    24.3    23.8    23.9    23.5    21.3
13301 20160808  2.422  -93.15   39.87    26.2    20.5    23.3    22.9     0.0    11.50 C    32.9    20.3    23.6    92.1    72.5    82.7   0.371   0.400   0.470 -99.000 -99.000    24.2    23.6    23.7    23.3    21.3
13301 20160809  2.422  -93.15   39.87    30.8    21.4    26.1    25.6     0.9    21.69 C    38.1    21.3    27.4    93.5    57.2    81.7   0.347   0.390   0.462 -99.000 -99.000    25.1    24.1    23.8    23.3    21.3
13301 20160810  2.422  -93.15   39.87    32.2    22.2    27.2    26.7     0.0    21.51 C    39.3    21.5    27.9    95.2    59.1    82.1   0.314   0.377   0.454 -99.000 -99.000    25.9    24.9    24.5    23.4    21.3
13301 20160811  2.422  -93.15   39.87    32.8    23.5    28.2    28.1     0.0    22.94 C    38.7    22.6    28.8    93.8    66.5    80.7   0.285   0.359   0.443 -99.000 -99.000    26.4    25.3    24.9    23.6    21.3
13301 20160812  2.422  -93.15   39.87    27.9    21.8    24.8    24.4    14.5     9.43 C    32.4    21.0    25.1    96.0    79.2    88.6   0.408   0.407   0.467 -99.000 -99.000    26.1    25.3    25.1    23.8    21.4
13301 20160813  2.422  -93.15   39.87    28.3    18.2    23.3    23.4     0.0    26.05 C    36.0    16.5    24.7    96.5    50.6    76.5   0.386   0.395   0.456 -99.000 -99.000    25.4    24.8    24.7    23.9    21.4
13301 20160814  2.422  -93.15   39.87    29.0    17.3    23.1    23.3     0.0    24.15 C    38.4    16.8    25.6    96.4    45.9    77.3   0.344   0.381   0.447 -99.000 -99.000    25.2    24.6    24.5    23.8    21.6
13301 20160815  2.422  -93.15   39.87    26.0    18.6    22.3    22.0     0.0    13.24 C    35.4    17.0    23.3    97.1    65.5    85.5   0.315   0.371   0.438 -99.000 -99.000    25.0    24.5    24.5    23.8    21.6
13301 20160816  2.422  -93.15   39.87    28.5    16.8    22.6    23.0     0.0    23.74 C    36.4    16.2    24.3    99.2    58.4    81.3   0.292   0.357   0.431 -99.000 -99.000    24.8    24.2    24.2    23.8    21.7
13301 20160817  2.422  -93.15   39.87    30.0    17.6    23.8    24.1     2.1    23.24 C    35.1    16.9    24.7    94.9    56.4    78.7   0.282   0.336   0.421 -99.000 -99.000    24.9    24.3    24.2    23.7    21.6
13301 20160818  2.422  -93.15   39.87    30.7    19.8    25.2    25.1     0.0    24.18 C    36.1    18.4    25.6    94.8    57.8    78.1   0.255   0.317   0.408 -99.000 -99.000    25.3    24.5    24.4    23.7    21.6
13301 20160819  2.422  -93.15   39.87    28.8    20.1    24.4    23.9     3.5    16.51 C    35.8    19.4    25.0    96.2    65.9    85.0   0.246   0.303   0.393 -99.000 -99.000    25.2    24.5    24.4    23.8    21.6
13301 20160820  2.422  -93.15   39.87    24.0    15.0    19.5    20.2     0.0    18.43 C    29.4    11.9    20.7    96.4    60.1    81.0   0.286   0.306   0.382 -99.000 -99.000    24.6    24.3    24.3    23.8    21.7
13301 20160821  2.422  -93.15   39.87    24.9    12.2    18.5    18.7     0.0    25.54 C    32.4    10.8    19.2    94.8    43.9    71.8   0.252   0.286   0.370 -99.000 -99.000    23.1    23.1    23.4    23.6    21.7
13301 20160822  2.422  -93.15   39.87    26.7    13.0    19.9    20.4     0.0    24.55 C    32.8    10.7    20.4    92.3    48.0    70.0   0.229   0.272   0.358 -99.000 -99.000    22.8    22.6    22.9    23.3    21.7
13301 20160823  2.422  -93.15   39.87    25.4    17.1    21.2    22.0     0.4     9.74 C    30.4    14.5    21.9    90.1    78.9    85.3   0.220   0.264   0.350 -99.000 -99.000    22.8    22.5    22.7    23.1    21.6
13301 20160824  2.422  -93.15   39.87    28.0    20.4    24.2    24.2    37.3    13.43 C    34.1    19.6    24.7    95.8    70.5    85.1   0.376   0.372   0.409 -99.000 -99.000    23.7    22.9    22.9    22.9    21.4
13301 20160825  2.422  -93.15   39.87    25.2    19.1    22.2    21.7     4.4    10.76 C    30.9    18.4    22.7    96.5    75.1    89.2   0.447   0.444   0.486 -99.000 -99.000    23.9    23.3    23.2    22.9    21.3
13301 20160826  2.422  -93.15   39.87    25.3    19.2    22.3    21.7    11.9    13.20 C    31.3    18.7    22.8    93.7    76.7    86.9   0.449   0.448   0.500 -99.000 -99.000    23.7    23.1    23.1    22.9    21.3
13301 20160827  2.422  -93.15   39.87    29.4    17.5    23.5    23.4     0.0    20.25 C    36.6    16.7    25.2    96.8    59.5    83.8   0.444   0.452   0.518 -99.000 -99.000    24.2    23.3    23.2    22.9    21.3
13301 20160828  2.422  -93.15   39.87    31.2    20.4    25.8    25.0     0.0    18.81 C    38.3    19.7    26.5    96.5    58.4    82.9   0.416   0.428   0.493 -99.000 -99.000    25.0    24.0    23.7    23.0    21.3
13301 20160829  2.422  -93.15   39.87    31.8    20.5    26.2    25.5     0.0    18.54 C    39.1    20.0    27.3    96.3    54.6    80.8   0.397   0.417   0.481 -99.000 -99.000    25.4    24.4    24.1    23.2    21.3
13301 20160830  2.422  -93.15   39.87    28.7    20.8    24.7    23.9    28.0    18.28 C    36.9    20.7    25.8    95.9    66.3    85.4   0.505   0.507   0.538 -99.000 -99.000    25.3    24.5    24.3    23.4    21.4
13301 20160831  2.422  -93.15   39.87    27.0    16.0    21.5    21.8     2.2    13.91 C    33.4    15.0    22.6    95.2    54.6    83.2   0.484   0.500   0.556 -99.000 -99.000    25.1    24.5    24.3    23.5    21.4
13301 20160901  2.422  -93.15   39.87    25.1    14.1    19.6    19.0     0.0    21.47 C    31.5    13.4    20.3    92.4    51.2    74.6   0.453   0.468   0.535 -99.000 -99.000    23.8    23.6    23.8    23.5    21.5
13301 20160902  2.422  -93.15   39.87    23.9    13.8    18.8    18.1     0.0    21.08 C    31.7    12.9    19.4    92.8    53.4    77.0   0.435   0.446   0.508 -99.000 -99.000    23.1    22.9    23.2    23.3    21.6
13301 20160903  2.422  -93.15   39.87    25.0    13.2    19.1    18.7     0.0    18.21 C    31.5    12.1    19.5    90.2    52.7    74.8   0.421   0.432   0.489 -99.000 -99.000    22.5    22.3    22.6    23.0    21.6
13301 20160904  2.422  -93.15   39.87    26.5    15.7    21.1    20.9     0.0    21.91 C    31.8    14.6    21.5    87.9    51.0    70.8   0.404   0.422   0.477 -99.000 -99.000    22.5    22.1    22.4    22.7    21.5
13301 20160905  2.422  -93.15   39.87    30.7    18.1    24.4    24.6     0.0    20.14 C    34.3    17.1    24.8    86.5    57.7    73.2   0.377   0.416   0.472 -99.000 -99.000    23.0    22.4    22.4    22.6    21.4
13301 20160906  2.422  -93.15   39.87    32.4    22.5    27.4    27.0     0.0    21.10 C    36.3    21.6    26.9    91.0    53.7    73.2   0.349   0.408   0.467 -99.000 -99.000    24.2    23.2    22.9    22.6    21.3
13301 20160907  2.422  -93.15   39.87    30.8    22.5    26.6    26.4     0.4    13.44 C    33.5    21.4    26.1    85.4    67.1    75.6   0.326   0.400   0.463 -99.000 -99.000    24.5    23.6    23.4    22.8    21.2
13301 20160908  2.422  -93.15   39.87    26.2    20.5    23.4    23.2    23.7     5.45 C    28.2    20.4    23.5    95.7    73.8    89.1   0.482   0.477   0.532 -99.000 -99.000    24.2    23.5    23.5    22.9    21.3
13301 20160909  2.422  -93.15   39.87    27.2    18.1    22.7    22.5    23.1    14.01 C    33.6    18.2    23.9    95.2    69.0    86.0   0.514   0.504   0.552 -99.000 -99.000    24.3    23.5    23.4    23.0    21.3
13301 20160910  2.422  -93.15   39.87    22.1    11.8    17.0    17.6     5.5    21.20 C    26.3    10.5    17.9    96.0    48.3    74.9   0.526   0.515   0.553 -99.000 -99.000    23.3    23.0    23.2    23.0    21.3
13301 20160911  2.422  -93.15   39.87    24.2    10.0    17.1    17.5     0.0    22.34 C    29.4     8.9    18.0    96.4    43.2    72.2   0.507   0.501   0.550 -99.000 -99.000    21.7    21.7    22.2    22.8    21.4
13301 20160912  2.422  -93.15   39.87    27.4    14.3    20.8    20.7     0.0    19.88 C    31.6    13.3    21.0    86.4    55.0    72.1   0.475   0.475   0.543 -99.000 -99.000    22.0    21.6    21.9    22.4    21.3
13301 20160913  2.422  -93.15   39.87    24.0    18.1    21.0    20.1     8.7     4.88 C    26.9    17.0    20.1    95.9    74.5    87.2   0.473   0.465   0.529 -99.000 -99.000    22.2    21.8    22.0    22.3    21.2
13301 20160914  2.422  -93.15   39.87    25.2    17.4    21.3    20.0     3.0    14.61 C    31.9    17.5    21.4    96.2    63.2    87.0   0.523   0.513   0.548 -99.000 -99.000    22.5    21.8    21.9    22.2    21.1
13301 20160915  2.422  -93.15   39.87    29.2    18.1    23.7    23.1     0.0    18.48 C    34.2    17.7    24.1    94.5    59.5    80.7   0.503   0.499   0.547 -99.000 -99.000    23.1    22.2    22.2    22.1    21.1
13301 20160916  2.422  -93.15   39.87    25.6    17.8    21.7    20.8     0.0     8.67 C    30.5    16.2    21.3    96.7    64.4    84.9   0.484   0.477   0.533 -99.000 -99.000    23.2    22.6    22.6    22.3    21.1
13301 20160917  2.422  -93.15   39.87    27.1    14.3    20.7    20.0     0.0    17.13 C    33.6    12.6    20.7    96.8    49.3    80.2   0.474   0.463   0.516 -99.000 -99.000    22.8    22.3    22.3    22.3    21.1
13301 20160918  2.422  -93.15   39.87    27.8    12.0    19.9    20.2     0.0    19.80 C    33.1    11.2    20.5    95.3    42.3    72.3   0.461   0.448   0.498 -99.000 -99.000    22.1    21.7    22.0    22.2    21.1
13301 20160919  2.422  -93.15   39.87    30.8    16.4    23.6    22.9    15.4    19.81 C    34.1    15.1    23.2    95.3    50.5    77.4   0.461   0.453   0.498 -99.000 -99.000    22.7    22.0    22.0    22.1    21.0
13301 20160920  2.422  -93.15   39.87    32.2    17.4    24.8    24.6     0.0    18.71 C    37.0    16.8    25.8    95.5    58.5    80.2   0.501   0.499   0.545 -99.000 -99.000    23.5    22.5    22.3    22.1    21.0
13301 20160921  2.422  -93.15   39.87    31.4    21.1    26.2    25.7     0.0    16.48 C    35.3    20.3    26.4    95.4    56.3    77.9   0.480   0.473   0.531 -99.000 -99.000    24.5    23.4    23.1    22.3    21.0
13301 20160922  2.422  -93.15   39.87    30.3    18.6    24.5    24.2     0.0    18.09 C    33.5    18.5    25.3    90.7    52.3    73.4   0.461   0.456   0.506 -99.000 -99.000    24.3    23.5    23.3    22.5    21.0
13301 20160923  2.422  -93.15   39.87    30.7    18.9    24.8    24.0     0.0    18.72 C    38.7    18.4    26.0    94.3    47.6    73.1   0.442   0.444   0.491 -99.000 -99.000    24.3    23.5    23.3    22.7    21.1
13301 20160924  2.422  -93.15   39.87    30.2    18.0    24.1    24.2     0.0    15.15 C    35.4    17.9    25.2    92.1    57.8    76.5   0.421   0.437   0.484 -99.000 -99.000    24.2    23.5    23.4    22.8    21.1
13301 20160925  2.422  -93.15   39.87    23.7    14.4    19.1    19.3     0.0     6.84 C    25.0    14.0    19.6    96.2    68.9    82.2   0.400   0.432   0.479 -99.000 -99.000    23.6    23.2    23.3    22.9    21.2
13301 20160926  2.422  -93.15   39.87    21.9     8.3    15.1    15.4     0.0    20.07 C    25.1     7.6    16.0    89.8    29.6    61.0   0.379   0.425   0.474 -99.000 -99.000    21.5    21.7    22.2    22.7    21.2
13301 20160927  2.422  -93.15   39.87    24.8     9.1    17.0    16.4     0.0    19.22 C    27.9     8.4    17.1    91.1    32.3    65.0   0.352   0.417   0.468 -99.000 -99.000    20.4    20.6    21.2    22.3    21.2
13301 20160928  2.422  -93.15   39.87    18.1    10.3    14.2    13.7     0.0    15.78 C    21.0     9.9    14.3    90.7    51.2    69.3   0.331   0.410   0.463 -99.000 -99.000    19.6    19.9    20.6    21.8    21.1
13301 20160929  2.422  -93.15   39.87    22.8     9.2    16.0    15.3     0.0    18.88 C    25.5     8.7    16.1    92.9    42.6    69.5   0.316   0.402   0.455 -99.000 -99.000    19.1    19.3    19.9    21.4    21.0
13301 20160930  2.422  -93.15   39.87    20.4     9.7    15.1    15.0     0.0    12.51 C    24.0     9.4    15.8    91.8    58.7    77.9   0.302   0.393   0.452 -99.000 -99.000    18.9    19.1    19.6    21.0    20.8
13301 20161001  2.422  -93.15   39.87    18.5    12.0    15.3    15.7     0.0     5.60 C    21.1    11.8    16.2    96.2    71.7    86.4   0.295   0.386   0.448 -99.000 -99.000    19.2    19.1    19.6    20.7    20.6
13301 20161002  2.422  -93.15   39.87    20.5    14.4    17.4    17.2     0.0     6.66 C    23.8    14.3    18.2    95.9    63.8    83.8   0.294   0.379   0.445 -99.000 -99.000    19.6    19.3    19.6    20.6    20.4
13301 20161003  2.422  -93.15   39.87    23.5    14.0    18.8    18.3     0.0    14.46 C    26.8    13.9    19.3    96.4    53.4    77.0   0.288   0.373   0.440 -99.000 -99.000    19.9    19.6    19.8    20.6    20.3
13301 20161004  2.422  -93.15   39.87    26.2    15.4    20.8    20.6     0.0    15.86 C    29.0    15.1    21.2    84.5    45.7    66.1   0.273   0.361   0.434 -99.000 -99.000    19.9    19.6    19.8    20.5    20.2
13301 20161005  2.422  -93.15   39.87    25.9    15.3    20.6    20.2     0.3    17.32 C    32.7    15.2    22.0    90.8    39.0    71.4   0.263   0.349   0.426 -99.000 -99.000    20.5    20.0    20.0    20.5    20.1
13301 20161006  2.422  -93.15   39.87    22.7    16.7    19.7    19.2    49.6     6.61 C    25.0    16.3    19.2    95.2    70.3    87.1   0.519   0.510   0.551 -99.000 -99.000    20.1    19.8    20.0    20.6    20.1
13301 20161007  2.422  -93.15   39.87    17.7     6.2    11.9    11.1     1.5    16.74 C    19.4     5.4    11.9    94.0    43.7    74.7   0.523   0.517   0.559 -99.000 -99.000    19.1    19.3    19.8    20.5    20.0
13301 20161008  2.422  -93.15   39.87    20.2     4.0    12.1    12.2     0.0    17.40 C    23.3     3.3    12.8    96.4    40.5    72.2   0.501   0.510   0.556 -99.000 -99.000    17.3    17.8    18.6    20.2    19.9
13301 20161009  2.422  -93.15   39.87    21.4     6.0    13.7    13.8     0.0    15.02 C    28.2     5.5    15.0    96.2    42.0    69.8   0.481   0.486   0.552 -99.000 -99.000    17.0    17.2    17.9    19.7    19.8
13301 20161010  2.422  -93.15   39.87    21.7    11.6    16.7    15.9     0.0    10.79 C    24.6    10.8    16.4    80.6    44.4    67.7   0.466   0.467   0.535 -99.000 -99.000    17.4    17.3    17.8    19.4    19.6
13301 20161011  2.422  -93.15   39.87    25.1    12.2    18.7    18.2     0.3    15.60 C    27.7    12.1    18.9    80.8    41.8    65.0   0.452   0.450   0.513 -99.000 -99.000    18.0    17.7    18.0    19.2    19.5
13301 20161012  2.422  -93.15   39.87    18.8     3.2    11.0    11.1     3.0     3.55 C    18.5     2.1    11.0    96.3    64.0    78.9   0.453   0.444   0.495 -99.000 -99.000    17.6    17.6    18.1    19.2    19.3
13301 20161013  2.422  -93.15   39.87    14.3     0.3     7.3     7.3     0.0    16.35 C    18.9    -0.8     8.4    96.8    49.1    74.7   0.445   0.440   0.489 -99.000 -99.000    15.4    16.0    17.0    18.9    19.2
13301 20161014  2.422  -93.15   39.87    21.6     5.7    13.7    13.9     0.0     9.66 C    24.5     5.6    14.4    91.5    63.6    79.8   0.434   0.434   0.482 -99.000 -99.000    15.8    15.8    16.5    18.5    19.0
13301 20161015  2.422  -93.15   39.87    24.4    15.4    19.9    20.3     0.0     8.19 C    25.9    15.3    20.6    92.0    64.9    80.0   0.429   0.431   0.479 -99.000 -99.000    17.5    16.9    17.0    18.2    18.8
13301 20161016  2.422  -93.15   39.87    28.4    17.5    23.0    23.4     0.0    13.74 C    30.6    17.2    24.1    92.7    59.4    74.8   0.420   0.429   0.477 -99.000 -99.000    19.0    18.1    17.9    18.4    18.7
13301 20161017  2.422  -93.15   39.87    30.8    19.8    25.3    25.0     0.0    14.82 C    32.3    19.7    25.3    88.7    42.3    66.0   0.394   0.425   0.474 -99.000 -99.000    20.0    19.1    18.8    18.7    18.6
13301 20161018  2.422  -93.15   39.87    23.8    12.8    18.3    19.5     0.0    14.77 C    27.9    12.2    20.4    96.1    47.5    70.0   0.365   0.421   0.470 -99.000 -99.000    19.8    19.3    19.3    19.1    18.7
13301 20161019  2.422  -93.15   39.87    18.8    10.1    14.4    14.5     0.0     5.21 C    20.3     9.9    14.5    82.5    52.1    68.3   0.345   0.415   0.466 -99.000 -99.000    18.1    18.2    18.7    19.3    18.7
13301 20161020  2.422  -93.15   39.87    13.5     4.9     9.2     9.3     0.0     9.71 C    15.2     4.2     9.6    81.8    56.1    70.6   0.333   0.409   0.463 -99.000 -99.000    16.9    17.2    17.9    19.1    18.7
13301 20161021  2.422  -93.15   39.87    14.4     0.7     7.5     7.8     0.0    14.19 C    19.6     0.2     9.1    96.5    47.3    72.1   0.321   0.402   0.457 -99.000 -99.000    15.2    15.8    16.7    18.7    18.7
13301 20161022  2.422  -93.15   39.87    21.2     4.8    13.0    12.5     0.0    14.73 C    23.9     4.1    13.0    87.5    44.1    67.0   0.306   0.396   0.451 -99.000 -99.000    14.9    15.2    16.0    18.1    18.6
13301 20161023  2.422  -93.15   39.87    23.1     8.7    15.9    15.5     0.0    14.11 C    26.1     8.3    15.9    88.1    42.6    60.7   0.291   0.390   0.448 -99.000 -99.000    15.5    15.4    15.9    17.8    18.4
13301 20161024  2.422  -93.15   39.87    17.4     4.4    10.9    10.8     0.0    14.24 C    20.8     3.3    11.5    92.0    52.6    73.3   0.279   0.383   0.444 -99.000 -99.000    15.1    15.3    15.9    17.6    18.2
13301 20161025  2.422  -93.15   39.87    19.0     9.5    14.3    13.7     0.0     8.15 C    20.9     9.0    14.0    82.6    60.8    72.2   0.272   0.376   0.438 -99.000 -99.000    15.1    15.1    15.7    17.4    18.0
13301 20161026  2.422  -93.15   39.87    20.0    11.0    15.5    15.8     4.2     3.06 C    20.3    10.9    15.6    92.3    72.9    82.9   0.313   0.372   0.436 -99.000 -99.000    15.9    15.6    15.9    17.3    17.9
13301 20161027  2.422  -93.15   39.87    17.2     9.7    13.5    12.0     0.0    10.11 C    21.4     9.5    13.1    86.5    58.5    77.2   0.315   0.370   0.433 -99.000 -99.000    15.9    15.8    16.1    17.3    17.8
13301 20161028  2.422  -93.15   39.87    26.6    10.3    18.4    18.9     0.0    11.55 C    27.9     9.8    19.0    93.1    53.7    72.9   0.300   0.366   0.428 -99.000 -99.000    16.2    15.8    16.1    17.3    17.7
13301 20161029  2.422  -93.15   39.87    27.0    16.7    21.8    21.2     0.0    10.48 C    28.8    16.6    21.4    81.7    43.7    63.1   0.285   0.360   0.425 -99.000 -99.000    17.4    16.7    16.7    17.3    17.6
13301 20161030  2.422  -93.15   39.87    18.4     8.5    13.5    13.0     0.0     5.14 C    17.8     8.4    13.2    93.0    70.2    80.8   0.275   0.355   0.420 -99.000 -99.000    16.9    16.7    16.9    17.5    17.6
13301 20161031  2.422  -93.15   39.87    22.2     8.2    15.2    15.4     0.0     5.37 C    22.7     8.1    15.3    95.3    62.9    82.7   0.269   0.348   0.416 -99.000 -99.000    16.0    15.9    16.4    17.5    17.6
13301 20161101  2.422  -93.15   39.87    25.2    16.6    20.9    20.4     0.0    10.88 C    28.8    16.2    20.8    78.3    51.2    64.3   0.262   0.342   0.411 -99.000 -99.000    17.0    16.5    16.6    17.4    17.6
13301 20161102  2.422  -93.15   39.87    21.8    15.9    18.9    18.6    12.3     2.97 C    22.5    15.7    18.4    96.2    69.7    84.3   0.333   0.357   0.413 -99.000 -99.000    17.7    17.1    17.1    17.5    17.5
13301 20161103  2.422  -93.15   39.87    21.7     8.8    15.3    16.1     0.0    11.45 C    27.0     8.1    16.7    96.1    36.6    69.7   0.372   0.371   0.417 -99.000 -99.000    17.5    17.1    17.2    17.7    17.5
13301 20161104  2.422  -93.15   39.87    21.5     5.5    13.5    13.3     0.0    12.85 C    27.2     5.1    14.6    93.0    33.5    62.5   0.345   0.366   0.414 -99.000 -99.000    15.7    16.0    16.6    17.7    17.5
13301 20161105  2.422  -93.15   39.87    19.9     8.4    14.1    12.9     0.0     7.68 C    26.2     7.7    13.3    83.7    43.0    66.3   0.329   0.363   0.412 -99.000 -99.000    15.0    15.2    15.9    17.4    17.5
13301 20161106  2.422  -93.15   39.87    17.5     5.1    11.3    10.9     0.0    12.81 C    20.7     4.7    11.4    86.5    37.1    63.9   0.315   0.359   0.409 -99.000 -99.000    14.2    14.5    15.3    17.1    17.4
13301 20161107  2.422  -93.15   39.87    16.7     7.1    11.9    12.4     0.0     5.72 C    18.6     6.4    12.6    92.7    63.7    75.5   0.305   0.356   0.407 -99.000 -99.000    14.1    14.2    14.8    16.8    17.3
13301 20161108  2.422  -93.15   39.87    17.0     6.5    11.8    12.6     0.0    11.14 C    19.8     5.7    13.0    95.5    43.7    71.7   0.296   0.353   0.406 -99.000 -99.000    14.8    14.7    15.1    16.6    17.2
13301 20161109  2.422  -93.15   39.87    15.1     1.5     8.3     8.0     0.0    12.49 C    21.7     0.8     9.2    90.4    38.0    64.6   0.284   0.347   0.402 -99.000 -99.000    13.2    13.7    14.5    16.4    17.0
13301 20161110  2.422  -93.15   39.87    19.0     1.5    10.3    10.3     0.0    12.44 C    20.1     0.6    10.1    92.4    35.2    63.9   0.274   0.339   0.397 -99.000 -99.000    12.2    12.7    13.6    16.1    16.9
13301 20161111  2.422  -93.15   39.87    14.1     2.7     8.4     8.5     0.0     9.30 C    16.9     2.0     8.5    79.8    42.5    64.1   0.265   0.334   0.394 -99.000 -99.000    12.2    12.6    13.4    15.7    16.8
13301 20161112  2.422  -93.15   39.87    11.6    -1.2     5.2     4.8     0.0    12.21 C    15.6    -1.7     5.4    94.2    44.8    71.5   0.257   0.325   0.388 -99.000 -99.000    11.0    11.7    12.7    15.4    16.5
13301 20161113  2.422  -93.15   39.87    15.5    -1.3     7.1     7.1     0.0    11.71 C    17.8    -2.3     7.0    91.1    39.4    67.9   0.252   0.318   0.383 -99.000 -99.000    10.3    10.8    11.9    14.9    16.3
13301 20161114  2.422  -93.15   39.87    18.0     3.7    10.8    10.4     0.0    10.91 C    20.3     3.4    10.5    94.1    47.6    71.6   0.250   0.314   0.379 -99.000 -99.000    11.0    11.2    11.9    14.5    16.1
13301 20161115  2.422  -93.15   39.87    18.6     0.1     9.3     9.7     0.0    11.26 C    21.0    -0.4    10.1    97.7    44.7    72.1   0.248   0.308   0.375 -99.000 -99.000    10.9    11.2    11.9    14.3    15.9
13301 20161116  2.422  -93.15   39.87    20.5     3.6    12.0    13.2     0.0    11.34 C    22.9     3.1    13.4    91.9    42.2    62.5   0.243   0.301   0.369 -99.000 -99.000    11.4    11.3    11.9    14.1    15.7
13301 20161117  2.422  -93.15   39.87    23.9    14.4    19.1    18.8     0.0     6.27 C    24.3    14.0    18.6    59.3    33.3    46.6   0.239   0.293   0.361 -99.000 -99.000    12.8    12.3    12.5    14.1    15.5
13301 20161118  2.422  -93.15   39.87    18.5     1.2     9.9     9.1     0.0     4.24 C    18.2     0.9     9.2    72.9    45.9    61.3   0.235   0.283   0.354 -99.000 -99.000    12.7    12.6    13.0    14.3    15.4
13301 20161119  2.422  -93.15   39.87     7.2    -2.4     2.4     1.7     0.0    11.43 C     8.6    -3.2     1.6    72.3    28.4    51.4   0.230   0.271   0.348 -99.000 -99.000    10.3    10.9    12.0    14.3    15.3
13301 20161120  2.422  -93.15   39.87     6.6    -6.8    -0.1    -0.5     0.0     9.34 C     9.4    -7.1    -0.2    83.3    34.8    58.0   0.226   0.269   0.341 -99.000 -99.000     8.3     9.2    10.6    13.8    15.2
13301 20161121  2.422  -93.15   39.87     9.7    -3.0     3.4     3.4     0.0     7.48 C    11.3    -3.6     3.5    72.3    42.4    56.8   0.225   0.266   0.337 -99.000 -99.000     8.2     8.8     9.9    13.2    15.1
13301 20161122  2.422  -93.15   39.87    11.4     5.2     8.3     6.9     0.3     1.99 C    11.1     5.0     6.8    83.3    48.8    63.9   0.225   0.262   0.333 -99.000 -99.000     8.8     9.1     9.9    12.8    14.8
13301 20161123  2.422  -93.15   39.87    11.7     4.4     8.0     7.3     4.4     1.51 C    11.5     4.3     7.1    95.0    74.4    83.2   0.229   0.262   0.333 -99.000 -99.000     9.8     9.7    10.3    12.7    14.5
13301 20161124  2.422  -93.15   39.87     7.2     3.7     5.4     4.6     0.0     2.93 C     8.4     3.5     4.8    83.9    68.0    77.0   0.232   0.264   0.332 -99.000 -99.000     9.6     9.7    10.4    12.7    14.4
13301 20161125  2.422  -93.15   39.87     8.6     0.0     4.3     4.6     0.0     6.97 C    10.6    -1.0     4.6    93.2    59.9    77.9   0.232   0.266   0.331 -99.000 -99.000     9.4     9.7    10.3    12.6    14.2
13301 20161126  2.422  -93.15   39.87    12.7    -1.6     5.5     4.7     0.0     9.91 C    13.7    -2.3     4.4    95.3    45.2    75.3   0.230   0.263   0.329 -99.000 -99.000     8.3     8.8     9.8    12.4    14.1
13301 20161127  2.422  -93.15   39.87    11.6     2.1     6.8     7.3     6.5     0.99 C    11.1     1.3     6.9    93.8    79.4    87.5   0.240   0.263   0.328 -99.000 -99.000     8.7     8.8     9.6    12.2    13.9
13301 20161128  2.422  -93.15   39.87    16.9     5.3    11.1    11.6     0.0     4.06 C    18.1     4.5    11.4    92.7    39.5    69.6   0.323   0.270   0.329 -99.000 -99.000    10.2     9.9    10.2    12.1    13.8
13301 20161129  2.422  -93.15   39.87    10.9     0.5     5.7     5.3     0.0     9.71 C    13.0     0.2     5.3    81.6    43.1    60.4   0.297   0.270   0.329 -99.000 -99.000     9.1     9.5    10.2    12.2    13.7
13301 20161130  2.422  -93.15   39.87     3.1    -0.9     1.1     2.2     0.0     2.19 C     3.3    -0.7     2.0    77.3    57.9    65.7   0.286   0.268   0.326 -99.000 -99.000     8.1     8.6     9.6    12.1    13.6
13301 20161201  2.422  -93.15   39.87     3.7    -3.3     0.2     1.6     0.0     3.60 C     4.4    -3.8     1.5    90.8    60.4    68.7   0.279   0.268   0.325 -99.000 -99.000     7.6     8.1     9.0    11.8    13.5
13301 20161202  2.422  -93.15   39.87     7.4    -6.4     0.5     0.5     0.0     9.77 C    10.3    -7.2     0.5    95.4    51.4    76.9   0.272   0.267   0.324 -99.000 -99.000     6.6     7.3     8.4    11.5    13.3
13301 20161203  2.422  -93.15   39.87     7.3    -4.5     1.4     2.3     0.0     5.52 C     9.6    -4.6     2.2    93.1    56.1    75.7   0.267   0.267   0.323 -99.000 -99.000     6.2     6.8     7.8    11.1    13.2
13301 20161204  2.422  -93.15   39.87     4.4    -3.1     0.7     1.6     9.6     3.06 C     4.6    -3.5     1.4    98.2    69.5    92.0   0.346   0.276   0.323 -99.000 -99.000     6.7     7.1     7.9    10.8    13.0
13301 20161205  2.422  -93.15   39.87     8.6    -3.8     2.4     1.7     0.0     8.49 C     9.4    -4.3     1.6   100.0    57.2    88.1   0.368   0.290   0.323 -99.000 -99.000     6.1     6.6     7.5    10.6    12.8
13301 20161206  2.422  -93.15   39.87     3.1    -2.5     0.3    -0.1     0.0     9.68 C     4.6    -3.0     0.0    98.6    42.8    67.7   0.354   0.291   0.325 -99.000 -99.000     6.0     6.5     7.5    10.4    12.6
13301 20161207  2.422  -93.15   39.87    -1.3    -7.2    -4.3    -3.5     0.0     5.16 C    -0.1    -7.6    -3.5    67.3    46.7    55.4   0.342   0.290   0.325 -99.000 -99.000     5.1     5.8     7.0    10.2    12.4
13301 20161208  2.422  -93.15   39.87    -3.7   -10.0    -6.9    -7.3     0.0     9.83 C    -2.7   -10.4    -7.2    71.5    49.9    62.4   0.335   0.288   0.324 -99.000 -99.000     3.7     4.8     6.1     9.8    12.2
13301 20161209  2.422  -93.15   39.87    -3.3   -13.4    -8.4    -7.3     0.0     7.09 C    -1.0   -13.6    -6.9    85.0    40.4    65.3   0.329   0.286   0.323 -99.000 -99.000     2.5     3.7     5.2     9.3    12.0
13301 20161210  2.422  -93.15   39.87     1.3    -4.9    -1.8    -2.1     0.0     2.73 C     1.0    -5.1    -2.1    64.1    48.5    54.7   0.325   0.285   0.323 -99.000 -99.000     2.9     3.6     4.7     8.8    11.7
13301 20161211  2.422  -93.15   39.87     5.2    -4.2     0.5     2.1     1.3     0.70 C     5.3    -4.2     1.9    96.6    48.5    72.0   0.324   0.286   0.323 -99.000 -99.000     3.9     4.1     5.0     8.5    11.5
13301 20161212  2.422  -93.15   39.87    -1.5   -10.8    -6.2    -5.9     0.0     7.73 C     0.0   -11.3    -5.5    83.9    56.9    70.7   0.320   0.285   0.324 -99.000 -99.000     3.3     4.0     5.1     8.4    11.2
13301 20161213  2.422  -93.15   39.87    -1.9   -12.0    -7.0    -6.6     0.0     8.78 C    -1.6   -12.9    -6.4    83.6    34.7    58.0   0.317   0.285   0.324 -99.000 -99.000     2.9     3.6     4.7     8.2    11.0
13301 20161214  2.422  -93.15   39.87    -1.6   -13.4    -7.5    -7.7     0.0     6.66 C    -0.4   -14.1    -7.9    85.6    30.4    56.8   0.313   0.283   0.324 -99.000 -99.000     1.7     2.8     4.1     7.9    10.8
13301 20161215  2.422  -93.15   39.87    -7.4   -13.0   -10.2   -10.0     0.0     3.20 C    -6.9   -13.7    -9.9    68.2    36.1    50.2   0.310   0.282   0.323 -99.000 -99.000     1.3     2.3     3.6     7.5    10.6
13301 20161216  2.422  -93.15   39.87    -2.3    -7.4    -4.9    -4.6     1.0     0.77 C    -2.3    -7.6    -4.7    95.3    47.1    81.4   0.306   0.282   0.322 -99.000 -99.000     1.1     2.0     3.2     7.2    10.4
13301 20161217  2.422  -93.15   39.87    -2.9   -15.3    -9.1    -8.4     1.8     1.80 C    -3.0   -15.5    -8.5    94.3    70.1    83.8   0.304   0.282   0.322 -99.000 -99.000     1.2     2.0     3.1     6.9    10.1
13301 20161218  2.422  -93.15   39.87   -15.3   -23.7   -19.5   -19.6     0.0    10.60 C   -11.2   -24.8   -19.0    82.4    61.0    71.0   0.301   0.282   0.322 -99.000 -99.000     1.0     1.8     2.9     6.7     9.9
13301 20161219  2.422  -93.15   39.87    -7.5   -21.6   -14.6   -13.5     0.0    10.10 C    -5.9   -22.2   -13.6    81.7    59.5    70.7   0.290   0.281   0.322 -99.000 -99.000     0.6     1.5     2.7     6.5     9.7
13301 20161220  2.422  -93.15   39.87     0.1   -11.1    -5.5    -5.1     0.0     7.62 C     2.9   -11.9    -5.2    83.2    53.2    67.0   0.264   0.281   0.321 -99.000 -99.000     0.4     1.3     2.4     6.2     9.5
13301 20161221  2.422  -93.15   39.87     5.5    -7.2    -0.8    -0.3     0.0     7.61 C     6.6    -7.0    -0.4    85.1    50.6    69.2   0.270   0.280   0.322 -99.000 -99.000     0.6     1.3     2.4     6.0     9.3
13301 20161222  2.422  -93.15   39.87     4.3    -6.6    -1.2    -0.5     0.0     8.08 C     7.6    -7.2    -0.2    93.1    57.5    77.6   0.285   0.281   0.323 -99.000 -99.000     0.9     1.5     2.4     5.9     9.1
13301 20161223  2.422  -93.15   39.87     4.7     0.5     2.6     2.3     2.6     1.64 C     4.3     0.1     1.9    97.7    68.5    86.4   0.326   0.281   0.323 -99.000 -99.000     1.2     1.7     2.5     5.8     8.9
13301 20161224  2.422  -93.15   39.87     3.3    -0.9     1.2     1.3     0.0     1.76 C     3.2    -0.9     1.3   100.0    96.7    99.3   0.391   0.283   0.323 -99.000 -99.000     1.9     2.0     2.8     5.8     8.8
13301 20161225  2.422  -93.15   39.87    16.9     3.3    10.1     7.9    10.3     1.61 C    16.2     3.2     7.6    97.2    81.4    93.8   0.409   0.317   0.336 -99.000 -99.000     3.8     3.2     3.5     5.8     8.6
13301 20161226  2.422  -93.15   39.87    10.1    -1.3     4.4     4.8     0.0     8.40 C     9.1    -1.8     4.7    84.2    39.6    59.7   0.420   0.414   0.405 -99.000 -99.000     5.3     4.9     4.9     6.2     8.6
13301 20161227  2.422  -93.15   39.87     8.1    -4.8     1.7     1.0     0.0     9.47 C     9.2    -5.1     0.9    81.1    37.8    61.3   0.399   0.401   0.399 -99.000 -99.000     3.7     4.1     4.7     6.6     8.6
13301 20161228  2.422  -93.15   39.87     8.7    -3.4     2.6     2.7     0.0     6.35 C    10.0    -3.1     2.5    80.1    44.8    62.8   0.390   0.394   0.398 -99.000 -99.000     3.4     3.6     4.2     6.6     8.6
13301 20161229  2.422  -93.15   39.87     7.4    -0.4     3.5     3.0     0.0     9.57 C     8.1    -1.0     2.9    58.8    29.8    46.7   0.384   0.389   0.398 -99.000 -99.000     3.5     3.6     4.2     6.6     8.6
13301 20161230  2.422  -93.15   39.87    10.8    -6.0     2.4     3.4     0.0     9.10 C    11.4    -6.7     3.3    75.2    25.2    44.7   0.377   0.386   0.397 -99.000 -99.000     2.9     3.3     4.0     6.6     8.6
13301 20161231  2.422  -93.15   39.87     6.6    -7.9    -0.7     1.0     0.0     9.49 C     6.3    -8.1     1.1    89.1    32.3    58.6   0.372   0.383   0.399 -99.000 -99.000     3.3     3.5     4.0     6.5     8.6
