04990 20160101  2.422  -96.62   43.73    -2.4   -10.1    -6.3    -6.1     0.0     8.12 C    -4.3   -14.8    -9.4    90.9    60.1    76.0   0.332   0.334   0.402   0.406   0.476     0.6     0.5     1.3     2.3     4.1
04990 20160102  2.422  -96.62   43.73    -2.3   -12.5    -7.4    -7.2     0.0     8.71 C    -4.1   -17.1   -10.5    92.7    63.7    79.9   0.331   0.335   0.404   0.407   0.477     0.6     0.6     1.3     2.3     4.0
04990 20160103  2.422  -96.62   43.73    -6.4   -10.8    -8.6    -8.1     0.0     4.38 C    -4.4   -13.5    -8.6    94.8    83.5    91.2   0.329   0.331   0.404   0.403   0.475     0.6     0.6     1.3     2.3     4.0
04990 20160104  2.422  -96.62   43.73    -7.7   -17.1   -12.4   -12.1     0.2     7.64 C    -7.9   -20.4   -12.4    91.0    83.5    87.4   0.329   0.331   0.400   0.406   0.472     0.7     0.6     1.3     2.2     3.9
04990 20160105  2.422  -96.62   43.73    -3.3    -9.2    -6.3    -6.2     0.0     3.66 C    -3.2   -11.7    -7.5    93.8    87.7    91.5   0.328   0.328   0.401   0.402   0.475     0.7     0.6     1.3     2.2     3.9
04990 20160106  2.422  -96.62   43.73    -0.2    -3.7    -1.9    -1.3     0.2     2.83 C    -0.1    -6.6    -2.0    98.8    88.2    93.7   0.328   0.329   0.400   0.401   0.472     0.7     0.6     1.3     2.2     3.8
04990 20160107  2.422  -96.62   43.73     0.0    -0.6    -0.3    -0.3     0.3     2.41 C     0.5    -0.7    -0.3   100.0    95.7    98.2   0.329   0.329   0.399   0.401   0.474     0.7     0.6     1.3     2.2     3.8
04990 20160108  2.422  -96.62   43.73    -0.2   -13.2    -6.7    -4.6     8.6     1.99 C    -0.3   -15.7    -4.7    98.2    78.0    89.4   0.331   0.332   0.403   0.402   0.473     0.8     0.7     1.3     2.2     3.8
04990 20160109  2.422  -96.62   43.73   -13.2   -25.5   -19.4   -18.7     0.0     7.66 C   -15.7   -31.9   -21.3    81.0    67.4    75.0   0.330   0.333   0.402   0.402   0.474     0.9     0.7     1.4     2.2     3.7
04990 20160110  2.422  -96.62   43.73   -18.8   -26.8   -22.8   -22.9     0.0     9.42 C   -17.9   -32.4   -26.3    84.0    77.2    81.8   0.328   0.329   0.398   0.401   0.470     0.8     0.7     1.4     2.2     3.7
04990 20160111  2.422  -96.62   43.73    -4.3   -21.4   -12.9   -13.7     0.3     5.94 C    -5.2   -25.0   -13.9    86.9    71.8    82.1   0.323   0.327   0.396   0.401   0.476     0.8     0.7     1.3     2.2     3.7
04990 20160112  2.422  -96.62   43.73   -12.9   -22.7   -17.8   -18.3     0.0     8.14 C   -12.3   -26.4   -19.9    83.3    71.7    76.8   0.323   0.323   0.398   0.399   0.474     0.8     0.6     1.3     2.1     3.6
04990 20160113  2.422  -96.62   43.73    -0.1   -15.7    -7.9    -7.9     0.0     8.99 C    -2.1   -20.9   -10.7    91.3    74.8    85.2   0.319   0.321   0.393   0.398   0.471     0.7     0.6     1.3     2.1     3.6
04990 20160114  2.422  -96.62   43.73     0.2    -8.5    -4.2    -4.4     0.0     9.14 C    -0.7   -13.3    -7.3    96.2    70.9    87.8   0.320   0.321   0.396   0.397   0.471     0.7     0.6     1.3     2.1     3.6
04990 20160115  2.422  -96.62   43.73    -5.0   -13.5    -9.3   -11.2     0.0     9.35 C    -5.4   -18.1   -11.9    91.1    60.2    72.9   0.319   0.321   0.391   0.396   0.470     0.8     0.6     1.3     2.1     3.5
04990 20160116  2.422  -96.62   43.73   -13.0   -24.6   -18.8   -17.8     0.3     7.48 C   -13.8   -28.1   -18.5    80.8    62.2    73.0   0.318   0.320   0.392   0.395   0.464     0.8     0.6     1.3     2.1     3.5
04990 20160117  2.422  -96.62   43.73   -19.9   -26.8   -23.3   -23.4     0.0     8.36 C   -18.2   -29.8   -24.9    79.6    70.1    73.8   0.316   0.318   0.394   0.393   0.469     0.7     0.6     1.2     2.1     3.5
04990 20160118  2.422  -96.62   43.73   -14.1   -23.0   -18.6   -17.5     0.0     6.42 C   -11.5   -27.5   -17.7    86.3    77.1    80.9   0.313   0.316   0.391   0.397   0.466     0.6     0.5     1.2     2.1     3.5
04990 20160119  2.422  -96.62   43.73    -9.4   -16.4   -12.9   -13.1     1.5     6.05 C    -9.1   -18.0   -12.6    90.2    79.2    84.1   0.312   0.313   0.390   0.397   0.463     0.6     0.5     1.1     2.0     3.4
04990 20160120  2.422  -96.62   43.73    -4.1    -9.5    -6.8    -6.2     0.0     4.79 C    -3.0    -9.3    -6.0    94.1    89.6    91.8   0.310   0.311   0.389   0.393   0.466     0.6     0.5     1.1     2.0     3.4
04990 20160121  2.422  -96.62   43.73    -3.8    -9.3    -6.6    -5.8     0.9     4.79 C    -2.1   -10.5    -5.5    97.2    86.1    91.9   0.312   0.313   0.389   0.394   0.467     0.7     0.5     1.1     2.0     3.4
04990 20160122  2.422  -96.62   43.73    -9.3   -15.4   -12.3   -11.5     0.0     6.79 C    -7.2   -19.0   -11.7    92.0    84.7    88.0   0.312   0.315   0.387   0.394   0.466     0.7     0.6     1.1     2.0     3.3
04990 20160123  2.422  -96.62   43.73    -3.6   -11.2    -7.4    -6.7     0.0     5.45 C    -3.0   -12.5    -7.2    95.8    89.5    92.4   0.314   0.315   0.387   0.395   0.464     0.7     0.6     1.2     1.9     3.3
04990 20160124  2.422  -96.62   43.73    -0.6    -9.9    -5.3    -4.8     0.0     5.47 C     0.2   -12.6    -5.4    96.8    89.2    93.7   0.313   0.317   0.388   0.393   0.464     0.8     0.6     1.2     1.9     3.3
04990 20160125  2.422  -96.62   43.73    -3.0    -5.9    -4.5    -4.1     1.7     5.78 C    -2.9    -5.5    -4.1    95.5    80.8    90.0   0.314   0.322   0.390   0.394   0.462     0.8     0.7     1.2     1.9     3.3
04990 20160126  2.422  -96.62   43.73    -2.6    -9.9    -6.3    -4.5     0.0     4.56 C    -2.6   -18.4    -6.0    91.7    69.4    80.0   0.317   0.334   0.390   0.392   0.466     0.9     0.7     1.2     2.0     3.3
04990 20160127  2.422  -96.62   43.73     4.6   -13.9    -4.7    -3.1     0.0     8.19 C     0.6   -18.1    -6.2    96.4    65.8    79.9   0.316   0.336   0.390   0.395   0.463     0.9     0.8     1.2     2.0     3.3
04990 20160128  2.422  -96.62   43.73     1.9    -2.5    -0.3     0.1     0.0     8.26 C     0.7    -3.7    -1.6    92.1    69.2    81.0   0.317   0.335   0.390   0.395   0.463     0.9     0.8     1.2     2.0     3.2
04990 20160129  2.422  -96.62   43.73     3.6    -2.9     0.3     0.1     0.0    10.66 C     0.7    -5.6    -1.8    92.4    75.6    85.2   0.323   0.338   0.391   0.392   0.465     0.9     0.8     1.3     2.0     3.2
04990 20160130  2.422  -96.62   43.73     3.6    -4.2    -0.3     0.5     0.0     5.65 C     0.9    -7.2    -1.9    96.8    74.6    87.2   0.327   0.341   0.391   0.396   0.464     1.0     0.8     1.3     2.0     3.2
04990 20160131  2.422  -96.62   43.73     2.8    -3.4    -0.3     0.4     0.0     7.86 C     0.9    -6.6    -1.3    97.6    84.0    91.7   0.335   0.347   0.398   0.396   0.465     1.0     0.8     1.4     2.0     3.2
04990 20160201  2.422  -96.62   43.73     1.5    -6.6    -2.5    -2.4     0.0    10.74 C     1.2   -10.4    -4.1    97.1    76.0    90.8   0.340   0.352   0.402   0.397   0.465     1.0     0.9     1.4     2.0     3.2
04990 20160202  2.422  -96.62   43.73    -3.1    -6.1    -4.6    -4.1     8.5     4.19 C    -3.0    -8.2    -4.3    93.6    86.0    91.2   0.337   0.349   0.403   0.398   0.468     1.0     0.9     1.4     2.0     3.2
04990 20160203  2.422  -96.62   43.73    -6.1   -10.7    -8.4    -8.2     0.0    11.73 C    -7.5   -17.5   -10.8    88.7    65.6    79.4   0.333   0.344   0.398   0.398   0.464     1.0     0.9     1.3     2.0     3.2
04990 20160204  2.422  -96.62   43.73    -3.2   -13.2    -8.2    -7.4     0.0    10.47 C    -2.5   -20.4   -11.1    91.9    64.3    82.5   0.326   0.343   0.396   0.399   0.462     0.9     0.8     1.3     2.0     3.2
04990 20160205  2.422  -96.62   43.73    -1.5   -13.3    -7.4    -6.8     0.2     6.67 C    -1.2   -16.5    -7.9    97.8    79.4    88.8   0.323   0.340   0.394   0.397   0.466     0.8     0.7     1.3     2.0     3.2
04990 20160206  2.422  -96.62   43.73     3.3   -10.1    -3.4    -3.4     0.0    10.42 C     0.7   -11.6    -4.4    96.0    66.4    85.6   0.321   0.338   0.395   0.397   0.464     0.9     0.7     1.2     1.9     3.1
04990 20160207  2.422  -96.62   43.73     3.5    -6.4    -1.4    -0.2     0.2     8.22 C     0.5    -6.6    -2.2    87.5    60.3    72.5   0.323   0.337   0.394   0.395   0.465     0.9     0.8     1.2     1.9     3.1
04990 20160208  2.422  -96.62   43.73    -5.3   -11.8    -8.6    -7.4     0.4    10.31 C    -4.5   -13.5    -8.1    86.1    68.4    77.4   0.321   0.338   0.394   0.394   0.464     0.9     0.8     1.2     1.9     3.1
04990 20160209  2.422  -96.62   43.73    -6.0   -15.7   -10.8   -10.5     0.0    11.17 C    -4.8   -18.0   -11.4    83.1    56.3    70.5   0.320   0.332   0.393   0.394   0.466     0.7     0.7     1.2     1.9     3.1
04990 20160210  2.422  -96.62   43.73    -7.8   -11.8    -9.8    -9.8     3.1     6.44 C    -7.4   -11.4    -9.1    89.1    71.9    81.9   0.331   0.317   0.390   0.395   0.467     0.6     0.5     1.1     1.9     3.1
04990 20160211  2.422  -96.62   43.73    -9.0   -12.9   -10.9   -10.6     1.6     6.68 C    -7.5   -20.3   -10.8    93.7    71.1    80.5   0.329   0.316   0.389   0.392   0.462     0.6     0.5     1.1     1.8     3.0
04990 20160212  2.422  -96.62   43.73    -8.2   -21.1   -14.7   -13.4     0.0    14.16 C    -8.5   -28.5   -15.1    91.2    54.8    73.0   0.333   0.316   0.388   0.394   0.466     0.6     0.5     1.0     1.8     3.0
04990 20160213  2.422  -96.62   43.73   -11.4   -21.7   -16.6   -15.7     0.7     5.66 C   -11.2   -28.2   -15.1    87.4    68.5    75.3   0.330   0.314   0.390   0.392   0.460     0.6     0.5     1.0     1.7     2.9
04990 20160214  2.422  -96.62   43.73    -5.2   -11.6    -8.4    -8.5     0.3     8.16 C    -3.4   -11.4    -7.6    90.7    79.4    85.9   0.330   0.313   0.387   0.392   0.464     0.5     0.4     1.0     1.7     2.9
04990 20160215  2.422  -96.62   43.73     1.4    -7.2    -2.9    -2.3     1.9     9.23 C     0.5   -11.2    -2.9    97.4    85.7    92.8   0.329   0.313   0.387   0.394   0.465     0.6     0.5     1.0     1.7     2.8
04990 20160216  2.422  -96.62   43.73     1.0    -3.5    -1.2    -1.2     1.7     8.17 C     0.2    -3.8    -1.1    96.3    77.7    87.9   0.335   0.333   0.386   0.392   0.462     0.6     0.5     1.0     1.7     2.8
04990 20160217  2.422  -96.62   43.73    -0.4    -3.9    -2.2    -2.0     0.0     5.58 C     0.0    -4.3    -1.7    97.6    82.4    89.2   0.340   0.340   0.387   0.391   0.464     0.7     0.5     1.0     1.6     2.8
04990 20160218  2.422  -96.62   43.73     3.2    -1.1     1.0     0.9     0.0    10.72 C     0.7    -2.5    -0.6    96.2    83.0    90.8   0.354   0.349   0.392   0.395   0.465     0.7     0.6     1.0     1.7     2.8
04990 20160219  2.422  -96.62   43.73    11.9     1.1     6.5     5.9     0.0    13.67 C     6.7    -0.9     1.9    96.2    46.6    72.9   0.424   0.396   0.436   0.420   0.469     0.5     0.4     0.9     1.5     2.4
04990 20160220  2.422  -96.62   43.73     6.4    -1.6     2.4     2.0     0.0    13.93 C    10.0    -4.4     1.2    96.6    56.8    80.2   0.466   0.433   0.444   0.434   0.474     0.8     0.6     0.9     1.4     2.4
04990 20160221  2.422  -96.62   43.73     1.1    -1.7    -0.3    -0.2     3.2     3.34 C     3.2    -1.3     0.1    99.4    92.2    97.2   0.489   0.449   0.445   0.435   0.474     0.9     0.8     1.1     1.6     2.5
04990 20160222  2.422  -96.62   43.73     1.6    -2.5    -0.4    -0.7     0.0     3.21 C     4.0    -3.5    -0.2    98.3    89.1    96.0   0.491   0.452   0.441   0.437   0.475     1.0     0.9     1.2     1.6     2.5
04990 20160223  2.422  -96.62   43.73     2.4    -3.0    -0.3    -0.1     0.0     6.13 C     5.5    -5.9    -0.7    98.6    69.4    88.2   0.488   0.451   0.439   0.438   0.475     1.1     0.9     1.3     1.7     2.6
04990 20160224  2.422  -96.62   43.73     1.9    -4.5    -1.3    -1.1     0.7     8.33 C     8.0    -7.0    -0.7    95.4    67.5    83.5   0.457   0.452   0.439   0.438   0.477     0.8     0.7     1.2     1.7     2.6
04990 20160225  2.422  -96.62   43.73    -0.2    -4.9    -2.6    -1.5     0.0     3.33 C     0.3    -7.7    -1.7    86.9    72.2    79.0   0.446   0.447   0.440   0.439   0.477     0.9     0.7     1.2     1.7     2.6
04990 20160226  2.422  -96.62   43.73     8.4    -6.0     1.2     0.3     0.0    15.68 C    12.2    -8.8     0.0    93.2    40.3    74.4   0.427   0.433   0.441   0.437   0.478     1.0     0.8     1.2     1.7     2.7
04990 20160227  2.422  -96.62   43.73    16.3    -3.1     6.6     6.3     0.0    16.06 C    18.9    -6.1     4.4    87.6    37.4    66.4   0.424   0.430   0.440   0.437   0.478     1.8     1.6     1.6     1.8     2.7
04990 20160228  2.422  -96.62   43.73     7.6    -1.7     3.0     2.8     4.2     9.92 C     7.7    -4.7     1.8    94.1    65.1    80.7   0.440   0.437   0.445   0.440   0.478     2.9     2.6     2.4     2.2     2.7
04990 20160229  2.422  -96.62   43.73     2.8    -9.6    -3.4    -4.1     9.5     9.17 C     3.3    -9.9    -3.3    94.5    47.9    73.5   0.432   0.432   0.444   0.441   0.479     1.5     1.5     2.1     2.4     2.8
04990 20160301  2.422  -96.62   43.73    -9.5   -16.6   -13.1   -11.8     0.4    17.35 C    -6.2   -20.6   -12.6    88.0    46.3    71.8   0.418   0.421   0.446   0.442   0.479     1.1     1.0     1.6     2.2     2.9
04990 20160302  2.422  -96.62   43.73    -1.1   -17.5    -9.3    -8.1     0.0    13.37 C    -0.3   -20.5    -8.4    90.1    75.7    82.5   0.411   0.416   0.443   0.441   0.479     0.9     0.8     1.4     2.1     2.9
04990 20160303  2.422  -96.62   43.73    -0.8    -5.9    -3.3    -3.5     0.0    16.85 C     3.6    -8.0    -2.5    92.4    71.4    82.4   0.417   0.425   0.442   0.440   0.478     0.9     0.8     1.3     1.9     2.8
04990 20160304  2.422  -96.62   43.73     6.2    -5.4     0.4     0.7     0.0    11.98 C     9.9    -6.5     0.7    93.7    73.1    85.1   0.439   0.440   0.445   0.441   0.477     1.1     0.9     1.3     1.8     2.8
04990 20160305  2.422  -96.62   43.73     6.9    -1.7     2.6     1.9     0.0    17.67 C    11.9    -3.1     2.7    87.8    66.0    79.4   0.441   0.448   0.447   0.442   0.481     1.9     1.6     1.7     1.9     2.7
04990 20160306  2.422  -96.62   43.73    19.6     1.4    10.5     9.5     0.0    16.12 C    21.6    -0.7     7.6    90.5    44.3    66.1   0.439   0.445   0.447   0.442   0.480     3.5     3.1     2.5     2.2     2.8
04990 20160307  2.422  -96.62   43.73    20.7     4.5    12.6    12.1     0.0    12.48 C    23.4     2.0    10.8    95.5    57.4    80.6   0.433   0.441   0.449   0.442   0.479     5.4     4.9     3.8     2.9     2.9
04990 20160308  2.422  -96.62   43.73    14.7     2.0     8.4     7.2     0.0     4.56 C    12.8     2.3     6.9    97.2    73.2    86.9   0.430   0.436   0.454   0.445   0.478     6.3     5.9     5.0     3.7     3.2
04990 20160309  2.422  -96.62   43.73     7.2    -2.6     2.3     2.8     0.0     8.01 C    13.2    -5.0     3.2    98.1    66.2    84.2   0.420   0.429   0.454   0.445   0.480     5.2     4.9     4.7     4.1     3.5
04990 20160310  2.422  -96.62   43.73    12.3    -3.3     4.5     3.9     0.0    18.90 C    19.7    -6.1     4.3    98.2    42.7    76.7   0.414   0.424   0.455   0.447   0.481     4.5     4.2     4.2     4.1     3.8
04990 20160311  2.422  -96.62   43.73    23.0     0.1    11.6    10.7     0.0    18.53 C    25.5    -1.2     9.6    85.9    23.2    57.2   0.411   0.418   0.455   0.447   0.482     5.5     5.1     4.5     4.1     3.9
04990 20160312  2.422  -96.62   43.73    20.5     1.7    11.1    11.1     0.0    17.34 C    24.7    -0.4    10.9    97.3    24.0    62.6   0.405   0.413   0.453   0.446   0.484     6.8     6.3     5.4     4.5     4.0
04990 20160313  2.422  -96.62   43.73    15.4     9.1    12.2    11.2     1.9     4.63 C    17.4     8.0    11.0   100.0    80.5    95.2   0.410   0.417   0.454   0.445   0.482     7.9     7.4     6.3     5.1     4.2
04990 20160314  2.422  -96.62   43.73    17.2     8.9    13.0    12.1     0.6     9.72 C    23.6     8.8    12.7   100.0    70.4    91.3   0.409   0.418   0.457   0.449   0.483     8.8     8.3     7.1     5.7     4.5
04990 20160315  2.422  -96.62   43.73    13.3     3.5     8.4     8.7     0.0    13.61 C    15.9     1.1     8.4    92.4    31.5    65.9   0.408   0.415   0.455   0.448   0.481     8.5     8.2     7.5     6.2     4.9
04990 20160316  2.422  -96.62   43.73    11.6    -1.8     4.9     4.5     0.0    18.72 C    15.4    -3.5     4.3    81.5    28.3    56.8   0.394   0.403   0.450   0.447   0.484     6.8     6.5     6.7     6.3     5.1
04990 20160317  2.422  -96.62   43.73     5.6    -3.4     1.1     0.7     0.0    19.30 C    12.5    -4.5     1.4    84.5    37.2    63.0   0.381   0.393   0.439   0.449   0.484     5.5     5.3     5.9     5.9     5.3
04990 20160318  2.422  -96.62   43.73     1.5    -5.8    -2.2    -2.0     0.7     7.17 C     6.0    -6.2    -1.1    92.5    54.2    79.3   0.369   0.383   0.433   0.447   0.483     4.2     4.0     4.9     5.5     5.3
04990 20160319  2.422  -96.62   43.73     3.4    -3.7    -0.1    -0.6     0.7    16.60 C    12.9    -4.4     1.3    94.9    46.6    74.4   0.366   0.378   0.425   0.439   0.485     3.9     3.7     4.3     5.0     5.2
04990 20160320  2.422  -96.62   43.73     5.1    -5.1     0.0    -0.3     0.0    19.12 C    17.0    -7.5     1.0    80.5    39.4    59.3   0.361   0.374   0.422   0.435   0.482     4.0     3.8     4.3     4.7     5.1
04990 20160321  2.422  -96.62   43.73    18.8    -5.1     6.8     6.4     0.0    19.63 C    23.4    -6.3     6.0    79.9    21.7    50.4   0.360   0.371   0.422   0.429   0.483     4.4     4.1     4.2     4.6     5.0
04990 20160322  2.422  -96.62   43.73    14.7     1.6     8.2     7.5     0.0    13.15 C    20.3    -1.3     7.6    85.1    40.2    61.7   0.356   0.370   0.421   0.421   0.482     5.7     5.3     5.0     4.8     5.0
04990 20160323  2.422  -96.62   43.73     3.4    -2.3     0.5    -0.8    13.8     1.96 C     3.0    -3.5    -0.8    95.5    64.8    85.4   0.352   0.366   0.417   0.418   0.482     4.3     4.2     4.9     5.0     5.0
04990 20160324  2.422  -96.62   43.73     4.1    -7.2    -1.6    -1.6     0.0    22.74 C     5.2   -11.5    -3.3    82.8    37.4    64.0   0.374   0.378   0.426   0.425   0.485     3.1     3.0     3.9     4.6     5.0
04990 20160325  2.422  -96.62   43.73     9.7    -5.6     2.0     2.1     0.0    11.97 C    14.0    -7.3     1.7    88.4    53.9    67.8   0.392   0.399   0.442   0.440   0.482     2.8     2.7     3.4     4.2     4.9
04990 20160326  2.422  -96.62   43.73     4.8    -0.5     2.1     1.0    18.4     3.23 C     3.3    -0.5     0.9    97.2    75.1    92.8   0.396   0.407   0.452   0.442   0.485     3.3     3.1     3.6     4.0     4.7
04990 20160327  2.422  -96.62   43.73     3.0    -8.5    -2.8    -1.4     0.2    23.58 C     1.4   -15.4    -3.9    95.4    48.3    71.5   0.414   0.425   0.450   0.445   0.484     2.7     2.6     3.3     4.0     4.6
04990 20160328  2.422  -96.62   43.73    15.3    -5.4     5.0     4.7     0.0    22.75 C    16.8    -8.8     2.5    91.6    40.3    65.0   0.464   0.449   0.452   0.443   0.484     3.0     2.8     3.1     3.7     4.5
04990 20160329  2.422  -96.62   43.73    13.5     1.7     7.6     7.3     2.4     8.77 C    17.1    -0.5     5.9    87.4    49.4    70.7   0.500   0.454   0.456   0.446   0.483     4.4     4.0     3.8     3.9     4.4
04990 20160330  2.422  -96.62   43.73    10.1     6.0     8.0     7.5     8.6     6.02 C    13.5     5.5     7.6    96.5    76.4    86.8   0.508   0.458   0.458   0.447   0.484     6.0     5.5     4.8     4.3     4.4
04990 20160331  2.422  -96.62   43.73     9.4     2.8     6.1     4.9    10.8     5.93 C    15.8     1.8     5.2    96.2    53.8    87.6   0.512   0.462   0.460   0.448   0.484     6.0     5.7     5.4     4.8     4.6
04990 20160401  2.422  -96.62   43.73     3.5    -1.7     0.9     0.7     0.0    15.42 C     8.7    -2.5     1.5    90.0    49.5    70.6   0.515   0.466   0.461   0.450   0.485     4.7     4.5     4.9     4.9     4.7
04990 20160402  2.422  -96.62   43.73     8.1    -1.3     3.4     3.4     0.0    23.24 C    13.5    -2.5     3.8    78.1    28.6    51.1   0.475   0.463   0.462   0.449   0.485     4.4     4.1     4.4     4.7     4.8
04990 20160403  2.422  -96.62   43.73    23.1     1.4    12.2    11.8     0.0    22.23 C    25.2    -0.1    10.4    74.4    24.0    49.6   0.455   0.461   0.462   0.448   0.484     6.3     5.8     5.1     4.7     4.8
04990 20160404  2.422  -96.62   43.73     9.7    -4.6     2.5     2.5     0.0    24.39 C    19.0    -4.6     5.0    83.6    37.7    59.2   0.432   0.443   0.464   0.451   0.483     6.3     6.0     5.8     5.2     4.9
04990 20160405  2.422  -96.62   43.73    16.2     0.3     8.3     7.7     1.7    13.87 C    19.2    -0.8     7.1    86.6    39.9    64.8   0.434   0.449   0.464   0.452   0.488     6.3     5.9     5.8     5.4     5.1
04990 20160406  2.422  -96.62   43.73     8.1     0.6     4.4     3.9     1.4     4.39 C     6.2    -1.5     3.8    92.9    62.1    81.7   0.433   0.446   0.469   0.452   0.487     5.9     5.7     5.8     5.5     5.2
04990 20160407  2.422  -96.62   43.73     7.1    -0.4     3.3     3.6     0.0     9.56 C    12.1    -2.2     3.5    93.6    49.0    71.7   0.423   0.437   0.467   0.452   0.486     5.1     4.9     5.2     5.4     5.3
04990 20160408  2.422  -96.62   43.73     4.6    -7.4    -1.4    -0.2     0.0    25.61 C    12.3    -8.8     1.2    88.9    22.4    54.3   0.407   0.424   0.464   0.450   0.487     4.5     4.3     4.9     5.2     5.3
04990 20160409  2.422  -96.62   43.73    11.2    -9.2     1.0     1.8     0.0    24.54 C    15.2    -9.2     2.9    79.6    18.9    45.4   0.393   0.408   0.458   0.450   0.486     4.0     3.7     4.4     4.9     5.2
04990 20160410  2.422  -96.62   43.73    16.2     0.0     8.1     7.3     0.0    15.19 C    21.7    -1.7     7.3    68.2    31.3    49.2   0.390   0.404   0.451   0.450   0.483     5.4     5.0     4.8     4.8     5.2
04990 20160411  2.422  -96.62   43.73     6.8    -4.7     1.0     1.0     0.0    25.77 C    15.7    -7.2     2.4    75.6    26.6    47.3   0.381   0.391   0.445   0.450   0.488     5.1     4.8     5.0     5.0     5.1
04990 20160412  2.422  -96.62   43.73    19.9    -5.5     7.2     8.3     0.3    22.61 C    23.4    -8.0     8.2    63.1    22.0    40.2   0.374   0.386   0.437   0.448   0.488     5.4     4.9     4.9     5.0     5.2
04990 20160413  2.422  -96.62   43.73    24.4     3.8    14.1    14.9     0.0    25.09 C    32.1     0.4    15.0    68.1    22.9    43.3   0.376   0.386   0.435   0.446   0.486     8.3     7.6     6.3     5.3     5.2
04990 20160414  2.422  -96.62   43.73    25.2     7.0    16.1    16.4     0.0    24.89 C    29.4     4.8    15.6    77.2    22.9    47.1   0.375   0.382   0.435   0.444   0.486    10.0     9.3     7.8     6.2     5.4
04990 20160415  2.422  -96.62   43.73    23.7     8.6    16.2    16.4     0.0    14.37 C    27.9     6.5    15.2    68.4    32.6    48.3   0.368   0.379   0.431   0.432   0.486    10.2     9.6     8.6     7.0     5.7
04990 20160416  2.422  -96.62   43.73    23.5    11.1    17.3    16.5     0.0    12.51 C    29.2     8.8    16.0    88.1    42.2    67.8   0.367   0.378   0.430   0.426   0.487    11.3    10.7     9.3     7.5     6.0
04990 20160417  2.422  -96.62   43.73    23.8    11.4    17.6    16.7     0.0    13.16 C    30.5     9.9    16.8    90.0    43.9    69.0   0.366   0.375   0.429   0.424   0.488    12.1    11.5    10.0     8.2     6.4
04990 20160418  2.422  -96.62   43.73    16.3     5.5    10.9    11.3    28.3     2.67 C    16.2     6.1    11.4    98.4    82.3    93.5   0.434   0.417   0.450   0.436   0.488    11.8    11.4    10.6     9.0     6.9
04990 20160419  2.422  -96.62   43.73    16.0     3.7     9.8     9.3     0.0    13.99 C    25.0     4.6    11.1    99.6    61.7    87.3   0.502   0.463   0.469   0.453   0.490    11.2    10.7    10.1     9.1     7.3
04990 20160420  2.422  -96.62   43.73    13.6     8.4    11.0    11.0    13.8     4.03 C    15.6     5.7    11.0   100.0    80.3    94.7   0.492   0.466   0.470   0.454   0.490    11.1    10.7    10.2     9.1     7.5
04990 20160421  2.422  -96.62   43.73    19.7     5.5    12.6    12.5     0.6    20.30 C    27.7     4.3    13.5    95.4    49.1    76.4   0.520   0.468   0.473   0.455   0.490    12.1    11.5    10.6     9.3     7.7
04990 20160422  2.422  -96.62   43.73    17.5     1.0     9.2     9.3     0.0    27.31 C    26.2     1.1    12.0    94.6    39.0    70.0   0.482   0.469   0.476   0.459   0.492    11.8    11.3    10.7     9.5     7.8
04990 20160423  2.422  -96.62   43.73    24.8     5.0    14.9    15.7     0.0    24.84 C    27.6     4.4    15.8    92.7    39.8    66.8   0.466   0.469   0.476   0.458   0.491    12.5    11.8    11.0     9.6     7.9
04990 20160424  2.422  -96.62   43.73    24.3    12.5    18.4    16.6     8.0    13.92 C    30.5    11.1    16.3    93.6    49.7    74.3   0.479   0.463   0.477   0.458   0.491    13.6    13.0    11.8    10.0     8.2
04990 20160425  2.422  -96.62   43.73    13.9     8.5    11.2    11.2     0.0    10.34 C    19.2     7.6    12.1    97.8    66.9    83.3   0.518   0.473   0.479   0.459   0.493    13.3    12.8    12.1    10.6     8.5
04990 20160426  2.422  -96.62   43.73    11.3     6.6     9.0     8.2     0.0     6.91 C    16.2     7.2     9.5    96.5    72.9    83.9   0.474   0.471   0.478   0.459   0.491    11.7    11.4    11.4    10.5     8.7
04990 20160427  2.422  -96.62   43.73     7.3     3.1     5.2     4.8    29.6     2.84 C     7.5     3.5     5.2    94.5    84.3    91.7   0.512   0.469   0.476   0.460   0.493     9.2     9.2    10.1    10.1     8.9
04990 20160428  2.422  -96.62   43.73     5.0     2.7     3.9     3.6     6.4     4.71 C    10.1     3.5     4.9    97.4    82.4    91.5   0.528   0.471   0.474   0.460   0.494     8.0     7.9     8.6     9.3     8.9
04990 20160429  2.422  -96.62   43.73    10.8     3.2     7.0     6.5     0.0    14.00 C    17.0     3.9     8.0    96.8    59.0    80.2   0.529   0.473   0.475   0.460   0.492     8.7     8.5     8.5     8.8     8.6
04990 20160430  2.422  -96.62   43.73     6.7     4.7     5.7     5.8    19.7     2.02 C     6.3     4.5     5.6    94.1    79.3    87.3   0.526   0.472   0.475   0.459   0.491     8.1     8.0     8.6     8.7     8.5
04990 20160501  2.422  -96.62   43.73    14.3     3.5     8.9     8.1     1.9    22.55 C    23.3     1.0     9.4    93.1    39.5    69.6   0.534   0.471   0.474   0.461   0.492     9.2     8.8     8.4     8.4     8.4
04990 20160502  2.422  -96.62   43.73    17.7     2.2     9.9    10.9     0.0    22.64 C    27.0    -0.2    10.9    85.1    33.6    55.7   0.518   0.473   0.477   0.460   0.493    10.2     9.8     9.2     8.7     8.3
04990 20160503  2.422  -96.62   43.73    22.8     2.7    12.8    13.3     0.0    27.01 C    26.4     0.6    12.8    94.0    27.9    55.4   0.485   0.473   0.475   0.460   0.493    11.4    10.8     9.8     9.0     8.3
04990 20160504  2.422  -96.62   43.73    20.4     4.6    12.5    12.7     0.0    25.86 C    28.4     3.0    13.7    72.4    23.3    44.4   0.463   0.465   0.475   0.460   0.494    12.2    11.6    10.7     9.4     8.4
04990 20160505  2.422  -96.62   43.73    25.8     5.5    15.6    16.6     0.0    27.80 C    32.6     2.3    16.4    70.3    29.4    45.3   0.448   0.450   0.478   0.459   0.491    13.2    12.5    11.3     9.8     8.5
04990 20160506  2.422  -96.62   43.73    31.7     9.1    20.4    21.0     2.0    27.15 C    35.4     7.8    20.4    78.9    22.3    46.7   0.433   0.432   0.474   0.460   0.491    15.0    14.2    12.4    10.4     8.7
04990 20160507  2.422  -96.62   43.73    19.4     9.2    14.3    14.0     1.1    17.80 C    28.0     5.4    14.2    67.4    29.9    46.4   0.435   0.436   0.477   0.462   0.494    14.4    13.9    13.1    11.2     9.0
04990 20160508  2.422  -96.62   43.73    23.0     7.7    15.4    15.7     0.0    26.66 C    30.0     4.9    16.9    77.4    25.3    45.2   0.420   0.422   0.471   0.461   0.494    14.3    13.7    12.8    11.4     9.3
04990 20160509  2.422  -96.62   43.73    21.7    11.7    16.7    14.7     0.9    10.29 C    28.4    10.5    14.8    95.0    47.2    77.7   0.415   0.415   0.464   0.461   0.495    14.4    13.9    13.1    11.6     9.6
04990 20160510  2.422  -96.62   43.73    22.3    11.0    16.7    15.9     3.6    16.66 C    32.4     9.6    17.8    96.5    53.7    81.9   0.410   0.412   0.458   0.462   0.495    14.9    14.3    13.2    11.7     9.8
04990 20160511  2.422  -96.62   43.73    18.4    10.1    14.3    13.7    12.8    16.46 C    26.8     9.3    15.0    96.9    40.8    76.4   0.511   0.474   0.482   0.463   0.495    15.7    15.2    14.0    12.3    10.2
04990 20160512  2.422  -96.62   43.73    16.3     6.5    11.4    10.6     0.0    17.55 C    22.9     3.3    11.3    81.7    46.9    65.2   0.468   0.471   0.485   0.466   0.494    14.4    14.0    13.7    12.5    10.3
04990 20160513  2.422  -96.62   43.73 -9999.0 -9999.0 -9999.0 -9999.0 -9999.0 -9999.00 U -9999.0 -9999.0 -9999.0 -9999.0 -9999.0 -9999.0 -99.000 -99.000 -99.000 -99.000 -99.000 -9999.0 -9999.0 -9999.0 -9999.0 -9999.0
04990 20160514  2.422  -96.62   43.73    13.7    -0.7     6.5     6.5     0.0    22.35 C    21.1    -1.7     7.9    85.3    33.8    59.2   0.450   0.453   0.479   0.462   0.495    11.0    10.6    11.1    11.3    10.4
04990 20160515  2.422  -96.62   43.73    18.7     1.3    10.0    11.1     0.0    25.53 C    29.1    -0.5    11.9    90.2    25.0    52.1   0.438   0.441   0.478   0.461   0.495    12.2    11.6    11.2    10.9    10.3
04990 20160516  2.422  -96.62   43.73    19.9     4.7    12.3    13.0     0.0    20.02 C    28.0     1.5    13.9    76.5    28.7    52.4   0.426   0.422   0.471   0.461   0.495    13.1    12.6    11.9    11.1    10.2
04990 20160517  2.422  -96.62   43.73    19.9     4.3    12.1    13.1     0.0    28.29 C    30.8     2.2    15.4    79.0    26.6    47.4   0.416   0.411   0.459   0.460   0.496    14.1    13.6    12.5    11.3    10.2
04990 20160518  2.422  -96.62   43.73    21.1     4.8    13.0    13.8     0.0    28.23 C    31.7     2.5    15.4    64.6    25.4    42.8   0.407   0.403   0.448   0.456   0.495    14.6    14.1    13.1    11.7    10.3
04990 20160519  2.422  -96.62   43.73    23.0     7.1    15.1    15.1     0.0    19.26 C    29.8     6.3    15.2    78.5    29.6    52.8   0.402   0.395   0.441   0.443   0.494    14.7    14.2    13.4    12.1    10.4
04990 20160520  2.422  -96.62   43.73    20.3     7.4    13.9    14.3     0.0    16.94 C    27.7     5.2    14.4    85.7    43.6    63.5   0.398   0.389   0.437   0.433   0.496    14.5    14.0    13.4    12.2    10.6
04990 20160521  2.422  -96.62   43.73    23.9     8.4    16.2    16.2     0.0    27.58 C    30.4     6.5    16.9    82.6    27.0    52.3   0.394   0.382   0.434   0.428   0.496    15.2    14.5    13.5    12.3    10.7
04990 20160522  2.422  -96.62   43.73    28.6     8.6    18.6    20.0     0.0    23.76 C    32.7     6.7    19.9    75.9    39.7    54.5   0.391   0.376   0.429   0.425   0.498    16.2    15.4    14.1    12.6    10.8
04990 20160523  2.422  -96.62   43.73    23.1    14.9    19.0    18.5    15.0    12.23 C    27.8    12.6    18.9    97.5    60.1    83.5   0.439   0.424   0.465   0.453   0.498    17.3    16.6    15.2    13.2    11.1
04990 20160524  2.422  -96.62   43.73    28.9    13.9    21.4    20.9     0.0    26.90 C    36.9    12.5    22.8   100.0    26.1    68.5   0.417   0.404   0.457   0.456   0.496    18.6    17.9    16.0    13.7    11.3
04990 20160525  2.422  -96.62   43.73    26.0    14.8    20.4    19.9    20.4    21.43 C    31.8    15.0    20.8    94.9    52.4    75.5   0.465   0.462   0.483   0.462   0.497    19.3    18.7    17.1    14.7    12.0
04990 20160526  2.422  -96.62   43.73    24.5    12.8    18.6    18.6     0.0    20.49 C    32.6    11.4    19.7    91.3    44.0    64.8   0.456   0.457   0.490   0.466   0.497    18.9    18.4    17.2    15.0    12.1
04990 20160527  2.422  -96.62   43.73    22.7    13.2    17.9    17.7     0.5    15.38 C    33.4    12.4    18.8    92.6    57.0    76.6   0.445   0.441   0.488   0.468   0.496    18.4    17.9    17.0    15.2    12.4
04990 20160528  2.422  -96.62   43.73    20.3    13.7    17.0    16.4    35.0    12.54 C    27.4    13.6    17.8    97.0    69.8    89.0   0.504   0.477   0.489   0.471   0.500    18.4    17.8    17.1    15.5    12.9
04990 20160529  2.422  -96.62   43.73    25.0    12.7    18.8    19.0     0.0    28.35 C    32.8    12.2    20.3    97.8    31.2    66.9   0.498   0.485   0.492   0.471   0.501    19.3    18.6    17.3    15.5    13.0
04990 20160530  2.422  -96.62   43.73    28.2    14.8    21.5    21.3     0.7    24.54 C    33.4    12.7    21.8    86.0    37.8    61.0   0.469   0.474   0.492   0.471   0.502    19.7    19.1    17.8    15.7    13.0
04990 20160531  2.422  -96.62   43.73    22.3    13.7    18.0    17.8     1.3    26.67 C    31.4    12.8    20.1    94.6    38.8    64.7   0.462   0.459   0.493   0.472   0.500    20.1    19.6    18.2    16.1    13.2
04990 20160601  2.422  -96.62   43.73    21.1    11.0    16.0    15.5     0.0    25.31 C    27.9     8.3    16.8    84.8    38.5    61.0   0.443   0.435   0.482   0.471   0.502    18.8    18.5    17.9    16.3    13.4
04990 20160602  2.422  -96.62   43.73    26.5     7.3    16.9    18.0     0.0    26.15 C    32.8     6.1    19.2    92.5    39.1    59.6   0.426   0.414   0.465   0.469   0.501    18.4    17.9    17.3    16.0    13.6
04990 20160603  2.422  -96.62   43.73    25.0    13.4    19.2    17.7    12.1    10.81 C    30.0    12.3    17.8    91.6    54.3    78.9   0.444   0.429   0.471   0.468   0.500    18.8    18.4    17.7    16.1    13.7
04990 20160604  2.422  -96.62   43.73    22.3    13.0    17.6    17.0     0.0    14.45 C    28.6    12.0    17.2    86.9    50.9    74.0   0.470   0.459   0.490   0.471   0.503    17.9    17.5    17.3    16.1    13.9
04990 20160605  2.422  -96.62   43.73    27.9    11.6    19.8    20.3     0.0    28.64 C    32.4    10.6    20.2    89.7    20.5    52.6   0.445   0.435   0.483   0.468   0.501    18.7    18.2    17.3    16.0    13.8
04990 20160606  2.422  -96.62   43.73    21.5    12.1    16.8    17.4     0.0    24.87 C    30.2    10.4    18.5    76.4    39.5    52.3   0.426   0.412   0.463   0.467   0.501    18.6    18.2    17.5    16.1    13.9
04990 20160607  2.422  -96.62   43.73    23.0     9.6    16.3    17.1     0.0    29.17 C    32.6     8.8    19.3    84.1    31.7    54.2   0.421   0.400   0.449   0.453   0.501    18.7    18.2    17.4    16.1    14.0
04990 20160608  2.422  -96.62   43.73    30.4    13.5    22.0    22.2     1.7    22.80 C    35.4    12.0    22.0    67.3    36.5    50.4   0.414   0.395   0.446   0.440   0.499    19.3    18.8    17.8    16.3    14.1
04990 20160609  2.422  -96.62   43.73    34.3    17.9    26.1    26.9     0.0    28.19 C    37.7    16.2    26.7    86.9    32.9    56.7   0.403   0.387   0.441   0.434   0.500    21.6    20.9    18.8    16.6    14.2
04990 20160610  2.422  -96.62   43.73    34.2    20.4    27.3    27.8     0.0    23.33 C    38.6    18.7    27.2    82.6    40.4    58.2   0.393   0.374   0.437   0.433   0.500    22.8    22.2    20.2    17.4    14.4
04990 20160611  2.422  -96.62   43.73    35.3    20.9    28.1    27.9     0.0    25.06 C    39.5    19.9    28.0    84.6    38.9    61.2   0.375   0.362   0.436   0.434   0.499    23.7    23.0    21.0    18.1    14.7
04990 20160612  2.422  -96.62   43.73    34.9    21.8    28.4    28.5     0.0    25.35 C    38.8    20.9    28.2    80.9    33.6    56.9   0.350   0.350   0.426   0.431   0.498    24.3    23.7    21.8    18.8    15.1
04990 20160613  2.422  -96.62   43.73    26.4    19.6    23.0    22.4     0.5    16.27 C    35.9    19.6    23.6    90.7    63.2    78.7   0.330   0.337   0.421   0.432   0.498    23.4    22.9    21.8    19.2    15.5
04990 20160614  2.422  -96.62   43.73    27.2    19.0    23.1    22.3     3.3    16.17 C    33.3    16.7    22.6    95.8    55.4    79.5   0.332   0.337   0.420   0.428   0.497    22.6    22.2    21.4    19.3    15.8
04990 20160615  2.422  -96.62   43.73    28.6    14.6    21.6    22.1     0.0    29.32 C    35.7    14.1    24.0    96.0    43.6    67.1   0.320   0.331   0.419   0.423   0.495    22.8    22.3    21.2    19.2    16.0
04990 20160616  2.422  -96.62   43.73    30.9    13.9    22.4    23.2     0.0    28.67 C    36.3    12.1    24.7    96.7    43.6    69.3   0.297   0.316   0.413   0.427   0.493    22.8    22.3    21.3    19.3    16.1
04990 20160617  2.422  -96.62   43.73    33.9    18.1    26.0    25.3    18.6    25.53 C    39.9    17.6    26.8    94.2    54.2    72.4   0.308   0.323   0.410   0.427   0.497    23.9    23.4    22.0    19.5    16.4
04990 20160618  2.422  -96.62   43.73    28.0    17.9    22.9    22.7     0.0    19.81 C    35.0    17.9    23.7    93.6    48.0    73.2   0.372   0.361   0.412   0.426   0.492    23.1    22.7    21.9    19.8    16.6
04990 20160619  2.422  -96.62   43.73    32.0    19.2    25.6    26.5     0.0    27.77 C    35.6    19.0    27.0    95.9    48.7    70.7   0.338   0.342   0.410   0.424   0.497    24.0    23.4    22.1    19.9    16.7
04990 20160620  2.422  -96.62   43.73    27.1    16.0    21.5    21.9     0.0    27.43 C    35.0    12.8    23.3    80.6    29.9    48.0   0.310   0.322   0.410   0.411   0.496    23.7    23.2    22.4    20.2    16.9
04990 20160621  2.422  -96.62   43.73    28.7    12.0    20.3    22.1     0.8    27.71 C    35.9    10.4    23.4    87.1    34.4    53.1   0.283   0.304   0.402   0.412   0.495    22.5    22.2    21.7    20.1    17.1
04990 20160622  2.422  -96.62   43.73    29.6    17.0    23.3    23.0     0.9    27.59 C    36.8    16.1    24.7    94.3    30.1    67.8   0.267   0.291   0.398   0.410   0.495    23.5    23.0    22.0    20.1    17.2
04990 20160623  2.422  -96.62   43.73    24.9    13.3    19.1    19.0     0.0    25.29 C    34.7    13.4    21.9    90.8    44.6    68.3   0.248   0.277   0.391   0.407   0.493    22.6    22.3    21.8    20.2    17.3
04990 20160624  2.422  -96.62   43.73    29.5    15.1    22.3    23.3     0.0    27.25 C    37.4    15.2    25.1    93.0    49.1    71.6   0.234   0.264   0.383   0.405   0.498    23.0    22.5    21.7    20.1    17.3
04990 20160625  2.422  -96.62   43.73    28.9    19.4    24.2    24.5     2.9    14.81 C    31.8    15.8    24.0    87.4    50.1    71.1   0.225   0.256   0.381   0.408   0.497    23.5    23.0    22.2    20.3    17.4
04990 20160626  2.422  -96.62   43.73    30.2    12.9    21.6    23.0     0.0    29.60 C    35.6    10.1    22.9    82.7    29.5    50.7   0.218   0.248   0.374   0.405   0.497    22.7    22.2    21.6    20.2    17.6
04990 20160627  2.422  -96.62   43.73    26.5    14.7    20.6    20.7     0.0    23.18 C    35.1    13.5    22.2    84.8    40.3    61.9   0.211   0.237   0.367   0.402   0.495    22.4    22.0    21.5    20.2    17.6
04990 20160628  2.422  -96.62   43.73    25.5    12.9    19.2    19.1     0.0    22.60 C    35.7    12.5    21.5    90.6    45.6    68.7   0.204   0.229   0.359   0.400   0.497    21.9    21.6    21.2    20.0    17.7
04990 20160629  2.422  -96.62   43.73    26.8    16.0    21.4    21.3    54.1    25.38 C    35.2    15.3    23.1    95.5    54.4    75.4   0.384   0.375   0.426   0.435   0.501    21.4    21.0    20.5    19.7    17.9
04990 20160630  2.422  -96.62   43.73    25.6    12.0    18.8    20.5     0.0    27.14 C    34.3    11.6    22.9    98.5    39.4    68.9   0.369   0.365   0.427   0.424   0.503    22.6    22.2    21.3    19.9    17.7
04990 20160701  2.422  -96.62   43.73    23.4     8.8    16.1    16.7     0.0    25.19 C    32.6     9.7    19.4    91.8    42.7    70.0   0.343   0.346   0.420   0.418   0.502    21.3    21.0    21.0    19.9    17.7
04990 20160702  2.422  -96.62   43.73    25.2    13.2    19.2    18.9     0.0    25.78 C    34.1    12.8    21.1    93.3    50.5    72.4   0.327   0.336   0.418   0.415   0.499    21.6    21.2    20.8    19.8    17.7
04990 20160703  2.422  -96.62   43.73    24.7    11.6    18.1    18.2     0.0    29.37 C    32.8    10.1    20.8    96.9    45.3    72.0   0.310   0.323   0.409   0.412   0.497    21.3    20.9    20.7    19.7    17.7
04990 20160704  2.422  -96.62   43.73    27.9    14.3    21.1    20.6     0.0    18.76 C    34.5    14.4    22.1    97.1    59.2    81.5   0.297   0.315   0.406   0.412   0.500    21.7    21.2    20.8    19.7    17.7
04990 20160705  2.422  -96.62   43.73    32.5    17.6    25.0    23.7     0.0    23.36 C    37.1    17.4    25.1    97.6    51.5    80.5   0.286   0.306   0.406   0.410   0.499    23.0    22.4    21.4    19.8    17.7
04990 20160706  2.422  -96.62   43.73    29.5    16.8    23.1    22.7    12.3    26.05 C    36.9    16.7    24.8    93.8    36.9    70.6   0.277   0.297   0.398   0.408   0.498    23.3    22.9    22.0    20.2    17.9
04990 20160707  2.422  -96.62   43.73    24.3    15.0    19.7    19.4     2.3    12.40 C    30.7    13.0    19.8    97.4    66.7    87.6   0.320   0.322   0.396   0.408   0.500    22.3    22.0    21.8    20.4    17.9
04990 20160708  2.422  -96.62   43.73    26.1    14.4    20.3    20.4     0.0    29.00 C    32.7    13.8    21.9    94.9    43.8    68.2   0.309   0.317   0.395   0.406   0.500    22.1    21.6    21.2    20.2    18.0
04990 20160709  2.422  -96.62   43.73    28.4    15.2    21.8    22.6     0.0    27.39 C    35.0    14.2    24.3    92.0    56.8    75.4   0.291   0.306   0.393   0.406   0.499    22.6    22.1    21.5    20.1    18.0
04990 20160710  2.422  -96.62   43.73    28.1    17.4    22.7    22.5    48.5    16.21 C    30.3    17.4    22.9    97.0    66.2    85.8   0.425   0.421   0.450   0.440   0.502    22.3    21.8    21.4    20.3    18.5
04990 20160711  2.422  -96.62   43.73    30.5    20.0    25.2    25.9     0.0    16.12 C    34.3    19.0    25.9    90.8    55.0    76.7   0.446   0.444   0.470   0.461   0.507    23.6    23.0    22.0    20.5    18.5
04990 20160712  2.422  -96.62   43.73    28.3    13.4    20.9    21.9     0.0    28.32 C    32.9    13.4    22.9    89.1    35.0    60.2   0.401   0.407   0.457   0.456   0.505    23.2    22.7    22.2    20.7    18.4
04990 20160713  2.422  -96.62   43.73    28.1    17.8    22.9    22.6     0.0    27.46 C    33.3    15.7    23.7    96.9    35.8    64.8   0.374   0.380   0.441   0.436   0.504    23.4    22.9    22.3    20.8    18.5
04990 20160714  2.422  -96.62   43.73    25.0    12.3    18.7    19.0     0.0    25.92 C    30.6    11.9    20.4    91.0    47.2    68.3   0.351   0.359   0.430   0.422   0.506    22.5    22.2    22.0    20.8    18.5
04990 20160715  2.422  -96.62   43.73    23.5     9.2    16.3    17.2     0.0    23.86 C    30.8     9.5    19.0    96.2    48.7    72.0   0.335   0.349   0.426   0.418   0.505    21.3    21.0    21.3    20.6    18.5
04990 20160716  2.422  -96.62   43.73    27.0    11.9    19.4    20.4     4.0    22.87 C    32.6    11.1    21.9    97.2    58.0    78.7   0.323   0.337   0.421   0.414   0.504    21.3    20.9    20.9    20.2    18.5
04990 20160717  2.422  -96.62   43.73    28.5    16.7    22.6    21.8     1.4    26.31 C    34.3    16.1    23.4    96.5    40.8    75.3   0.337   0.342   0.417   0.413   0.501    22.7    22.3    21.5    20.2    18.5
04990 20160718  2.422  -96.62   43.73    29.3    13.9    21.6    22.8     0.0    27.74 C    35.7    13.1    24.6    96.5    50.5    76.2   0.317   0.334   0.417   0.414   0.500    23.0    22.5    21.8    20.5    18.5
04990 20160719  2.422  -96.62   43.73    28.8    20.6    24.7    24.4     4.7    20.96 C    34.2    20.7    25.8    96.3    65.7    84.4   0.319   0.331   0.414   0.412   0.500    24.0    23.4    22.4    20.8    18.5
04990 20160720  2.422  -96.62   43.73    32.8    22.1    27.5    26.9     0.0    23.02 C    37.8    22.0    28.2    95.9    61.9    81.0   0.312   0.327   0.413   0.408   0.497    25.0    24.3    23.1    21.1    18.7
04990 20160721  2.422  -96.62   43.73    32.8    22.5    27.6    27.9     0.0    26.20 C    39.0    21.9    29.7    94.1    65.4    81.4   0.299   0.318   0.406   0.412   0.499    26.1    25.4    23.9    21.6    18.8
04990 20160722  2.422  -96.62   43.73    32.5    24.1    28.3    28.1     0.0    22.94 C    39.7    23.7    29.7    95.0    67.8    83.1   0.284   0.309   0.406   0.411   0.500    26.7    26.1    24.7    22.2    19.1
04990 20160723  2.422  -96.62   43.73    32.9    21.1    27.0    27.2    20.0    21.46 C    37.8    21.0    28.4    96.1    53.0    81.0   0.359   0.366   0.427   0.415   0.496    26.5    26.0    25.0    22.6    19.4
04990 20160724  2.422  -96.62   43.73    26.1    17.5    21.8    22.1     0.0    18.79 C    34.4    16.3    23.2    94.4    52.0    75.9   0.342   0.355   0.427   0.411   0.499    25.3    25.0    24.7    22.8    19.6
04990 20160725  2.422  -96.62   43.73    30.0    14.3    22.1    23.0     0.0    27.24 C    36.4    13.2    24.1    92.5    38.5    65.9   0.321   0.337   0.416   0.409   0.499    24.0    23.6    23.6    22.5    19.7
04990 20160726  2.422  -96.62   43.73    30.9    16.8    23.8    24.0     0.0    24.38 C    37.3    16.6    25.3    94.8    43.2    71.5   0.301   0.324   0.409   0.409   0.499    24.4    23.9    23.5    22.3    19.9
04990 20160727  2.422  -96.62   43.73    27.4    17.6    22.5    23.1     0.0    22.84 C    35.5    17.3    25.1    86.2    56.0    73.2   0.285   0.311   0.406   0.408   0.499    24.6    24.2    23.8    22.3    19.9
04990 20160728  2.422  -96.62   43.73    25.6    14.8    20.2    19.2     0.0    20.30 C    34.7    14.3    21.3    92.6    54.8    77.0   0.271   0.300   0.402   0.406   0.501    23.5    23.2    23.4    22.3    19.9
04990 20160729  2.422  -96.62   43.73    25.5    12.6    19.1    19.2     0.0    27.16 C    34.5    12.7    21.3    93.2    42.9    70.0   0.257   0.288   0.395   0.404   0.498    22.7    22.5    22.7    21.9    19.9
04990 20160730  2.422  -96.62   43.73    27.0    12.2    19.6    20.0     0.0    26.99 C    35.0    10.6    22.0    95.6    44.9    71.4   0.243   0.280   0.391   0.404   0.500    22.4    22.0    22.2    21.6    19.9
04990 20160731  2.422  -96.62   43.73    29.6    16.3    22.9    22.4     8.0    20.96 C    36.8    16.2    23.9    95.2    61.0    81.8   0.245   0.283   0.387   0.403   0.496    23.1    22.6    22.3    21.5    19.8
04990 20160801  2.422  -96.62   43.73    27.7    19.8    23.8    22.7     1.3    15.77 C    33.8    19.8    23.9    97.1    58.5    83.2   0.246   0.281   0.383   0.403   0.498    23.7    23.2    22.7    21.6    19.7
04990 20160802  2.422  -96.62   43.73    28.7    19.0    23.9    23.4     0.0    16.40 C    35.8    18.9    24.7    97.1    68.9    85.3   0.245   0.276   0.383   0.401   0.498    23.7    23.3    22.8    21.6    19.7
04990 20160803  2.422  -96.62   43.73    30.5    19.6    25.1    24.8     0.0    19.04 C    36.2    18.1    25.9    98.0    60.8    83.0   0.240   0.271   0.378   0.401   0.497    24.0    23.5    23.0    21.6    19.8
04990 20160804  2.422  -96.62   43.73    26.8    16.9    21.8    22.7     0.7    18.43 C    33.1    15.6    23.5    94.7    44.9    71.8   0.235   0.267   0.377   0.401   0.491    24.0    23.6    23.2    21.8    19.8
04990 20160805  2.422  -96.62   43.73    25.7    12.6    19.2    19.7     0.0    26.72 C    33.8    11.5    21.3    95.2    43.0    68.3   0.225   0.257   0.372   0.399   0.490    22.6    22.3    22.4    21.7    19.9
04990 20160806  2.422  -96.62   43.73    26.4    12.1    19.2    19.9     0.0    23.14 C    34.9    10.8    21.2    97.2    41.0    69.9   0.215   0.247   0.364   0.399   0.491    21.9    21.6    21.9    21.4    19.8
04990 20160807  2.422  -96.62   43.73    26.8    15.9    21.3    20.7     0.0    23.15 C    35.2    14.8    22.7    90.4    44.7    69.6   0.210   0.240   0.359   0.392   0.490    22.4    22.0    21.9    21.2    19.8
04990 20160808  2.422  -96.62   43.73    27.2    13.9    20.5    20.5     0.0    22.88 C    36.0    13.0    22.3    96.3    47.4    75.7   0.204   0.233   0.354   0.390   0.488    22.1    21.8    21.8    21.1    19.7
04990 20160809  2.422  -96.62   43.73    32.4    17.8    25.1    24.7     0.0    22.84 C    40.0    17.8    26.9    97.0    51.7    79.8   0.202   0.230   0.348   0.387   0.490    23.6    23.0    22.2    21.1    19.6
04990 20160810  2.422  -96.62   43.73    33.9    22.1    28.0    27.3     0.0    22.06 C    41.7    21.7    28.9    96.0    51.7    76.0   0.200   0.227   0.343   0.390   0.486    24.9    24.3    23.2    21.5    19.6
04990 20160811  2.422  -96.62   43.73    26.0    18.7    22.3    21.9    23.7     9.92 C    31.5    18.8    22.6    95.6    73.3    88.3   0.314   0.333   0.370   0.390   0.491    23.8    23.4    23.2    21.8    19.7
04990 20160812  2.422  -96.62   43.73    27.2    17.0    22.1    21.1     0.0    15.40 C    33.8    15.6    21.9    94.1    54.5    78.6   0.305   0.319   0.362   0.389   0.490    23.1    22.8    22.7    21.7    19.8
04990 20160813  2.422  -96.62   43.73    27.4    14.7    21.0    20.9     0.0    22.88 C    32.7    13.7    21.8    96.0    43.1    73.8   0.288   0.306   0.361   0.388   0.489    22.5    22.1    22.2    21.5    19.8
04990 20160814  2.422  -96.62   43.73    27.2    14.9    21.1    20.8     0.0    24.66 C    34.0    14.1    22.1    90.3    42.4    69.2   0.271   0.291   0.357   0.386   0.490    22.2    21.8    21.9    21.3    19.8
04990 20160815  2.422  -96.62   43.73    27.5    15.7    21.6    20.8     0.0    14.32 C    34.0    15.3    21.8    94.3    53.9    78.0   0.260   0.280   0.353   0.385   0.488    22.1    21.7    21.7    21.2    19.8
04990 20160816  2.422  -96.62   43.73    29.4    16.9    23.2    22.5     0.0    22.58 C    35.4    15.8    23.7    96.5    42.6    73.7   0.250   0.272   0.348   0.384   0.491    22.6    22.2    21.8    21.1    19.7
04990 20160817  2.422  -96.62   43.73    29.9    16.0    23.0    22.8     0.0    24.72 C    36.0    15.3    24.1    94.0    44.1    71.5   0.238   0.262   0.346   0.382   0.484    22.8    22.3    22.0    21.1    19.6
04990 20160818  2.422  -96.62   43.73    31.1    18.2    24.7    24.0     6.6    22.03 C    37.6    17.7    25.6    96.3    56.2    79.7   0.228   0.254   0.343   0.380   0.488    23.5    23.0    22.4    21.2    19.6
04990 20160819  2.422  -96.62   43.73    21.0    15.5    18.2    18.6     2.2     7.23 C    23.0    15.3    19.0    95.7    64.1    86.2   0.250   0.248   0.338   0.380   0.484    22.5    22.2    22.3    21.4    19.7
04990 20160820  2.422  -96.62   43.73    22.2    11.9    17.1    16.2     3.0    18.65 C    26.4    11.6    17.2    95.2    51.9    77.7   0.265   0.255   0.337   0.377   0.485    21.1    20.9    21.3    21.1    19.7
04990 20160821  2.422  -96.62   43.73    25.5     8.9    17.2    17.3     0.0    24.32 C    31.0     8.1    18.6    96.3    34.9    70.7   0.253   0.257   0.333   0.377   0.487    20.2    20.0    20.5    20.6    19.6
04990 20160822  2.422  -96.62   43.73    29.6    14.5    22.0    21.9     0.0    23.05 C    34.6    14.2    22.8    87.9    47.5    66.6   0.243   0.254   0.331   0.375   0.483    21.2    20.7    20.7    20.3    19.5
04990 20160823  2.422  -96.62   43.73    23.8    16.3    20.0    20.3     1.4     8.26 C    27.7    16.0    20.8    97.4    71.2    85.5   0.235   0.250   0.331   0.376   0.483    21.3    20.9    21.0    20.4    19.4
04990 20160824  2.422  -96.62   43.73    23.9    14.1    19.0    19.0     0.0    13.63 C    28.9    11.8    19.0    96.7    50.5    74.6   0.231   0.247   0.330   0.377   0.488    21.1    20.8    20.8    20.3    19.3
04990 20160825  2.422  -96.62   43.73    22.9    11.5    17.2    16.7     0.0    19.97 C    27.7    10.1    17.5    91.1    47.6    72.1   0.224   0.242   0.327   0.374   0.484    20.1    19.8    20.2    20.1    19.2
04990 20160826  2.422  -96.62   43.73    22.5     9.7    16.1    16.3     0.0    16.03 C    28.8     8.3    17.5    96.5    54.2    79.5   0.216   0.236   0.325   0.373   0.483    19.3    19.1    19.7    19.8    19.1
04990 20160827  2.422  -96.62   43.73    24.6    14.5    19.5    18.3    10.7    13.12 C    29.4    14.8    19.2    97.3    60.3    85.7   0.247   0.240   0.323   0.373   0.485    19.9    19.6    19.7    19.5    19.0
04990 20160828  2.422  -96.62   43.73    31.6    16.4    24.0    23.4     0.0    21.77 C    37.7    16.0    24.5    96.6    54.7    79.4   0.248   0.247   0.325   0.374   0.485    21.3    20.8    20.2    19.5    18.9
04990 20160829  2.422  -96.62   43.73    29.1    17.1    23.1    22.6     0.0    18.32 C    36.1    17.1    23.5    97.0    56.9    81.1   0.242   0.248   0.325   0.371   0.484    22.3    21.8    21.1    19.9    18.8
04990 20160830  2.422  -96.62   43.73    27.7    16.4    22.0    21.8     0.0    17.72 C    35.1    14.2    22.8    95.0    59.8    80.8   0.236   0.246   0.326   0.370   0.482    22.3    21.8    21.3    20.2    18.9
04990 20160831  2.422  -96.62   43.73    27.2    13.7    20.5    20.2     0.0    21.19 C    33.3    12.5    20.8    94.4    43.7    71.3   0.226   0.241   0.323   0.369   0.481    21.2    20.9    21.0    20.3    19.0
04990 20160901  2.422  -96.62   43.73    26.7    12.7    19.7    18.8     0.0    21.58 C    33.1    10.7    20.0    97.8    46.7    75.6   0.218   0.235   0.321   0.369   0.481    20.6    20.3    20.6    20.1    19.0
04990 20160902  2.422  -96.62   43.73    24.8    10.4    17.6    17.4     0.0    18.66 C    31.2    10.5    18.6    94.1    48.3    73.6   0.210   0.230   0.318   0.369   0.481    20.2    19.9    20.2    19.9    19.0
04990 20160903  2.422  -96.62   43.73    25.2    13.9    19.6    19.3     0.0    14.69 C    30.5    13.8    20.2    90.0    51.9    70.9   0.206   0.225   0.314   0.366   0.480    20.1    19.7    19.9    19.7    18.9
04990 20160904  2.422  -96.62   43.73    26.0    16.2    21.1    20.3     9.1    12.98 C    33.4    16.2    21.3    93.1    60.7    78.6   0.205   0.223   0.314   0.365   0.483    20.5    20.1    20.1    19.6    18.8
04990 20160905  2.422  -96.62   43.73    25.3    17.3    21.3    21.6    30.1     6.03 C    26.8    17.2    21.5    97.7    77.6    90.7   0.372   0.374   0.394   0.388   0.484    20.5    20.1    20.1    19.6    18.7
04990 20160906  2.422  -96.62   43.73    23.4    17.8    20.6    20.2     1.2     8.40 C    27.5    17.6    20.8    97.1    71.7    87.2   0.340   0.344   0.390   0.378   0.483    21.1    20.7    20.5    19.7    18.7
04990 20160907  2.422  -96.62   43.73    26.1    17.5    21.8    20.8    16.0    11.85 C    31.4    16.2    21.5    97.7    62.0    86.6   0.379   0.379   0.418   0.402   0.481    21.1    20.7    20.5    19.8    18.7
04990 20160908  2.422  -96.62   43.73    25.5    12.1    18.8    18.5     0.0    18.37 C    33.0    11.2    19.4    92.7    39.6    70.5   0.353   0.354   0.411   0.391   0.480    20.5    20.2    20.4    19.8    18.8
04990 20160909  2.422  -96.62   43.73    23.2    10.4    16.8    17.0     0.4    13.52 C    27.3    10.0    17.6    95.1    37.6    71.7   0.342   0.343   0.406   0.389   0.483    20.1    19.9    20.1    19.7    18.8
04990 20160910  2.422  -96.62   43.73    22.3     9.0    15.7    14.9     0.0    19.83 C    27.6     8.9    15.4    95.7    39.7    72.3   0.330   0.334   0.402   0.385   0.483    19.0    18.8    19.4    19.4    18.7
04990 20160911  2.422  -96.62   43.73    27.0     9.4    18.2    17.9     0.0    20.67 C    31.1     8.9    18.3    92.7    41.1    67.8   0.319   0.325   0.397   0.383   0.483    18.6    18.3    18.8    19.0    18.6
04990 20160912  2.422  -96.62   43.73    20.5    13.2    16.8    16.2     0.0     6.92 C    24.0    12.6    16.5    93.0    64.4    81.0   0.311   0.317   0.393   0.382   0.484    18.7    18.5    18.9    18.9    18.5
04990 20160913  2.422  -96.62   43.73    15.0     7.7    11.4    10.9     0.0    10.22 C    20.9     7.1    11.9    92.4    59.7    77.8   0.303   0.312   0.390   0.380   0.483    17.3    17.2    18.2    18.6    18.4
04990 20160914  2.422  -96.62   43.73    22.1     5.5    13.8    14.2     0.0    19.28 C    29.8     5.1    16.0    95.0    41.1    73.3   0.297   0.307   0.385   0.379   0.482    16.7    16.5    17.3    18.0    18.1
04990 20160915  2.422  -96.62   43.73    17.8    14.6    16.2    16.1    49.8     1.25 C    18.8    13.8    16.1    97.3    84.5    95.2   0.398   0.393   0.437   0.421   0.490    17.4    17.1    17.4    17.6    17.8
04990 20160916  2.422  -96.62   43.73    23.1    12.6    17.8    17.5     0.0    16.31 C    30.9    11.4    18.4    97.4    49.0    78.9   0.435   0.430   0.470   0.446   0.497    18.0    17.6    17.6    17.6    17.7
04990 20160917  2.422  -96.62   43.73    24.1    13.0    18.5    16.9     0.0    16.37 C    31.1    10.8    18.2    93.9    38.8    73.3   0.403   0.405   0.459   0.447   0.499    18.2    17.8    17.9    17.7    17.7
04990 20160918  2.422  -96.62   43.73    28.7    11.2    19.9    19.3     0.0    18.56 C    35.0    10.0    18.7    93.5    40.0    71.0   0.382   0.384   0.440   0.443   0.500    18.2    17.9    17.9    17.8    17.6
04990 20160919  2.422  -96.62   43.73    27.8    12.5    20.2    19.8     0.0    17.83 C    34.8     9.3    19.2    98.1    24.9    59.0   0.372   0.369   0.427   0.421   0.498    18.4    18.0    18.1    17.8    17.6
04990 20160920  2.422  -96.62   43.73    30.5    13.2    21.9    21.5     3.4    16.65 C    34.5     9.2    20.7    93.1    31.8    68.3   0.373   0.369   0.427   0.415   0.497    18.3    17.9    18.0    17.8    17.5
04990 20160921  2.422  -96.62   43.73    31.4    16.7    24.1    23.1     0.0    15.00 C    38.2    16.4    23.6    96.0    50.5    78.3   0.368   0.364   0.426   0.412   0.499    19.9    19.4    18.7    17.9    17.5
04990 20160922  2.422  -96.62   43.73    24.8    14.6    19.7    19.3     2.8     6.94 C    28.4    15.3    19.9    96.6    63.5    84.1   0.369   0.363   0.425   0.412   0.497    19.8    19.4    19.1    18.3    17.5
04990 20160923  2.422  -96.62   43.73    30.8    17.1    24.0    22.2    11.6    13.50 C    35.5    16.9    22.4    96.0    36.7    77.7   0.405   0.394   0.447   0.437   0.499    20.0    19.5    19.2    18.5    17.7
04990 20160924  2.422  -96.62   43.73    28.6    17.9    23.2    21.0     9.0     8.24 C    35.8    16.6    20.9    97.3    58.8    87.1   0.412   0.397   0.450   0.436   0.498    20.2    19.8    19.5    18.7    17.7
04990 20160925  2.422  -96.62   43.73    19.6     6.9    13.2    13.3     0.0     8.28 C    23.1     5.2    12.8    97.6    35.3    65.6   0.408   0.392   0.450   0.452   0.497    18.4    18.3    19.0    18.7    17.8
04990 20160926  2.422  -96.62   43.73    21.3     5.5    13.4    12.5     0.0    18.62 C    26.4     3.5    12.2    75.8    19.5    49.3   0.390   0.373   0.436   0.434   0.500    16.4    16.2    17.5    18.1    17.8
04990 20160927  2.422  -96.62   43.73    22.1     4.9    13.5    12.9     0.0    18.08 C    27.0     3.1    12.6    80.3    32.1    54.8   0.379   0.363   0.429   0.420   0.498    15.5    15.4    16.5    17.4    17.6
04990 20160928  2.422  -96.62   43.73    17.3     5.6    11.4    10.1     0.0    17.08 C    25.5     3.7    11.4    93.4    51.2    76.6   0.371   0.356   0.420   0.414   0.497    15.2    15.0    16.1    16.9    17.4
04990 20160929  2.422  -96.62   43.73    20.2     5.4    12.8    12.3     0.0    16.89 C    28.2     3.9    12.5    96.5    44.3    74.1   0.366   0.351   0.418   0.410   0.496    14.8    14.6    15.6    16.5    17.1
04990 20160930  2.422  -96.62   43.73    23.5     7.3    15.4    14.3     0.0    17.12 C    29.8     4.0    13.5    94.6    32.7    67.9   0.361   0.344   0.414   0.405   0.493    14.9    14.6    15.4    16.1    16.9
04990 20161001  2.422  -96.62   43.73    21.4     9.4    15.4    14.8     0.0     8.31 C    26.8     6.3    13.9    94.5    53.1    79.0   0.357   0.341   0.410   0.405   0.493    15.2    14.9    15.4    16.0    16.6
04990 20161002  2.422  -96.62   43.73    24.1     9.0    16.6    15.8     0.0    16.55 C    30.6     6.0    15.2    98.3    42.7    75.7   0.353   0.338   0.408   0.399   0.489    15.3    15.0    15.4    15.9    16.5
04990 20161003  2.422  -96.62   43.73    25.0     9.5    17.3    17.0     0.0    14.47 C    30.3     9.0    16.9    96.1    47.1    72.6   0.349   0.334   0.407   0.400   0.493    15.9    15.4    15.7    15.8    16.3
04990 20161004  2.422  -96.62   43.73    17.7    11.7    14.7    15.0    42.2     2.11 C    19.2    11.1    14.7    98.0    75.0    91.1   0.419   0.389   0.431   0.412   0.493    15.9    15.6    15.8    15.9    16.2
04990 20161005  2.422  -96.62   43.73    19.1     5.0    12.0    11.8     0.0    16.50 C    23.9     3.9    11.5   100.0    32.7    66.5   0.495   0.460   0.470   0.449   0.497    14.8    14.6    15.3    15.7    16.1
04990 20161006  2.422  -96.62   43.73    11.6     2.7     7.1     6.7    13.9     6.74 C    18.5     2.5     7.2    95.0    45.1    73.2   0.480   0.448   0.469   0.452   0.500    13.2    13.2    14.4    15.4    16.0
04990 20161007  2.422  -96.62   43.73    11.5    -0.3     5.6     5.1     0.0    16.30 C    16.4    -0.8     5.3    97.2    45.3    74.6   0.501   0.473   0.473   0.453   0.500    11.6    11.6    13.1    14.6    15.7
04990 20161008  2.422  -96.62   43.73    14.3     0.6     7.5     6.3     0.0    15.65 C    20.1    -0.2     7.1    91.7    45.4    69.9   0.475   0.458   0.471   0.454   0.500    11.2    11.1    12.5    14.0    15.5
04990 20161009  2.422  -96.62   43.73    19.8    -0.2     9.8     9.9     0.0    15.56 C    23.1    -0.7     9.5    91.5    39.1    65.9   0.459   0.435   0.471   0.454   0.499    11.3    11.1    12.2    13.6    15.2
04990 20161010  2.422  -96.62   43.73    21.0     8.5    14.7    13.9     0.0    11.69 C    25.8     6.4    13.1    92.8    49.7    71.7   0.443   0.422   0.467   0.449   0.497    12.7    12.3    12.7    13.4    14.9
04990 20161011  2.422  -96.62   43.73    12.0     5.5     8.7     8.4     0.0     2.28 C    13.8     4.6     8.8    98.5    84.2    92.5   0.422   0.405   0.460   0.451   0.499    12.6    12.4    13.0    13.5    14.7
04990 20161012  2.422  -96.62   43.73     6.9    -1.5     2.7     3.9     0.9     6.61 C    12.8    -3.4     4.6    91.4    54.0    74.0   0.407   0.390   0.449   0.452   0.499    11.2    11.2    12.4    13.4    14.5
04990 20161013  2.422  -96.62   43.73    14.6    -3.1     5.7     5.3     0.0    14.85 C    19.3    -3.7     5.4    94.2    43.0    70.9   0.393   0.379   0.440   0.450   0.498     9.9     9.8    11.3    12.9    14.3
04990 20161014  2.422  -96.62   43.73    22.3     3.4    12.8    12.4     0.0    11.44 C    24.4     2.0    11.6    89.9    45.4    74.1   0.389   0.373   0.432   0.438   0.495    11.0    10.7    11.3    12.4    14.1
04990 20161015  2.422  -96.62   43.73    19.4     8.0    13.7    14.9     0.0     5.40 C    21.4     4.3    13.0    93.9    41.7    75.0   0.387   0.370   0.428   0.424   0.493    12.8    12.5    12.3    12.6    13.9
04990 20161016  2.422  -96.62   43.73    23.4     5.8    14.6    14.7     0.3     7.38 C    26.0     3.0    13.0   100.0    42.1    73.1   0.378   0.364   0.424   0.421   0.495    12.6    12.2    12.5    12.8    13.8
04990 20161017  2.422  -96.62   43.73    21.2    10.6    15.9    15.5     0.6     6.55 C    24.3     8.6    14.7   100.0    61.4    81.1   0.378   0.364   0.424   0.419   0.494    13.8    13.3    13.1    13.0    13.8
04990 20161018  2.422  -96.62   43.73    18.5     6.7    12.6    12.0     0.0    12.48 C    23.1     2.0    10.9    92.7    42.0    69.6   0.379   0.361   0.423   0.416   0.494    13.3    13.1    13.4    13.3    13.8
04990 20161019  2.422  -96.62   43.73    11.1     1.3     6.2     7.1     0.0     5.04 C    15.0    -0.2     7.0    95.9    68.7    81.1   0.373   0.352   0.416   0.415   0.495    11.8    11.6    12.6    13.2    13.8
04990 20161020  2.422  -96.62   43.73     9.4    -1.2     4.1     4.4     0.0     6.31 C    14.4    -2.3     5.1    96.1    55.4    78.7   0.369   0.348   0.414   0.409   0.492    10.6    10.5    11.7    12.8    13.8
04990 20161021  2.422  -96.62   43.73    18.0    -0.3     8.8     7.8     0.0    11.20 C    21.3    -1.7     6.2    97.4    39.7    73.3   0.367   0.345   0.411   0.408   0.491    10.1    10.0    11.1    12.3    13.6
04990 20161022  2.422  -96.62   43.73    21.4     0.6    11.0    11.0     0.0    12.56 C    26.0    -1.0     8.6    93.6    30.9    62.7   0.362   0.342   0.408   0.408   0.493    10.0     9.8    10.8    11.9    13.4
04990 20161023  2.422  -96.62   43.73    14.6     3.5     9.1     9.3     0.0    13.18 C    19.5     1.1     8.2    90.2    49.3    67.9   0.361   0.339   0.407   0.405   0.490    10.4    10.2    10.9    11.8    13.1
04990 20161024  2.422  -96.62   43.73    14.2    -1.2     6.5     6.8     0.0    12.22 C    19.7    -2.5     6.8    98.6    45.4    72.7   0.357   0.334   0.403   0.405   0.487     9.7     9.6    10.6    11.6    13.0
04990 20161025  2.422  -96.62   43.73    14.2     7.6    10.9    10.5     0.0     4.24 C    15.1     6.7    10.5    87.5    60.1    70.0   0.355   0.334   0.402   0.406   0.489    10.5    10.2    10.7    11.5    12.9
04990 20161026  2.422  -96.62   43.73    10.9     5.8     8.3     8.2     0.0     3.93 C    15.7     3.6     9.2    96.4    75.2    86.1   0.354   0.334   0.404   0.405   0.486    10.8    10.6    11.0    11.5    12.7
04990 20161027  2.422  -96.62   43.73    16.4     4.8    10.6     9.8     0.0     7.88 C    21.2     3.9    10.0    98.2    60.2    85.2   0.353   0.332   0.401   0.401   0.488    10.9    10.7    11.1    11.6    12.6
04990 20161028  2.422  -96.62   43.73    24.5    10.2    17.4    16.2     0.0     9.53 C    25.8     7.5    13.6    88.8    34.4    64.0   0.352   0.332   0.400   0.395   0.487    11.8    11.4    11.4    11.7    12.6
04990 20161029  2.422  -96.62   43.73    13.3     4.0     8.6     8.8     1.0     4.58 C    18.6     5.1     9.2    94.0    66.1    86.0   0.350   0.330   0.397   0.394   0.487    11.7    11.5    11.8    11.9    12.6
04990 20161030  2.422  -96.62   43.73     5.5     2.6     4.0     3.8     0.0     2.90 C     8.5     3.8     5.2    95.4    82.7    91.4   0.349   0.328   0.397   0.395   0.487    10.3    10.2    11.2    11.9    12.6
04990 20161031  2.422  -96.62   43.73    17.4     4.5    10.9    10.8     0.0     4.01 C    19.7     4.3     9.7    96.5    68.7    89.3   0.350   0.327   0.397   0.395   0.483    10.4    10.2    10.7    11.5    12.5
04990 20161101  2.422  -96.62   43.73    17.8     3.0    10.4    10.8     0.0     9.15 C    21.6     0.0     8.2    88.3    39.8    63.6   0.348   0.326   0.397   0.392   0.486    10.3    10.0    10.7    11.4    12.4
04990 20161102  2.422  -96.62   43.73    17.8     4.8    11.3    10.5     0.0     6.16 C    21.0     0.0     7.9    93.4    44.1    73.7   0.345   0.324   0.393   0.392   0.484    10.4    10.2    10.7    11.3    12.3
04990 20161103  2.422  -96.62   43.73    21.4     1.7    11.5    10.7     0.0    11.13 C    24.3    -1.2     7.0    99.0    26.6    64.6   0.338   0.322   0.395   0.395   0.485     9.4     9.3    10.2    11.2    12.3
04990 20161104  2.422  -96.62   43.73    22.7     3.8    13.2    12.5     0.0    11.13 C    25.2    -0.1     7.6    88.8    22.7    55.7   0.335   0.319   0.392   0.393   0.482     9.4     9.2    10.0    10.9    12.1
04990 20161105  2.422  -96.62   43.73    22.5     4.3    13.4    11.8     0.0    10.81 C    24.8     0.4     8.1    84.4    31.6    60.4   0.332   0.317   0.390   0.391   0.483     9.5     9.2     9.9    10.7    12.0
04990 20161106  2.422  -96.62   43.73    20.2     4.2    12.2    11.8     0.0     9.53 C    22.0     1.7     9.9    91.8    36.1    62.3   0.332   0.316   0.388   0.391   0.484     9.8     9.5    10.0    10.7    11.9
04990 20161107  2.422  -96.62   43.73    14.2     5.3     9.7    10.8     0.0     2.81 C    14.9     3.2     9.4    86.3    55.1    72.9   0.333   0.316   0.390   0.391   0.485    10.5    10.2    10.4    10.8    11.8
04990 20161108  2.422  -96.62   43.73    14.2     1.1     7.6     7.0     0.0    10.86 C    18.3    -2.8     4.9    93.8    43.3    71.9   0.330   0.312   0.389   0.389   0.485     9.4     9.3    10.1    10.8    11.7
04990 20161109  2.422  -96.62   43.73    16.9    -2.6     7.2     6.9     0.0    10.54 C    19.0    -4.5     4.6    97.1    40.7    72.3   0.324   0.308   0.385   0.393   0.484     8.0     7.9     9.2    10.4    11.7
04990 20161110  2.422  -96.62   43.73    19.4     1.6    10.5     9.1     0.0    10.27 C    21.1    -1.9     6.8    93.0    37.3    66.9   0.324   0.307   0.383   0.390   0.487     8.5     8.3     9.0    10.1    11.5
04990 20161111  2.422  -96.62   43.73     9.5    -2.9     3.3     3.6     0.0    10.47 C    14.4    -6.4     1.9    89.3    45.7    71.3   0.321   0.305   0.383   0.389   0.480     7.8     7.8     8.9     9.9    11.4
04990 20161112  2.422  -96.62   43.73    12.7    -5.5     3.6     3.9     0.0    10.46 C    14.1    -7.5     2.1    94.4    35.1    67.3   0.317   0.301   0.380   0.388   0.483     6.4     6.4     7.9     9.5    11.2
04990 20161113  2.422  -96.62   43.73    18.5     1.4    10.0     9.1     0.0     9.81 C    19.7    -1.4     5.8    78.9    33.1    57.6   0.317   0.301   0.377   0.389   0.482     7.2     7.0     7.8     9.1    11.0
04990 20161114  2.422  -96.62   43.73    13.2     0.5     6.8     6.2     0.0     8.69 C    17.3    -2.1     4.2    95.4    51.3    77.1   0.316   0.300   0.378   0.385   0.479     7.4     7.3     8.1     9.1    10.8
04990 20161115  2.422  -96.62   43.73    16.5     0.7     8.6     7.5     0.0     8.92 C    18.0    -2.1     5.5    95.6    43.4    74.3   0.313   0.299   0.378   0.387   0.481     7.4     7.2     7.9     9.0    10.6
04990 20161116  2.422  -96.62   43.73    17.3     0.4     8.8     7.9     0.0     8.05 C    18.4    -2.7     5.2    95.0    43.3    73.3   0.311   0.298   0.377   0.385   0.479     7.2     7.0     7.9     8.9    10.5
04990 20161117  2.422  -96.62   43.73     8.8     1.6     5.2     5.8     0.9     3.59 C    12.2     2.0     5.7    95.3    66.4    78.1   0.310   0.297   0.377   0.386   0.482     7.6     7.4     8.1     8.9    10.4
04990 20161118  2.422  -96.62   43.73     1.8    -2.8    -0.5    -0.7    19.2     5.11 C     2.2    -6.7    -1.7    96.9    69.2    86.8   0.311   0.297   0.376   0.384   0.482     6.1     6.2     7.6     8.8    10.3
04990 20161119  2.422  -96.62   43.73    -2.8   -10.5    -6.6    -6.3     0.0     9.84 C    -4.2   -19.0   -11.3    94.8    69.9    82.6   0.315   0.304   0.375   0.385   0.484     5.2     5.4     6.8     8.4    10.2
04990 20161120  2.422  -96.62   43.73    -0.9   -10.6    -5.8    -5.5     0.0     9.04 C    -2.1   -17.4    -8.4    92.2    71.1    80.4   0.318   0.308   0.374   0.383   0.480     4.4     4.7     6.2     8.0    10.0
04990 20161121  2.422  -96.62   43.73     2.3    -6.9    -2.3    -1.6     0.3     7.84 C     0.0   -10.0    -4.0    83.4    68.7    75.8   0.318   0.308   0.376   0.382   0.482     4.1     4.4     5.8     7.6     9.7
04990 20161122  2.422  -96.62   43.73     1.2     0.3     0.8     0.5     9.2     0.75 C     0.1    -0.1     0.0    98.4    81.7    93.8   0.353   0.352   0.393   0.387   0.483     4.4     4.3     5.6     7.3     9.5
04990 20161123  2.422  -96.62   43.73     1.5     0.1     0.8     0.6     0.0     1.40 C     0.9     0.0     0.3    98.5    83.2    92.4   0.394   0.388   0.428   0.423   0.485     4.3     4.2     5.4     7.0     9.3
04990 20161124  2.422  -96.62   43.73     0.6    -0.3     0.1     0.2     0.2     1.29 C     1.1    -0.1     0.3    99.3    85.6    93.9   0.387   0.377   0.421   0.423   0.486     4.4     4.3     5.3     6.8     9.0
04990 20161125  2.422  -96.62   43.73     7.8    -4.1     1.8     1.1     0.0     8.49 C     7.6    -7.4    -1.1    97.3    58.6    85.4   0.387   0.376   0.419   0.417   0.483     4.1     4.1     5.2     6.6     8.8
04990 20161126  2.422  -96.62   43.73     7.8    -2.9     2.4     1.5     0.0     7.66 C     9.5    -6.6    -1.2    99.3    62.1    85.4   0.378   0.365   0.417   0.415   0.483     3.9     3.9     5.0     6.4     8.6
04990 20161127  2.422  -96.62   43.73     9.3    -3.5     2.9     2.4    16.8     1.74 C     8.3    -7.4     1.3    98.9    92.3    96.1   0.406   0.382   0.423   0.417   0.485     3.5     3.4     4.5     6.0     8.2
04990 20161128  2.422  -96.62   43.73     9.7    -0.7     4.5     2.0     5.4     1.22 C     8.6    -1.0     1.9    94.9    81.8    91.0   0.486   0.443   0.450   0.434   0.484     4.6     4.4     4.9     5.6     7.5
04990 20161129  2.422  -96.62   43.73     1.5    -0.9     0.3    -0.1     1.4     2.99 C     2.0    -1.5    -0.3    96.1    84.8    89.7   0.483   0.445   0.454   0.438   0.486     3.8     3.8     4.6     5.8     7.7
04990 20161130  2.422  -96.62   43.73     0.5    -1.4    -0.4    -0.7     1.6     3.45 C     0.5    -1.7    -0.7    93.8    85.3    90.6   0.481   0.446   0.451   0.440   0.487     3.5     3.4     4.3     5.6     7.6
04990 20161201  2.422  -96.62   43.73     0.5    -1.1    -0.3    -0.5     0.0     2.27 C     2.1    -1.3    -0.2    95.8    85.5    90.8   0.454   0.436   0.453   0.441   0.490     3.4     3.3     4.1     5.5     7.5
04990 20161202  2.422  -96.62   43.73    -0.2    -2.5    -1.3    -1.4     0.0     3.25 C     3.0    -2.6    -0.6    95.1    69.2    82.2   0.443   0.416   0.452   0.444   0.488     3.5     3.3     4.1     5.3     7.4
04990 20161203  2.422  -96.62   43.73     1.7    -5.8    -2.1    -1.1     0.0     4.05 C     4.0    -8.4    -1.1    97.6    80.2    91.9   0.423   0.407   0.451   0.441   0.494     3.0     2.9     4.0     5.3     7.3
04990 20161204  2.422  -96.62   43.73     5.8    -3.1     1.3     0.9     0.0     7.69 C     7.8    -6.9    -0.3    98.5    64.7    86.4   0.416   0.398   0.449   0.437   0.485     3.3     3.2     4.0     5.1     7.2
04990 20161205  2.422  -96.62   43.73     6.3    -5.4     0.4     0.9     0.0     3.79 C     8.6    -5.6     0.6    92.8    62.0    79.9   0.405   0.392   0.444   0.437   0.491     3.1     3.0     3.9     5.1     7.1
04990 20161206  2.422  -96.62   43.73    -5.3   -12.4    -8.9    -9.2     0.0     6.26 C    -2.2   -11.9    -8.2    77.6    58.2    70.2   0.385   0.370   0.430   0.433   0.487     1.9     2.1     3.5     4.9     7.0
04990 20161207  2.422  -96.62   43.73    -8.2   -14.2   -11.2   -12.0     0.0     6.20 C    -5.0   -13.4   -10.8    78.7    59.1    71.4   0.361   0.342   0.407   0.419   0.483     1.0     1.2     2.7     4.5     6.9
04990 20161208  2.422  -96.62   43.73    -7.4   -16.3   -11.8   -12.5     0.0     7.21 C    -3.4   -16.2   -11.4    83.1    61.0    75.3   0.335   0.319   0.401   0.405   0.487     0.6     0.8     2.2     4.1     6.7
04990 20161209  2.422  -96.62   43.73   -10.8   -19.3   -15.0   -14.6     0.2     4.34 C    -4.5   -18.3   -11.9    85.4    67.4    80.4   0.322   0.300   0.394   0.398   0.488     0.2     0.4     1.8     3.8     6.4
04990 20161210  2.422  -96.62   43.73    -7.5   -13.6   -10.5   -11.3     5.9     2.56 C    -7.6   -12.2   -10.2    90.1    81.0    84.7 -99.000   0.282   0.388   0.398   0.485     0.1     0.3     1.6     3.5     6.2
04990 20161211  2.422  -96.62   43.73    -6.3   -20.1   -13.2   -10.6     0.0     3.79 C    -5.5   -23.9   -11.2    91.0    73.4    84.0 -99.000   0.278   0.386   0.396   0.485     0.2     0.2     1.5     3.3     6.0
04990 20161212  2.422  -96.62   43.73    -9.1   -23.6   -16.4   -17.4     0.0     7.31 C    -6.6   -26.7   -18.5    83.7    66.0    77.7 -99.000   0.275   0.386   0.394   0.487     0.1     0.2     1.3     3.1     5.8
04990 20161213  2.422  -96.62   43.73    -9.2   -21.4   -15.3   -14.8     0.0     7.86 C   -10.0   -27.4   -17.7    80.2    56.0    70.4 -99.000   0.267   0.382   0.392   0.482     0.0     0.1     1.2     2.9     5.6
04990 20161214  2.422  -96.62   43.73   -10.7   -21.5   -16.1   -15.2     0.0     7.97 C   -11.7   -27.2   -17.6    73.3    51.9    63.5 -99.000 -99.000   0.378   0.389   0.480    -0.1     0.0     1.1     2.8     5.4
04990 20161215  2.422  -96.62   43.73   -11.1   -23.3   -17.2   -16.8     0.0     5.04 C   -10.7   -26.7   -16.7    77.8    63.2    73.3 -99.000 -99.000   0.376   0.392   0.476    -0.4    -0.2     1.0     2.7     5.3
04990 20161216  2.422  -96.62   43.73    -9.6   -14.8   -12.2   -11.7     9.6     2.21 C    -8.5   -15.2   -11.5    86.9    70.8    78.9 -99.000 -99.000   0.376   0.381   0.484    -0.3    -0.2     0.8     2.5     5.1
04990 20161217  2.422  -96.62   43.73   -14.8   -29.1   -21.9   -21.1     1.9     6.36 C   -14.7   -37.0   -23.1    81.9    63.7    73.6 -99.000 -99.000   0.369   0.385   0.478    -0.3    -0.2     0.8     2.4     5.0
04990 20161218  2.422  -96.62   43.73   -17.6   -33.9   -25.8   -25.2     0.0     6.73 C   -18.1   -43.7   -30.4    83.4    64.4    76.1 -99.000 -99.000   0.376   0.385   0.482    -0.2    -0.2     0.8     2.3     4.8
04990 20161219  2.422  -96.62   43.73    -1.7   -21.2   -11.4    -9.9     0.0     6.61 C    -3.6   -27.7   -13.7    83.8    58.6    72.1 -99.000 -99.000   0.372   0.381   0.481    -0.2    -0.2     0.8     2.2     4.7
04990 20161220  2.422  -96.62   43.73     4.4    -4.9    -0.2    -1.1     0.0     8.63 C     0.2   -11.4    -5.8    80.4    46.7    67.3 -99.000 -99.000   0.372   0.379   0.479    -0.1    -0.1     0.8     2.2     4.6
04990 20161221  2.422  -96.62   43.73     3.8    -5.2    -0.7    -0.1     0.0     4.93 C     0.2    -9.7    -3.1    90.6    55.8    75.0 -99.000 -99.000   0.371   0.378   0.476     0.0    -0.1     0.8     2.2     4.5
04990 20161222  2.422  -96.62   43.73     1.7   -11.9    -5.1    -3.9     0.0     7.12 C    -1.2   -18.2    -8.4    94.1    61.4    77.0 -99.000 -99.000   0.372   0.378   0.477     0.0     0.0     0.8     2.2     4.4
04990 20161223  2.422  -96.62   43.73     1.3    -7.4    -3.1    -0.7     0.0     1.79 C     0.0   -12.8    -3.1    98.5    67.5    85.4 -99.000 -99.000   0.373   0.375   0.473     0.0     0.0     0.8     2.1     4.3
04990 20161224  2.422  -96.62   43.73    -1.4    -8.4    -4.9    -4.7     0.0     2.59 C    -1.5    -9.6    -4.4    96.3    90.5    93.5 -99.000 -99.000   0.374   0.378   0.473     0.1     0.0     0.8     2.1     4.3
04990 20161225  2.422  -96.62   43.73     4.1    -1.6     1.2     0.3    24.3     0.45 C     0.7    -1.6    -0.3    98.3    75.9    95.4 -99.000 -99.000 -99.000   0.396   0.475     0.0    -0.1     0.6     1.6     3.1
04990 20161226  2.422  -96.62   43.73    -1.6   -10.6    -6.1    -8.0     0.0     5.13 C    -1.6   -11.0    -8.5    83.3    67.3    74.2 -99.000 -99.000 -99.000   0.414   0.479     0.1     0.0     0.5     1.4     2.8
04990 20161227  2.422  -96.62   43.73     0.3   -10.2    -5.0    -5.0     0.0     7.43 C    -0.7   -14.9    -7.6    87.3    61.2    77.4 -99.000 -99.000   0.399   0.399   0.478     0.0     0.0     0.7     1.7     3.4
04990 20161228  2.422  -96.62   43.73     3.1    -5.5    -1.2    -0.7     0.0     7.63 C     0.7    -8.7    -3.8    79.8    57.4    69.5 -99.000 -99.000   0.394   0.392   0.481     0.1     0.0     0.7     1.7     3.6
04990 20161229  2.422  -96.62   43.73     0.8    -7.1    -3.1    -2.5     0.0     7.77 C    -0.5   -12.5    -4.9    82.9    57.2    70.6 -99.000 -99.000   0.393   0.390   0.479     0.1     0.0     0.7     1.8     3.6
04990 20161230  2.422  -96.62   43.73     3.4   -10.3    -3.5    -2.8     0.0     5.10 C     1.4   -14.6    -4.8    90.3    54.5    75.0 -99.000 -99.000   0.389   0.390   0.479     0.0     0.0     0.7     1.8     3.7
04990 20161231  2.422  -96.62   43.73     0.0    -9.2    -4.6    -5.5     0.0     7.54 C    -1.2   -11.6    -6.8    84.5    71.6    78.7 -99.000 -99.000   0.387   0.388   0.480     0.0     0.0     0.7     1.8     3.6
