26564 20160101  2.515 -155.75   68.49    -3.2   -11.2    -7.2    -7.4     1.3     0.00 C    -5.4   -18.6   -11.2    89.9    58.0    75.0 -99.000 -99.000 -99.000 -99.000 -99.000 -9999.0 -9999.0 -9999.0 -9999.0 -9999.0
26564 20160102  2.515 -155.75   68.49    -8.0   -14.9   -11.4   -11.9     0.6     0.00 C    -9.0   -16.1   -12.4    90.4    64.9    83.5 -99.000 -99.000 -99.000 -99.000 -99.000 -9999.0 -9999.0 -9999.0 -9999.0 -9999.0
26564 20160103  2.515 -155.75   68.49     0.1   -14.1    -7.0    -3.6     0.0     0.00 C    -4.7   -17.5    -8.4    89.4    56.8    70.4 -99.000 -99.000 -99.000 -99.000 -99.000 -9999.0 -9999.0 -9999.0 -9999.0 -9999.0
26564 20160104  2.515 -155.75   68.49    -1.4   -10.5    -6.0    -5.3     0.0     0.00 C    -6.0   -15.8   -10.3    74.5    51.0    63.7 -99.000 -99.000 -99.000 -99.000 -99.000 -9999.0 -9999.0 -9999.0 -9999.0 -9999.0
26564 20160105  2.515 -155.75   68.49     3.7    -5.4    -0.8     0.1     0.0     0.00 C    -2.2   -10.5    -4.8    81.2    35.9    54.9 -99.000 -99.000 -99.000 -99.000 -99.000 -9999.0 -9999.0 -9999.0 -9999.0 -9999.0
26564 20160106  2.515 -155.75   68.49    -0.5   -14.8    -7.7    -6.2     0.0     0.00 C    -4.5   -18.4   -10.0    82.9    54.8    73.5 -99.000 -99.000 -99.000 -99.000 -99.000 -9999.0 -9999.0 -9999.0 -9999.0 -9999.0
26564 20160107  2.515 -155.75   68.49    -6.9   -21.7   -14.3   -14.8     0.0     0.00 C     0.0   -24.5   -17.7    91.5    75.1    83.6 -99.000 -99.000 -99.000 -99.000 -99.000 -9999.0 -9999.0 -9999.0 -9999.0 -9999.0
26564 20160108  2.515 -155.75   68.49   -16.2   -23.3   -19.8   -20.3     0.2     0.00 C   -23.4   -28.3   -25.8    90.2    65.4    78.4 -99.000 -99.000 -99.000 -99.000 -99.000 -9999.0 -9999.0 -9999.0 -9999.0 -9999.0
26564 20160109  2.515 -155.75   68.49   -16.1   -27.1   -21.6   -23.2     0.0     0.00 C   -21.1   -29.2   -26.0    84.9    73.8    78.5 -99.000 -99.000 -99.000 -99.000 -99.000 -9999.0 -9999.0 -9999.0 -9999.0 -9999.0
26564 20160110  2.515 -155.75   68.49   -19.8   -30.9   -25.3   -26.6     0.0     0.00 C   -27.8   -33.3   -31.3    85.0    70.6    75.8 -99.000 -99.000 -99.000 -99.000 -99.000 -9999.0 -9999.0 -9999.0 -9999.0 -9999.0
26564 20160111  2.515 -155.75   68.49   -27.7   -34.7   -31.2   -32.5     0.0     0.00 C   -32.7   -35.7   -34.1    76.6    69.4    71.5 -99.000 -99.000 -99.000 -99.000 -99.000 -9999.0 -9999.0 -9999.0 -9999.0 -9999.0
26564 20160112  2.515 -155.75   68.49   -28.7   -37.1   -32.9   -33.6     0.7     0.00 C   -29.2   -37.4   -33.6    77.7    65.9    70.6 -99.000 -99.000 -99.000 -99.000 -99.000 -9999.0 -9999.0 -9999.0 -9999.0 -9999.0
26564 20160113  2.515 -155.75   68.49   -13.1   -31.5   -22.3   -18.9     1.3     0.00 C   -13.7   -31.9   -20.6    87.1    71.2    81.5 -99.000 -99.000 -99.000 -99.000 -99.000 -9999.0 -9999.0 -9999.0 -9999.0 -9999.0
26564 20160114  2.515 -155.75   68.49    -9.4   -17.8   -13.6   -13.4     1.6     0.00 C   -11.1   -22.1   -14.9    88.9    76.8    84.7 -99.000 -99.000 -99.000 -99.000 -99.000 -9999.0 -9999.0 -9999.0 -9999.0 -9999.0
26564 20160115  2.515 -155.75   68.49   -11.0   -22.6   -16.8   -16.5     0.2     0.00 C   -12.5   -22.1   -16.6    91.6    79.3    84.2 -99.000 -99.000 -99.000 -99.000 -99.000 -9999.0 -9999.0 -9999.0 -9999.0 -9999.0
26564 20160116  2.515 -155.75   68.49   -20.9   -24.1   -22.5   -22.3     0.0     0.00 C   -20.8   -24.1   -22.0    80.4    77.9    79.4 -99.000 -99.000 -99.000 -99.000 -99.000 -9999.0 -9999.0 -9999.0 -9999.0 -9999.0
26564 20160117  2.515 -155.75   68.49   -23.2   -29.1   -26.2   -25.7     0.0     0.00 C   -23.2   -30.4   -26.2    78.6    73.4    76.7 -99.000 -99.000 -99.000 -99.000 -99.000 -9999.0 -9999.0 -9999.0 -9999.0 -9999.0
26564 20160118  2.515 -155.75   68.49   -25.6   -30.3   -28.0   -27.9     0.0     0.00 C   -26.4   -30.7   -28.4    77.3    73.2    75.1 -99.000 -99.000 -99.000 -99.000 -99.000 -9999.0 -9999.0 -9999.0 -9999.0 -9999.0
26564 20160119  2.515 -155.75   68.49   -30.0   -37.1   -33.5   -34.3     0.0     0.00 C   -29.5   -39.5   -36.0    73.7    67.7    70.7 -99.000 -99.000 -99.000 -99.000 -99.000 -9999.0 -9999.0 -9999.0 -9999.0 -9999.0
26564 20160120  2.515 -155.75   68.49   -33.1   -37.6   -35.3   -35.5     0.8     0.00 C   -33.4   -40.4   -36.7    72.8    65.9    69.6 -99.000 -99.000 -99.000 -99.000 -99.000 -9999.0 -9999.0 -9999.0 -9999.0 -9999.0
26564 20160121  2.515 -155.75   68.49   -28.7   -33.7   -31.2   -31.7     0.5     0.00 C   -31.8   -38.0   -34.3    77.7    68.9    72.1 -99.000 -99.000 -99.000 -99.000 -99.000 -9999.0 -9999.0 -9999.0 -9999.0 -9999.0
26564 20160122  2.515 -155.75   68.49   -30.0   -34.6   -32.3   -32.3     0.0     0.07 C   -31.8   -36.2   -34.5    80.4    69.2    71.8 -99.000 -99.000 -99.000 -99.000 -99.000 -9999.0 -9999.0 -9999.0 -9999.0 -9999.0
26564 20160123  2.515 -155.75   68.49   -29.8   -40.0   -34.9   -34.2     0.0     0.16 C   -27.5   -41.4   -34.7    73.8    65.9    70.5 -99.000 -99.000 -99.000 -99.000 -99.000 -9999.0 -9999.0 -9999.0 -9999.0 -9999.0
26564 20160124  2.515 -155.75   68.49   -11.4   -30.0   -20.7   -19.4     0.3     0.01 C   -14.7   -27.7   -20.8    91.3    72.8    81.4 -99.000 -99.000 -99.000 -99.000 -99.000 -9999.0 -9999.0 -9999.0 -9999.0 -9999.0
26564 20160125  2.515 -155.75   68.49   -12.8   -21.8   -17.3   -17.2     0.0     0.00 C   -14.8   -23.1   -19.6    89.4    77.6    83.1 -99.000 -99.000 -99.000 -99.000 -99.000 -9999.0 -9999.0 -9999.0 -9999.0 -9999.0
26564 20160126  2.515 -155.75   68.49   -15.1   -26.0   -20.6   -23.4     0.3     0.13 C   -17.4   -26.9   -24.0    86.4    74.3    78.0 -99.000 -99.000 -99.000 -99.000 -99.000 -9999.0 -9999.0 -9999.0 -9999.0 -9999.0
26564 20160127  2.515 -155.75   68.49    -7.6   -19.9   -13.7   -14.7     0.0     0.00 C    -9.7   -20.8   -15.7    93.0    73.9    84.7 -99.000 -99.000 -99.000 -99.000 -99.000 -9999.0 -9999.0 -9999.0 -9999.0 -9999.0
26564 20160128  2.515 -155.75   68.49   -10.6   -23.0   -16.8   -19.2     0.4     0.03 C   -13.5   -23.7   -20.0    92.7    74.9    81.4 -99.000 -99.000 -99.000 -99.000 -99.000 -9999.0 -9999.0 -9999.0 -9999.0 -9999.0
26564 20160129  2.515 -155.75   68.49    -4.9   -15.2   -10.1    -9.3     0.0     0.00 C    -7.1   -17.4   -11.4    95.0    80.4    89.0 -99.000 -99.000 -99.000 -99.000 -99.000 -9999.0 -9999.0 -9999.0 -9999.0 -9999.0
26564 20160130  2.515 -155.75   68.49    -4.1   -17.9   -11.0    -9.9     0.0     0.81 C    -7.4   -19.6   -14.2    91.5    54.8    73.0 -99.000 -99.000 -99.000 -99.000 -99.000 -9999.0 -9999.0 -9999.0 -9999.0 -9999.0
26564 20160131  2.515 -155.75   68.49    -3.9   -12.7    -8.3    -8.1     0.0     0.58 C    -7.3   -17.9   -13.4    83.9    64.4    75.2 -99.000 -99.000 -99.000 -99.000 -99.000 -9999.0 -9999.0 -9999.0 -9999.0 -9999.0
26564 20160201  2.515 -155.75   68.49    -4.8   -20.6   -12.7   -11.4     0.5     0.91 C    -8.0   -23.4   -16.9    93.1    67.5    78.9 -99.000 -99.000 -99.000 -99.000 -99.000 -9999.0 -9999.0 -9999.0 -9999.0 -9999.0
26564 20160202  2.515 -155.75   68.49   -11.4   -21.3   -16.4   -16.1     0.0     1.23 C   -17.1   -24.7   -20.8    89.4    57.4    72.1 -99.000 -99.000 -99.000 -99.000 -99.000 -9999.0 -9999.0 -9999.0 -9999.0 -9999.0
26564 20160203  2.515 -155.75   68.49   -16.7   -31.1   -23.9   -24.3     0.0     1.31 C   -23.5   -34.0   -29.1    88.1    58.4    74.2 -99.000 -99.000 -99.000 -99.000 -99.000 -9999.0 -9999.0 -9999.0 -9999.0 -9999.0
26564 20160204  2.515 -155.75   68.49   -29.2   -37.5   -33.3   -34.4     0.0     0.06 C   -29.4   -38.8   -34.8    77.3    66.1    70.7 -99.000 -99.000 -99.000 -99.000 -99.000 -9999.0 -9999.0 -9999.0 -9999.0 -9999.0
26564 20160205  2.515 -155.75   68.49   -31.7   -37.6   -34.7   -35.3     0.0     0.02 C   -29.5   -39.4   -36.3    72.1    67.0    69.7 -99.000 -99.000 -99.000 -99.000 -99.000 -9999.0 -9999.0 -9999.0 -9999.0 -9999.0
26564 20160206  2.515 -155.75   68.49   -15.4   -38.5   -27.0   -31.2     0.0     0.21 C     0.0   -40.5   -31.9    85.7    66.1    72.5 -99.000 -99.000 -99.000 -99.000 -99.000 -9999.0 -9999.0 -9999.0 -9999.0 -9999.0
26564 20160207  2.515 -155.75   68.49    -9.5   -18.6   -14.1   -13.4     0.0     0.17 C   -11.7   -22.6   -17.4    90.7    69.1    81.3 -99.000 -99.000 -99.000 -99.000 -99.000 -9999.0 -9999.0 -9999.0 -9999.0 -9999.0
26564 20160208  2.515 -155.75   68.49   -13.6   -23.4   -18.5   -18.6     0.0     2.70 C   -19.6   -26.3   -22.7    90.3    75.1    82.5 -99.000 -99.000 -99.000 -99.000 -99.000 -9999.0 -9999.0 -9999.0 -9999.0 -9999.0
26564 20160209  2.515 -155.75   68.49   -16.2   -23.0   -19.6   -19.8     0.0     3.42 C   -20.3   -26.8   -23.7    87.2    61.8    75.7 -99.000 -99.000 -99.000 -99.000 -99.000 -9999.0 -9999.0 -9999.0 -9999.0 -9999.0
26564 20160210  2.515 -155.75   68.49   -19.4   -27.9   -23.6   -25.7     0.3     0.71 C   -24.6   -30.8   -27.1    88.2    70.4    77.5 -99.000 -99.000 -99.000 -99.000 -99.000 -9999.0 -9999.0 -9999.0 -9999.0 -9999.0
26564 20160211  2.515 -155.75   68.49   -24.5   -27.5   -26.0   -25.7     0.0     0.41 C   -24.0   -28.3   -25.3    77.2    74.8    76.3 -99.000 -99.000 -99.000 -99.000 -99.000 -9999.0 -9999.0 -9999.0 -9999.0 -9999.0
26564 20160212  2.515 -155.75   68.49   -21.6   -28.5   -25.0   -24.6     0.0     0.46 C   -20.5   -32.1   -25.0    79.6    71.4    77.1 -99.000 -99.000 -99.000 -99.000 -99.000 -9999.0 -9999.0 -9999.0 -9999.0 -9999.0
26564 20160213  2.515 -155.75   68.49    -5.4   -24.4   -14.9   -17.4     0.0     0.62 C    -7.9   -26.4   -17.6    94.6    76.7    82.6 -99.000 -99.000 -99.000 -99.000 -99.000 -9999.0 -9999.0 -9999.0 -9999.0 -9999.0
26564 20160214  2.515 -155.75   68.49    -2.9   -16.2    -9.5    -8.7     0.0     2.12 C    -7.7   -21.5   -13.8    89.1    55.9    73.7 -99.000 -99.000 -99.000 -99.000 -99.000 -9999.0 -9999.0 -9999.0 -9999.0 -9999.0
26564 20160215  2.515 -155.75   68.49   -13.7   -18.1   -15.9   -15.5     0.0     1.15 C   -13.7   -22.0   -16.1    86.2    82.2    84.8 -99.000 -99.000 -99.000 -99.000 -99.000 -9999.0 -9999.0 -9999.0 -9999.0 -9999.0
26564 20160216  2.515 -155.75   68.49   -10.7   -18.4   -14.5   -14.8     0.0     1.38 C   -12.1   -21.8   -17.1    92.1    78.0    85.1 -99.000 -99.000 -99.000 -99.000 -99.000 -9999.0 -9999.0 -9999.0 -9999.0 -9999.0
26564 20160217  2.515 -155.75   68.49    -9.3   -22.6   -16.0   -16.2     0.0     2.61 C   -17.7   -26.6   -22.2    91.0    50.8    73.0 -99.000 -99.000 -99.000 -99.000 -99.000 -9999.0 -9999.0 -9999.0 -9999.0 -9999.0
26564 20160218  2.515 -155.75   68.49   -17.2   -25.8   -21.5   -22.3     0.0     1.97 C   -24.3   -29.6   -26.9    68.9    44.2    60.7 -99.000 -99.000 -99.000 -99.000 -99.000 -9999.0 -9999.0 -9999.0 -9999.0 -9999.0
26564 20160219  2.515 -155.75   68.49   -16.9   -29.7   -23.3   -22.4     0.0     1.97 C   -24.4   -34.4   -28.6    63.9    38.1    51.7 -99.000 -99.000 -99.000 -99.000 -99.000 -9999.0 -9999.0 -9999.0 -9999.0 -9999.0
26564 20160220  2.515 -155.75   68.49   -18.1   -29.7   -23.9   -26.5     0.0     1.99 C   -23.4   -30.8   -26.3    81.6    61.2    76.1 -99.000 -99.000 -99.000 -99.000 -99.000 -9999.0 -9999.0 -9999.0 -9999.0 -9999.0
26564 20160221  2.515 -155.75   68.49   -14.7   -27.2   -21.0   -23.2     0.0     1.44 C   -19.7   -28.9   -24.9    81.3    51.2    72.6 -99.000 -99.000 -99.000 -99.000 -99.000 -9999.0 -9999.0 -9999.0 -9999.0 -9999.0
26564 20160222  2.515 -155.75   68.49    -1.4   -24.7   -13.1   -10.1     0.0     4.90 C    -4.9   -23.4   -13.6    79.4    52.1    67.4 -99.000 -99.000 -99.000 -99.000 -99.000 -9999.0 -9999.0 -9999.0 -9999.0 -9999.0
26564 20160223  2.515 -155.75   68.49    -3.3   -15.2    -9.2    -7.8     0.0     3.91 C    -7.7   -19.9   -13.8    86.7    56.0    69.9 -99.000 -99.000 -99.000 -99.000 -99.000 -9999.0 -9999.0 -9999.0 -9999.0 -9999.0
26564 20160224  2.515 -155.75   68.49    -4.7   -19.5   -12.1   -13.7     0.0     3.62 C    -9.9   -23.3   -17.1    90.2    59.6    77.5 -99.000 -99.000 -99.000 -99.000 -99.000 -9999.0 -9999.0 -9999.0 -9999.0 -9999.0
26564 20160225  2.515 -155.75   68.49    -5.0   -12.7    -8.8    -7.4     0.0     1.65 C    -7.3   -16.9   -11.4    85.9    61.7    75.4 -99.000 -99.000 -99.000 -99.000 -99.000 -9999.0 -9999.0 -9999.0 -9999.0 -9999.0
26564 20160226  2.515 -155.75   68.49    -5.2   -13.8    -9.5    -8.8     0.0     4.88 C    -7.9   -18.0   -13.4    90.0    68.3    78.1 -99.000 -99.000 -99.000 -99.000 -99.000 -9999.0 -9999.0 -9999.0 -9999.0 -9999.0
26564 20160227  2.515 -155.75   68.49    -7.8   -15.4   -11.6   -12.9     0.0     4.22 C   -12.5   -19.0   -15.6    94.0    71.6    85.5 -99.000 -99.000 -99.000 -99.000 -99.000 -9999.0 -9999.0 -9999.0 -9999.0 -9999.0
26564 20160228  2.515 -155.75   68.49    -9.9   -20.8   -15.3   -16.6     0.3     4.11 C   -15.3   -23.3   -19.3    91.3    70.0    82.4 -99.000 -99.000 -99.000 -99.000 -99.000 -9999.0 -9999.0 -9999.0 -9999.0 -9999.0
26564 20160229  2.515 -155.75   68.49    -1.3   -20.2   -10.7    -7.3     0.0     2.42 C    -3.3   -22.3    -9.5    93.8    71.1    82.1 -99.000 -99.000 -99.000 -99.000 -99.000 -9999.0 -9999.0 -9999.0 -9999.0 -9999.0
26564 20160301  2.515 -155.75   68.49    -2.4    -9.9    -6.2    -6.0     0.0     2.85 C    -4.6    -9.4    -6.4    95.4    78.7    91.4 -99.000 -99.000 -99.000 -99.000 -99.000 -9999.0 -9999.0 -9999.0 -9999.0 -9999.0
26564 20160302  2.515 -155.75   68.49    -5.2   -17.8   -11.5   -10.9     0.2     3.40 C    -5.5   -21.4   -12.0    93.6    79.6    87.0 -99.000 -99.000 -99.000 -99.000 -99.000 -9999.0 -9999.0 -9999.0 -9999.0 -9999.0
26564 20160303  2.515 -155.75   68.49    -9.2   -17.9   -13.6   -11.8     0.2     2.83 C    -9.3   -17.1   -11.6    94.3    82.3    87.8 -99.000 -99.000 -99.000 -99.000 -99.000 -9999.0 -9999.0 -9999.0 -9999.0 -9999.0
26564 20160304  2.515 -155.75   68.49   -17.8   -19.7   -18.8   -18.9     0.2     2.83 C   -17.0   -19.3   -18.2    82.7    80.6    81.5 -99.000 -99.000 -99.000 -99.000 -99.000 -9999.0 -9999.0 -9999.0 -9999.0 -9999.0
26564 20160305  2.515 -155.75   68.49   -19.3   -27.6   -23.4   -21.9     0.4     2.00 C   -19.1   -26.8   -21.2    81.3    74.3    79.0 -99.000 -99.000 -99.000 -99.000 -99.000 -9999.0 -9999.0 -9999.0 -9999.0 -9999.0
26564 20160306  2.515 -155.75   68.49   -26.8   -34.0   -30.4   -29.8     1.5     6.59 C   -24.6   -35.9   -31.4    76.1    68.2    73.2 -99.000 -99.000 -99.000 -99.000 -99.000 -9999.0 -9999.0 -9999.0 -9999.0 -9999.0
26564 20160307  2.515 -155.75   68.49   -24.1   -30.4   -27.3   -27.2     0.0     5.96 C   -22.7   -34.0   -29.0    78.9    70.9    74.9 -99.000 -99.000 -99.000 -99.000 -99.000 -9999.0 -9999.0 -9999.0 -9999.0 -9999.0
26564 20160308  2.515 -155.75   68.49   -22.2   -30.4   -26.3   -27.1     0.0    10.07 C   -21.2   -34.6   -31.0    80.2    67.3    74.9 -99.000 -99.000 -99.000 -99.000 -99.000 -9999.0 -9999.0 -9999.0 -9999.0 -9999.0
26564 20160309  2.515 -155.75   68.49   -27.7   -33.1   -30.4   -30.3     0.0    12.30 C     0.0   -36.9   -33.3    77.0    66.5    72.6 -99.000 -99.000 -99.000 -99.000 -99.000 -9999.0 -9999.0 -9999.0 -9999.0 -9999.0
26564 20160310  2.515 -155.75   68.49   -26.8   -32.7   -29.8   -29.3     0.6     5.38 C   -26.6   -35.6   -30.4    78.0    68.0    73.1 -99.000 -99.000 -99.000 -99.000 -99.000 -9999.0 -9999.0 -9999.0 -9999.0 -9999.0
26564 20160311  2.515 -155.75   68.49   -22.0   -28.4   -25.2   -24.6     0.3     5.42 C   -20.5   -30.8   -24.8    78.7    73.1    76.5 -99.000 -99.000 -99.000 -99.000 -99.000 -9999.0 -9999.0 -9999.0 -9999.0 -9999.0
26564 20160312  2.515 -155.75   68.49   -21.7   -25.1   -23.4   -23.1     0.0     2.99 C   -20.6   -25.9   -22.7    78.7    75.5    77.6 -99.000 -99.000 -99.000 -99.000 -99.000 -9999.0 -9999.0 -9999.0 -9999.0 -9999.0
26564 20160313  2.515 -155.75   68.49   -24.7   -31.2   -27.9   -29.3     1.5     7.54 C   -24.4   -31.9   -29.1    76.6    71.0    73.1 -99.000 -99.000 -99.000 -99.000 -99.000 -9999.0 -9999.0 -9999.0 -9999.0 -9999.0
26564 20160314  2.515 -155.75   68.49   -27.6   -32.2   -29.9   -29.1     0.3     7.65 C   -26.1   -34.4   -30.1    75.2    69.2    73.1 -99.000 -99.000 -99.000 -99.000 -99.000 -9999.0 -9999.0 -9999.0 -9999.0 -9999.0
26564 20160315  2.515 -155.75   68.49   -30.1   -34.5   -32.3   -31.7     1.0    12.41 C   -30.1   -37.5   -33.3    73.5    67.8    71.3 -99.000 -99.000 -99.000 -99.000 -99.000 -9999.0 -9999.0 -9999.0 -9999.0 -9999.0
26564 20160316  2.515 -155.75   68.49   -26.5   -34.0   -30.3   -30.4     0.2    16.00 C   -23.7   -38.0   -32.8    80.9    66.3    72.1 -99.000 -99.000 -99.000 -99.000 -99.000 -9999.0 -9999.0 -9999.0 -9999.0 -9999.0
26564 20160317  2.515 -155.75   68.49   -23.8   -32.7   -28.3   -28.4     0.4    14.54 C   -26.1   -38.0   -33.3    81.3    64.5    73.5 -99.000 -99.000 -99.000 -99.000 -99.000 -9999.0 -9999.0 -9999.0 -9999.0 -9999.0
26564 20160318  2.515 -155.75   68.49   -28.2   -35.3   -31.7   -31.3     1.5    10.90 C   -28.9   -37.9   -32.6    76.8    67.6    71.6 -99.000 -99.000 -99.000 -99.000 -99.000 -9999.0 -9999.0 -9999.0 -9999.0 -9999.0
26564 20160319  2.515 -155.75   68.49   -30.3   -36.8   -33.5   -32.8     1.9     6.02 C   -28.8   -38.5   -32.9    72.5    66.8    70.6 -99.000 -99.000 -99.000 -99.000 -99.000 -9999.0 -9999.0 -9999.0 -9999.0 -9999.0
26564 20160320  2.515 -155.75   68.49   -28.1   -31.1   -29.6   -29.7     0.2     7.68 C   -24.4   -32.0   -28.0    74.9    71.1    72.7 -99.000 -99.000 -99.000 -99.000 -99.000 -9999.0 -9999.0 -9999.0 -9999.0 -9999.0
26564 20160321  2.515 -155.75   68.49   -24.0   -29.3   -26.7   -26.9     0.0    12.52 C   -19.2   -30.0   -26.6    77.0    73.0    74.7 -99.000 -99.000 -99.000 -99.000 -99.000 -9999.0 -9999.0 -9999.0 -9999.0 -9999.0
26564 20160322  2.515 -155.75   68.49   -12.6   -28.1   -20.3   -22.4     0.0    17.10 C     0.0   -30.9   -24.5    90.7    71.3    78.3 -99.000 -99.000 -99.000 -99.000 -99.000 -9999.0 -9999.0 -9999.0 -9999.0 -9999.0
26564 20160323  2.515 -155.75   68.49    -8.0   -20.0   -14.0   -12.3     0.0    10.36 C   -11.7   -24.6   -16.2    89.3    68.0    76.6 -99.000 -99.000 -99.000 -99.000 -99.000 -9999.0 -9999.0 -9999.0 -9999.0 -9999.0
26564 20160324  2.515 -155.75   68.49   -10.4   -24.6   -17.5   -17.5     0.0    11.81 C   -12.1   -25.3   -19.2    89.7    79.7    85.3 -99.000 -99.000 -99.000 -99.000 -99.000 -9999.0 -9999.0 -9999.0 -9999.0 -9999.0
26564 20160325  2.515 -155.75   68.49   -16.3   -22.5   -19.4   -19.0     2.9     7.71 C   -13.1   -20.7   -17.4    83.7    80.0    81.7 -99.000 -99.000 -99.000 -99.000 -99.000 -9999.0 -9999.0 -9999.0 -9999.0 -9999.0
26564 20160326  2.515 -155.75   68.49   -18.8   -22.7   -20.8   -20.3     5.3     8.29 C   -17.4   -22.6   -19.2    82.0    79.0    80.7 -99.000 -99.000 -99.000 -99.000 -99.000 -9999.0 -9999.0 -9999.0 -9999.0 -9999.0
26564 20160327  2.515 -155.75   68.49   -22.7   -33.7   -28.2   -25.7     1.1    12.27 C   -22.1   -37.3   -27.7    79.0    68.9    76.7 -99.000 -99.000 -99.000 -99.000 -99.000 -9999.0 -9999.0 -9999.0 -9999.0 -9999.0
26564 20160328  2.515 -155.75   68.49   -22.3   -34.5   -28.4   -27.6     0.0    12.63 C   -20.3   -38.4   -30.8    79.2    66.6    74.9 -99.000 -99.000 -99.000 -99.000 -99.000 -9999.0 -9999.0 -9999.0 -9999.0 -9999.0
26564 20160329  2.515 -155.75   68.49   -23.3   -34.4   -28.9   -28.4     0.0    13.60 C   -24.9   -37.7   -31.4    80.9    68.5    74.1 -99.000 -99.000 -99.000 -99.000 -99.000 -9999.0 -9999.0 -9999.0 -9999.0 -9999.0
26564 20160330  2.515 -155.75   68.49   -21.5   -34.1   -27.8   -26.2     1.2    13.91 C   -21.9   -36.9   -30.2    85.2    66.4    76.1 -99.000 -99.000 -99.000 -99.000 -99.000 -9999.0 -9999.0 -9999.0 -9999.0 -9999.0
26564 20160331  2.515 -155.75   68.49   -25.9   -35.1   -30.5   -29.9     0.0    13.51 C   -26.0   -39.1   -32.0    76.3    67.3    73.2 -99.000 -99.000 -99.000 -99.000 -99.000 -9999.0 -9999.0 -9999.0 -9999.0 -9999.0
26564 20160401  2.515 -155.75   68.49   -23.5   -32.0   -27.8   -27.6     0.0     9.29 C   -22.2   -32.8   -27.1    77.9    69.0    74.8 -99.000 -99.000 -99.000 -99.000 -99.000 -9999.0 -9999.0 -9999.0 -9999.0 -9999.0
26564 20160402  2.515 -155.75   68.49   -22.6   -28.3   -25.4   -25.8     0.0     8.85 C   -21.1   -28.4   -24.1    77.7    74.3    75.9 -99.000 -99.000 -99.000 -99.000 -99.000 -9999.0 -9999.0 -9999.0 -9999.0 -9999.0
26564 20160403  2.515 -155.75   68.49    -3.0   -22.7   -12.8   -15.0     0.9     9.88 C    -5.8   -22.1   -14.6    88.2    68.4    79.7 -99.000 -99.000 -99.000 -99.000 -99.000 -9999.0 -9999.0 -9999.0 -9999.0 -9999.0
26564 20160404  2.515 -155.75   68.49    -3.0   -17.1   -10.1    -7.2     0.3    14.14 C    -5.4   -20.3   -11.4    94.4    68.9    79.8 -99.000 -99.000 -99.000 -99.000 -99.000 -9999.0 -9999.0 -9999.0 -9999.0 -9999.0
26564 20160405  2.515 -155.75   68.49    -6.4   -18.0   -12.2   -12.1     0.0    15.53 C    -9.7   -22.6   -15.9    91.5    65.5    80.4 -99.000 -99.000 -99.000 -99.000 -99.000 -9999.0 -9999.0 -9999.0 -9999.0 -9999.0
26564 20160406  2.515 -155.75   68.49    -3.8   -14.8    -9.3    -9.5     0.0    15.84 C    -6.4   -19.1   -13.4    78.3    61.6    71.1 -99.000 -99.000 -99.000 -99.000 -99.000 -9999.0 -9999.0 -9999.0 -9999.0 -9999.0
26564 20160407  2.515 -155.75   68.49    -5.7   -18.5   -12.1   -10.6     0.0    15.39 C    -6.1   -21.7   -12.9    91.4    66.9    78.8 -99.000 -99.000 -99.000 -99.000 -99.000 -9999.0 -9999.0 -9999.0 -9999.0 -9999.0
26564 20160408  2.515 -155.75   68.49   -17.2   -22.9   -20.0   -18.7     0.5    10.47 C   -13.9   -24.0   -17.6    83.8    77.3    81.4 -99.000 -99.000 -99.000 -99.000 -99.000 -9999.0 -9999.0 -9999.0 -9999.0 -9999.0
26564 20160409  2.515 -155.75   68.49    -9.0   -23.1   -16.1   -14.7     0.0    15.94 C    -9.2   -26.0   -16.6    89.8    72.9    84.6 -99.000 -99.000 -99.000 -99.000 -99.000 -9999.0 -9999.0 -9999.0 -9999.0 -9999.0
26564 20160410  2.515 -155.75   68.49    -3.1   -17.3   -10.2   -11.9     0.0    12.43 C    -7.2   -19.1   -11.6    88.6    73.4    84.4 -99.000 -99.000 -99.000 -99.000 -99.000 -9999.0 -9999.0 -9999.0 -9999.0 -9999.0
26564 20160411  2.515 -155.75   68.49     2.9   -10.5    -3.8    -2.0     0.0    16.90 C    -1.5   -13.7    -7.3    82.5    55.7    69.8 -99.000 -99.000 -99.000 -99.000 -99.000 -9999.0 -9999.0 -9999.0 -9999.0 -9999.0
26564 20160412  2.515 -155.75   68.49    -4.7   -12.6    -8.7    -8.1     0.0    11.41 C    -3.3   -15.9    -9.0    94.5    74.5    88.1 -99.000 -99.000 -99.000 -99.000 -99.000 -9999.0 -9999.0 -9999.0 -9999.0 -9999.0
26564 20160413  2.515 -155.75   68.49    -7.8   -17.1   -12.5   -10.7     0.4    14.47 C    -4.4   -16.4    -9.6    91.5    81.7    87.9 -99.000 -99.000 -99.000 -99.000 -99.000 -9999.0 -9999.0 -9999.0 -9999.0 -9999.0
26564 20160414  2.515 -155.75   68.49   -17.1   -25.2   -21.2   -21.2     0.9    19.54 C   -15.5   -27.5   -21.2    83.6    73.6    78.6 -99.000 -99.000 -99.000 -99.000 -99.000 -9999.0 -9999.0 -9999.0 -9999.0 -9999.0
26564 20160415  2.515 -155.75   68.49   -19.3   -26.2   -22.8   -22.2     0.6    17.93 C   -17.8   -26.4   -22.2    81.9    73.6    77.8 -99.000 -99.000 -99.000 -99.000 -99.000 -9999.0 -9999.0 -9999.0 -9999.0 -9999.0
26564 20160416  2.515 -155.75   68.49   -17.7   -23.5   -20.6   -19.9     0.0    19.83 C   -17.1   -27.3   -21.4    81.9    75.0    79.9 -99.000 -99.000 -99.000 -99.000 -99.000 -9999.0 -9999.0 -9999.0 -9999.0 -9999.0
26564 20160417  2.515 -155.75   68.49   -19.5   -29.3   -24.4   -22.7     0.0    19.92 C   -17.6   -31.9   -23.1    81.2    67.0    78.2 -99.000 -99.000 -99.000 -99.000 -99.000 -9999.0 -9999.0 -9999.0 -9999.0 -9999.0
26564 20160418  2.515 -155.75   68.49   -14.7   -22.2   -18.5   -18.2     0.0    17.30 C   -13.2   -26.7   -17.4    84.5    78.0    81.3 -99.000 -99.000 -99.000 -99.000 -99.000 -9999.0 -9999.0 -9999.0 -9999.0 -9999.0
26564 20160419  2.515 -155.75   68.49    -1.7   -21.6   -11.7   -10.9     0.0    19.39 C    -2.3   -24.2   -13.3    93.5    68.1    81.3 -99.000 -99.000 -99.000 -99.000 -99.000 -9999.0 -9999.0 -9999.0 -9999.0 -9999.0
26564 20160420  2.515 -155.75   68.49    -2.7   -13.6    -8.2    -7.0     0.0    20.40 C     0.0   -18.3    -9.9    94.7    66.3    80.3 -99.000 -99.000 -99.000 -99.000 -99.000 -9999.0 -9999.0 -9999.0 -9999.0 -9999.0
26564 20160421  2.515 -155.75   68.49    -2.8   -15.1    -9.0    -8.7     0.0    20.96 C    -2.5   -19.8   -11.7    93.6    70.5    84.1 -99.000 -99.000 -99.000 -99.000 -99.000 -9999.0 -9999.0 -9999.0 -9999.0 -9999.0
26564 20160422  2.515 -155.75   68.49    -2.4   -14.6    -8.5    -8.1     0.0    21.12 C     0.0   -18.4   -10.1    94.6    67.4    80.8 -99.000 -99.000 -99.000 -99.000 -99.000 -9999.0 -9999.0 -9999.0 -9999.0 -9999.0
26564 20160423  2.515 -155.75   68.49    -8.4   -17.6   -13.0   -12.3     0.4    20.36 C    -5.7   -21.4   -13.5    91.0    80.2    87.3 -99.000 -99.000 -99.000 -99.000 -99.000 -9999.0 -9999.0 -9999.0 -9999.0 -9999.0
26564 20160424  2.515 -155.75   68.49    -9.1   -18.9   -14.0   -14.0     0.6    21.81 C    -5.3   -21.9   -15.0    89.5    77.5    85.5 -99.000 -99.000 -99.000 -99.000 -99.000 -9999.0 -9999.0 -9999.0 -9999.0 -9999.0
26564 20160425  2.515 -155.75   68.49   -11.6   -19.3   -15.4   -15.0     0.0    19.25 C   -10.2   -21.7   -14.6    87.5    78.8    84.5 -99.000 -99.000 -99.000 -99.000 -99.000 -9999.0 -9999.0 -9999.0 -9999.0 -9999.0
26564 20160426  2.515 -155.75   68.49   -10.1   -19.1   -14.6   -13.3     0.0    22.43 C    -6.4   -21.3   -13.0    89.1    79.5    86.1 -99.000 -99.000 -99.000 -99.000 -99.000 -9999.0 -9999.0 -9999.0 -9999.0 -9999.0
26564 20160427  2.515 -155.75   68.49    -8.9   -16.9   -12.9   -11.8     0.6    21.47 C    -6.3   -18.4   -12.1    90.0    80.1    87.4 -99.000 -99.000 -99.000 -99.000 -99.000 -9999.0 -9999.0 -9999.0 -9999.0 -9999.0
26564 20160428  2.515 -155.75   68.49    -6.3   -16.1   -11.2    -9.5     0.2    20.17 C    -4.7   -18.4    -9.6    94.6    82.5    89.3 -99.000 -99.000 -99.000 -99.000 -99.000 -9999.0 -9999.0 -9999.0 -9999.0 -9999.0
26564 20160429  2.515 -155.75   68.49    -5.3   -15.9   -10.6    -9.2     0.0    23.55 C    -4.2   -18.2    -9.8    94.8    82.7    90.1 -99.000 -99.000 -99.000 -99.000 -99.000 -9999.0 -9999.0 -9999.0 -9999.0 -9999.0
26564 20160430  2.515 -155.75   68.49     0.5    -9.1    -4.3    -5.1     0.0    22.73 C     0.7   -13.6    -5.6    95.8    74.4    86.7 -99.000 -99.000 -99.000 -99.000 -99.000 -9999.0 -9999.0 -9999.0 -9999.0 -9999.0
26564 20160501  2.515 -155.75   68.49    -4.9    -8.2    -6.5    -6.3     0.2    16.50 C    -2.6    -8.2    -5.4    92.5    90.4    91.5 -99.000 -99.000 -99.000 -99.000 -99.000 -9999.0 -9999.0 -9999.0 -9999.0 -9999.0
26564 20160502  2.515 -155.75   68.49    -5.7   -13.7    -9.7    -8.6     0.3    22.54 C    -3.3   -14.6    -7.5    91.9    82.6    89.2 -99.000 -99.000 -99.000 -99.000 -99.000 -9999.0 -9999.0 -9999.0 -9999.0 -9999.0
26564 20160503  2.515 -155.75   68.49    -5.4   -15.9   -10.7    -9.4     0.6    22.35 C    -2.9   -17.1    -8.5    91.4    79.8    87.9 -99.000 -99.000 -99.000 -99.000 -99.000 -9999.0 -9999.0 -9999.0 -9999.0 -9999.0
26564 20160504  2.515 -155.75   68.49    -5.9   -16.0   -10.9    -9.9     0.5    25.32 C    -2.3   -17.4    -9.9    93.7    78.0    87.4 -99.000 -99.000 -99.000 -99.000 -99.000 -9999.0 -9999.0 -9999.0 -9999.0 -9999.0
26564 20160505  2.515 -155.75   68.49    -5.5   -14.5   -10.0    -8.8     0.3    23.77 C    -2.5   -17.5    -9.0    93.3    79.4    89.1 -99.000 -99.000 -99.000 -99.000 -99.000 -9999.0 -9999.0 -9999.0 -9999.0 -9999.0
26564 20160506  2.515 -155.75   68.49    -6.3   -16.4   -11.3   -10.5     0.0    21.44 C    -3.8   -18.6   -10.4    91.5    77.6    87.6 -99.000 -99.000 -99.000 -99.000 -99.000 -9999.0 -9999.0 -9999.0 -9999.0 -9999.0
26564 20160507  2.515 -155.75   68.49    -3.8   -16.5   -10.2    -9.5     0.5    26.54 C    -2.4   -18.4    -9.1    94.3    79.0    87.2 -99.000 -99.000 -99.000 -99.000 -99.000 -9999.0 -9999.0 -9999.0 -9999.0 -9999.0
26564 20160508  2.515 -155.75   68.49     4.8    -7.6    -1.4    -0.7     0.0    23.00 C     0.8   -10.0    -3.3    84.6    49.7    71.6 -99.000 -99.000 -99.000 -99.000 -99.000 -9999.0 -9999.0 -9999.0 -9999.0 -9999.0
26564 20160509  2.515 -155.75   68.49     4.9     0.4     2.7     2.5     0.0    21.47 C     0.5    -1.6    -0.1    87.9    68.8    80.5 -99.000 -99.000 -99.000 -99.000 -99.000 -9999.0 -9999.0 -9999.0 -9999.0 -9999.0
26564 20160510  2.515 -155.75   68.49     8.1     0.5     4.3     4.0     0.0    21.54 C     1.1    -2.6    -0.4    83.1    51.8    68.5 -99.000 -99.000 -99.000 -99.000 -99.000 -9999.0 -9999.0 -9999.0 -9999.0 -9999.0
26564 20160511  2.515 -155.75   68.49     8.5     2.7     5.6     5.4     0.0    16.71 C     1.1    -0.4     0.1    80.1    53.3    66.8 -99.000 -99.000 -99.000 -99.000 -99.000 -9999.0 -9999.0 -9999.0 -9999.0 -9999.0
26564 20160512  2.515 -155.75   68.49     6.9     0.8     3.8     3.1     0.8    14.92 C     0.8    -0.2     0.1    98.0    68.3    88.8 -99.000 -99.000 -99.000 -99.000 -99.000 -9999.0 -9999.0 -9999.0 -9999.0 -9999.0
26564 20160513  2.515 -155.75   68.49     4.9     0.8     2.8     2.4     2.1    17.09 C     1.0    -0.4     0.2    97.6    80.6    93.4 -99.000 -99.000 -99.000 -99.000 -99.000 -9999.0 -9999.0 -9999.0 -9999.0 -9999.0
26564 20160514  2.515 -155.75   68.49     2.3    -3.4    -0.6    -0.7     0.0    14.11 C     0.2    -2.6    -0.6    97.7    85.1    91.8 -99.000 -99.000 -99.000 -99.000 -99.000 -9999.0 -9999.0 -9999.0 -9999.0 -9999.0
26564 20160515  2.515 -155.75   68.49    -2.8    -4.6    -3.7    -3.7     0.0    13.73 C    -2.1    -4.2    -3.1    96.3    81.6    90.2 -99.000 -99.000 -99.000 -99.000 -99.000 -9999.0 -9999.0 -9999.0 -9999.0 -9999.0
26564 20160516  2.515 -155.75   68.49    -1.5    -5.4    -3.4    -3.8     0.0    20.31 C    -0.7    -6.2    -3.3    92.9    77.9    85.8 -99.000 -99.000 -99.000 -99.000 -99.000 -9999.0 -9999.0 -9999.0 -9999.0 -9999.0
26564 20160517  2.515 -155.75   68.49    -3.3    -6.3    -4.8    -4.7     0.0    14.63 C    -3.0    -6.6    -4.4    96.0    76.5    86.8 -99.000 -99.000 -99.000 -99.000 -99.000 -9999.0 -9999.0 -9999.0 -9999.0 -9999.0
26564 20160518  2.515 -155.75   68.49     0.1    -4.7    -2.3    -3.0     0.0    21.00 C    -0.3    -4.4    -2.2    95.8    83.0    92.3 -99.000 -99.000 -99.000 -99.000 -99.000 -9999.0 -9999.0 -9999.0 -9999.0 -9999.0
26564 20160519  2.515 -155.75   68.49     6.4    -2.1     2.1     2.8     0.0    25.30 C     0.6    -5.0    -1.1    94.0    55.3    68.4 -99.000 -99.000 -99.000 -99.000 -99.000 -9999.0 -9999.0 -9999.0 -9999.0 -9999.0
26564 20160520  2.515 -155.75   68.49     6.5    -0.2     3.1     3.2     0.0    27.05 C     0.4    -2.0    -0.2    87.9    66.3    77.1 -99.000 -99.000 -99.000 -99.000 -99.000 -9999.0 -9999.0 -9999.0 -9999.0 -9999.0
26564 20160521  2.515 -155.75   68.49     7.2     0.2     3.7     3.0     3.4    13.11 C     0.6    -0.6     0.1    96.4    72.8    87.6 -99.000 -99.000 -99.000 -99.000 -99.000 -9999.0 -9999.0 -9999.0 -9999.0 -9999.0
26564 20160522  2.515 -155.75   68.49     6.4     1.2     3.8     3.3     0.4    16.27 C     0.9    -0.2     0.1    97.1    59.1    78.9 -99.000 -99.000 -99.000 -99.000 -99.000 -9999.0 -9999.0 -9999.0 -9999.0 -9999.0
26564 20160523  2.515 -155.75   68.49     7.2    -0.2     3.5     2.9     1.8    14.65 C     0.8    -0.8     0.1    98.2    60.4    84.7 -99.000 -99.000 -99.000 -99.000 -99.000 -9999.0 -9999.0 -9999.0 -9999.0 -9999.0
26564 20160524  2.515 -155.75   68.49     5.7     0.0     2.9     2.8     0.0    14.58 C     0.6    -1.3    -0.1    92.4    60.0    75.1 -99.000 -99.000 -99.000 -99.000 -99.000 -9999.0 -9999.0 -9999.0 -9999.0 -9999.0
26564 20160525  2.515 -155.75   68.49     7.2    -0.1     3.5     3.2     0.0    15.46 C     0.9    -0.9     0.0    89.3    44.6    68.4 -99.000 -99.000 -99.000 -99.000 -99.000 -9999.0 -9999.0 -9999.0 -9999.0 -9999.0
26564 20160526  2.515 -155.75   68.49     6.3     0.4     3.4     3.9     2.1     8.66 C     0.9    -1.3     0.3    94.7    65.8    82.3 -99.000 -99.000 -99.000 -99.000 -99.000 -9999.0 -9999.0 -9999.0 -9999.0 -9999.0
26564 20160527  2.515 -155.75   68.49     9.1     1.9     5.5     5.5     0.0    15.08 C     4.0    -0.6     1.6    95.8    62.5    79.0 -99.000 -99.000 -99.000 -99.000 -99.000 -9999.0 -9999.0 -9999.0 -9999.0 -9999.0
26564 20160528  2.515 -155.75   68.49    14.0    -0.3     6.9     8.0     0.0    27.96 C    13.0    -0.9     5.7    98.2    44.4    67.6 -99.000 -99.000 -99.000 -99.000 -99.000 -9999.0 -9999.0 -9999.0 -9999.0 -9999.0
26564 20160529  2.515 -155.75   68.49    15.9    -0.1     7.9     9.3     0.0    28.17 C    16.6    -1.4     7.7    88.4    30.5    54.2 -99.000 -99.000 -99.000 -99.000 -99.000 -9999.0 -9999.0 -9999.0 -9999.0 -9999.0
26564 20160530  2.515 -155.75   68.49    19.9    -0.1     9.9    12.9     0.0    28.79 C    21.2    -1.3    10.8    86.0    19.4    41.2 -99.000 -99.000 -99.000 -99.000 -99.000 -9999.0 -9999.0 -9999.0 -9999.0 -9999.0
26564 20160531  2.515 -155.75   68.49    12.0    -0.1     5.9     7.6     0.0    26.88 C    20.1    -0.9     8.4    96.9    35.8    60.7 -99.000 -99.000 -99.000 -99.000 -99.000 -9999.0 -9999.0 -9999.0 -9999.0 -9999.0
26564 20160601  2.515 -155.75   68.49     1.3    -3.4    -1.0    -1.5     0.0    12.52 C     5.4    -2.1     0.3    98.3    66.3    85.5 -99.000 -99.000 -99.000 -99.000 -99.000 -9999.0 -9999.0 -9999.0 -9999.0 -9999.0
26564 20160602  2.515 -155.75   68.49    -1.3    -5.1    -3.2    -3.1     0.0     8.63 C     1.2    -2.5    -0.9    96.3    64.9    81.9 -99.000 -99.000 -99.000 -99.000 -99.000 -9999.0 -9999.0 -9999.0 -9999.0 -9999.0
26564 20160603  2.515 -155.75   68.49     5.7    -3.5     1.1     0.8     0.0    26.66 C    13.3    -2.6     3.7    76.8    44.4    60.3 -99.000 -99.000 -99.000 -99.000 -99.000 -9999.0 -9999.0 -9999.0 -9999.0 -9999.0
26564 20160604  2.515 -155.75   68.49    11.7    -3.5     4.1     5.5     0.4    12.56 C    13.4    -2.9     4.6    87.5    36.7    59.8 -99.000 -99.000 -99.000 -99.000 -99.000 -9999.0 -9999.0 -9999.0 -9999.0 -9999.0
26564 20160605  2.515 -155.75   68.49     7.7    -3.4     2.1    -1.1     1.5     5.03 C     5.3    -2.5    -0.6    96.6    69.0    91.5 -99.000 -99.000 -99.000 -99.000 -99.000 -9999.0 -9999.0 -9999.0 -9999.0 -9999.0
26564 20160606  2.515 -155.75   68.49    11.6    -2.7     4.4     3.4     0.0    25.40 C    19.2    -2.6     6.0    96.9    28.3    65.2 -99.000 -99.000 -99.000 -99.000 -99.000 -9999.0 -9999.0 -9999.0 -9999.0 -9999.0
26564 20160607  2.515 -155.75   68.49     8.5    -2.4     3.0     3.1     8.1     6.30 C    11.5    -2.3     3.6    98.2    44.7    85.3 -99.000 -99.000 -99.000 -99.000 -99.000 -9999.0 -9999.0 -9999.0 -9999.0 -9999.0
26564 20160608  2.515 -155.75   68.49    -1.1    -4.1    -2.6    -2.7     1.2    17.56 C    -0.1    -4.6    -2.4    96.1    59.5    79.9 -99.000 -99.000 -99.000 -99.000 -99.000 -9999.0 -9999.0 -9999.0 -9999.0 -9999.0
26564 20160609  2.515 -155.75   68.49     5.6    -3.7     1.0     0.8     0.0    17.55 C     6.1    -4.8     0.4    97.7    52.5    74.5 -99.000 -99.000 -99.000 -99.000 -99.000 -9999.0 -9999.0 -9999.0 -9999.0 -9999.0
26564 20160610  2.515 -155.75   68.49    11.0    -0.8     5.1     3.9     0.4    19.07 C    16.4    -0.3     6.3    98.4    53.2    80.8 -99.000 -99.000 -99.000 -99.000 -99.000 -9999.0 -9999.0 -9999.0 -9999.0 -9999.0
26564 20160611  2.515 -155.75   68.49    19.6    -0.5     9.5    12.6     0.0    27.64 C    25.6    -0.7    12.8    94.3    25.3    49.8 -99.000 -99.000 -99.000 -99.000 -99.000 -9999.0 -9999.0 -9999.0 -9999.0 -9999.0
26564 20160612  2.515 -155.75   68.49    16.0     7.7    11.9    13.0     0.0    22.71 C    18.4     5.2    11.1    73.9    31.3    51.2 -99.000 -99.000 -99.000 -99.000 -99.000 -9999.0 -9999.0 -9999.0 -9999.0 -9999.0
26564 20160613  2.515 -155.75   68.49    10.0     1.0     5.5     4.3     0.8     9.78 C    15.4     1.4     5.5    97.9    62.0    85.6 -99.000 -99.000 -99.000 -99.000 -99.000 -9999.0 -9999.0 -9999.0 -9999.0 -9999.0
26564 20160614  2.515 -155.75   68.49    12.1    -0.4     5.9     5.7     0.0    21.69 C    22.4     0.2     8.4    98.3    42.4    70.4 -99.000 -99.000 -99.000 -99.000 -99.000 -9999.0 -9999.0 -9999.0 -9999.0 -9999.0
26564 20160615  2.515 -155.75   68.49     8.3     5.0     6.7     6.6     4.7     2.28 C     8.0     4.4     6.2    97.1    52.2    86.1 -99.000 -99.000 -99.000 -99.000 -99.000 -9999.0 -9999.0 -9999.0 -9999.0 -9999.0
26564 20160616  2.515 -155.75   68.49    17.3     5.2    11.3    10.7     0.0    25.82 C    23.0     0.0    11.5    95.8    47.0    71.3 -99.000 -99.000 -99.000 -99.000 -99.000 -9999.0 -9999.0 -9999.0 -9999.0 -9999.0
26564 20160617  2.515 -155.75   68.49 -9999.0 -9999.0 -9999.0 -9999.0 -9999.0 -9999.00 U -9999.0 -9999.0 -9999.0 -9999.0 -9999.0 -9999.0 -99.000 -99.000 -99.000 -99.000 -99.000 -9999.0 -9999.0 -9999.0 -9999.0 -9999.0
26564 20160618  2.515 -155.75   68.49    14.4     7.5    10.9    11.2     0.0    18.34 C    18.8     0.0    11.1    87.2    46.0    65.5 -99.000 -99.000 -99.000 -99.000 -99.000 -9999.0 -9999.0 -9999.0 -9999.0 -9999.0
26564 20160619  2.515 -155.75   68.49    12.4     6.0     9.2     9.5     2.5     9.89 C    18.2     5.4    10.5    96.1    68.8    85.7 -99.000 -99.000 -99.000 -99.000 -99.000 -9999.0 -9999.0 -9999.0 -9999.0 -9999.0
26564 20160620  2.515 -155.75   68.49 -9999.0 -9999.0 -9999.0 -9999.0 -9999.0 -9999.00 U -9999.0 -9999.0 -9999.0 -9999.0 -9999.0 -9999.0 -99.000 -99.000 -99.000 -99.000 -99.000 -9999.0 -9999.0 -9999.0 -9999.0 -9999.0
26564 20160621 -9.000 -155.75   68.49 -9999.0 -9999.0 -9999.0 -9999.0 -9999.0 -9999.00 U -9999.0 -9999.0 -9999.0 -9999.0 -9999.0 -9999.0 -99.000 -99.000 -99.000 -99.000 -99.000 -9999.0 -9999.0 -9999.0 -9999.0 -9999.0
26564 20160622 -9.000 -155.75   68.49 -9999.0 -9999.0 -9999.0 -9999.0 -9999.0 -9999.00 U -9999.0 -9999.0 -9999.0 -9999.0 -9999.0 -9999.0 -99.000 -99.000 -99.000 -99.000 -99.000 -9999.0 -9999.0 -9999.0 -9999.0 -9999.0
26564 20160623 -9.000 -155.75   68.49 -9999.0 -9999.0 -9999.0 -9999.0 -9999.0 -9999.00 U -9999.0 -9999.0 -9999.0 -9999.0 -9999.0 -9999.0 -99.000 -99.000 -99.000 -99.000 -99.000 -9999.0 -9999.0 -9999.0 -9999.0 -9999.0
26564 20160624 -9.000 -155.75   68.49 -9999.0 -9999.0 -9999.0 -9999.0 -9999.0 -9999.00 U -9999.0 -9999.0 -9999.0 -9999.0 -9999.0 -9999.0 -99.000 -99.000 -99.000 -99.000 -99.000 -9999.0 -9999.0 -9999.0 -9999.0 -9999.0
26564 20160625 -9.000 -155.75   68.49 -9999.0 -9999.0 -9999.0 -9999.0 -9999.0 -9999.00 U -9999.0 -9999.0 -9999.0 -9999.0 -9999.0 -9999.0 -99.000 -99.000 -99.000 -99.000 -99.000 -9999.0 -9999.0 -9999.0 -9999.0 -9999.0
26564 20160626 -9.000 -155.75   68.49 -9999.0 -9999.0 -9999.0 -9999.0 -9999.0 -9999.00 U -9999.0 -9999.0 -9999.0 -9999.0 -9999.0 -9999.0 -99.000 -99.000 -99.000 -99.000 -99.000 -9999.0 -9999.0 -9999.0 -9999.0 -9999.0
26564 20160627  2.515 -155.75   68.49 -9999.0 -9999.0 -9999.0 -9999.0 -9999.0 -9999.00 U -9999.0 -9999.0 -9999.0 -9999.0 -9999.0 -9999.0 -99.000 -99.000 -99.000 -99.000 -99.000 -9999.0 -9999.0 -9999.0 -9999.0 -9999.0
26564 20160628  2.515 -155.75   68.49    20.1     3.9    12.0    14.6     0.0    24.02 C    19.7     2.7    12.3    82.5    33.9    52.8 -99.000 -99.000 -99.000 -99.000 -99.000 -9999.0 -9999.0 -9999.0 -9999.0 -9999.0
26564 20160629  2.515 -155.75   68.49    20.4     9.7    15.1    16.1     0.0    24.28 C    25.2     8.2    15.2    93.9    39.0    58.4 -99.000 -99.000 -99.000 -99.000 -99.000 -9999.0 -9999.0 -9999.0 -9999.0 -9999.0
26564 20160630  2.515 -155.75   68.49    21.4     7.0    14.2    16.1     0.0    26.46 C    28.8     6.2    16.9    97.0    37.0    58.3 -99.000 -99.000 -99.000 -99.000 -99.000 -9999.0 -9999.0 -9999.0 -9999.0 -9999.0
26564 20160701  2.515 -155.75   68.49    21.7     7.5    14.6    16.0     0.0    27.93 C    25.0     6.9    16.4    90.8    37.2    62.9 -99.000 -99.000 -99.000 -99.000 -99.000 -9999.0 -9999.0 -9999.0 -9999.0 -9999.0
26564 20160702  2.515 -155.75   68.49    21.3     9.4    15.4    16.7     0.0    27.80 C    24.7     7.0    16.3    81.6    35.7    54.8 -99.000 -99.000 -99.000 -99.000 -99.000 -9999.0 -9999.0 -9999.0 -9999.0 -9999.0
26564 20160703  2.515 -155.75   68.49    22.8     7.9    15.3    16.7     0.0    28.56 C    29.6     5.2    17.1    81.7    30.1    54.4 -99.000 -99.000 -99.000 -99.000 -99.000 -9999.0 -9999.0 -9999.0 -9999.0 -9999.0
26564 20160704  2.515 -155.75   68.49    19.8     9.8    14.8    13.5    23.4    14.94 C    27.1     7.9    14.4    94.5    48.8    74.0 -99.000 -99.000 -99.000 -99.000 -99.000 -9999.0 -9999.0 -9999.0 -9999.0 -9999.0
26564 20160705  2.515 -155.75   68.49    17.8     9.1    13.5    13.2     1.7    23.44 C    24.4     9.3    15.0    97.2    53.6    75.2 -99.000 -99.000 -99.000 -99.000 -99.000 -9999.0 -9999.0 -9999.0 -9999.0 -9999.0
26564 20160706  2.515 -155.75   68.49    19.7     7.4    13.5    13.0     8.9    14.89 C    27.0     7.4    14.1    95.4    50.8    79.6 -99.000 -99.000 -99.000 -99.000 -99.000 -9999.0 -9999.0 -9999.0 -9999.0 -9999.0
26564 20160707  2.515 -155.75   68.49    17.7    10.0    13.8    13.5     0.4    19.32 C    22.3     9.1    14.0    95.9    43.4    69.3 -99.000 -99.000 -99.000 -99.000 -99.000 -9999.0 -9999.0 -9999.0 -9999.0 -9999.0
26564 20160708  2.515 -155.75   68.49    16.4     5.8    11.1    11.9     6.7    13.52 C    23.6     5.6    12.8    91.2    55.5    77.1 -99.000 -99.000 -99.000 -99.000 -99.000 -9999.0 -9999.0 -9999.0 -9999.0 -9999.0
26564 20160709  2.515 -155.75   68.49    18.1     4.4    11.2    12.8     0.0    18.96 C    20.9     5.2    12.9    92.3    43.1    67.1 -99.000 -99.000 -99.000 -99.000 -99.000 -9999.0 -9999.0 -9999.0 -9999.0 -9999.0
26564 20160710  2.515 -155.75   68.49    14.4     8.2    11.3    11.8     6.2     9.00 C    17.0     7.4    12.1    96.7    67.6    84.2 -99.000 -99.000 -99.000 -99.000 -99.000 -9999.0 -9999.0 -9999.0 -9999.0 -9999.0
26564 20160711  2.515 -155.75   68.49    19.3     7.2    13.2    12.7     0.6    22.40 C    23.9     8.2    14.2    97.5    39.7    73.0 -99.000 -99.000 -99.000 -99.000 -99.000 -9999.0 -9999.0 -9999.0 -9999.0 -9999.0
26564 20160712  2.515 -155.75   68.49    22.7     8.9    15.8    17.2     0.0    25.75 C    26.8     7.6    17.1    80.3    32.2    51.4 -99.000 -99.000 -99.000 -99.000 -99.000 -9999.0 -9999.0 -9999.0 -9999.0 -9999.0
26564 20160713  2.515 -155.75   68.49    25.5     9.9    17.7    19.7     0.0    27.05 C    25.5     8.5    17.7    80.9    29.8    50.5 -99.000 -99.000 -99.000 -99.000 -99.000 -9999.0 -9999.0 -9999.0 -9999.0 -9999.0
26564 20160714  2.515 -155.75   68.49    25.6     9.1    17.4    20.1     0.0    27.28 C    25.3     7.8    17.1    80.4    33.6    46.6 -99.000 -99.000 -99.000 -99.000 -99.000 -9999.0 -9999.0 -9999.0 -9999.0 -9999.0
26564 20160715  2.515 -155.75   68.49    20.9     5.2    13.0    12.6     8.3    12.23 C    21.9     6.1    11.8    97.2    34.9    71.5 -99.000 -99.000 -99.000 -99.000 -99.000 -9999.0 -9999.0 -9999.0 -9999.0 -9999.0
26564 20160716  2.515 -155.75   68.49    14.0     1.9     8.0     9.5     1.1    18.16 C    18.1     3.5    10.1    97.8    52.6    75.6 -99.000 -99.000 -99.000 -99.000 -99.000 -9999.0 -9999.0 -9999.0 -9999.0 -9999.0
26564 20160717  2.515 -155.75   68.49    14.1     9.0    11.6    10.8    12.2     9.25 C    17.5     8.6    10.9    95.5    66.5    83.4 -99.000 -99.000 -99.000 -99.000 -99.000 -9999.0 -9999.0 -9999.0 -9999.0 -9999.0
26564 20160718  2.515 -155.75   68.49     9.6     2.9     6.3     5.7     8.7     8.99 C    11.3     5.4     7.4    96.4    63.5    82.0 -99.000 -99.000 -99.000 -99.000 -99.000 -9999.0 -9999.0 -9999.0 -9999.0 -9999.0
26564 20160719  2.515 -155.75   68.49     8.8     3.9     6.3     5.8     0.0     7.48 C    12.7     3.9     7.2    96.7    67.4    87.3 -99.000 -99.000 -99.000 -99.000 -99.000 -9999.0 -9999.0 -9999.0 -9999.0 -9999.0
26564 20160720  2.515 -155.75   68.49    11.6     0.7     6.2     7.5     0.0    17.00 C    14.3     1.1     8.1    95.2    55.7    74.9 -99.000 -99.000 -99.000 -99.000 -99.000 -9999.0 -9999.0 -9999.0 -9999.0 -9999.0
26564 20160721  2.515 -155.75   68.49    14.9    -0.2     7.4     7.9     0.0    24.56 C    17.5     0.7     9.4    98.2    46.5    72.5 -99.000 -99.000 -99.000 -99.000 -99.000 -9999.0 -9999.0 -9999.0 -9999.0 -9999.0
26564 20160722  2.515 -155.75   68.49    13.5    -0.3     6.6     7.6     0.0    25.61 C    16.9     0.6     9.0    98.1    50.5    71.9 -99.000 -99.000 -99.000 -99.000 -99.000 -9999.0 -9999.0 -9999.0 -9999.0 -9999.0
26564 20160723  2.515 -155.75   68.49    11.2    -0.7     5.2     5.8     0.0    24.21 C    15.8    -0.3     7.4    98.5    49.7    76.2 -99.000 -99.000 -99.000 -99.000 -99.000 -9999.0 -9999.0 -9999.0 -9999.0 -9999.0
26564 20160724  2.515 -155.75   68.49    12.5    -0.2     6.1     5.4     0.0    21.00 C    17.9    -0.3     7.9    98.3    60.7    84.0 -99.000 -99.000 -99.000 -99.000 -99.000 -9999.0 -9999.0 -9999.0 -9999.0 -9999.0
26564 20160725  2.515 -155.75   68.49    18.7     0.1     9.4    11.6     0.0    22.29 C    26.4     0.1    12.7    96.5    31.8    62.0 -99.000 -99.000 -99.000 -99.000 -99.000 -9999.0 -9999.0 -9999.0 -9999.0 -9999.0
26564 20160726  2.515 -155.75   68.49    19.7     6.6    13.1    14.2     0.0    14.09 C    25.3     5.7    13.2    86.3    35.7    59.7 -99.000 -99.000 -99.000 -99.000 -99.000 -9999.0 -9999.0 -9999.0 -9999.0 -9999.0
26564 20160727  2.515 -155.75   68.49    17.9     8.4    13.1    13.2     6.6    12.31 C    19.8     8.1    11.8    96.4    46.2    67.1 -99.000 -99.000 -99.000 -99.000 -99.000 -9999.0 -9999.0 -9999.0 -9999.0 -9999.0
26564 20160728  2.515 -155.75   68.49    11.2     3.9     7.6     7.8     7.8     8.70 C    13.3     5.1     9.1    96.4    75.8    88.3 -99.000 -99.000 -99.000 -99.000 -99.000 -9999.0 -9999.0 -9999.0 -9999.0 -9999.0
26564 20160729  2.515 -155.75   68.49     9.3     1.1     5.2     5.6     1.1    13.61 C    15.4     2.2     8.1    97.8    52.8    79.2 -99.000 -99.000 -99.000 -99.000 -99.000 -9999.0 -9999.0 -9999.0 -9999.0 -9999.0
26564 20160730  2.515 -155.75   68.49     9.3     1.6     5.4     4.9     0.4    15.23 C    17.3     2.1     8.0    97.4    58.8    82.1 -99.000 -99.000 -99.000 -99.000 -99.000 -9999.0 -9999.0 -9999.0 -9999.0 -9999.0
26564 20160731  2.515 -155.75   68.49    13.0    -0.1     6.4     6.8     0.8    19.29 C    14.4     1.3     8.1    97.8    46.5    70.4 -99.000 -99.000 -99.000 -99.000 -99.000 -9999.0 -9999.0 -9999.0 -9999.0 -9999.0
26564 20160801  2.515 -155.75   68.49    16.5     6.7    11.6    11.4     0.7    17.71 C    17.9     3.2     9.2    81.6    36.5    52.3 -99.000 -99.000 -99.000 -99.000 -99.000 -9999.0 -9999.0 -9999.0 -9999.0 -9999.0
26564 20160802  2.515 -155.75   68.49     9.6    -0.6     4.5     2.7     3.5    12.33 C    14.8     1.1     5.6    97.6    67.7    85.2 -99.000 -99.000 -99.000 -99.000 -99.000 -9999.0 -9999.0 -9999.0 -9999.0 -9999.0
26564 20160803  2.515 -155.75   68.49     6.2    -0.2     3.0     2.6     0.0    11.81 C    13.0    -0.6     4.5    98.0    62.7    83.0 -99.000 -99.000 -99.000 -99.000 -99.000 -9999.0 -9999.0 -9999.0 -9999.0 -9999.0
26564 20160804  2.515 -155.75   68.49    10.9    -2.6     4.1     4.6     0.0    21.94 C    14.0    -2.1     5.7    94.7    51.4    76.0 -99.000 -99.000 -99.000 -99.000 -99.000 -9999.0 -9999.0 -9999.0 -9999.0 -9999.0
26564 20160805  2.515 -155.75   68.49    17.3    -2.5     7.4     8.6     0.0    23.09 C    19.1    -1.7     9.2    97.5    46.8    71.5 -99.000 -99.000 -99.000 -99.000 -99.000 -9999.0 -9999.0 -9999.0 -9999.0 -9999.0
26564 20160806  2.515 -155.75   68.49    20.2     9.8    15.0    15.3     0.0    15.83 C    27.0     7.6    15.0    82.2    40.4    56.9 -99.000 -99.000 -99.000 -99.000 -99.000 -9999.0 -9999.0 -9999.0 -9999.0 -9999.0
26564 20160807  2.515 -155.75   68.49    16.1     9.8    13.0    13.1     4.3     7.48 C    18.2     9.1    12.9    95.4    62.8    77.3 -99.000 -99.000 -99.000 -99.000 -99.000 -9999.0 -9999.0 -9999.0 -9999.0 -9999.0
26564 20160808  2.515 -155.75   68.49    11.4     7.1     9.2     9.5     3.6     4.07 C    12.8     7.5    10.0    96.9    78.8    93.0 -99.000 -99.000 -99.000 -99.000 -99.000 -9999.0 -9999.0 -9999.0 -9999.0 -9999.0
26564 20160809  2.515 -155.75   68.49     7.3     3.8     5.5     5.5    15.3     4.53 C     8.9     5.3     6.7    97.7    91.6    96.1 -99.000 -99.000 -99.000 -99.000 -99.000 -9999.0 -9999.0 -9999.0 -9999.0 -9999.0
26564 20160810  2.515 -155.75   68.49     5.4     4.0     4.7     4.6     6.2     3.76 C     7.0     4.7     5.4    97.5    95.1    97.0 -99.000 -99.000 -99.000 -99.000 -99.000 -9999.0 -9999.0 -9999.0 -9999.0 -9999.0
26564 20160811  2.515 -155.75   68.49    14.5     0.2     7.4     7.9     0.0    14.47 C    15.3     1.3     8.6    98.2    67.9    87.8 -99.000 -99.000 -99.000 -99.000 -99.000 -9999.0 -9999.0 -9999.0 -9999.0 -9999.0
26564 20160812  2.515 -155.75   68.49    16.3     2.9     9.6    10.1     0.0    15.75 C    18.8     3.1    10.3    96.4    58.7    80.0 -99.000 -99.000 -99.000 -99.000 -99.000 -9999.0 -9999.0 -9999.0 -9999.0 -9999.0
26564 20160813  2.515 -155.75   68.49    14.8     3.3     9.0     8.8     0.0    15.42 C    19.7     3.8    10.6    98.1    64.3    86.4 -99.000 -99.000 -99.000 -99.000 -99.000 -9999.0 -9999.0 -9999.0 -9999.0 -9999.0
26564 20160814  2.515 -155.75   68.49     9.3     3.8     6.5     6.9     0.0     5.91 C    11.6     3.0     7.8    97.7    80.7    93.4 -99.000 -99.000 -99.000 -99.000 -99.000 -9999.0 -9999.0 -9999.0 -9999.0 -9999.0
26564 20160815  2.515 -155.75   68.49     6.7     2.9     4.8     4.5     0.9     8.73 C    12.7     4.5     6.8    97.7    87.7    95.7 -99.000 -99.000 -99.000 -99.000 -99.000 -9999.0 -9999.0 -9999.0 -9999.0 -9999.0
26564 20160816  2.515 -155.75   68.49     7.4     0.3     3.9     3.5     0.3     9.66 C    11.5     1.2     5.7    97.2    68.5    87.9 -99.000 -99.000 -99.000 -99.000 -99.000 -9999.0 -9999.0 -9999.0 -9999.0 -9999.0
26564 20160817  2.515 -155.75   68.49    14.7     3.1     8.9    10.5     0.0    10.98 C    14.2     2.2     8.6    86.6    53.7    66.2 -99.000 -99.000 -99.000 -99.000 -99.000 -9999.0 -9999.0 -9999.0 -9999.0 -9999.0
26564 20160818  2.515 -155.75   68.49    14.8    11.1    13.0    12.7     0.6     6.36 C    14.1     7.5     9.9    82.4    53.7    64.8 -99.000 -99.000 -99.000 -99.000 -99.000 -9999.0 -9999.0 -9999.0 -9999.0 -9999.0
26564 20160819  2.515 -155.75   68.49    12.4     9.2    10.8    10.8     8.3     5.92 C    11.6     7.9     9.6    90.0    70.4    82.9 -99.000 -99.000 -99.000 -99.000 -99.000 -9999.0 -9999.0 -9999.0 -9999.0 -9999.0
26564 20160820  2.515 -155.75   68.49     9.9     4.4     7.1     7.4     4.2     4.92 C    11.3     5.3     7.7    97.4    69.8    89.3 -99.000 -99.000 -99.000 -99.000 -99.000 -9999.0 -9999.0 -9999.0 -9999.0 -9999.0
26564 20160821  2.515 -155.75   68.49     7.4     1.6     4.5     4.8     8.3     4.94 C     9.4     3.5     6.3    97.8    95.0    97.0 -99.000 -99.000 -99.000 -99.000 -99.000 -9999.0 -9999.0 -9999.0 -9999.0 -9999.0
26564 20160822  2.515 -155.75   68.49     1.6    -1.4     0.1    -0.4    10.7     8.30 C     3.5     0.3     1.4    97.9    93.8    96.4 -99.000 -99.000 -99.000 -99.000 -99.000 -9999.0 -9999.0 -9999.0 -9999.0 -9999.0
26564 20160823  2.515 -155.75   68.49     7.4    -0.6     3.4     1.3     2.3     5.57 C     4.4     0.2     2.1    97.9    83.2    95.3 -99.000 -99.000 -99.000 -99.000 -99.000 -9999.0 -9999.0 -9999.0 -9999.0 -9999.0
26564 20160824  2.515 -155.75   68.49    13.4     5.8     9.6    10.3     1.2     4.47 C    11.7     2.8     6.8    96.0    68.3    84.3 -99.000 -99.000 -99.000 -99.000 -99.000 -9999.0 -9999.0 -9999.0 -9999.0 -9999.0
26564 20160825  2.515 -155.75   68.49    14.7     5.6    10.1    10.5     0.0     8.33 C    14.6     3.7     8.5    93.0    64.7    80.7 -99.000 -99.000 -99.000 -99.000 -99.000 -9999.0 -9999.0 -9999.0 -9999.0 -9999.0
26564 20160826  2.515 -155.75   68.49    14.6     3.3     9.0     9.9     0.0    15.57 C    14.9     2.8     8.2    95.2    48.6    71.3 -99.000 -99.000 -99.000 -99.000 -99.000 -9999.0 -9999.0 -9999.0 -9999.0 -9999.0
26564 20160827  2.515 -155.75   68.49    14.0     3.0     8.5    10.3     0.0     8.80 C    13.7     2.9     8.6    91.6    61.1    75.9 -99.000 -99.000 -99.000 -99.000 -99.000 -9999.0 -9999.0 -9999.0 -9999.0 -9999.0
26564 20160828  2.515 -155.75   68.49    10.0     2.8     6.4     6.8     6.8     1.90 C     9.5     3.8     7.0    97.9    85.5    95.1 -99.000 -99.000 -99.000 -99.000 -99.000 -9999.0 -9999.0 -9999.0 -9999.0 -9999.0
26564 20160829  2.515 -155.75   68.49    11.6     1.7     6.7     4.8     0.0    10.65 C    12.8     2.4     5.8    98.0    69.4    91.3 -99.000 -99.000 -99.000 -99.000 -99.000 -9999.0 -9999.0 -9999.0 -9999.0 -9999.0
26564 20160830  2.515 -155.75   68.49    17.3     2.5     9.9    11.6     0.0     9.92 C    18.5     2.4     9.2    94.2    46.0    69.8 -99.000 -99.000 -99.000 -99.000 -99.000 -9999.0 -9999.0 -9999.0 -9999.0 -9999.0
26564 20160831  2.515 -155.75   68.49     9.6     0.5     5.0     4.0     0.0     3.63 C     8.2     2.0     5.7    97.9    79.7    91.8 -99.000 -99.000 -99.000 -99.000 -99.000 -9999.0 -9999.0 -9999.0 -9999.0 -9999.0
26564 20160901  2.515 -155.75   68.49     5.6    -0.8     2.4     2.1     0.5     6.54 C     8.7     0.5     3.8    98.2    78.9    93.7 -99.000 -99.000 -99.000 -99.000 -99.000 -9999.0 -9999.0 -9999.0 -9999.0 -9999.0
26564 20160902  2.515 -155.75   68.49     5.9    -2.6     1.6     1.9     0.0    11.50 C     9.0    -1.5     3.5    97.6    74.3    90.3 -99.000 -99.000 -99.000 -99.000 -99.000 -9999.0 -9999.0 -9999.0 -9999.0 -9999.0
26564 20160903  2.515 -155.75   68.49    10.0    -6.3     1.9     1.6     0.0    13.71 C     9.9    -2.4     2.7    98.0    48.7    78.1 -99.000 -99.000 -99.000 -99.000 -99.000 -9999.0 -9999.0 -9999.0 -9999.0 -9999.0
26564 20160904  2.515 -155.75   68.49     5.3    -3.4     0.9     2.1     0.0    12.74 C    10.9    -2.1     3.4    97.7    66.8    85.2 -99.000 -99.000 -99.000 -99.000 -99.000 -9999.0 -9999.0 -9999.0 -9999.0 -9999.0
26564 20160905  2.515 -155.75   68.49     0.1    -3.1    -1.5    -1.0     3.1     3.02 C     2.2    -2.0     0.4    98.1    92.9    96.6 -99.000 -99.000 -99.000 -99.000 -99.000 -9999.0 -9999.0 -9999.0 -9999.0 -9999.0
26564 20160906  2.515 -155.75   68.49    -2.9    -5.5    -4.2    -4.0     0.0     7.13 C    -1.2    -5.0    -2.6    95.7    80.4    87.7 -99.000 -99.000 -99.000 -99.000 -99.000 -9999.0 -9999.0 -9999.0 -9999.0 -9999.0
26564 20160907  2.515 -155.75   68.49     1.1    -4.7    -1.8    -0.3     8.0     3.29 C     0.0    -3.1    -0.6    97.8    87.6    94.8 -99.000 -99.000 -99.000 -99.000 -99.000 -9999.0 -9999.0 -9999.0 -9999.0 -9999.0
26564 20160908  2.515 -155.75   68.49     9.6    -0.4     4.6     3.3     0.0    12.35 C     4.1    -2.1     0.4    97.5    39.5    77.2 -99.000 -99.000 -99.000 -99.000 -99.000 -9999.0 -9999.0 -9999.0 -9999.0 -9999.0
26564 20160909  2.515 -155.75   68.49    11.4    -0.6     5.4     5.7     0.0    11.48 C     9.5    -1.6     3.2    81.4    44.6    63.8 -99.000 -99.000 -99.000 -99.000 -99.000 -9999.0 -9999.0 -9999.0 -9999.0 -9999.0
26564 20160910  2.515 -155.75   68.49     7.4     1.7     4.5     4.2     1.6     1.80 C     6.5    -0.4     2.8    97.7    65.4    84.5 -99.000 -99.000 -99.000 -99.000 -99.000 -9999.0 -9999.0 -9999.0 -9999.0 -9999.0
26564 20160911  2.515 -155.75   68.49     5.0    -1.7     1.7     2.1     0.0     3.87 C     6.0    -0.4     2.7    98.2    80.8    93.9 -99.000 -99.000 -99.000 -99.000 -99.000 -9999.0 -9999.0 -9999.0 -9999.0 -9999.0
26564 20160912  2.515 -155.75   68.49    -1.7    -4.2    -2.9    -3.3     1.7     4.11 C    -0.4    -3.9    -2.1    96.2    86.6    91.6 -99.000 -99.000 -99.000 -99.000 -99.000 -9999.0 -9999.0 -9999.0 -9999.0 -9999.0
26564 20160913  2.515 -155.75   68.49    -3.4    -5.0    -4.2    -4.3     0.0     6.04 C    -3.1    -5.1    -4.1    95.6    86.3    92.5 -99.000 -99.000 -99.000 -99.000 -99.000 -9999.0 -9999.0 -9999.0 -9999.0 -9999.0
26564 20160914  2.515 -155.75   68.49    -4.9    -6.7    -5.8    -5.4     0.2     5.82 C    -3.8    -6.9    -5.2    94.4    81.3    90.6 -99.000 -99.000 -99.000 -99.000 -99.000 -9999.0 -9999.0 -9999.0 -9999.0 -9999.0
26564 20160915  2.515 -155.75   68.49    -5.7   -14.3   -10.0    -7.1     0.0     9.03 C    -3.1   -14.4    -6.6    96.4    81.5    86.3 -99.000 -99.000 -99.000 -99.000 -99.000 -9999.0 -9999.0 -9999.0 -9999.0 -9999.0
26564 20160916  2.515 -155.75   68.49     1.4   -15.3    -6.9    -3.1     0.0     8.26 C    -0.5   -16.3    -5.3    88.6    61.3    79.8 -99.000 -99.000 -99.000 -99.000 -99.000 -9999.0 -9999.0 -9999.0 -9999.0 -9999.0
26564 20160917  2.515 -155.75   68.49     1.5    -5.1    -1.8    -0.6     1.4     3.98 C    -0.1    -8.6    -1.8    94.9    66.4    80.8 -99.000 -99.000 -99.000 -99.000 -99.000 -9999.0 -9999.0 -9999.0 -9999.0 -9999.0
26564 20160918  2.515 -155.75   68.49    -1.7   -10.1    -5.9    -4.0     0.0     7.97 C    -2.6   -12.8    -6.0    85.4    69.6    75.7 -99.000 -99.000 -99.000 -99.000 -99.000 -9999.0 -9999.0 -9999.0 -9999.0 -9999.0
26564 20160919  2.515 -155.75   68.49     5.2    -4.0     0.6     1.2     0.5     4.12 C     0.0    -7.8    -2.0    90.1    58.3    73.8 -99.000 -99.000 -99.000 -99.000 -99.000 -9999.0 -9999.0 -9999.0 -9999.0 -9999.0
26564 20160920  2.515 -155.75   68.49     8.3     0.8     4.5     5.1     0.0     9.13 C     2.0    -1.1     0.2    92.5    53.7    70.5 -99.000 -99.000 -99.000 -99.000 -99.000 -9999.0 -9999.0 -9999.0 -9999.0 -9999.0
26564 20160921  2.515 -155.75   68.49     7.1    -1.5     2.8     3.3     0.0     3.15 C     2.0    -1.0     0.2    96.3    64.3    83.3 -99.000 -99.000 -99.000 -99.000 -99.000 -9999.0 -9999.0 -9999.0 -9999.0 -9999.0
26564 20160922  2.515 -155.75   68.49     3.8    -2.8     0.5    -0.3     6.6     1.45 C     0.0    -2.6    -0.5    98.0    78.0    95.0 -99.000 -99.000 -99.000 -99.000 -99.000 -9999.0 -9999.0 -9999.0 -9999.0 -9999.0
26564 20160923  2.515 -155.75   68.49    -2.0    -4.5    -3.3    -3.2     9.9     5.50 C    -1.5    -5.8    -3.5    95.9    88.2    93.4 -99.000 -99.000 -99.000 -99.000 -99.000 -9999.0 -9999.0 -9999.0 -9999.0 -9999.0
26564 20160924  2.515 -155.75   68.49    -1.4    -9.1    -5.2    -4.3     0.0     8.79 C    -3.2   -16.4    -7.5    92.5    64.8    80.8 -99.000 -99.000 -99.000 -99.000 -99.000 -9999.0 -9999.0 -9999.0 -9999.0 -9999.0
26564 20160925  2.515 -155.75   68.49    -0.8    -6.9    -3.9    -3.1     0.2     5.07 C    -2.1   -13.4    -5.5    96.1    69.7    80.2 -99.000 -99.000 -99.000 -99.000 -99.000 -9999.0 -9999.0 -9999.0 -9999.0 -9999.0
26564 20160926  2.515 -155.75   68.49    -0.7    -5.8    -3.3    -4.0     3.8     4.62 C    -1.1    -7.2    -4.2    97.4    72.5    92.4 -99.000 -99.000 -99.000 -99.000 -99.000 -9999.0 -9999.0 -9999.0 -9999.0 -9999.0
26564 20160927  2.515 -155.75   68.49    -0.1   -14.7    -7.4    -5.2     0.0     5.19 C    -3.6   -16.6    -7.9    93.2    51.1    69.5 -99.000 -99.000 -99.000 -99.000 -99.000 -9999.0 -9999.0 -9999.0 -9999.0 -9999.0
26564 20160928  2.515 -155.75   68.49     4.3    -0.1     2.1     2.1     0.6     5.61 C    -0.1    -5.1    -1.4    90.0    57.1    70.5 -99.000 -99.000 -99.000 -99.000 -99.000 -9999.0 -9999.0 -9999.0 -9999.0 -9999.0
26564 20160929  2.515 -155.75   68.49     3.9     0.0     2.0     1.9     0.0     5.59 C    -0.1    -4.1    -1.7    84.4    64.5    71.5 -99.000 -99.000 -99.000 -99.000 -99.000 -9999.0 -9999.0 -9999.0 -9999.0 -9999.0
26564 20160930  2.515 -155.75   68.49     7.2    -2.1     2.5     3.2     0.0     5.56 C    -0.2    -5.2    -1.3    91.7    63.5    77.8 -99.000 -99.000 -99.000 -99.000 -99.000 -9999.0 -9999.0 -9999.0 -9999.0 -9999.0
26564 20161001  2.515 -155.75   68.49     7.9    -4.2     1.9     1.0     0.0     7.12 C    -0.8    -8.6    -5.5    80.9    35.8    56.8 -99.000 -99.000 -99.000 -99.000 -99.000 -9999.0 -9999.0 -9999.0 -9999.0 -9999.0
26564 20161002  2.515 -155.75   68.49     6.4    -4.2     1.1     1.2     0.0     6.82 C    -0.7    -9.0    -5.7    81.9    46.2    62.8 -99.000 -99.000 -99.000 -99.000 -99.000 -9999.0 -9999.0 -9999.0 -9999.0 -9999.0
26564 20161003  2.515 -155.75   68.49     3.7    -5.7    -1.0    -0.7     0.0     3.02 C    -0.1    -9.0    -3.5    91.3    60.6    80.1 -99.000 -99.000 -99.000 -99.000 -99.000 -9999.0 -9999.0 -9999.0 -9999.0 -9999.0
26564 20161004  2.515 -155.75   68.49     1.8     0.0     0.9     0.8     0.9     1.90 C     0.0    -0.2    -0.1    98.3    83.9    95.2 -99.000 -99.000 -99.000 -99.000 -99.000 -9999.0 -9999.0 -9999.0 -9999.0 -9999.0
26564 20161005  2.515 -155.75   68.49     2.1    -2.7    -0.3     0.5     0.0     2.60 C    -0.2    -4.7    -0.6    98.1    69.1    86.3 -99.000 -99.000 -99.000 -99.000 -99.000 -9999.0 -9999.0 -9999.0 -9999.0 -9999.0
26564 20161006  2.515 -155.75   68.49     2.4    -6.7    -2.2    -3.0     0.0     5.37 C    -1.0    -9.3    -6.5    91.4    66.1    82.0 -99.000 -99.000 -99.000 -99.000 -99.000 -9999.0 -9999.0 -9999.0 -9999.0 -9999.0
26564 20161007  2.515 -155.75   68.49     5.2    -6.6    -0.7    -1.5     0.0     5.53 C    -0.8   -10.5    -6.0    78.9    43.4    65.5 -99.000 -99.000 -99.000 -99.000 -99.000 -9999.0 -9999.0 -9999.0 -9999.0 -9999.0
26564 20161008  2.515 -155.75   68.49     7.0    -8.3    -0.6    -2.5     0.0     5.69 C    -2.7   -11.5    -8.3    74.9    26.0    57.3 -99.000 -99.000 -99.000 -99.000 -99.000 -9999.0 -9999.0 -9999.0 -9999.0 -9999.0
26564 20161009  2.515 -155.75   68.49     8.4    -6.8     0.8     0.8     0.0     4.11 C    -0.1   -10.8    -5.0    73.2    23.2    53.2 -99.000 -99.000 -99.000 -99.000 -99.000 -9999.0 -9999.0 -9999.0 -9999.0 -9999.0
26564 20161010  2.515 -155.75   68.49     4.1    -3.3     0.4     0.2     0.0     2.19 C    -0.5    -7.7    -4.1    87.6    62.2    74.0 -99.000 -99.000 -99.000 -99.000 -99.000 -9999.0 -9999.0 -9999.0 -9999.0 -9999.0
26564 20161011  2.515 -155.75   68.49     3.1    -5.8    -1.3    -0.8     0.0     3.68 C    -1.0    -8.4    -4.7    93.1    54.5    73.2 -99.000 -99.000 -99.000 -99.000 -99.000 -9999.0 -9999.0 -9999.0 -9999.0 -9999.0
26564 20161012  2.515 -155.75   68.49     1.0    -6.6    -2.8    -3.4     0.0     4.23 C    -3.0   -10.1    -7.5    89.7    63.5    76.2 -99.000 -99.000 -99.000 -99.000 -99.000 -9999.0 -9999.0 -9999.0 -9999.0 -9999.0
26564 20161013  2.515 -155.75   68.49    -4.2   -12.0    -8.1    -8.6     0.0     4.25 C    -7.6   -12.7   -10.5    95.3    70.4    85.3 -99.000 -99.000 -99.000 -99.000 -99.000 -9999.0 -9999.0 -9999.0 -9999.0 -9999.0
26564 20161014  2.515 -155.75   68.49   -10.4   -16.8   -13.6   -12.5     0.0     4.36 C   -10.0   -16.4   -13.0    89.6    82.3    87.0 -99.000 -99.000 -99.000 -99.000 -99.000 -9999.0 -9999.0 -9999.0 -9999.0 -9999.0
26564 20161015  2.515 -155.75   68.49    -7.1   -16.4   -11.8   -11.1     0.3     1.58 C    -6.5   -16.6   -10.8    90.8    83.4    87.7 -99.000 -99.000 -99.000 -99.000 -99.000 -9999.0 -9999.0 -9999.0 -9999.0 -9999.0
26564 20161016  2.515 -155.75   68.49    -7.1   -11.2    -9.2    -9.1     0.0     1.92 C    -6.9   -12.6    -9.1    90.1    86.0    88.5 -99.000 -99.000 -99.000 -99.000 -99.000 -9999.0 -9999.0 -9999.0 -9999.0 -9999.0
26564 20161017  2.515 -155.75   68.49    -9.7   -14.5   -12.1   -11.2     0.0     2.12 C    -9.5   -17.3   -12.4    88.8    80.1    84.9 -99.000 -99.000 -99.000 -99.000 -99.000 -9999.0 -9999.0 -9999.0 -9999.0 -9999.0
26564 20161018  2.515 -155.75   68.49    -8.6   -19.5   -14.0   -13.6     0.0     3.65 C   -11.9   -19.8   -15.6    85.2    54.3    72.1 -99.000 -99.000 -99.000 -99.000 -99.000 -9999.0 -9999.0 -9999.0 -9999.0 -9999.0
26564 20161019  2.515 -155.75   68.49    -8.5   -14.8   -11.7   -11.5     0.0     2.20 C    -9.8   -15.3   -13.0    81.7    57.4    67.9 -99.000 -99.000 -99.000 -99.000 -99.000 -9999.0 -9999.0 -9999.0 -9999.0 -9999.0
26564 20161020  2.515 -155.75   68.49    -6.5   -15.4   -10.9   -10.0     3.2     1.23 C    -6.5   -15.5   -10.0    93.3    67.5    84.8 -99.000 -99.000 -99.000 -99.000 -99.000 -9999.0 -9999.0 -9999.0 -9999.0 -9999.0
26564 20161021  2.515 -155.75   68.49    -6.2   -12.1    -9.1    -8.5     0.3     1.66 C    -7.1   -12.6    -9.1    90.2    68.7    80.0 -99.000 -99.000 -99.000 -99.000 -99.000 -9999.0 -9999.0 -9999.0 -9999.0 -9999.0
26564 20161022  2.515 -155.75   68.49    -4.3    -6.5    -5.4    -5.4     0.0     1.32 C    -5.4    -8.4    -6.6    83.5    73.6    78.1 -99.000 -99.000 -99.000 -99.000 -99.000 -9999.0 -9999.0 -9999.0 -9999.0 -9999.0
26564 20161023  2.515 -155.75   68.49    -3.8   -13.1    -8.4    -8.1     0.0     2.37 C    -5.3   -15.9   -11.4    80.7    50.5    69.4 -99.000 -99.000 -99.000 -99.000 -99.000 -9999.0 -9999.0 -9999.0 -9999.0 -9999.0
26564 20161024  2.515 -155.75   68.49     2.0   -11.2    -4.6    -4.0     0.0     1.82 C    -4.2   -13.9    -9.1    64.3    25.7    50.3 -99.000 -99.000 -99.000 -99.000 -99.000 -9999.0 -9999.0 -9999.0 -9999.0 -9999.0
26564 20161025  2.515 -155.75   68.49     6.5    -7.2    -0.4    -0.6     0.0     1.48 C    -2.9   -13.2    -7.9    54.8    17.3    38.7 -99.000 -99.000 -99.000 -99.000 -99.000 -9999.0 -9999.0 -9999.0 -9999.0 -9999.0
26564 20161026  2.515 -155.75   68.49     1.7    -8.4    -3.4    -2.6     0.0     1.94 C    -3.0   -11.0    -6.8    77.8    38.9    63.9 -99.000 -99.000 -99.000 -99.000 -99.000 -9999.0 -9999.0 -9999.0 -9999.0 -9999.0
26564 20161027  2.515 -155.75   68.49    -1.5   -10.3    -5.9    -6.3     0.0     1.97 C    -6.1   -12.3    -9.7    79.5    49.6    67.7 -99.000 -99.000 -99.000 -99.000 -99.000 -9999.0 -9999.0 -9999.0 -9999.0 -9999.0
26564 20161028  2.515 -155.75   68.49     3.7    -8.4    -2.3    -3.1     0.0     1.44 C    -0.4   -10.6    -6.8    80.3    47.0    66.9 -99.000 -99.000 -99.000 -99.000 -99.000 -9999.0 -9999.0 -9999.0 -9999.0 -9999.0
26564 20161029  2.515 -155.75   68.49     4.4    -1.9     1.3     2.5     0.0     0.95 C    -0.1    -5.0    -0.8    83.8    50.2    68.1 -99.000 -99.000 -99.000 -99.000 -99.000 -9999.0 -9999.0 -9999.0 -9999.0 -9999.0
26564 20161030  2.515 -155.75   68.49     1.1    -6.5    -2.7    -2.6     0.0     0.56 C    -1.8    -8.4    -4.0    97.8    67.3    87.5 -99.000 -99.000 -99.000 -99.000 -99.000 -9999.0 -9999.0 -9999.0 -9999.0 -9999.0
26564 20161031  2.515 -155.75   68.49     2.1    -7.8    -2.8    -4.0     0.0     0.44 C    -2.8    -8.6    -6.0    94.6    67.6    87.5 -99.000 -99.000 -99.000 -99.000 -99.000 -9999.0 -9999.0 -9999.0 -9999.0 -9999.0
26564 20161101  2.515 -155.75   68.49    -1.0   -10.9    -6.0    -5.8     0.0     1.49 C    -7.7   -12.5    -9.5    84.5    66.1    75.5 -99.000 -99.000 -99.000 -99.000 -99.000 -9999.0 -9999.0 -9999.0 -9999.0 -9999.0
26564 20161102  2.515 -155.75   68.49    -6.6   -15.5   -11.1   -12.4     0.0     0.66 C    -9.0   -14.5   -12.6    94.2    76.9    86.0 -99.000 -99.000 -99.000 -99.000 -99.000 -9999.0 -9999.0 -9999.0 -9999.0 -9999.0
26564 20161103  2.515 -155.75   68.49    -9.5   -13.2   -11.3   -11.0     1.3     0.29 C    -9.0   -14.3   -10.5    89.0    84.6    86.9 -99.000 -99.000 -99.000 -99.000 -99.000 -9999.0 -9999.0 -9999.0 -9999.0 -9999.0
26564 20161104  2.515 -155.75   68.49   -13.2   -18.4   -15.8   -15.8     0.0     0.17 C   -12.2   -17.0   -14.6    85.6    81.4    83.4 -99.000 -99.000 -99.000 -99.000 -99.000 -9999.0 -9999.0 -9999.0 -9999.0 -9999.0
26564 20161105  2.515 -155.75   68.49   -14.0   -19.4   -16.7   -16.0     0.0     0.16 C   -13.5   -18.6   -15.3    84.9    80.3    83.2 -99.000 -99.000 -99.000 -99.000 -99.000 -9999.0 -9999.0 -9999.0 -9999.0 -9999.0
26564 20161106  2.515 -155.75   68.49   -13.3   -15.6   -14.4   -14.0     0.0     0.05 C   -12.7   -16.5   -13.6    85.9    82.7    84.8 -99.000 -99.000 -99.000 -99.000 -99.000 -9999.0 -9999.0 -9999.0 -9999.0 -9999.0
26564 20161107  2.515 -155.75   68.49   -14.0   -24.7   -19.4   -17.6     0.0     0.03 C   -13.2   -26.3   -18.3    85.5    71.4    82.2 -99.000 -99.000 -99.000 -99.000 -99.000 -9999.0 -9999.0 -9999.0 -9999.0 -9999.0
26564 20161108  2.515 -155.75   68.49   -13.3   -20.1   -16.7   -15.8     0.0     0.03 C   -13.1   -22.3   -16.2    87.6    77.0    83.7 -99.000 -99.000 -99.000 -99.000 -99.000 -9999.0 -9999.0 -9999.0 -9999.0 -9999.0
26564 20161109  2.515 -155.75   68.49   -11.8   -13.6   -12.7   -12.5     0.0     0.01 C   -11.8   -13.4   -12.4    87.2    83.9    86.3 -99.000 -99.000 -99.000 -99.000 -99.000 -9999.0 -9999.0 -9999.0 -9999.0 -9999.0
26564 20161110  2.515 -155.75   68.49   -11.9   -13.4   -12.6   -12.6     0.0     0.05 C   -11.5   -12.7   -12.3    87.0    85.4    86.1 -99.000 -99.000 -99.000 -99.000 -99.000 -9999.0 -9999.0 -9999.0 -9999.0 -9999.0
26564 20161111  2.515 -155.75   68.49    -9.9   -12.0   -10.9   -10.7     0.0     0.00 C    -8.7   -12.1   -10.1    88.8    85.8    87.8 -99.000 -99.000 -99.000 -99.000 -99.000 -9999.0 -9999.0 -9999.0 -9999.0 -9999.0
26564 20161112  2.515 -155.75   68.49   -11.1   -19.7   -15.4   -15.2     0.0     0.01 C   -10.1   -20.2   -14.6    89.3    78.2    84.4 -99.000 -99.000 -99.000 -99.000 -99.000 -9999.0 -9999.0 -9999.0 -9999.0 -9999.0
26564 20161113  2.515 -155.75   68.49   -14.8   -22.0   -18.4   -18.6     0.0     0.00 C   -13.0   -22.1   -18.3    87.5    70.4    81.7 -99.000 -99.000 -99.000 -99.000 -99.000 -9999.0 -9999.0 -9999.0 -9999.0 -9999.0
26564 20161114  2.515 -155.75   68.49   -17.8   -22.1   -19.9   -19.8     0.0     0.05 C   -17.9   -22.1   -20.1    85.0    75.7    80.8 -99.000 -99.000 -99.000 -99.000 -99.000 -9999.0 -9999.0 -9999.0 -9999.0 -9999.0
26564 20161115  2.515 -155.75   68.49    -7.8   -19.6   -13.7   -11.6     0.0     0.00 C    -8.0   -20.0   -11.8    90.4    78.4    87.2 -99.000 -99.000 -99.000 -99.000 -99.000 -9999.0 -9999.0 -9999.0 -9999.0 -9999.0
26564 20161116  2.515 -155.75   68.49    -9.6   -20.2   -14.9   -15.2     0.0     0.13 C    -9.8   -23.3   -17.8    88.9    74.8    84.4 -99.000 -99.000 -99.000 -99.000 -99.000 -9999.0 -9999.0 -9999.0 -9999.0 -9999.0
26564 20161117  2.515 -155.75   68.49   -11.9   -18.6   -15.2   -15.6     0.0     0.39 C   -16.8   -22.9   -19.6    90.6    69.9    80.0 -99.000 -99.000 -99.000 -99.000 -99.000 -9999.0 -9999.0 -9999.0 -9999.0 -9999.0
26564 20161118  2.515 -155.75   68.49   -14.9   -21.4   -18.1   -18.3     0.0     0.55 C   -20.2   -24.2   -22.0    77.9    60.7    69.4 -99.000 -99.000 -99.000 -99.000 -99.000 -9999.0 -9999.0 -9999.0 -9999.0 -9999.0
26564 20161119  2.515 -155.75   68.49   -16.7   -22.8   -19.8   -19.9     0.0     0.09 C   -20.8   -25.6   -23.1    76.3    65.7    71.4 -99.000 -99.000 -99.000 -99.000 -99.000 -9999.0 -9999.0 -9999.0 -9999.0 -9999.0
26564 20161120  2.515 -155.75   68.49   -20.2   -25.1   -22.6   -22.9     0.0     0.04 C   -24.3   -28.5   -26.1    83.3    71.7    75.6 -99.000 -99.000 -99.000 -99.000 -99.000 -9999.0 -9999.0 -9999.0 -9999.0 -9999.0
26564 20161121  2.515 -155.75   68.49   -21.5   -27.9   -24.7   -25.5     0.0     0.00 C   -26.7   -30.9   -28.9    87.0    65.3    77.6 -99.000 -99.000 -99.000 -99.000 -99.000 -9999.0 -9999.0 -9999.0 -9999.0 -9999.0
26564 20161122  2.515 -155.75   68.49   -21.3   -31.1   -26.2   -25.9     0.0     0.00 C   -26.0   -31.9   -29.6    90.6    61.9    73.6 -99.000 -99.000 -99.000 -99.000 -99.000 -9999.0 -9999.0 -9999.0 -9999.0 -9999.0
26564 20161123  2.515 -155.75   68.49   -18.4   -25.5   -22.0   -21.9     0.0     0.00 C   -18.4   -28.8   -23.5    81.9    75.3    78.6 -99.000 -99.000 -99.000 -99.000 -99.000 -9999.0 -9999.0 -9999.0 -9999.0 -9999.0
26564 20161124  2.515 -155.75   68.49   -20.1   -25.3   -22.7   -22.8     0.0     0.00 C   -19.6   -29.0   -24.5    80.2    74.5    78.1 -99.000 -99.000 -99.000 -99.000 -99.000 -9999.0 -9999.0 -9999.0 -9999.0 -9999.0
26564 20161125  2.515 -155.75   68.49   -21.6   -27.4   -24.5   -23.7     0.0     0.00 C   -21.6   -29.6   -24.8    80.5    73.3    77.2 -99.000 -99.000 -99.000 -99.000 -99.000 -9999.0 -9999.0 -9999.0 -9999.0 -9999.0
26564 20161126  2.515 -155.75   68.49   -22.3   -31.2   -26.8   -25.4     0.0     0.00 C   -21.8   -35.6   -26.2    78.6    70.8    76.1 -99.000 -99.000 -99.000 -99.000 -99.000 -9999.0 -9999.0 -9999.0 -9999.0 -9999.0
26564 20161127  2.515 -155.75   68.49   -24.7   -33.8   -29.3   -28.8     0.0     0.00 C   -25.4   -36.7   -32.3    79.4    66.9    73.7 -99.000 -99.000 -99.000 -99.000 -99.000 -9999.0 -9999.0 -9999.0 -9999.0 -9999.0
26564 20161128  2.515 -155.75   68.49   -21.5   -33.2   -27.3   -26.6     0.0     0.00 C   -21.4   -34.7   -27.3    79.3    66.8    75.2 -99.000 -99.000 -99.000 -99.000 -99.000 -9999.0 -9999.0 -9999.0 -9999.0 -9999.0
26564 20161129  2.515 -155.75   68.49   -19.2   -28.9   -24.0   -24.0     0.0     0.00 C   -19.3   -30.7   -25.5    82.0    71.1    77.1 -99.000 -99.000 -99.000 -99.000 -99.000 -9999.0 -9999.0 -9999.0 -9999.0 -9999.0
26564 20161130  2.515 -155.75   68.49   -18.9   -30.2   -24.6   -25.1     0.0     0.00 C   -18.7   -32.4   -27.0    83.0    69.8    76.3 -99.000 -99.000 -99.000 -99.000 -99.000 -9999.0 -9999.0 -9999.0 -9999.0 -9999.0
26564 20161201  2.515 -155.75   68.49   -20.1   -31.9   -26.0   -27.2     0.0     0.00 C   -20.8   -35.3   -30.2    79.3    66.2    72.9 -99.000 -99.000 -99.000 -99.000 -99.000 -9999.0 -9999.0 -9999.0 -9999.0 -9999.0
26564 20161202  2.515 -155.75   68.49   -19.8   -28.5   -24.1   -21.7     0.0     0.00 C   -19.1   -32.5   -23.1    88.4    72.0    80.0 -99.000 -99.000 -99.000 -99.000 -99.000 -9999.0 -9999.0 -9999.0 -9999.0 -9999.0
26564 20161203  2.515 -155.75   68.49   -25.8   -32.7   -29.3   -30.1     0.0     0.00 C   -28.2   -35.4   -33.1    81.0    68.2    73.0 -99.000 -99.000 -99.000 -99.000 -99.000 -9999.0 -9999.0 -9999.0 -9999.0 -9999.0
26564 20161204  2.515 -155.75   68.49   -22.5   -32.7   -27.6   -28.1     0.0     0.00 C   -28.1   -35.7   -31.2    80.2    66.0    74.1 -99.000 -99.000 -99.000 -99.000 -99.000 -9999.0 -9999.0 -9999.0 -9999.0 -9999.0
26564 20161205  2.515 -155.75   68.49   -20.1   -26.7   -23.4   -24.3     0.0     0.00 C   -25.5   -30.9   -28.4    73.5    45.2    58.0 -99.000 -99.000 -99.000 -99.000 -99.000 -9999.0 -9999.0 -9999.0 -9999.0 -9999.0
26564 20161206  2.515 -155.75   68.49   -17.9   -25.3   -21.6   -22.8     0.0     0.00 C   -24.4   -30.2   -27.3    60.0    37.9    52.8 -99.000 -99.000 -99.000 -99.000 -99.000 -9999.0 -9999.0 -9999.0 -9999.0 -9999.0
26564 20161207  2.515 -155.75   68.49   -16.4   -25.6   -21.0   -22.0     0.0     0.00 C   -24.5   -30.3   -27.1    61.3    35.5    51.7 -99.000 -99.000 -99.000 -99.000 -99.000 -9999.0 -9999.0 -9999.0 -9999.0 -9999.0
26564 20161208  2.515 -155.75   68.49   -15.3   -24.7   -20.0   -20.7     0.0     0.00 C   -24.6   -29.4   -27.1    61.4    32.1    49.9 -99.000 -99.000 -99.000 -99.000 -99.000 -9999.0 -9999.0 -9999.0 -9999.0 -9999.0
26564 20161209  2.515 -155.75   68.49   -17.1   -23.9   -20.5   -21.5     0.0     0.00 C   -24.5   -28.8   -26.6    61.4    41.9    54.0 -99.000 -99.000 -99.000 -99.000 -99.000 -9999.0 -9999.0 -9999.0 -9999.0 -9999.0
26564 20161210  2.515 -155.75   68.49   -11.7   -21.4   -16.6   -15.7     0.0     0.00 C   -17.0   -26.2   -22.6    68.2    35.3    49.1 -99.000 -99.000 -99.000 -99.000 -99.000 -9999.0 -9999.0 -9999.0 -9999.0 -9999.0
26564 20161211  2.515 -155.75   68.49    -7.9   -15.0   -11.5   -12.0     0.0     0.00 C   -15.1   -19.4   -17.2    72.2    50.2    61.7 -99.000 -99.000 -99.000 -99.000 -99.000 -9999.0 -9999.0 -9999.0 -9999.0 -9999.0
26564 20161212  2.515 -155.75   68.49    -8.1   -17.2   -12.7   -13.2     0.0     0.00 C   -12.1   -22.2   -18.2    72.6    45.3    63.5 -99.000 -99.000 -99.000 -99.000 -99.000 -9999.0 -9999.0 -9999.0 -9999.0 -9999.0
26564 20161213  2.515 -155.75   68.49    -9.9   -21.3   -15.6   -13.8     0.0     0.00 C   -11.2   -25.1   -16.5    89.9    51.6    71.7 -99.000 -99.000 -99.000 -99.000 -99.000 -9999.0 -9999.0 -9999.0 -9999.0 -9999.0
26564 20161214  2.515 -155.75   68.49    -6.3   -19.3   -12.8   -12.5     0.0     0.00 C   -13.2   -22.5   -19.0    88.7    46.7    68.6 -99.000 -99.000 -99.000 -99.000 -99.000 -9999.0 -9999.0 -9999.0 -9999.0 -9999.0
26564 20161215  2.515 -155.75   68.49    -1.9   -13.1    -7.5    -5.2     0.3     0.00 C    -4.8   -15.3    -7.0    92.7    51.8    79.6 -99.000 -99.000 -99.000 -99.000 -99.000 -9999.0 -9999.0 -9999.0 -9999.0 -9999.0
26564 20161216  2.515 -155.75   68.49    -6.8   -15.7   -11.3   -11.1     0.0     0.00 C   -10.1   -19.5   -16.3    81.1    55.1    72.5 -99.000 -99.000 -99.000 -99.000 -99.000 -9999.0 -9999.0 -9999.0 -9999.0 -9999.0
26564 20161217  2.515 -155.75   68.49    -3.2   -13.0    -8.1    -6.6     0.8     0.00 C    -5.6   -16.4    -9.7    94.7    63.4    79.6 -99.000 -99.000 -99.000 -99.000 -99.000 -9999.0 -9999.0 -9999.0 -9999.0 -9999.0
26564 20161218  2.515 -155.75   68.49    -7.0   -13.5   -10.2   -10.0     1.3     0.00 C    -9.4   -16.3   -11.7    94.5    84.2    89.7 -99.000 -99.000 -99.000 -99.000 -99.000 -9999.0 -9999.0 -9999.0 -9999.0 -9999.0
26564 20161219  2.515 -155.75   68.49   -13.5   -24.7   -19.1   -20.0     0.2     0.00 C   -14.9   -29.2   -24.5    86.3    71.5    80.1 -99.000 -99.000 -99.000 -99.000 -99.000 -9999.0 -9999.0 -9999.0 -9999.0 -9999.0
26564 20161220  2.515 -155.75   68.49   -16.7   -23.8   -20.3   -18.8     0.0     0.00 C   -17.0   -28.8   -19.6    83.0    67.4    80.7 -99.000 -99.000 -99.000 -99.000 -99.000 -9999.0 -9999.0 -9999.0 -9999.0 -9999.0
26564 20161221  2.515 -155.75   68.49   -16.4   -28.5   -22.5   -21.1     0.0     0.00 C   -17.1   -33.1   -24.3    85.9    69.8    79.0 -99.000 -99.000 -99.000 -99.000 -99.000 -9999.0 -9999.0 -9999.0 -9999.0 -9999.0
26564 20161222  2.515 -155.75   68.49   -12.2   -17.3   -14.7   -14.1     0.0     0.00 C   -13.1   -18.6   -15.5    83.8    66.4    77.4 -99.000 -99.000 -99.000 -99.000 -99.000 -9999.0 -9999.0 -9999.0 -9999.0 -9999.0
26564 20161223  2.515 -155.75   68.49   -12.5   -17.7   -15.1   -14.4     0.0     0.00 C   -13.1   -22.3   -15.8    84.3    69.4    79.4 -99.000 -99.000 -99.000 -99.000 -99.000 -9999.0 -9999.0 -9999.0 -9999.0 -9999.0
26564 20161224  2.515 -155.75   68.49   -13.3   -21.9   -17.6   -16.6     0.0     0.00 C   -16.6   -27.5   -21.4    87.0    70.7    77.0 -99.000 -99.000 -99.000 -99.000 -99.000 -9999.0 -9999.0 -9999.0 -9999.0 -9999.0
26564 20161225  2.515 -155.75   68.49   -17.3   -30.8   -24.0   -25.6     0.0     0.00 C   -26.8   -32.4   -30.0    89.3    72.3    78.0 -99.000 -99.000 -99.000 -99.000 -99.000 -9999.0 -9999.0 -9999.0 -9999.0 -9999.0
26564 20161226  2.515 -155.75   68.49   -23.1   -29.4   -26.2   -25.5     0.0     0.00 C   -23.3   -29.1   -25.2    79.2    73.6    76.0 -99.000 -99.000 -99.000 -99.000 -99.000 -9999.0 -9999.0 -9999.0 -9999.0 -9999.0
26564 20161227  2.515 -155.75   68.49   -25.1   -30.1   -27.6   -28.2     0.0     0.00 C   -25.0   -30.2   -27.8    76.4    72.9    74.1 -99.000 -99.000 -99.000 -99.000 -99.000 -9999.0 -9999.0 -9999.0 -9999.0 -9999.0
26564 20161228  2.515 -155.75   68.49   -29.3   -34.7   -32.0   -32.1     0.0     0.00 C   -28.5   -36.5   -32.5    73.5    68.7    71.6 -99.000 -99.000 -99.000 -99.000 -99.000 -9999.0 -9999.0 -9999.0 -9999.0 -9999.0
26564 20161229  2.515 -155.75   68.49    -6.8   -33.2   -20.0   -16.8     0.0     0.00 C    -9.0   -35.9   -19.2    87.4    69.2    78.6 -99.000 -99.000 -99.000 -99.000 -99.000 -9999.0 -9999.0 -9999.0 -9999.0 -9999.0
26564 20161230  2.515 -155.75   68.49    -4.4   -10.1    -7.2    -7.4     0.4     0.00 C    -5.1   -12.0    -8.5    92.2    74.5    85.7 -99.000 -99.000 -99.000 -99.000 -99.000 -9999.0 -9999.0 -9999.0 -9999.0 -9999.0
26564 20161231  2.515 -155.75   68.49     1.0    -9.0    -4.0    -3.7     0.2     0.00 C    -0.8   -10.0    -5.4    90.8    60.7    82.5 -99.000 -99.000 -99.000 -99.000 -99.000 -9999.0 -9999.0 -9999.0 -9999.0 -9999.0
