54796 20160101  2.422  -71.54   41.49     5.6    -2.2     1.7     2.0     0.0     3.53 C    14.5    -6.6     0.9    92.4    53.4    68.4   0.306   0.305   0.298   0.342   0.098     5.8     6.1     6.9     8.4     9.6
54796 20160102  2.422  -71.54   41.49     3.7    -4.4    -0.3    -0.8     0.0     9.10 C    10.0    -8.3    -2.5    89.1    40.9    64.9   0.302   0.301   0.296   0.341   0.093     4.1     4.7     6.0     8.2     9.4
54796 20160103  2.422  -71.54   41.49     7.9    -4.0     2.0     1.6     0.0     9.05 C    11.8    -8.0    -1.0    89.1    38.5    62.1   0.300   0.299   0.294   0.340   0.090     3.5     4.0     5.2     7.6     9.1
54796 20160104  2.422  -71.54   41.49    -0.6    -9.1    -4.9    -3.9     0.2     2.93 C     1.0    -9.4    -4.6    94.4    53.2    73.5   0.298   0.298   0.292   0.340   0.087     2.5     3.2     4.5     7.2     8.8
54796 20160105  2.422  -71.54   41.49    -2.7   -13.1    -7.9    -8.8     0.0     9.69 C     4.3   -13.3    -8.2    82.7    24.4    51.4   0.293   0.296   0.291   0.339   0.083     1.5     2.2     3.7     6.6     8.5
54796 20160106  2.422  -71.54   41.49     5.1   -12.3    -3.6    -4.6     0.0     9.79 C    10.1   -13.8    -5.7    86.7    18.4    61.4   0.277   0.292   0.289   0.337   0.077     0.8     1.5     3.0     6.0     8.1
54796 20160107  2.422  -71.54   41.49     7.8    -9.4    -0.8    -2.0     0.0     9.32 C    13.2   -12.2    -3.8    89.3    16.5    63.2   0.270   0.290   0.288   0.336   0.074     0.6     1.3     2.6     5.5     7.7
54796 20160108  2.422  -71.54   41.49     6.6    -3.6     1.5     1.9     0.0     7.32 C    10.7    -8.4     0.7    88.8    63.9    75.9   0.271   0.290   0.287   0.336   0.071     0.6     1.2     2.3     5.1     7.4
54796 20160109  2.422  -71.54   41.49     7.2     2.9     5.0     4.8     0.0     3.65 C    12.2     2.0     4.5    93.2    72.7    84.0   0.280   0.293   0.289   0.335   0.070     1.6     1.7     2.4     4.8     7.0
54796 20160110  2.422  -71.54   41.49    14.9     3.3     9.1    10.0    40.7     0.48 C    14.4     0.9     9.0    98.0    70.8    92.9   0.336   0.339   0.317   0.344   0.087     5.3     4.7     4.3     4.8     6.7
54796 20160111  2.422  -71.54   41.49     8.4    -6.1     1.2     1.1     0.0     9.94 C    10.6   -10.4    -0.1    78.9    29.0    46.5   0.319   0.319   0.306   0.347   0.099     4.9     5.1     5.5     5.6     6.6
54796 20160112  2.422  -71.54   41.49     4.5    -9.7    -2.6    -1.7     2.7     7.34 C    10.3   -11.4    -2.0    91.6    51.0    75.3   0.307   0.309   0.301   0.345   0.092     2.2     2.7     3.8     5.6     6.8
54796 20160113  2.422  -71.54   41.49     0.2    -6.1    -3.0    -3.4     0.3     9.73 C     4.7    -8.6    -4.0    88.2    31.3    50.0   0.306   0.308   0.300   0.344   0.089     1.9     2.3     3.3     5.3     6.8
54796 20160114  2.422  -71.54   41.49    -0.2    -8.3    -4.3    -4.1     0.0     8.59 C     7.5   -10.4    -3.7    87.1    44.1    61.3   0.297   0.302   0.297   0.343   0.086     1.2     1.6     2.7     4.9     6.6
54796 20160115  2.422  -71.54   41.49     5.0    -5.6    -0.3     1.2     0.0     4.22 C     7.7    -7.3     1.1    91.0    62.0    77.3   0.297   0.301   0.296   0.342   0.083     1.2     1.5     2.4     4.6     6.4
54796 20160116  2.422  -71.54   41.49     7.1     2.8     5.0     4.7    19.5     4.69 C    13.3    -1.0     4.5    96.4    74.1    88.0   0.344   0.340   0.312   0.345   0.092     3.2     3.0     3.1     4.4     6.2
54796 20160117  2.422  -71.54   41.49     4.5    -2.1     1.2     0.5     3.9     2.57 C     3.6    -4.3    -0.6    93.1    58.6    72.7   0.316   0.317   0.306   0.347   0.098     2.8     3.0     3.6     4.7     6.0
54796 20160118  2.422  -71.54   41.49    -1.7    -7.2    -4.5    -4.2     1.6     9.96 C    -2.2   -15.0    -7.8    93.1    31.7    58.8   0.307   0.309   0.301   0.345   0.093     2.5     2.7     3.3     4.7     6.0
54796 20160119  2.422  -71.54   41.49    -3.4    -7.8    -5.6    -5.7     0.0     9.59 C    -3.4   -14.2   -10.0    60.0    36.4    44.9   0.303   0.305   0.299   0.344   0.089     1.9     2.2     3.0     4.6     6.0
54796 20160120  2.422  -71.54   41.49     1.1    -6.2    -2.5    -2.8     0.0    10.37 C     0.3   -12.0    -6.8    59.7    36.3    47.4   0.300   0.303   0.298   0.343   0.086     1.4     1.8     2.6     4.4     5.9
54796 20160121  2.422  -71.54   41.49     1.0    -7.5    -3.3    -3.3     0.0    10.89 C     5.3   -13.5    -5.7    72.1    32.5    50.5   0.300   0.302   0.297   0.343   0.084     1.3     1.6     2.4     4.2     5.8
54796 20160122  2.422  -71.54   41.49    -1.3    -8.4    -4.9    -4.4     0.0     8.67 C     5.9   -11.2    -4.7    66.4    34.9    48.4   0.297   0.300   0.296   0.342   0.082     1.0     1.3     2.2     4.0     5.6
54796 20160123  2.422  -71.54   41.49     0.5    -5.0    -2.2    -2.0    12.6     0.57 C    -0.4    -6.0    -2.4    93.3    48.9    76.4   0.295   0.299   0.295   0.341   0.079     0.9     1.2     2.0     3.9     5.5
54796 20160124  2.422  -71.54   41.49     2.2    -6.8    -2.3    -3.4     0.0    11.47 C    -2.5   -13.5    -7.4    81.5    23.8    54.4   0.295   0.299   0.294   0.341   0.078     1.0     1.2     1.9     3.7     5.3
54796 20160125  2.422  -71.54   41.49     2.6   -12.7    -5.1    -4.5     0.0    11.01 C     0.0   -18.4    -9.3    94.8    45.7    73.2   0.293   0.298   0.293   0.340   0.076     0.9     1.2     1.9     3.6     5.2
54796 20160126  2.422  -71.54   41.49    10.0    -8.0     1.0     3.6     0.0     8.12 C     8.9   -12.0     0.3    98.7    64.7    78.1   0.323   0.324   0.307   0.343   0.079     1.1     1.2     1.8     3.5     5.1
54796 20160127  2.422  -71.54   41.49     7.6    -3.2     2.2     4.0     0.4     6.46 C    14.7    -8.3     2.0    96.6    37.4    61.9   0.316   0.317   0.306   0.347   0.092     2.5     2.4     2.5     3.4     4.9
54796 20160128  2.422  -71.54   41.49     5.3    -7.7    -1.2    -1.3     0.0    10.82 C    12.3   -10.6    -1.9    95.8    49.2    78.7   0.303   0.307   0.301   0.345   0.090     1.3     1.6     2.3     3.7     4.9
54796 20160129  2.422  -71.54   41.49     6.2    -1.8     2.2     1.2     0.0     5.75 C    14.3    -4.9     0.7    97.7    44.7    75.0   0.301   0.304   0.299   0.345   0.088     1.7     1.7     2.2     3.6     4.9
54796 20160130  2.422  -71.54   41.49     5.6    -3.3     1.2     0.8     0.0    10.49 C    14.5    -6.6     0.8    79.8    41.0    62.8   0.297   0.302   0.298   0.343   0.085     1.6     1.7     2.3     3.6     4.9
54796 20160131  2.422  -71.54   41.49    12.0     0.9     6.4     5.7     0.0    10.36 C    17.9    -3.8     4.1    98.5    39.2    71.2   0.296   0.300   0.296   0.342   0.083     2.7     2.5     2.7     3.6     4.8
54796 20160201  2.422  -71.54   41.49    17.2     3.3    10.2     9.9     0.0     7.41 C    23.3    -1.7     7.7    98.4    33.8    62.4   0.293   0.298   0.294   0.342   0.081     4.1     3.8     3.6     3.9     4.8
54796 20160202  2.422  -71.54   41.49     9.6    -3.2     3.2     2.9     0.0    12.26 C    18.8    -7.1     1.4    92.0    34.5    63.6   0.291   0.296   0.292   0.340   0.078     3.6     3.7     4.0     4.2     5.0
54796 20160203  2.422  -71.54   41.49    13.8    -2.4     5.7     7.9    24.7     1.77 C    12.8    -5.3     6.3    95.6    72.2    85.3   0.313   0.315   0.300   0.340   0.077     3.9     3.7     3.8     4.3     5.1
54796 20160204  2.422  -71.54   41.49    12.6     4.6     8.6    10.3    11.4     2.25 C    13.9     4.8     9.9    96.4    51.1    82.7   0.344   0.342   0.316   0.347   0.101     7.3     6.7     5.9     4.8     5.2
54796 20160205  2.422  -71.54   41.49     4.6    -4.3     0.2     0.1    39.1     0.65 C     4.9   -14.7    -2.6    95.3    73.7    88.1   0.355   0.351   0.320   0.348   0.107     4.9     5.2     5.6     5.5     5.5
54796 20160206  2.422  -71.54   41.49     1.3   -11.8    -5.2    -4.2     0.0    11.88 C     0.0   -19.8   -10.3    97.4    62.7    84.8   0.323   0.322   0.307   0.347   0.098     3.7     3.9     4.4     5.3     5.7
54796 20160207  2.422  -71.54   41.49     6.2    -7.6    -0.7    -0.5     0.0    11.70 C     0.4   -14.3    -5.3    97.1    47.3    77.1   0.313   0.312   0.302   0.345   0.093     3.0     3.3     3.9     5.0     5.7
54796 20160208  2.422  -71.54   41.49     3.1    -6.5    -1.7    -2.9    11.2     2.10 C     0.1    -6.8    -3.6    92.2    65.0    79.2   0.311   0.310   0.301   0.344   0.090     2.8     3.0     3.6     4.8     5.6
54796 20160209  2.422  -71.54   41.49    -1.0    -9.6    -5.3    -5.0     0.0     7.21 C    -1.1   -13.2    -6.9    94.8    62.6    78.8   0.306   0.307   0.299   0.344   0.087     2.5     2.7     3.3     4.5     5.5
54796 20160210  2.422  -71.54   41.49     1.5   -10.8    -4.7    -3.3     1.5     4.11 C     0.3   -13.7    -5.0    98.2    86.7    92.3   0.303   0.304   0.298   0.343   0.085     2.3     2.5     3.1     4.4     5.4
54796 20160211  2.422  -71.54   41.49    -3.3   -10.9    -7.1    -6.9     0.2     7.45 C    -2.2   -16.6   -10.6    93.5    34.7    63.5   0.302   0.303   0.297   0.342   0.083     2.0     2.2     2.9     4.2     5.3
54796 20160212  2.422  -71.54   41.49    -5.1   -14.1    -9.6    -8.6     0.0    11.49 C    -3.3   -20.6   -11.0    66.9    36.6    51.8   0.298   0.302   0.296   0.342   0.081     1.4     1.7     2.5     4.0     5.2
54796 20160213  2.422  -71.54   41.49    -5.0   -18.7   -11.9   -10.2     0.4    12.92 C    -4.6   -22.8   -12.2    86.0    28.2    51.7   0.297   0.301   0.295   0.342   0.079     1.2     1.5     2.2     3.8     5.0
54796 20160214  2.422  -71.54   41.49   -11.5   -23.0   -17.3   -17.5     0.0    14.95 C    -9.3   -26.1   -19.9    56.9    26.6    37.2   0.285   0.299   0.294   0.341   0.078     0.8     1.1     1.9     3.6     4.9
54796 20160215  2.422  -71.54   41.49     1.1   -22.6   -10.8   -10.4    14.2     5.73 C     0.0   -24.7   -11.3    97.9    30.1    73.6   0.274   0.298   0.294   0.340   0.075     0.5     0.8     1.6     3.4     4.7
54796 20160216  2.422  -71.54   41.49    12.2     0.6     6.4     9.5     9.7     3.91 C    10.7     0.0     5.8    99.4    83.4    91.6   0.376   0.369   0.344   0.352   0.104     1.1     1.1     1.3     2.8     4.3
54796 20160217  2.422  -71.54   41.49     6.6    -2.3     2.1     2.3     0.0    12.99 C    16.2    -6.6     2.3    95.8    52.4    69.8   0.325   0.325   0.311   0.350   0.099     2.8     2.6     2.5     2.9     4.1
54796 20160218  2.422  -71.54   41.49     2.5    -4.5    -1.0    -1.3     0.0    15.35 C    13.4    -8.9    -1.5    92.2    30.8    51.8   0.306   0.311   0.303   0.347   0.093     1.7     1.9     2.4     3.2     4.1
54796 20160219  2.422  -71.54   41.49     3.8    -9.0    -2.6    -1.6     0.0    13.51 C    16.3   -11.6    -0.2    81.8    40.3    58.6   0.296   0.306   0.300   0.345   0.088     1.1     1.3     1.9     3.2     4.2
54796 20160220  2.422  -71.54   41.49    11.3     3.8     7.5     7.6     0.0     9.60 C    17.6     2.5     6.9    87.1    47.0    69.6   0.294   0.303   0.298   0.344   0.086     3.1     2.7     2.6     3.2     4.1
54796 20160221  2.422  -71.54   41.49    12.7    -0.6     6.1     7.5     1.2     9.74 C    19.1    -4.3     5.9    96.5    40.7    64.7   0.290   0.301   0.296   0.343   0.083     4.2     3.8     3.6     3.5     4.2
54796 20160222  2.422  -71.54   41.49     9.1    -0.7     4.2     4.3     0.0    15.50 C    21.1    -3.6     5.4    96.8    39.4    69.3   0.291   0.300   0.295   0.342   0.081     4.8     4.5     4.3     4.0     4.3
54796 20160223  2.422  -71.54   41.49     3.5    -2.0     0.7     1.0     3.4     4.25 C     6.3    -3.6     0.8    95.1    60.4    76.8   0.289   0.299   0.294   0.341   0.079     3.4     3.6     4.0     4.2     4.5
54796 20160224  2.422  -71.54   41.49    14.0     1.4     7.7     8.0    14.6     1.76 C    12.8     0.8     7.7    97.3    90.6    94.9   0.332   0.325   0.304   0.343   0.083     4.5     4.1     4.0     4.2     4.7
54796 20160225  2.422  -71.54   41.49    14.0     3.9     9.0     9.7    23.5     9.93 C    16.9     2.9    10.1    97.0    57.3    79.7   0.336   0.338   0.315   0.348   0.102     7.8     7.1     6.2     4.7     4.8
54796 20160226  2.422  -71.54   41.49     4.3    -4.6    -0.2     0.7     0.0    16.81 C    16.3    -7.8     2.2    70.4    27.6    45.0   0.308   0.312   0.303   0.346   0.097     5.5     5.6     5.9     5.4     5.1
54796 20160227  2.422  -71.54   41.49     2.0    -8.1    -3.1    -2.2     0.0    16.05 C    15.9   -10.8    -0.7    80.6    34.0    57.2   0.301   0.305   0.300   0.344   0.091     3.2     3.6     4.4     5.2     5.3
54796 20160228  2.422  -71.54   41.49    11.1     2.0     6.5     6.1     0.0    15.30 C    19.3    -0.9     5.9    79.4    40.7    57.0   0.297   0.302   0.297   0.343   0.086     4.1     4.0     4.2     4.9     5.4
54796 20160229  2.422  -71.54   41.49    13.2     2.4     7.8     8.5     0.2    12.56 C    21.1    -2.2     6.7    96.2    49.9    72.1   0.293   0.299   0.295   0.342   0.083     5.4     5.1     5.0     4.9     5.3
54796 20160301  2.422  -71.54   41.49     8.2     1.3     4.8     4.9     0.0    16.06 C    21.7    -3.9     5.6    84.5    15.5    47.4   0.291   0.297   0.293   0.341   0.080     5.2     5.1     5.2     5.2     5.4
54796 20160302  2.422  -71.54   41.49    11.8    -4.4     3.7     5.2     5.8     9.51 C    18.3    -6.9     5.2    92.6    36.9    67.0   0.299   0.301   0.294   0.340   0.079     6.0     5.8     5.7     5.3     5.5
54796 20160303  2.422  -71.54   41.49     1.5    -6.3    -2.4    -2.6     0.0    17.90 C    17.5    -9.5     0.0    77.7    25.5    46.9   0.295   0.300   0.294   0.340   0.079     3.8     4.1     4.7     5.4     5.6
54796 20160304  2.422  -71.54   41.49    -0.3    -3.8    -2.1    -1.6     0.9     3.91 C     1.7    -5.2    -1.3    87.5    45.7    71.5   0.295   0.298   0.293   0.340   0.077     2.8     3.2     4.0     5.1     5.6
54796 20160305  2.422  -71.54   41.49     2.5    -4.1    -0.8    -1.3     0.0    16.37 C    17.1    -7.4     0.4    79.1    30.0    55.7   0.294   0.297   0.293   0.340   0.076     2.7     2.9     3.5     4.7     5.5
54796 20160306  2.422  -71.54   41.49     5.4    -5.4     0.0    -0.5     0.0    16.34 C    21.8    -9.0     0.6    91.6    29.7    61.7   0.292   0.296   0.291   0.338   0.074     3.1     3.2     3.6     4.5     5.4
54796 20160307  2.422  -71.54   41.49     8.0    -6.3     0.8     2.4     0.0    13.40 C    14.9    -9.1     2.5    93.7    53.0    75.6   0.290   0.295   0.290   0.337   0.073     2.9     3.0     3.5     4.4     5.3
54796 20160308  2.422  -71.54   41.49    13.2     0.2     6.7     5.8     0.0    16.68 C    26.3    -2.5     6.9    95.6    48.0    74.8   0.287   0.293   0.289   0.336   0.071     5.0     4.7     4.4     4.5     5.2
54796 20160309  2.422  -71.54   41.49    17.1     1.3     9.2     9.8     0.0    17.52 C    25.7    -1.4    10.8    96.8    49.0    74.7   0.285   0.290   0.287   0.335   0.070     6.4     5.9     5.4     4.9     5.2
54796 20160310  2.422  -71.54   41.49    22.0    10.6    16.3    15.9     0.0     6.53 C    27.3     7.3    14.0    78.9    40.3    59.4   0.283   0.288   0.285   0.334   0.068     8.3     7.6     6.8     5.5     5.4
54796 20160311  2.422  -71.54   41.49    17.6     1.1     9.4    10.7     3.6    14.78 C    26.3    -2.3    11.1    97.4    35.7    79.8   0.289   0.291   0.285   0.333   0.067     9.4     8.8     8.1     6.2     5.7
54796 20160312  2.422  -71.54   41.49    10.1    -2.8     3.7     5.0     0.0    18.68 C    22.0    -5.3     6.1    98.3    43.9    73.4   0.286   0.289   0.285   0.332   0.067     7.6     7.4     7.5     6.7     6.1
54796 20160313  2.422  -71.54   41.49    17.2     2.3     9.7     9.9     0.0    16.50 C    24.2    -1.1     9.2    93.4    16.8    55.7   0.282   0.287   0.284   0.331   0.066     7.9     7.6     7.4     6.8     6.3
54796 20160314  2.422  -71.54   41.49     8.0     4.2     6.1     5.6    22.0     2.94 C     6.6     4.0     5.2    93.0    39.5    75.6   0.308   0.300   0.286   0.330   0.065     6.9     7.0     7.3     6.9     6.5
54796 20160315  2.422  -71.54   41.49     9.9     6.7     8.3     8.2    35.9     3.57 C    12.2     6.3     8.3    95.2    86.6    92.2   0.370   0.361   0.333   0.347   0.100     7.3     7.0     7.0     6.9     6.7
54796 20160316  2.422  -71.54   41.49    13.1     5.9     9.5     8.6     2.1    16.11 C    26.2     3.4    10.6    96.2    62.7    78.4   0.319   0.315   0.304   0.345   0.096     8.4     8.0     7.6     7.0     6.7
54796 20160317  2.422  -71.54   41.49    16.6     2.7     9.7     8.9     0.0    15.28 C    26.9    -1.2     9.7    97.3    35.3    76.9   0.310   0.307   0.300   0.343   0.091     9.2     8.7     8.4     7.3     6.9
54796 20160318  2.422  -71.54   41.49    11.5     1.0     6.2     7.0     0.0    11.55 C    24.6    -4.3     5.2    93.0    37.4    56.2   0.302   0.301   0.296   0.341   0.087     7.8     7.8     8.0     7.5     7.1
54796 20160319  2.422  -71.54   41.49     7.7    -3.8     1.9     2.2     0.0    20.86 C    22.6    -8.7     3.4    83.3    20.5    43.2   0.298   0.299   0.294   0.340   0.083     6.8     6.8     7.2     7.4     7.2
54796 20160320  2.422  -71.54   41.49     4.3    -3.4     0.4     0.7     0.0    14.20 C    16.3    -7.3     2.5    78.7    37.0    53.3   0.295   0.297   0.292   0.339   0.080     5.6     5.8     6.5     7.2     7.2
54796 20160321  2.422  -71.54   41.49     7.8    -1.6     3.1     1.9     6.2    13.97 C    18.6    -4.6     1.6    94.3    25.2    65.1   0.313   0.307   0.296   0.338   0.078     5.1     5.4     6.0     6.8     7.1
54796 20160322  2.422  -71.54   41.49     8.5    -1.4     3.6     4.1     0.0    21.43 C    22.6    -5.9     5.4    79.9    29.1    51.9   0.306   0.303   0.296   0.339   0.080     5.5     5.3     5.7     6.5     7.0
54796 20160323  2.422  -71.54   41.49    19.7     4.9    12.3    11.5     0.0    17.10 C    30.8     2.5    12.2    75.0    31.5    55.3   0.296   0.296   0.292   0.339   0.078     8.0     7.4     6.9     6.5     6.9
54796 20160324  2.422  -71.54   41.49     8.3     3.5     5.9     5.3     0.0    10.43 C    14.6     1.6     6.2    97.1    53.7    75.1   0.291   0.293   0.289   0.337   0.076     7.4     7.4     7.4     7.0     6.9
54796 20160325  2.422  -71.54   41.49    13.5     3.7     8.6    10.2     0.8     2.94 C    15.2     3.1     9.9    98.2    57.4    89.2   0.291   0.292   0.288   0.335   0.073     8.0     7.7     7.5     7.1     7.1
54796 20160326  2.422  -71.54   41.49     8.3    -2.1     3.1     4.8     0.0    14.27 C    22.3    -4.5     5.6    94.8    57.1    69.5   0.291   0.292   0.288   0.335   0.072     7.8     7.7     7.8     7.3     7.2
54796 20160327  2.422  -71.54   41.49     8.6    -3.7     2.5     2.4     0.0    19.13 C    25.3    -7.0     5.2    96.8    53.9    80.8   0.288   0.290   0.286   0.334   0.070     7.0     7.0     7.2     7.3     7.3
54796 20160328  2.422  -71.54   41.49     9.7     4.2     6.9     6.7     9.8     4.05 C    14.4     3.6     6.9    95.8    59.8    88.3   0.305   0.297   0.288   0.333   0.069     7.4     7.3     7.4     7.3     7.3
54796 20160329  2.422  -71.54   41.49    10.4     2.2     6.3     7.0     0.0    22.62 C    24.6    -4.7     7.8    61.7    32.4    46.8   0.299   0.296   0.290   0.334   0.070     8.0     7.7     7.7     7.4     7.3
54796 20160330  2.422  -71.54   41.49    10.4    -3.8     3.3     4.4     0.0    23.17 C    24.6    -8.4     5.8    82.3    25.9    55.1   0.291   0.292   0.287   0.334   0.070     7.4     7.2     7.5     7.5     7.4
54796 20160331  2.422  -71.54   41.49    17.2     6.5    11.9    11.9     0.0    19.20 C    24.9     3.7    12.3    92.8    52.5    73.3   0.286   0.289   0.285   0.332   0.069     8.8     8.3     8.0     7.5     7.4
54796 20160401  2.422  -71.54   41.49    15.1    11.6    13.4    13.2     1.8     3.54 C    18.3     8.9    13.1    97.0    72.3    95.2   0.286   0.288   0.283   0.331   0.067    10.3     9.8     9.2     7.9     7.5
54796 20160402  2.422  -71.54   41.49    11.8     4.9     8.4     7.9    19.1     2.60 C    13.9     4.7     8.3    95.7    77.2    89.6   0.329   0.311   0.292   0.332   0.068     9.7     9.5     9.4     8.3     7.7
54796 20160403  2.422  -71.54   41.49     5.9    -2.6     1.7     1.6    10.5    18.59 C    18.0    -6.1     3.9    95.3    30.5    62.4   0.350   0.332   0.307   0.342   0.089     8.4     8.4     8.7     8.4     8.0
54796 20160404  2.422  -71.54   41.49    -0.5    -3.4    -1.9    -1.9    17.9     2.06 C     0.0    -6.1    -1.4    93.6    44.2    81.2   0.332   0.321   0.304   0.343   0.096     5.7     6.1     7.2     8.1     8.1
54796 20160405  2.422  -71.54   41.49     3.2    -5.5    -1.1    -1.6     0.0    25.19 C     8.8   -10.2    -3.0    78.7    27.4    54.2   0.344   0.331   0.309   0.344   0.099     4.9     5.2     6.1     7.5     7.9
54796 20160406  2.422  -71.54   41.49     8.7    -8.0     0.3     1.3     0.0    21.99 C    18.4   -11.0     3.2    89.8    34.4    61.8   0.332   0.322   0.306   0.345   0.099     4.7     4.8     5.5     6.9     7.7
54796 20160407  2.422  -71.54   41.49    12.6     7.0     9.8    10.6    30.8     2.63 C    13.0     3.6     9.8    96.4    71.6    86.7   0.348   0.340   0.319   0.346   0.100     7.4     7.0     6.8     6.8     7.4
54796 20160408  2.422  -71.54   41.49    10.5    -0.2     5.2     7.1     0.0    20.44 C    21.6    -5.5     7.5    96.3    38.6    61.9   0.327   0.322   0.308   0.346   0.099     8.4     8.0     7.8     7.2     7.4
54796 20160409  2.422  -71.54   41.49     7.8    -3.3     2.2     3.3     0.0    14.47 C    21.9    -7.1     4.4    91.5    37.0    58.6   0.312   0.308   0.300   0.343   0.091     7.1     7.1     7.4     7.4     7.4
54796 20160410  2.422  -71.54   41.49     9.0    -1.6     3.7     3.9     0.0    25.22 C    25.2    -6.2     7.1    71.3    21.0    44.7   0.304   0.302   0.297   0.342   0.086     7.6     7.4     7.4     7.4     7.5
54796 20160411  2.422  -71.54   41.49    12.4     5.2     8.8     9.1     0.0    13.79 C    21.0     4.6     9.9    88.3    54.1    72.2   0.299   0.298   0.293   0.340   0.083     8.4     8.1     7.9     7.5     7.5
54796 20160412  2.422  -71.54   41.49    12.9     2.9     7.9     9.7    11.7     2.52 C    13.7    -1.9     8.6    94.5    48.1    77.8   0.320   0.309   0.296   0.339   0.081     9.1     8.8     8.6     7.8     7.6
54796 20160413  2.422  -71.54   41.49    11.7    -0.4     5.6     5.6     0.0    25.69 C    25.9    -4.1     6.9    97.1    33.9    62.8   0.314   0.307   0.298   0.341   0.086     8.5     8.3     8.3     8.0     7.8
54796 20160414  2.422  -71.54   41.49    11.5    -1.0     5.3     5.3     0.0    25.52 C    23.9    -4.8     6.3    97.4    32.2    62.1   0.303   0.301   0.295   0.340   0.084     8.2     8.1     8.3     8.1     7.9
54796 20160415  2.422  -71.54   41.49    12.9    -1.7     5.6     6.3     0.0    25.99 C    22.9    -5.7     6.1    87.9    19.7    49.1   0.296   0.296   0.292   0.338   0.080     7.9     7.8     8.1     8.1     7.9
54796 20160416  2.422  -71.54   41.49    12.7    -0.8     6.0     7.2     0.0    25.95 C    21.7    -5.2     6.5    88.7    28.0    48.9   0.291   0.293   0.290   0.337   0.077     7.7     7.7     7.9     8.0     8.0
54796 20160417  2.422  -71.54   41.49    18.1     0.7     9.4     8.9     0.0    25.73 C    28.1    -3.1     9.0    80.2    21.4    50.3   0.287   0.290   0.287   0.335   0.073     8.5     8.2     8.1     8.0     8.0
54796 20160418  2.422  -71.54   41.49    22.4     0.1    11.3    10.4     0.0    22.98 C    31.6    -3.1    10.5    95.6    24.3    61.1   0.283   0.286   0.284   0.332   0.071     9.6     9.1     8.9     8.2     8.0
54796 20160419  2.422  -71.54   41.49    16.7     2.6     9.7    10.9     0.0    22.97 C    26.4    -1.4    11.1    96.4    18.8    56.1   0.279   0.283   0.282   0.330   0.067    10.2     9.8     9.5     8.5     8.1
54796 20160420  2.422  -71.54   41.49    14.5     3.6     9.1     8.8     0.0    26.99 C    28.8    -2.4     9.9    87.5    20.0    48.4   0.276   0.281   0.279   0.327   0.065    10.0     9.8     9.6     8.8     8.3
54796 20160421  2.422  -71.54   41.49    19.6     0.5    10.1    11.2     0.0    25.42 C    31.0    -2.5    12.0    97.7    26.2    63.9   0.272   0.278   0.276   0.324   0.063    10.7    10.2     9.9     9.0     8.5
54796 20160422  2.422  -71.54   41.49    23.7    10.5    17.1    15.6     0.0    21.70 C    32.7     8.7    17.5    86.9    28.6    72.7   0.267   0.274   0.273   0.321   0.062    12.8    12.0    11.1     9.3     8.7
54796 20160423  2.422  -71.54   41.49    16.4     8.2    12.3    13.2     2.0     7.30 C    23.9     2.7    12.5    96.4    36.1    78.6   0.266   0.273   0.271   0.318   0.061    12.8    12.4    11.9     9.9     8.9
54796 20160424  2.422  -71.54   41.49    14.8     2.4     8.6     8.7     0.0    26.93 C    31.7    -1.5    10.6    94.2    18.5    45.2   0.265   0.272   0.270   0.316   0.061    11.7    11.4    11.3    10.2     9.2
54796 20160425  2.422  -71.54   41.49    15.6     2.5     9.0    10.2     0.0    16.23 C    29.1     0.2    12.2    95.1    44.7    75.1   0.262   0.270   0.268   0.313   0.059    11.9    11.5    11.3    10.2     9.4
54796 20160426  2.422  -71.54   41.49     9.2     3.7     6.5     5.9     7.0     3.41 C     9.5     4.3     6.5    93.1    79.0    86.2   0.279   0.276   0.270   0.312   0.058    10.4    10.5    10.9    10.3     9.6
54796 20160427  2.422  -71.54   41.49    11.2     0.0     5.6     6.4     0.0    27.07 C    27.5    -1.8    10.0    96.7    38.3    72.1   0.274   0.276   0.270   0.313   0.058    11.0    10.6    10.4    10.1     9.6
54796 20160428  2.422  -71.54   41.49    12.3     0.1     6.2     7.2     0.5    22.71 C    29.8    -3.2    10.3    96.3    28.8    59.2   0.268   0.272   0.268   0.312   0.057    11.3    10.9    10.8    10.1     9.6
54796 20160429  2.422  -71.54   41.49    10.7     5.3     8.0     7.8     0.3    23.18 C    27.4     3.2    11.8    93.4    46.9    69.1   0.264   0.270   0.266   0.310   0.056    12.2    11.7    11.4    10.2     9.7
54796 20160430  2.422  -71.54   41.49    14.7     1.7     8.2     8.2     0.0    27.01 C    29.9    -1.4    11.6    92.8    31.8    65.6   0.261   0.267   0.263   0.308   0.054    12.6    12.1    11.8    10.5     9.8
54796 20160501  2.422  -71.54   41.49    10.2     1.8     6.0     6.4     3.7     6.79 C    15.1    -0.6     8.0    96.3    41.7    78.1   0.259   0.266   0.262   0.306   0.053    11.2    11.2    11.5    10.7    10.0
54796 20160502  2.422  -71.54   41.49    13.7     5.9     9.8     9.9     0.3     7.19 C    22.1     4.9    11.1    96.9    79.9    90.9   0.263   0.268   0.263   0.304   0.052    11.4    11.1    11.1    10.6    10.1
54796 20160503  2.422  -71.54   41.49    10.8     7.4     9.1     9.2     8.6     4.68 C    14.9     6.2    10.0    96.6    81.6    89.9   0.291   0.277   0.267   0.305   0.052    11.3    11.2    11.2    10.6    10.1
54796 20160504  2.422  -71.54   41.49    11.2     6.3     8.8     8.2     8.1     6.65 C    14.7     6.4     9.1    93.4    66.2    83.9   0.297   0.284   0.272   0.309   0.054    10.9    10.8    11.0    10.6    10.1
54796 20160505  2.422  -71.54   41.49     8.7     6.3     7.5     7.3     1.9     5.41 C    11.6     6.4     7.7    93.6    80.6    87.1   0.304   0.292   0.280   0.315   0.056     9.8     9.9    10.4    10.4    10.1
54796 20160506  2.422  -71.54   41.49    13.9     7.6    10.7     9.4     5.5    10.89 C    26.5     7.0    10.8    95.4    70.3    86.4   0.301   0.290   0.280   0.319   0.059    10.5    10.2    10.3    10.2    10.1
54796 20160507  2.422  -71.54   41.49    14.5     7.8    11.1    10.5     0.0    10.02 C    22.2     8.1    12.3    97.3    79.5    91.6   0.298   0.291   0.282   0.323   0.062    11.5    11.1    10.9    10.3    10.0
54796 20160508  2.422  -71.54   41.49    17.4     3.8    10.6    10.6     0.8    11.24 C    24.1    -0.8    10.5    98.1    25.5    74.8   0.289   0.286   0.280   0.324   0.063    12.1    11.8    11.5    10.5    10.1
54796 20160509  2.422  -71.54   41.49    20.9     1.6    11.3    12.4     0.0    23.26 C    32.2    -1.8    12.3    89.4    25.9    51.5   0.282   0.283   0.278   0.323   0.064    12.1    11.6    11.5    10.7    10.2
54796 20160510  2.422  -71.54   41.49    18.8     0.4     9.6    10.9     0.0    27.17 C    35.2    -3.0    12.5    90.1    22.7    49.9   0.273   0.278   0.276   0.321   0.063    13.0    12.5    12.1    10.9    10.3
54796 20160511  2.422  -71.54   41.49    20.8     3.6    12.2    13.4     0.0    28.73 C    33.4     0.5    14.8    87.3    27.3    55.3   0.265   0.273   0.272   0.318   0.061    14.0    13.3    12.7    11.2    10.4
54796 20160512  2.422  -71.54   41.49    21.6     5.2    13.4    14.8     0.0    27.40 C    33.9     2.7    15.9    95.3    25.5    55.3   0.259   0.269   0.268   0.315   0.060    14.8    14.1    13.4    11.6    10.7
54796 20160513  2.422  -71.54   41.49    21.0     7.1    14.0    14.4     6.5    13.99 C    34.5     3.6    17.1    96.9    70.8    89.1   0.257   0.266   0.266   0.311   0.058    15.3    14.6    14.0    12.1    10.9
54796 20160514  2.422  -71.54   41.49    22.9    12.8    17.9    16.8     0.0    26.67 C    36.1     9.1    19.0    96.4    37.5    70.4   0.263   0.269   0.266   0.309   0.057    16.5    15.7    14.8    12.5    11.2
54796 20160515  2.422  -71.54   41.49    15.5     5.0    10.2    11.1     0.0    20.82 C    32.6     0.4    12.4    90.6    31.6    50.7   0.260   0.267   0.264   0.308   0.057    15.2    15.0    14.8    13.0    11.5
54796 20160516  2.422  -71.54   41.49    16.4     3.8    10.1    10.5     0.0    27.59 C    33.1    -0.2    12.6    64.2    19.1    39.4   0.256   0.265   0.262   0.305   0.055    13.8    13.7    13.7    13.0    11.8
54796 20160517  2.422  -71.54   41.49    21.1     3.6    12.4    13.3     0.0    21.15 C    35.2     0.6    15.1    83.5    30.6    57.1   0.252   0.262   0.259   0.303   0.054    14.3    14.0    13.8    12.8    11.9
54796 20160518  2.422  -71.54   41.49    18.4     7.1    12.7    13.1     0.0    26.52 C    35.7     3.2    16.5    96.1    37.6    60.9   0.247   0.256   0.256   0.299   0.053    15.2    14.7    14.3    12.9    11.9
54796 20160519  2.422  -71.54   41.49    17.4     9.4    13.4    13.2     0.0    23.82 C    36.9     6.4    17.3    91.1    40.8    63.9   0.244   0.254   0.252   0.295   0.052    16.1    15.5    14.9    13.2    12.0
54796 20160520  2.422  -71.54   41.49    22.6     5.3    14.0    14.1     0.0    24.58 C    37.8     2.1    16.1    97.1    29.3    66.2   0.240   0.252   0.249   0.291   0.050    16.1    15.7    15.2    13.5    12.2
54796 20160521  2.422  -71.54   41.49    21.8     7.2    14.5    13.9     0.0    15.18 C    34.6     4.2    15.3    95.0    34.4    68.5   0.237   0.250   0.246   0.287   0.049    15.6    15.3    15.1    13.7    12.4
54796 20160522  2.422  -71.54   41.49    20.3     7.7    14.0    14.9     1.5    18.81 C    29.8     4.1    16.0    95.4    43.0    74.8   0.237   0.250   0.245   0.283   0.048    16.0    15.6    15.2    13.7    12.6
54796 20160523  2.422  -71.54   41.49    25.0     5.2    15.1    16.0     0.0    27.88 C    39.1     3.3    19.7    97.4    32.3    65.6   0.233   0.246   0.242   0.280   0.048    16.6    16.0    15.4    13.8    12.7
54796 20160524  2.422  -71.54   41.49    15.3    12.5    13.9    13.8     5.8     8.18 C    19.7    11.8    15.2    96.0    79.7    89.8   0.241   0.248   0.241   0.276   0.046    16.5    16.2    16.0    14.2    12.8
54796 20160525  2.422  -71.54   41.49    29.9    10.5    20.2    20.0     0.0    27.79 C    40.3     8.7    21.9    98.5    25.3    62.8   0.238   0.247   0.241   0.274   0.046    18.3    17.4    16.4    14.3    13.0
54796 20160526  2.422  -71.54   41.49    28.6    12.5    20.6    21.2     0.0    25.46 C    39.7    10.4    22.6    91.4    37.4    63.0   0.232   0.243   0.237   0.271   0.045    19.7    18.8    17.7    14.9    13.2
54796 20160527  2.422  -71.54   41.49    25.1    11.8    18.5    18.6     0.0    25.62 C    40.3     9.1    22.2    95.7    58.8    78.1   0.226   0.239   0.233   0.267   0.045    20.0    19.2    18.3    15.5    13.6
54796 20160528  2.422  -71.54   41.49    27.2    16.2    21.7    21.8     0.0    25.70 C    41.5    14.3    24.7    86.1    57.4    69.6   0.220   0.233   0.229   0.262   0.045    21.0    20.1    19.0    16.0    13.9
54796 20160529  2.422  -71.54   41.49    26.2    15.5    20.8    20.8     2.4    26.45 C    42.0    14.7    25.4    95.9    51.3    72.3   0.213   0.228   0.225   0.257   0.044    21.8    20.9    19.7    16.6    14.3
54796 20160530  2.422  -71.54   41.49    20.5    15.3    17.9    18.2    31.0     4.40 C    24.2    15.9    19.3    96.6    92.0    95.4   0.302   0.294   0.262   0.265   0.043    20.0    19.8    19.5    17.1    14.7
54796 20160531  2.422  -71.54   41.49    25.2    15.8    20.5    20.7     0.0    23.29 C    38.1    13.0    23.4    96.3    61.5    84.2   0.273   0.274   0.263   0.279   0.046    21.5    20.6    19.7    17.2    15.1
54796 20160601  2.422  -71.54   41.49    25.6    12.4    19.0    19.1     0.0    28.66 C    37.6    10.4    21.4    97.3    47.2    72.5   0.255   0.261   0.256   0.279   0.047    21.3    20.7    20.0    17.5    15.3
54796 20160602  2.422  -71.54   41.49    19.7    12.5    16.1    15.8     0.0    24.71 C    37.2    11.9    20.9    95.5    71.8    84.6   0.245   0.254   0.251   0.277   0.047    21.1    20.5    20.0    17.7    15.6
54796 20160603  2.422  -71.54   41.49    19.3    14.2    16.7    16.0     0.0     8.89 C    30.9    13.6    18.5    93.9    77.4    87.9   0.241   0.252   0.248   0.274   0.047    20.1    19.9    19.7    17.8    15.8
54796 20160604  2.422  -71.54   41.49    27.3    15.0    21.2    19.5     0.0    25.15 C    43.4    15.6    24.5   100.0    49.1    84.2   0.237   0.248   0.245   0.272   0.046    21.5    20.6    19.9    17.7    15.9
54796 20160605  2.422  -71.54   41.49    19.2    15.7    17.5    17.1     7.4     5.78 C    24.3    16.7    18.7   100.0    83.7    93.7   0.246   0.253   0.244   0.270   0.045    20.5    20.2    20.0    18.0    16.1
54796 20160606  2.422  -71.54   41.49    26.0    16.5    21.2    21.1     0.0    27.81 C    38.8    15.0    23.9    94.3    39.1    75.0   0.249   0.255   0.246   0.270   0.045    21.7    20.9    20.1    17.9    16.2
54796 20160607  2.422  -71.54   41.49    26.7    15.8    21.3    20.6     0.0    26.17 C    38.7    13.4    23.2    95.5    51.1    75.2   0.237   0.247   0.242   0.268   0.044    22.1    21.4    20.7    18.3    16.3
54796 20160608  2.422  -71.54   41.49    21.8    12.1    16.9    16.5     0.0    22.34 C    41.5     8.6    18.9    78.3    45.0    61.8   0.232   0.242   0.237   0.265   0.045    21.1    20.8    20.6    18.5    16.5
54796 20160609  2.422  -71.54   41.49    20.2     9.5    14.9    15.0     0.0    26.75 C    35.1     5.0    17.2    73.9    31.8    51.0   0.226   0.238   0.233   0.261   0.044    19.7    19.6    19.6    18.4    16.7
54796 20160610  2.422  -71.54   41.49    22.4     9.5    16.0    15.5     0.0    25.16 C    38.6     4.8    18.7    96.1    37.8    60.2   0.221   0.233   0.229   0.256   0.043    19.7    19.4    19.2    18.1    16.7
54796 20160611  2.422  -71.54   41.49    20.8     8.0    14.4    14.7    10.7    11.23 C    31.2     5.2    16.0    97.9    41.3    84.0   0.250   0.249   0.232   0.253   0.043    18.7    18.6    18.8    18.0    16.7
54796 20160612  2.422  -71.54   41.49    26.4    12.3    19.4    18.4     0.0    27.67 C    37.4     8.8    20.9    97.5    35.3    64.4   0.249   0.252   0.238   0.255   0.043    20.1    19.5    19.1    17.8    16.6
54796 20160613  2.422  -71.54   41.49    21.5    11.5    16.5    16.8     0.0    22.29 C    34.8     8.4    18.8    69.5    44.2    57.3   0.233   0.241   0.232   0.255   0.045    19.5    19.2    19.1    17.9    16.6
54796 20160614  2.422  -71.54   41.49    25.1    11.2    18.2    17.9     0.0    30.16 C    40.1     7.5    20.3    90.4    29.3    55.4   0.224   0.234   0.227   0.252   0.047    20.1    19.6    19.3    17.8    16.6
54796 20160615  2.422  -71.54   41.49    27.7     9.7    18.7    19.8     0.0    26.55 C    41.8     7.6    22.0    93.6    30.3    59.5   0.214   0.227   0.222   0.248   0.046    20.8    20.3    19.7    18.0    16.6
54796 20160616  2.422  -71.54   41.49    26.0    14.4    20.2    20.0     0.0    23.21 C    39.7    11.1    22.3    95.1    33.8    66.5   0.207   0.221   0.218   0.243   0.046    21.5    20.9    20.3    18.3    16.7
54796 20160617  2.422  -71.54   41.49    23.5    11.4    17.4    18.0     0.0    27.18 C    39.0     8.1    21.4    95.5    37.4    64.8   0.201   0.216   0.214   0.237   0.046    21.6    21.1    20.6    18.6    16.9
54796 20160618  2.422  -71.54   41.49    27.0     8.8    17.9    18.4     0.0    28.34 C    40.5     6.5    21.0    95.4    27.4    64.6   0.194   0.210   0.210   0.232   0.046    21.2    20.8    20.4    18.7    17.1
54796 20160619  2.422  -71.54   41.49    22.5     9.8    16.1    16.7     0.0    27.76 C    38.7     7.3    20.3    96.4    52.3    76.9   0.188   0.205   0.207   0.226   0.046    21.2    20.7    20.4    18.8    17.2
54796 20160620  2.422  -71.54   41.49    22.7    12.0    17.4    18.2     0.0    27.67 C    38.3     9.5    21.9    97.2    49.0    76.8   0.183   0.201   0.204   0.220   0.046    21.3    20.8    20.5    18.8    17.3
54796 20160621  2.422  -71.54   41.49    27.6    13.9    20.8    20.9    15.5    23.48 C    39.1    12.4    22.5    94.3    40.3    76.4   0.231   0.240   0.229   0.221   0.045    21.8    21.2    20.7    18.9    17.3
54796 20160622  2.422  -71.54   41.49    27.1    12.5    19.8    19.5     0.0    26.43 C    39.2     9.7    21.6    95.4    33.1    63.5   0.214   0.226   0.219   0.222   0.047    22.0    21.5    21.1    19.2    17.5
54796 20160623  2.422  -71.54   41.49    24.9    11.5    18.2    19.3     0.0    25.18 C    38.5     8.7    21.9    95.9    34.0    70.9   0.203   0.217   0.212   0.220   0.047    22.0    21.5    21.1    19.3    17.6
54796 20160624  2.422  -71.54   41.49    25.8    12.4    19.1    19.1     0.0    30.15 C    40.3     8.9    21.3    96.6    36.1    68.4   0.193   0.209   0.207   0.217   0.046    22.0    21.5    21.2    19.4    17.7
54796 20160625  2.422  -71.54   41.49    24.7    10.9    17.8    18.0     0.0    30.08 C    40.5     7.9    21.4    96.8    37.9    69.5   0.184   0.202   0.202   0.213   0.046    22.0    21.5    21.2    19.5    17.8
54796 20160626  2.422  -71.54   41.49    24.1    10.1    17.1    17.8     0.0    29.67 C    39.4     7.5    21.3    95.9    38.9    71.0   0.177   0.196   0.199   0.208   0.045    21.9    21.4    21.2    19.5    17.9
54796 20160627  2.422  -71.54   41.49    24.3    12.8    18.6    19.7     0.0    23.38 C    39.3    10.1    22.7    96.5    49.1    80.3   0.172   0.192   0.195   0.203   0.045    22.0    21.5    21.2    19.6    18.0
54796 20160628  2.422  -71.54   41.49    23.6    19.4    21.5    21.0     6.0     9.51 C    33.0    18.2    22.5    93.4    77.3    85.1   0.176   0.192   0.194   0.199   0.044    22.0    21.6    21.4    19.7    18.1
54796 20160629  2.422  -71.54   41.49    25.2    17.1    21.2    21.3     0.2    17.07 C    38.3    15.7    23.8    97.2    71.8    88.4   0.191   0.197   0.195   0.196   0.044    23.1    22.4    21.8    19.8    18.1
54796 20160630  2.422  -71.54   41.49    27.0    14.7    20.8    21.5     0.0    28.66 C    41.1    12.8    24.3    99.0    43.7    71.0   0.182   0.193   0.194   0.194   0.043    23.3    22.7    22.2    20.1    18.3
54796 20160701  2.422  -71.54   41.49    25.1    14.5    19.8    20.7     3.6    18.20 C    37.7    12.1    23.0    96.7    71.4    85.6   0.176   0.191   0.192   0.191   0.044    22.9    22.5    22.1    20.3    18.4
54796 20160702  2.422  -71.54   41.49    23.9    12.2    18.1    20.3     0.0    27.85 C    38.0     9.7    23.1    96.4    37.8    64.2   0.176   0.190   0.190   0.188   0.043    23.4    22.8    22.3    20.4    18.5
54796 20160703  2.422  -71.54   41.49    26.5    10.1    18.3    19.2     0.0    26.12 C    41.7     8.6    21.6    93.4    32.6    64.8   0.172   0.188   0.188   0.185   0.042    22.4    22.1    21.9    20.4    18.7
54796 20160704  2.422  -71.54   41.49    28.2    12.9    20.5    21.2     0.0    28.60 C    42.4     9.7    24.0    96.2    28.5    67.9   0.166   0.183   0.185   0.182   0.043    22.7    22.2    21.9    20.4    18.8
54796 20160705  2.422  -71.54   41.49    28.4    18.9    23.7    22.6    17.9    15.34 C    41.3    17.5    24.4    95.7    59.5    86.0   0.230   0.229   0.196   0.180   0.041    23.6    23.0    22.4    20.5    18.8
54796 20160706  2.422  -71.54   41.49    31.9    17.5    24.7    24.8     0.0    27.85 C    44.1    16.1    26.6    96.6    38.9    67.7   0.205   0.214   0.199   0.183   0.041    24.6    23.9    23.1    20.8    18.9
54796 20160707  2.422  -71.54   41.49    28.3    18.7    23.5    23.2     1.3    19.64 C    40.7    17.3    26.4   100.0    65.6    90.5   0.191   0.203   0.194   0.183   0.041    25.1    24.4    23.7    21.2    19.1
54796 20160708  2.422  -71.54   41.49    22.2    16.1    19.2    19.5     0.0    12.65 C    27.6    15.9    21.2   100.0    70.4    86.2   0.186   0.199   0.192   0.183   0.042    23.7    23.5    23.5    21.4    19.3
54796 20160709  2.422  -71.54   41.49    19.4    15.9    17.6    17.4     0.0     6.08 C    25.5    15.9    19.1    89.9    79.0    84.8   0.183   0.197   0.190   0.182   0.041    21.6    21.6    22.0    21.2    19.5
54796 20160710  2.422  -71.54   41.49    21.8    16.0    18.9    18.3     6.0    11.05 C    36.3    16.4    20.9    95.5    73.8    87.2   0.183   0.196   0.189   0.181   0.041    21.8    21.5    21.5    20.7    19.4
54796 20160711  2.422  -71.54   41.49    23.1    13.0    18.0    18.1     0.0    17.73 C    34.2    11.5    20.2    97.0    60.5    82.9   0.189   0.198   0.190   0.180   0.040    21.9    21.6    21.5    20.5    19.3
54796 20160712  2.422  -71.54   41.49    27.4    12.3    19.8    20.7     0.0    27.73 C    41.0    10.5    23.2    97.0    38.6    70.5   0.183   0.195   0.188   0.180   0.041    22.5    22.0    21.6    20.4    19.2
54796 20160713  2.422  -71.54   41.49    25.3    19.1    22.2    22.1     0.0    27.01 C    38.3    17.9    25.6    93.6    61.2    80.7   0.175   0.190   0.186   0.178   0.040    23.7    23.0    22.4    20.6    19.2
54796 20160714  2.422  -71.54   41.49    26.3    20.3    23.3    22.6     3.5     9.12 C    36.5    19.0    23.3    96.5    76.7    90.4   0.172   0.187   0.184   0.176   0.041    23.3    22.9    22.6    20.9    19.3
54796 20160715  2.422  -71.54   41.49    32.5    19.8    26.2    25.6     0.0    24.26 C    44.1    18.2    27.9   100.0    48.3    79.3   0.171   0.186   0.183   0.175   0.041    25.0    24.1    23.2    21.0    19.4
54796 20160716  2.422  -71.54   41.49    30.9    18.2    24.6    24.8     0.0    26.05 C    44.2    15.9    27.3    97.2    38.9    71.3   0.165   0.182   0.181   0.173   0.040    25.3    24.7    23.9    21.5    19.5
54796 20160717  2.422  -71.54   41.49    29.8    20.9    25.4    24.9     0.0    24.63 C    43.5    18.8    28.0    96.7    57.3    78.9   0.158   0.177   0.178   0.169   0.040    25.9    25.2    24.4    21.8    19.8
54796 20160718  2.422  -71.54   41.49    30.5    19.4    24.9    25.0     0.0    23.27 C    43.1    16.5    27.4   100.0    51.1    78.9   0.151   0.171   0.175   0.167   0.040    25.7    25.1    24.5    22.1    20.0
54796 20160719  2.422  -71.54   41.49    27.8    14.8    21.3    22.8     0.0    27.47 C    44.8    11.7    25.7    93.5    32.2    60.5   0.143   0.164   0.171   0.163   0.040    25.5    25.0    24.5    22.4    20.2
54796 20160720  2.422  -71.54   41.49    26.6    10.8    18.7    19.8     0.0    28.20 C    44.0     7.7    23.2    95.7    33.1    63.5   0.134   0.156   0.167   0.160   0.042    24.3    24.0    23.9    22.3    20.3
54796 20160721  2.422  -71.54   41.49    29.1    12.5    20.8    21.9     0.0    27.11 C    45.9     9.6    24.9    95.8    37.1    70.7   0.126   0.150   0.163   0.157   0.042    24.2    23.8    23.6    22.1    20.4
54796 20160722  2.422  -71.54   41.49    29.3    20.9    25.1    25.1     2.1    26.14 C    42.9    18.4    28.0    92.5    61.1    75.9   0.118   0.144   0.160   0.153   0.042    25.1    24.4    23.9    22.1    20.4
54796 20160723  2.422  -71.54   41.49    32.9    19.7    26.3    26.6     0.0    27.34 C    44.6    15.9    28.5    97.5    31.9    62.6   0.112   0.140   0.157   0.150   0.043    26.0    25.2    24.6    22.3    20.4
54796 20160724  2.422  -71.54   41.49    29.9    15.9    22.9    22.9     0.0    26.80 C    46.5    13.0    26.0    91.8    43.3    70.0   0.106   0.135   0.153   0.147   0.042    25.5    25.0    24.6    22.5    20.5
54796 20160725  2.422  -71.54   41.49    31.0    17.3    24.1    23.7     0.4    23.19 C    45.0    14.6    26.9    95.2    50.6    80.9   0.099   0.130   0.149   0.144   0.043    25.4    24.8    24.5    22.6    20.7
54796 20160726  2.422  -71.54   41.49    31.9    20.0    26.0    26.0     0.0    27.28 C    47.2    16.6    28.4    92.9    38.6    64.5   0.093   0.125   0.146   0.141   0.044    26.0    25.3    24.8    22.6    20.7
54796 20160727  2.422  -71.54   41.49    30.2    16.7    23.5    24.1     0.0    26.64 C    47.0    13.8    27.0    94.4    43.8    66.5   0.085   0.118   0.142   0.138   0.043    25.7    25.2    24.7    22.8    20.8
54796 20160728  2.422  -71.54   41.49    29.9    17.5    23.7    24.2     0.0    25.60 C    45.4    14.6    28.2    96.2    56.1    82.4   0.077   0.111   0.138   0.135   0.043    25.9    25.2    24.7    22.8    20.9
54796 20160729  2.422  -71.54   41.49    26.8    20.1    23.5    23.3    10.2    11.57 C    34.2    18.2    24.1    96.6    68.2    87.9   0.102   0.122   0.138   0.132   0.041    25.3    25.0    24.7    22.9    21.0
54796 20160730  2.422  -71.54   41.49    28.4    17.4    22.9    23.1     0.0    23.82 C    45.1    15.8    26.6    97.0    54.1    80.5   0.110   0.130   0.138   0.131   0.041    25.5    24.9    24.5    22.8    21.1
54796 20160731  2.422  -71.54   41.49    26.4    20.7    23.5    22.7     0.0    16.34 C    40.7    19.9    25.4    95.7    55.1    81.2   0.105   0.127   0.138   0.129   0.042    25.5    25.1    24.7    22.9    21.1
54796 20160801  2.422  -71.54   41.49    26.0    17.2    21.6    21.6     4.1    22.45 C    41.0    16.8    24.8    93.4    55.8    74.6   0.102   0.124   0.137   0.128   0.042    25.2    24.8    24.4    22.9    21.2
54796 20160802  2.422  -71.54   41.49    22.9    15.0    18.9    18.8     5.8    11.53 C    30.2    13.1    19.8    96.2    59.0    83.9   0.104   0.125   0.138   0.127   0.042    23.5    23.5    23.8    22.8    21.2
54796 20160803  2.422  -71.54   41.49    25.5    13.4    19.5    19.3     0.0    27.09 C    40.6    10.6    22.2    96.6    46.8    75.8   0.111   0.128   0.138   0.125   0.041    23.5    23.1    23.1    22.3    21.1
54796 20160804  2.422  -71.54   41.49    25.5    11.1    18.3    18.7     0.0    27.32 C    40.8     8.5    22.2    97.3    47.4    77.6   0.107   0.125   0.137   0.124   0.041    23.4    23.0    23.0    22.1    21.0
54796 20160805  2.422  -71.54   41.49    26.0    11.9    18.9    20.2     0.0    27.10 C    42.0     9.2    23.9    97.4    60.9    79.8   0.098   0.120   0.135   0.123   0.040    23.5    23.1    23.0    22.0    20.9
54796 20160806  2.422  -71.54   41.49    29.2    20.4    24.8    24.3     0.3    19.50 C    46.3    18.3    26.3    95.6    65.7    80.9   0.090   0.115   0.134   0.121   0.040    24.4    23.8    23.5    22.0    20.8
54796 20160807  2.422  -71.54   41.49    29.9    16.2    23.0    23.1     0.0    24.09 C    48.2    12.7    25.5    96.5    35.4    66.7   0.084   0.110   0.131   0.120   0.040    24.4    24.0    23.7    22.2    20.8
54796 20160808  2.422  -71.54   41.49    27.8    14.2    21.0    20.9     0.0    22.79 C    48.5    11.2    23.5    95.3    42.9    69.9   0.076   0.105   0.127   0.118   0.040    23.8    23.5    23.4    22.2    20.9
54796 20160809  2.422  -71.54   41.49    29.6    12.9    21.2    21.9     0.0    26.62 C    48.9     9.3    25.0    97.0    33.6    69.2   0.070   0.099   0.123   0.115   0.040    23.7    23.3    23.2    22.1    20.9
54796 20160810  2.422  -71.54   41.49    24.7    16.3    20.5    22.3     8.8     5.19 C    26.5    12.8    22.0    97.9    75.9    91.9   0.073   0.098   0.121   0.114   0.039    23.1    22.9    23.0    22.1    20.9
54796 20160811  2.422  -71.54   41.49    30.2    23.2    26.7    25.9     2.2    16.79 C    39.9    22.1    27.5    96.2    69.1    87.1   0.086   0.102   0.122   0.113   0.039    25.4    24.6    23.7    22.0    20.8
54796 20160812  2.422  -71.54   41.49    31.0    23.6    27.3    26.5     0.0    21.90 C    41.1    22.7    28.7    95.2    67.4    82.4   0.090   0.106   0.122   0.112   0.039    26.4    25.6    24.8    22.5    20.9
54796 20160813  2.422  -71.54   41.49    32.8    21.9    27.4    27.2     0.0    23.44 C    45.0    21.1    30.4    93.5    61.8    81.9   0.086   0.106   0.121   0.111   0.039    27.3    26.4    25.5    23.0    21.0
54796 20160814  2.422  -71.54   41.49    32.9    21.6    27.2    27.6     2.7    23.57 C    42.5    21.1    29.8    97.2    57.4    77.7   0.081   0.102   0.119   0.110   0.039    27.6    26.8    26.0    23.4    21.2
54796 20160815  2.422  -71.54   41.49    31.4    20.8    26.1    26.1     0.0    24.54 C    47.0    18.7    28.8    85.9    41.8    63.4   0.074   0.099   0.116   0.109   0.039    27.0    26.6    26.0    23.7    21.5
54796 20160816  2.422  -71.54   41.49    28.3    18.4    23.4    24.3     0.7    15.41 C    45.0    16.5    26.2    95.8    65.3    84.1   0.070   0.095   0.113   0.108   0.039    25.9    25.6    25.5    23.7    21.6
54796 20160817  2.422  -71.54   41.49    28.8    16.8    22.8    25.0     0.0    21.45 C    46.8    14.4    27.8    92.4    47.7    69.0   0.066   0.091   0.111   0.106   0.037    26.3    25.8    25.4    23.6    21.8
54796 20160818  2.422  -71.54   41.49    28.5    16.2    22.3    22.5     0.0    22.22 C    45.2    13.5    26.1    94.7    49.6    75.5   0.060   0.084   0.107   0.104   0.037    25.3    25.0    24.9    23.5    21.8
54796 20160819  2.422  -71.54   41.49    29.1    17.8    23.5    23.1     0.0    22.40 C    48.2    15.6    26.6    96.8    46.7    75.2   0.056   0.079   0.103   0.102   0.037    25.3    24.9    24.7    23.3    21.8
54796 20160820  2.422  -71.54   41.49    27.3    17.9    22.6    22.5     0.0    23.21 C    47.5    15.9    27.0    96.8    56.9    80.4   0.053   0.073   0.100   0.099   0.037    25.5    25.0    24.7    23.2    21.7
54796 20160821  2.422  -71.54   41.49    26.1    18.6    22.3    22.9     0.0    18.98 C    46.5    17.1    27.5    96.4    55.8    84.1   0.051   0.069   0.097   0.096   0.037    25.5    25.0    24.7    23.2    21.7
54796 20160822  2.422  -71.54   41.49    26.2    12.7    19.5    21.8    11.4    25.28 C    39.6     9.2    24.3    93.8    38.1    65.0   0.088   0.083   0.095   0.095   0.037    25.2    25.0    24.8    23.3    21.7
54796 20160823  2.422  -71.54   41.49    24.9     9.0    16.9    18.0     0.0    25.21 C    40.3     6.8    20.5    95.1    34.1    67.2   0.085   0.091   0.097   0.094   0.037    23.0    23.0    23.5    23.0    21.7
54796 20160824  2.422  -71.54   41.49    28.6    12.9    20.7    21.1     0.0    23.90 C    43.4    10.7    23.6    95.9    39.8    72.8   0.076   0.087   0.096   0.092   0.036    23.2    23.0    23.1    22.6    21.6
54796 20160825  2.422  -71.54   41.49    26.9    16.3    21.6    22.7     0.0    23.53 C    41.8    13.0    25.5    97.0    57.1    76.7   0.067   0.082   0.095   0.092   0.036    23.6    23.3    23.3    22.4    21.4
54796 20160826  2.422  -71.54   41.49    30.2    19.1    24.7    25.0     0.0    17.11 C    47.2    16.2    27.3    96.8    66.3    82.5   0.060   0.077   0.094   0.090   0.036    24.9    24.3    23.8    22.5    21.4
54796 20160827  2.422  -71.54   41.49    30.0    15.8    22.9    23.0     0.0    23.27 C    48.2    12.4    26.1    96.7    35.4    69.0   0.054   0.072   0.092   0.089   0.035    24.5    24.2    24.0    22.7    21.4
54796 20160828  2.422  -71.54   41.49    28.8    14.8    21.8    21.3     0.0    23.31 C    48.4    12.2    25.5    97.0    34.5    70.9   0.050   0.066   0.089   0.087   0.034    24.1    23.8    23.7    22.6    21.4
54796 20160829  2.422  -71.54   41.49    31.2    15.1    23.1    23.6     0.0    21.61 C    49.8    11.6    26.9    94.5    31.0    65.3   0.046   0.063   0.086   0.086   0.035    24.5    24.0    23.8    22.6    21.4
54796 20160830  2.422  -71.54   41.49    26.2    11.6    18.9    19.8     0.0    23.39 C    47.3     7.8    23.6    96.6    45.8    73.8   0.043   0.059   0.083   0.084   0.033    23.6    23.5    23.5    22.6    21.4
54796 20160831  2.422  -71.54   41.49    27.2    15.5    21.3    22.1     0.0     9.95 C    39.4    12.9    23.5    97.2    63.1    84.2   0.041   0.056   0.080   0.082   0.033    23.3    23.0    23.1    22.4    21.4
54796 20160901  2.422  -71.54   41.49    22.6    17.8    20.2    21.0    17.1     4.81 C    27.0    16.0    21.2    97.6    80.4    91.8   0.079   0.085   0.081   0.081   0.033    23.0    22.9    23.0    22.2    21.3
54796 20160902  2.422  -71.54   41.49    25.6    14.9    20.2    19.6     0.0    19.15 C    39.2    13.3    21.6    95.2    45.0    71.3   0.093   0.115   0.093   0.081   0.034    22.4    22.3    22.5    22.0    21.3
54796 20160903  2.422  -71.54   41.49    22.1    13.7    17.9    17.8     0.0    13.33 C    32.0    11.4    19.1    96.6    55.5    80.8   0.094   0.113   0.098   0.080   0.033    21.6    21.6    22.0    21.7    21.2
54796 20160904  2.422  -71.54   41.49    24.1    13.8    19.0    18.5     0.0    21.29 C    34.1    12.5    19.8    95.0    41.9    71.4   0.090   0.109   0.099   0.080   0.033    20.8    20.9    21.3    21.4    21.0
54796 20160905  2.422  -71.54   41.49    22.5    15.7    19.1    17.9     2.7     7.96 C    25.7    13.6    17.8    93.2    38.8    71.7   0.085   0.104   0.098   0.080   0.033    19.6    19.9    20.6    21.1    20.8
54796 20160906  2.422  -71.54   41.49    24.5    16.8    20.7    20.4    22.7     5.04 C    29.6    16.6    20.5    94.8    77.3    92.3   0.140   0.133   0.109   0.080   0.033    20.4    20.2    20.4    20.7    20.6
54796 20160907  2.422  -71.54   41.49    25.2    20.1    22.6    22.1     1.7     8.38 C    31.1    18.6    22.6    95.9    76.0    89.8   0.162   0.175   0.149   0.080   0.033    22.0    21.6    21.3    20.7    20.4
54796 20160908  2.422  -71.54   41.49    27.7    20.5    24.1    22.7     1.7    16.72 C    39.2    20.1    25.1    95.7    59.2    85.2   0.152   0.165   0.151   0.082   0.033    23.3    22.8    22.3    21.0    20.4
54796 20160909  2.422  -71.54   41.49    31.9    21.4    26.6    25.5     0.0    17.54 C    42.9    19.8    27.2    96.8    51.4    80.7   0.141   0.157   0.149   0.084   0.032    24.8    24.1    23.4    21.5    20.5
54796 20160910  2.422  -71.54   41.49    26.3    21.1    23.7    23.1     0.0    16.06 C    38.0    20.0    25.7    96.4    57.9    84.3   0.130   0.148   0.143   0.088   0.033    24.8    24.3    23.9    22.1    20.7
54796 20160911  2.422  -71.54   41.49    26.5    12.7    19.6    22.3     0.0    12.22 C    36.9     8.4    22.1    91.3    39.4    69.6   0.122   0.142   0.138   0.091   0.032    23.8    23.7    23.7    22.4    20.9
54796 20160912  2.422  -71.54   41.49    23.4     8.0    15.7    15.8     0.0    22.20 C    38.8     4.6    17.6    96.0    36.4    69.9   0.112   0.134   0.134   0.092   0.032    21.6    21.8    22.3    22.0    21.0
54796 20160913  2.422  -71.54   41.49    24.2     9.3    16.8    17.5     0.0    21.66 C    37.1     6.6    19.4    96.1    51.1    78.4   0.103   0.128   0.129   0.092   0.032    21.1    21.1    21.5    21.5    20.9
54796 20160914  2.422  -71.54   41.49    27.4    16.3    21.8    21.5     0.7    19.81 C    40.0    12.7    23.3    96.1    57.7    78.2   0.094   0.122   0.125   0.092   0.032    22.1    21.7    21.7    21.2    20.8
54796 20160915  2.422  -71.54   41.49    21.4     8.7    15.0    15.0     0.0    15.96 C    37.8     4.9    15.0    95.7    44.8    71.2   0.088   0.116   0.122   0.093   0.032    20.3    20.6    21.2    21.2    20.6
54796 20160916  2.422  -71.54   41.49    21.2     6.8    14.0    13.6     0.0    19.47 C    39.5     3.1    15.7    97.6    45.1    78.0   0.083   0.112   0.118   0.093   0.032    19.3    19.4    20.1    20.7    20.5
54796 20160917  2.422  -71.54   41.49    23.0     5.9    14.4    15.7     0.0    20.14 C    39.3     2.6    18.2    98.1    60.7    84.7   0.078   0.107   0.115   0.091   0.032    19.3    19.2    19.7    20.2    20.3
54796 20160918  2.422  -71.54   41.49    26.5    15.9    21.2    22.3     0.0     9.28 C    37.1    12.2    23.1    97.2    73.3    88.3   0.076   0.103   0.113   0.092   0.032    20.9    20.5    20.4    20.1    20.1
54796 20160919  2.422  -71.54   41.49    22.5    19.5    21.0    20.9    24.9     2.77 C    25.1    19.0    21.4    97.1    87.6    94.6   0.134   0.153   0.141   0.092   0.033    21.5    21.2    21.1    20.4    20.0
54796 20160920  2.422  -71.54   41.49    25.6    18.5    22.1    21.4     1.5     9.61 C    34.5    16.1    22.7   100.0    76.1    91.3   0.151   0.172   0.159   0.097   0.033    22.3    21.8    21.5    20.6    20.0
54796 20160921  2.422  -71.54   41.49    27.6    13.6    20.6    20.0     0.0    15.78 C    35.1    11.8    20.6   100.0    32.1    80.4   0.143   0.163   0.155   0.102   0.033    21.9    21.7    21.7    20.8    20.1
54796 20160922  2.422  -71.54   41.49    26.8    10.9    18.8    18.3     0.0    19.61 C    36.4     8.9    18.9    96.7    34.8    72.1   0.134   0.155   0.150   0.106   0.033    20.9    20.9    21.2    20.8    20.2
54796 20160923  2.422  -71.54   41.49    26.5     9.7    18.1    18.3     0.6    15.36 C    38.8     7.4    19.4    97.2    43.7    77.1   0.128   0.148   0.145   0.107   0.033    20.5    20.4    20.7    20.6    20.1
54796 20160924  2.422  -71.54   41.49    19.6     5.9    12.7    13.9     0.0    15.67 C    34.0     1.7    14.8    93.4    36.9    70.9   0.122   0.143   0.142   0.108   0.033    19.5    19.8    20.4    20.4    20.1
54796 20160925  2.422  -71.54   41.49    18.8     3.8    11.3    11.0     0.0    20.13 C    32.4     0.3    11.9    94.9    29.1    62.8   0.116   0.139   0.139   0.107   0.033    17.3    17.7    18.8    19.9    19.9
54796 20160926  2.422  -71.54   41.49    18.4     1.6    10.0    11.6     0.0    19.43 C    36.1    -1.5    13.6    96.3    38.7    70.9   0.111   0.134   0.135   0.107   0.032    16.7    17.0    17.9    19.2    19.7
54796 20160927  2.422  -71.54   41.49    21.2    14.5    17.8    18.4    11.3     6.99 C    26.9    12.0    18.8    97.3    69.7    86.5   0.131   0.145   0.136   0.106   0.032    18.7    18.4    18.5    18.9    19.4
54796 20160928  2.422  -71.54   41.49    16.9    13.2    15.1    15.0     0.0     4.39 C    20.0    13.3    15.3    97.0    75.4    88.6   0.135   0.151   0.141   0.107   0.033    17.8    18.0    18.6    18.9    19.1
54796 20160929  2.422  -71.54   41.49    16.1    13.5    14.8    14.4     0.0     9.23 C    22.9    12.4    14.8    91.6    66.9    76.3   0.131   0.148   0.141   0.107   0.032    16.8    17.1    17.8    18.7    19.1
54796 20160930  2.422  -71.54   41.49    16.3    13.7    15.0    14.5    10.1     4.55 C    18.2    12.6    14.5    94.0    70.8    84.1   0.129   0.146   0.140   0.108   0.032    16.3    16.5    17.2    18.2    18.9
54796 20161001  2.422  -71.54   41.49    16.2    13.2    14.7    14.6     5.7     5.39 C    19.0    13.0    15.0    94.4    89.3    92.9   0.189   0.197   0.161   0.109   0.032    16.5    16.5    17.0    17.9    18.7
54796 20161002  2.422  -71.54   41.49    16.1    12.4    14.3    14.0     0.0     5.51 C    20.5    12.5    15.1    98.8    83.0    88.9   0.167   0.188   0.173   0.113   0.032    16.5    16.5    17.0    17.7    18.5
54796 20161003  2.422  -71.54   41.49    21.2    13.8    17.5    16.6     0.0    13.25 C    34.0    12.4    18.8    98.8    63.3    83.0   0.156   0.176   0.168   0.119   0.033    18.0    17.6    17.6    17.7    18.3
54796 20161004  2.422  -71.54   41.49    19.4     9.9    14.7    14.8     0.0    14.70 C    28.6     6.3    15.5    90.6    52.9    76.2   0.148   0.168   0.163   0.122   0.032    17.6    17.6    18.0    18.0    18.2
54796 20161005  2.422  -71.54   41.49    18.5     5.3    11.9    12.1     0.0    17.52 C    28.1     2.5    12.7    97.9    54.1    80.3   0.142   0.163   0.159   0.122   0.032    16.1    16.4    17.2    17.9    18.2
54796 20161006  2.422  -71.54   41.49    20.9     3.7    12.3    11.1     0.0    17.59 C    33.7     1.3    12.5   100.0    48.3    85.3   0.138   0.158   0.156   0.123   0.032    15.7    15.8    16.5    17.5    18.1
54796 20161007  2.422  -71.54   41.49    22.7     5.5    14.1    12.5     0.0    17.35 C    35.0     1.9    13.4   100.0    37.5    80.7   0.133   0.155   0.153   0.123   0.033    15.8    15.9    16.5    17.2    17.9
54796 20161008  2.422  -71.54   41.49    20.5     5.5    13.0    14.2     3.2     7.77 C    32.1     3.4    15.3   100.0    43.0    92.7   0.130   0.152   0.150   0.123   0.033    16.0    15.9    16.4    17.1    17.8
54796 20161009  2.422  -71.54   41.49    17.7     9.0    13.4    13.5    40.0     0.90 C    17.5     6.5    13.3    97.5    72.1    91.2   0.234   0.231   0.191   0.124   0.033    15.8    16.0    16.7    17.1    17.6
54796 20161010  2.422  -71.54   41.49    15.1     3.6     9.4     9.5     0.0    17.35 C    24.4    -0.7     9.3    81.6    33.0    59.0   0.197   0.229   0.221   0.160   0.034    13.7    14.1    15.1    16.7    17.5
54796 20161011  2.422  -71.54   41.49    16.0     0.3     8.2     8.1     0.0    16.66 C    26.9    -1.9     8.7    97.3    39.0    76.9   0.174   0.201   0.199   0.167   0.034    12.9    13.3    14.3    16.1    17.3
54796 20161012  2.422  -71.54   41.49    17.5     3.0    10.3    10.2     0.0    16.01 C    28.0     0.5    11.4    97.6    45.3    82.8   0.165   0.191   0.189   0.168   0.034    13.6    13.7    14.3    15.7    17.0
54796 20161013  2.422  -71.54   41.49    20.6     7.0    13.8    14.6     0.0    12.69 C    30.0     4.3    14.9    97.7    58.0    79.5   0.160   0.186   0.185   0.168   0.035    14.8    14.7    14.9    15.6    16.7
54796 20161014  2.422  -71.54   41.49    15.1     1.5     8.3     8.8     0.0    16.56 C    25.4    -1.8     8.4    96.4    37.8    70.7   0.157   0.182   0.182   0.168   0.035    13.7    14.0    14.9    15.7    16.6
54796 20161015  2.422  -71.54   41.49    15.2     0.1     7.6     7.0     0.0    15.97 C    27.6    -3.6     7.3    97.9    47.2    79.4   0.154   0.180   0.180   0.167   0.036    12.4    12.8    13.9    15.4    16.5
54796 20161016  2.422  -71.54   41.49    19.2     1.1    10.2    12.1     0.0    14.63 C    27.5    -1.4    12.2    97.8    59.6    82.6   0.152   0.178   0.179   0.167   0.036    12.8    12.9    13.6    15.0    16.2
54796 20161017  2.422  -71.54   41.49    25.4    14.1    19.8    18.6     0.0    13.91 C    36.3    10.9    19.2    97.3    51.9    79.8   0.151   0.176   0.177   0.167   0.035    15.6    15.2    15.0    15.0    16.1
54796 20161018  2.422  -71.54   41.49    24.7    13.3    19.0    18.6     0.0    14.02 C    33.7    10.7    19.6    97.6    61.7    84.9   0.149   0.175   0.176   0.165   0.036    16.7    16.2    16.0    15.6    16.0
54796 20161019  2.422  -71.54   41.49    27.3    11.3    19.3    20.1     0.0     9.97 C    36.0     6.3    18.9    94.5    43.0    74.1   0.147   0.174   0.174   0.164   0.036    17.5    17.2    16.9    16.0    16.2
54796 20161020  2.422  -71.54   41.49    20.3     9.5    14.9    15.1     1.3    13.27 C    31.7     5.5    16.1    96.6    52.2    78.1   0.145   0.172   0.174   0.163   0.036    16.4    16.3    16.6    16.4    16.4
54796 20161021  2.422  -71.54   41.49    23.0    14.5    18.7    19.1    11.9     6.06 C    27.1    14.8    19.4   100.0    78.8    93.5   0.155   0.178   0.173   0.163   0.036    17.7    17.3    17.1    16.5    16.4
54796 20161022  2.422  -71.54   41.49    18.5     6.1    12.3    12.7    13.9     3.59 C    21.0     5.4    13.5    97.3    71.9    88.0   0.201   0.229   0.203   0.168   0.037    17.1    17.1    17.4    16.8    16.6
54796 20161023  2.422  -71.54   41.49    15.5     5.1    10.3    10.5     0.0    14.65 C    21.7     2.2     9.6    84.2    22.3    50.2   0.184   0.214   0.208   0.182   0.037    14.0    14.4    15.6    16.6    16.7
54796 20161024  2.422  -71.54   41.49    15.7     4.9    10.3    10.5     4.2    13.86 C    23.2     0.8    10.4    95.4    39.0    61.5   0.179   0.207   0.202   0.186   0.038    13.5    13.7    14.7    16.0    16.6
54796 20161025  2.422  -71.54   41.49    10.4     0.4     5.4     5.5     0.0    14.46 C    19.7    -4.5     4.7    90.7    34.1    57.3   0.173   0.202   0.200   0.189   0.038    11.5    12.1    13.5    15.4    16.3
54796 20161026  2.422  -71.54   41.49     9.1    -1.7     3.7     3.6     0.0    14.17 C    19.8    -5.4     3.0    82.4    37.6    58.7   0.168   0.198   0.197   0.190   0.038    10.0    10.7    12.3    14.7    16.0
54796 20161027  2.422  -71.54   41.49    10.5    -2.6     4.0     4.5    29.1     3.55 C    12.8    -6.6     4.7    95.6    53.1    80.7   0.204   0.219   0.203   0.190   0.038     9.2     9.8    11.2    13.9    15.6
54796 20161028  2.422  -71.54   41.49    13.4     7.5    10.4     9.4     5.3     9.62 C    18.7     5.9    10.5    97.1    45.6    69.9   0.234   0.269   0.249   0.226   0.039    11.1    11.0    11.5    13.3    15.1
54796 20161029  2.422  -71.54   41.49    15.5     3.0     9.2    10.3     0.0     8.21 C    17.3     0.3    10.0    81.2    41.5    62.9   0.193   0.227   0.229   0.238   0.042    11.1    11.2    11.8    13.2    14.7
54796 20161030  2.422  -71.54   41.49    21.3     8.8    15.1    14.7    19.8    10.10 C    29.2     6.0    14.7    92.0    40.5    69.9   0.214   0.238   0.229   0.241   0.044    13.1    12.8    12.8    13.3    14.5
54796 20161031  2.422  -71.54   41.49    11.2    -0.3     5.4     6.6     0.0    13.08 C    19.1    -3.4     6.7    91.7    37.5    66.9   0.222   0.255   0.246   0.262   0.047    11.8    12.2    13.0    13.6    14.5
54796 20161101  2.422  -71.54   41.49    13.3    -2.3     5.5     5.1     0.0    13.12 C    21.4    -5.3     5.0    83.7    39.1    68.6   0.200   0.235   0.238   0.268   0.052     9.9    10.4    11.6    13.4    14.5
54796 20161102  2.422  -71.54   41.49    18.4     3.1    10.8    12.7     0.0    11.14 C    23.7     1.2    12.7    84.4    51.4    71.0   0.195   0.230   0.235   0.269   0.054    11.4    11.3    11.8    13.0    14.3
54796 20161103  2.422  -71.54   41.49    19.9     8.9    14.4    14.3     0.0     5.24 C    23.7     7.0    12.8    85.1    53.6    70.4   0.193   0.226   0.232   0.268   0.055    12.8    12.6    12.8    13.1    14.1
54796 20161104  2.422  -71.54   41.49    14.3     0.8     7.6     9.4     0.0    12.21 C    23.0    -4.4     7.9    79.0    22.5    54.1   0.190   0.224   0.230   0.266   0.054    11.9    12.1    12.8    13.3    14.0
54796 20161105  2.422  -71.54   41.49    14.0    -2.0     6.0     6.1     0.0     9.92 C    21.3    -6.0     5.1    81.7    39.7    62.9   0.189   0.223   0.228   0.265   0.055    10.1    10.5    11.6    13.2    14.0
54796 20161106  2.422  -71.54   41.49    10.7     3.2     6.9     7.7     1.0     6.56 C    17.5    -1.5     6.7    81.9    42.0    62.2   0.188   0.222   0.227   0.263   0.055    10.2    10.5    11.4    12.8    13.9
54796 20161107  2.422  -71.54   41.49     9.6    -2.4     3.6     3.6     0.0     8.67 C    15.7    -5.9     1.9    79.7    39.0    60.1   0.187   0.221   0.226   0.262   0.054     8.7     9.3    10.6    12.5    13.7
54796 20161108  2.422  -71.54   41.49    17.0    -2.9     7.0     5.6     0.0    12.03 C    23.6    -5.8     4.5    85.3    26.8    65.0   0.185   0.219   0.224   0.261   0.053     8.3     8.7     9.8    12.0    13.5
54796 20161109  2.422  -71.54   41.49    16.9     0.6     8.7     9.3     0.0     4.93 C    20.8    -2.2     8.8    85.5    36.6    66.6   0.185   0.218   0.223   0.260   0.053     9.3     9.4    10.0    11.7    13.3
54796 20161110  2.422  -71.54   41.49    12.1     2.8     7.5     8.4     0.0    11.39 C    21.3    -2.3     8.3    69.9    22.5    45.3   0.183   0.216   0.222   0.259   0.053     9.9    10.0    10.6    11.7    13.0
54796 20161111  2.422  -71.54   41.49    16.4     1.2     8.8     9.4     0.0    11.16 C    22.7    -6.0     6.6    71.4    25.1    44.9   0.182   0.215   0.220   0.258   0.053     9.4     9.7    10.4    11.7    12.9
54796 20161112  2.422  -71.54   41.49     8.8    -3.7     2.6     3.6     0.0    11.24 C    19.0    -8.5     1.8    67.0    24.1    41.0   0.182   0.214   0.219   0.256   0.053     7.7     8.3     9.6    11.5    12.8
54796 20161113  2.422  -71.54   41.49    15.1     2.9     9.0     8.4     0.0    11.46 C    22.1    -3.3     5.7    67.0    20.3    41.0   0.181   0.213   0.218   0.255   0.052     7.7     8.0     9.0    11.1    12.6
54796 20161114  2.422  -71.54   41.49    17.1    -2.6     7.3     7.3     0.0    11.13 C    23.9    -8.5     5.0    80.5    14.0    53.1   0.180   0.212   0.217   0.254   0.052     7.6     7.9     8.9    10.9    12.4
54796 20161115  2.422  -71.54   41.49    15.9     7.2    11.5    11.4    30.5     1.06 C    14.6     4.5    10.6   100.0    57.0    79.0   0.233   0.256   0.238   0.259   0.051     9.5     9.3     9.5    10.7    12.2
54796 20161116  2.422  -71.54   41.49    14.1     2.0     8.1     9.2     0.0     5.80 C    18.8    -0.7     8.7    89.3    48.9    75.8   0.226   0.258   0.253   0.286   0.059    10.7    10.6    10.7    10.9    12.0
54796 20161117  2.422  -71.54   41.49    12.7     0.8     6.7     7.1     0.0     5.33 C    16.3    -1.1     5.2    83.7    47.7    68.9   0.213   0.244   0.247   0.289   0.057     8.9     9.1    10.0    11.1    12.1
54796 20161118  2.422  -71.54   41.49    17.0     2.3     9.6     8.6     0.0    10.44 C    21.8    -1.3     5.9    79.7    32.4    60.8   0.209   0.240   0.245   0.289   0.056     8.5     8.7     9.5    10.9    12.0
54796 20161119  2.422  -71.54   41.49    13.8     0.9     7.4     7.7     1.1    10.48 C    20.8    -2.0     7.7    83.4    50.0    72.8   0.206   0.237   0.244   0.288   0.057     8.4     8.5     9.3    10.8    11.9
54796 20161120  2.422  -71.54   41.49     9.9     0.7     5.3     5.1     5.1     5.68 C    11.8    -1.1     5.6   100.0    48.3    69.8   0.220   0.245   0.247   0.289   0.056     9.0     9.2     9.7    10.7    11.8
54796 20161121  2.422  -71.54   41.49     3.4    -0.8     1.3     1.1     0.0     5.32 C    11.9    -2.9     1.1    69.5    36.8    52.5   0.213   0.242   0.246   0.292   0.058     6.8     7.3     8.6    10.5    11.7
54796 20161122  2.422  -71.54   41.49     5.6    -0.6     2.5     1.5     0.0    10.19 C    13.7    -5.4     0.6    57.0    34.7    47.4   0.209   0.240   0.246   0.292   0.058     5.8     6.4     7.7    10.0    11.5
54796 20161123  2.422  -71.54   41.49     6.7    -4.1     1.3     0.7     0.0    10.35 C    14.6    -7.1    -0.3    75.9    31.0    52.3   0.207   0.238   0.244   0.291   0.058     5.0     5.6     7.0     9.6    11.3
54796 20161124  2.422  -71.54   41.49     8.0    -1.3     3.4     3.9     3.7     4.11 C    13.4    -3.6     4.2    83.1    54.7    66.8   0.207   0.238   0.244   0.290   0.056     5.6     5.8     6.7     9.1    11.0
54796 20161125  2.422  -71.54   41.49    10.9     5.0     7.9     7.6     5.8     1.13 C    13.7     5.1     7.5    88.4    82.6    84.8   0.224   0.247   0.248   0.292   0.056     7.4     7.3     7.7     9.0    10.7
54796 20161126  2.422  -71.54   41.49    10.2     2.6     6.4     6.1     0.0     4.54 C    15.2    -1.0     5.2    88.4    53.9    77.3   0.220   0.249   0.250   0.297   0.058     7.7     7.8     8.3     9.2    10.5
54796 20161127  2.422  -71.54   41.49     8.9    -1.3     3.8     3.6     0.0     8.87 C    16.8    -6.2     2.4    94.4    33.8    66.4   0.214   0.244   0.249   0.299   0.059     6.4     6.8     7.7     9.2    10.5
54796 20161128  2.422  -71.54   41.49     8.3    -3.5     2.4     1.3     0.0     9.80 C    15.7    -7.3    -0.2    97.1    40.6    74.9   0.211   0.243   0.248   0.298   0.059     5.2     5.7     6.9     9.0    10.4
54796 20161129  2.422  -71.54   41.49    15.0    -2.7     6.1     8.8    51.5     0.57 C    14.3    -3.8     8.1    95.7    78.2    91.4   0.256   0.286   0.273   0.309   0.065     6.7     6.6     6.9     8.6    10.3
54796 20161130  2.422  -71.54   41.49    14.5     8.8    11.7    11.2     5.1     1.93 C    16.4     7.7    10.5    97.9    81.7    92.7   0.256   0.290   0.285   0.336   0.103     9.7     9.4     9.1     8.8    10.0
54796 20161201  2.422  -71.54   41.49    15.3     4.8    10.1    10.9     5.4     7.71 C    21.9     0.2    10.4    98.6    51.6    71.8   0.259   0.289   0.282   0.335   0.104     9.9     9.6     9.6     9.4    10.1
54796 20161202  2.422  -71.54   41.49     9.9     1.5     5.7     5.9     0.0     8.48 C    16.5    -2.7     4.3    74.6    46.5    60.1   0.236   0.269   0.274   0.332   0.099     7.8     8.1     8.9     9.7    10.3
54796 20161203  2.422  -71.54   41.49     7.8    -0.3     3.8     4.4     0.0     8.59 C    14.4    -5.9     2.6    70.1    46.8    56.0   0.231   0.264   0.270   0.330   0.094     6.7     7.1     8.1     9.5    10.4
54796 20161204  2.422  -71.54   41.49     5.0    -3.9     0.6     0.2     0.0     9.29 C    12.8    -7.7    -0.7    87.8    42.9    67.6   0.228   0.262   0.269   0.329   0.090     5.1     5.8     7.0     9.1    10.3
54796 20161205  2.422  -71.54   41.49     5.9    -1.3     2.3     1.4     3.1     2.70 C    10.5    -4.7     0.3    97.9    71.0    86.4   0.233   0.275   0.270   0.329   0.088     4.7     5.2     6.3     8.6    10.1
54796 20161206  2.422  -71.54   41.49     6.7    -2.5     2.1     3.1     1.2     7.23 C    12.3    -6.3     1.4    93.7    54.2    74.5   0.231   0.274   0.269   0.329   0.087     4.4     4.8     5.9     8.2     9.9
54796 20161207  2.422  -71.54   41.49     6.1     1.3     3.7     4.1     4.4     3.41 C    14.5    -0.8     4.7    97.2    80.5    90.0   0.241   0.282   0.272   0.330   0.088     5.8     5.8     6.3     8.0     9.6
54796 20161208  2.422  -71.54   41.49     6.2    -1.5     2.4     1.8     0.0     2.72 C     9.5    -5.9     0.2    98.8    48.8    78.5   0.233   0.276   0.271   0.331   0.089     5.2     5.6     6.4     8.0     9.5
54796 20161209  2.422  -71.54   41.49     2.3    -5.2    -1.4    -0.6     0.0     8.97 C     8.8   -10.2    -2.6    67.6    39.5    51.3   0.230   0.273   0.270   0.329   0.087     3.6     4.3     5.5     7.8     9.3
54796 20161210  2.422  -71.54   41.49    -0.6    -9.5    -5.0    -5.1     0.0     9.04 C     6.5   -12.1    -6.3    84.9    38.5    60.5   0.227   0.270   0.268   0.329   0.085     2.2     3.1     4.5     7.4     9.2
54796 20161211  2.422  -71.54   41.49     0.8   -11.2    -5.2    -4.5     1.6     5.76 C     7.8   -12.6    -4.1    95.3    39.0    73.3   0.222   0.267   0.267   0.328   0.082     1.5     2.2     3.7     6.8     8.9
54796 20161212  2.422  -71.54   41.49     8.0    -1.8     3.1     2.3    15.7     1.56 C     7.7    -5.7     0.5    99.0    74.5    93.4   0.280   0.322   0.283   0.332   0.086     1.8     2.2     3.3     6.2     8.5
54796 20161213  2.422  -71.54   41.49     5.2    -3.8     0.7     0.7     0.0     7.99 C    10.9    -7.4    -0.4    97.8    47.0    75.6   0.248   0.294   0.279   0.335   0.094     1.9     2.3     3.3     5.9     8.1
54796 20161214  2.422  -71.54   41.49     6.5    -5.1     0.7     0.9     0.0     8.49 C    13.1    -8.8     0.0    92.4    41.7    72.3   0.240   0.285   0.276   0.334   0.092     2.6     2.9     3.6     5.8     7.9
54796 20161215  2.422  -71.54   41.49     0.4    -8.1    -3.9    -4.2     0.0     6.86 C     4.5    -9.9    -4.4    84.6    20.2    38.5   0.233   0.277   0.273   0.333   0.089     1.7     2.3     3.4     5.8     7.7
54796 20161216  2.422  -71.54   41.49    -5.8   -12.8    -9.3    -9.3     0.0     7.96 C     2.9   -13.4    -7.6    80.1    31.9    50.7   0.222   0.271   0.269   0.331   0.085     1.0     1.6     2.8     5.5     7.5
54796 20161217  2.422  -71.54   41.49     4.8    -7.6    -1.4    -0.8    21.2     0.95 C     0.7    -5.7    -1.6    98.9    74.2    93.1   0.269   0.293   0.277   0.333   0.083     0.6     1.1     2.3     5.2     7.3
54796 20161218  2.422  -71.54   41.49    13.4    -0.8     6.3     8.0     4.0     0.48 C    11.3    -4.4     5.7    97.9    38.7    80.7   0.300   0.334   0.291   0.339   0.097     1.6     1.7     2.3     4.7     7.0
54796 20161219  2.422  -71.54   41.49    -0.5    -5.4    -2.9    -3.3     0.0     6.40 C     3.6    -5.5    -3.2    52.2    31.8    40.1   0.251   0.298   0.281   0.338   0.097     1.6     2.0     2.8     4.7     6.7
54796 20161220  2.422  -71.54   41.49     2.9    -8.5    -2.8    -2.9     0.0     6.74 C    10.0    -9.5    -2.5    88.3    37.6    64.1   0.236   0.282   0.276   0.336   0.090     1.1     1.5     2.4     4.7     6.6
54796 20161221  2.422  -71.54   41.49     4.1    -4.8    -0.3    -0.1     0.0     6.37 C    11.1    -8.7    -2.0    84.8    44.2    64.4   0.234   0.278   0.274   0.334   0.086     1.0     1.3     2.2     4.5     6.5
54796 20161222  2.422  -71.54   41.49     6.4    -4.3     1.1     0.8     0.0     1.71 C     6.5    -6.7    -1.4    89.8    59.3    78.8   0.233   0.276   0.273   0.333   0.083     1.0     1.3     2.2     4.4     6.3
54796 20161223  2.422  -71.54   41.49     7.6    -5.3     1.2     1.5     0.0     8.52 C    11.0    -8.3    -1.1    93.8    41.9    72.0   0.230   0.274   0.272   0.332   0.081     0.9     1.3     2.2     4.3     6.2
54796 20161224  2.422  -71.54   41.49     6.5    -0.7     2.9     3.5    12.8     0.78 C     6.3    -4.5     1.2   100.0    65.6    88.8   0.265   0.305   0.277   0.334   0.081     1.3     1.5     2.2     4.2     6.1
54796 20161225  2.422  -71.54   41.49     8.4    -3.1     2.7     1.3     0.0     9.12 C    11.3    -7.8    -1.4   100.0    33.8    69.5   0.254   0.300   0.280   0.337   0.090     1.2     1.5     2.3     4.1     5.9
54796 20161226  2.422  -71.54   41.49    10.8    -5.7     2.5     1.2     1.9     5.54 C     9.5    -8.0     0.6    95.5    50.8    70.0   0.241   0.285   0.277   0.336   0.088     1.0     1.3     2.2     4.1     5.9
54796 20161227  2.422  -71.54   41.49    13.7     1.7     7.7     9.8     1.2     2.41 C    15.0    -3.0     7.3    94.6    54.2    78.9   0.246   0.290   0.278   0.336   0.087     4.2     3.7     3.5     4.1     5.8
54796 20161228  2.422  -71.54   41.49     5.7    -4.1     0.8     0.5     0.0     6.34 C    15.9    -7.2    -1.4    87.1    39.4    67.7   0.239   0.283   0.275   0.335   0.086     2.8     3.1     3.7     4.6     5.8
54796 20161229  2.422  -71.54   41.49     6.6    -5.1     0.7     1.0    25.4     0.80 C     5.7    -7.4    -0.2    95.7    68.1    88.6   0.274   0.313   0.288   0.336   0.088     2.0     2.2     3.0     4.6     5.9
54796 20161230  2.422  -71.54   41.49     5.6    -2.6     1.5     1.5     0.0     7.22 C    10.6    -7.5    -0.5    90.2    40.2    65.5   0.267   0.313   0.290   0.341   0.099     2.1     2.3     2.9     4.4     5.8
54796 20161231  2.422  -71.54   41.49     7.8    -6.4     0.7     1.3     0.6     3.93 C     4.9    -9.4    -1.0    88.3    46.1    66.0   0.244   0.288   0.279   0.337   0.091     1.3     1.7     2.5     4.3     5.8
