94645 20160101  2.422  -67.88   46.96    -3.6    -7.3    -5.4    -5.6     0.0     2.15 C    -6.1   -13.0    -7.9    91.3    65.5    82.1   0.098   0.217   0.175   0.216   0.224     0.7     0.7     1.0     1.6     1.7
94645 20160102  2.422  -67.88   46.96    -2.8    -7.5    -5.1    -4.9     0.0     3.01 C    -4.8   -15.1    -8.4    90.4    66.2    78.6   0.097   0.217   0.176   0.214   0.221     0.7     0.8     1.1     1.6     1.8
94645 20160103  2.422  -67.88   46.96    -1.4   -11.0    -6.2    -4.6     5.3     0.96 C    -1.8   -16.7    -6.4    93.9    82.9    89.4   0.097   0.216   0.176   0.212   0.214     0.7     0.9     1.2     1.7     1.8
94645 20160104  2.422  -67.88   46.96   -11.0   -22.9   -16.9   -16.2     0.3     2.71 C   -12.4   -35.9   -21.8    82.9    62.9    74.3   0.097   0.217   0.176   0.210   0.209     0.8     0.9     1.2     1.7     1.8
94645 20160105  2.422  -67.88   46.96   -12.6   -24.7   -18.6   -17.6     0.2     6.42 C   -14.1   -36.6   -25.3    81.9    55.9    71.9   0.098   0.216   0.175   0.208   0.206     0.8     0.8     1.2     1.7     1.8
94645 20160106  2.422  -67.88   46.96    -4.7   -14.8    -9.7    -8.5     0.0     4.19 C    -6.1   -20.8   -11.3    80.7    65.9    73.8   0.097   0.215   0.175   0.207   0.204     0.7     0.7     1.1     1.7     1.8
94645 20160107  2.422  -67.88   46.96     0.2    -6.1    -3.0    -3.5     0.0     4.59 C    -1.9   -13.8    -6.8    86.9    65.3    77.0   0.098   0.213   0.173   0.205   0.203     0.7     0.8     1.1     1.6     1.8
94645 20160108  2.422  -67.88   46.96    -4.2   -12.5    -8.3    -7.3     0.0     2.34 C    -5.4   -18.4    -9.6    90.4    62.8    76.1   0.115   0.214   0.171   0.203   0.200     0.8     0.8     1.1     1.6     1.8
94645 20160109  2.422  -67.88   46.96    -4.3   -13.2    -8.7    -7.1     0.0     1.85 C    -4.6   -17.7    -8.4    90.0    78.6    85.8   0.117   0.213   0.171   0.202   0.199     0.8     0.9     1.2     1.7     1.8
94645 20160110  2.422  -67.88   46.96     5.2    -4.6     0.3    -0.6    13.3     1.98 C     0.1    -4.6    -1.6    94.9    82.9    89.4   0.153   0.223   0.192   0.220   0.206     0.8     0.9     1.2     1.7     1.8
94645 20160111  2.422  -67.88   46.96     6.0   -13.6    -3.8    -3.2     3.8     4.43 C     0.7   -17.6    -6.4    96.3    37.8    65.2   0.281   0.362   0.446   0.372   0.356     0.6     0.7     1.0     1.6     1.7
94645 20160112  2.422  -67.88   46.96    -8.9   -19.2   -14.1   -12.4     0.0     6.42 C    -9.4   -27.3   -16.4    82.4    42.5    58.4   0.183   0.322   0.365   0.377   0.367     0.6     0.6     1.0     1.5     1.7
94645 20160113  2.422  -67.88   46.96    -6.1   -10.9    -8.5    -8.0    14.1     1.27 C    -6.6   -16.2    -9.1    89.6    79.0    84.9   0.167   0.258   0.333   0.377   0.372     0.4     0.4     0.8     1.5     1.6
94645 20160114  2.422  -67.88   46.96   -10.7   -17.7   -14.2   -14.4     0.5     7.43 C   -12.6   -28.8   -18.7    83.6    59.1    71.7   0.161   0.220   0.242   0.368   0.375     0.4     0.5     0.8     1.3     1.5
94645 20160115  2.422  -67.88   46.96   -10.1   -23.3   -16.7   -16.1     0.3     7.45 C   -12.4   -33.7   -21.8    85.2    49.4    71.7   0.157   0.214   0.181   0.334   0.414     0.3     0.4     0.8     1.3     1.5
94645 20160116  2.422  -67.88   46.96    -7.6   -13.8   -10.7    -9.9     1.0     1.62 C    -7.2   -12.4    -9.1    87.7    67.5    75.1   0.154   0.212   0.141   0.329   0.416     0.3     0.4     0.7     1.3     1.5
94645 20160117  2.422  -67.88   46.96    -3.7   -13.0    -8.4    -7.8     0.9     3.46 C    -5.1   -21.2   -10.9    91.6    63.4    81.5   0.151   0.207   0.139   0.295   0.382     0.3     0.4     0.7     1.2     1.4
94645 20160118  2.422  -67.88   46.96   -11.2   -18.0   -14.6   -14.1     0.0     4.03 C   -12.8   -25.9   -18.9    83.5    63.9    75.2   0.150 -99.000   0.147   0.247   0.284     0.3     0.4     0.7     1.2     1.4
94645 20160119  2.422  -67.88   46.96    -7.5   -15.6   -11.5   -12.5     1.4     3.68 C    -9.1   -18.9   -14.0    81.8    60.3    71.1   0.148 -99.000   0.131   0.226   0.242     0.3     0.3     0.6     1.2     1.4
94645 20160120  2.422  -67.88   46.96    -6.7   -10.5    -8.6    -7.7     0.0     2.77 C    -7.6   -16.1   -10.1    73.3    61.1    67.7   0.146 -99.000   0.129   0.214   0.212     0.2     0.3     0.6     1.2     1.4
94645 20160121  2.422  -67.88   46.96    -8.4   -13.1   -10.7   -10.9     0.3     6.78 C   -10.1   -17.9   -14.6    77.0    50.9    65.2   0.144 -99.000   0.127   0.209   0.202     0.2     0.3     0.6     1.2     1.3
94645 20160122  2.422  -67.88   46.96    -8.7   -15.7   -12.2   -12.7     0.4     8.03 C   -12.2   -24.0   -18.1    79.2    49.4    64.9   0.143 -99.000   0.125   0.206   0.197     0.2     0.2     0.6     1.2     1.3
94645 20160123  2.422  -67.88   46.96    -9.0   -22.0   -15.5   -14.6     0.6     8.02 C   -13.3   -29.8   -23.3    85.6    45.9    70.2 -99.000 -99.000   0.124   0.204   0.194     0.1     0.1     0.5     1.1     1.3
94645 20160124  2.422  -67.88   46.96    -6.8   -21.4   -14.1   -13.6     0.0     7.15 C    -9.1   -29.5   -19.2    83.8    43.8    68.1 -99.000 -99.000   0.111   0.203   0.193     0.0     0.1     0.5     1.1     1.2
94645 20160125  2.422  -67.88   46.96    -4.9   -16.4   -10.7   -10.2     0.3     8.45 C    -9.2   -26.0   -18.2    89.1    47.2    70.5 -99.000 -99.000   0.088   0.202   0.192     0.0     0.1     0.4     1.0     1.2
94645 20160126  2.422  -67.88   46.96     2.8    -8.4    -2.8    -2.3     2.3     2.20 C     0.0   -12.0    -4.2    93.8    64.5    82.4 -99.000 -99.000   0.084   0.201   0.195    -0.1     0.0     0.4     1.0     1.1
94645 20160127  2.422  -67.88   46.96     3.0   -14.8    -5.9    -5.1     0.8     6.79 C    -0.1   -23.5    -9.4    91.3    49.5    72.4 -99.000 -99.000   0.083   0.200   0.195     0.0     0.1     0.4     0.9     1.1
94645 20160128  2.422  -67.88   46.96    -3.0   -15.0    -9.0    -7.6     0.5     7.54 C    -5.5   -24.7   -11.0    84.6    45.4    70.1 -99.000 -99.000   0.083   0.199   0.193     0.0     0.1     0.4     0.9     1.1
94645 20160129  2.422  -67.88   46.96    -0.8    -6.1    -3.5    -3.4     0.0     3.59 C    -2.3   -12.7    -5.8    88.5    66.5    78.1 -99.000 -99.000   0.083   0.198   0.193     0.0     0.1     0.4     0.9     1.1
94645 20160130  2.422  -67.88   46.96    -1.9   -11.0    -6.5    -5.1     2.1     7.55 C    -4.0   -20.0    -8.8    91.3    53.1    73.9 -99.000 -99.000   0.084   0.197   0.193     0.0     0.1     0.4     0.9     1.1
94645 20160131  2.422  -67.88   46.96     2.8    -3.2    -0.2     0.1     0.0     3.39 C     0.0    -6.4    -2.0    91.5    68.1    80.3 -99.000 -99.000   0.081   0.196   0.192     0.0     0.1     0.4     0.9     1.1
94645 20160201  2.422  -67.88   46.96     7.6    -8.3    -0.3     1.3     0.9     4.21 C     0.1   -13.0    -1.8    91.2    53.4    73.2 -99.000 -99.000   0.081   0.218   0.207     0.0     0.1     0.4     0.9     1.1
94645 20160202  2.422  -67.88   46.96    -7.0   -18.3   -12.7   -11.0     0.8     8.73 C    -8.9   -24.1   -16.1    83.6    47.9    63.2 -99.000 -99.000   0.084   0.257   0.240     0.1     0.1     0.4     0.9     1.1
94645 20160203  2.422  -67.88   46.96     1.3   -20.3    -9.5   -10.5    11.7     1.33 C     0.1   -24.7   -11.5    96.0    70.7    85.5 -99.000 -99.000   0.086   0.258   0.239     0.0     0.1     0.4     0.9     1.1
94645 20160204  2.422  -67.88   46.96     6.6    -1.6     2.5     3.6     2.8     4.67 C     1.0    -2.7     0.0    97.4    51.0    75.5 -99.000 -99.000   0.091   0.269   0.253     0.0     0.1     0.4     0.9     1.1
94645 20160205  2.422  -67.88   46.96    -1.6   -12.8    -7.2    -6.9     0.4     1.73 C    -2.4   -16.7    -7.7    81.4    56.7    67.2 -99.000 -99.000   0.123   0.319   0.291     0.0     0.1     0.4     0.8     1.1
94645 20160206  2.422  -67.88   46.96    -3.0   -19.0   -11.0    -9.4     1.4     6.12 C    -4.8   -23.7   -12.4    88.1    49.7    74.5 -99.000 -99.000   0.120   0.364   0.399     0.1     0.1     0.4     0.8     1.1
94645 20160207  2.422  -67.88   46.96    -2.4   -17.3    -9.9    -8.7     1.0    10.55 C    -3.7   -24.6   -13.0    88.6    30.8    55.4 -99.000 -99.000   0.110   0.370   0.427     0.0     0.1     0.4     0.8     1.0
94645 20160208  2.422  -67.88   46.96    -8.6   -20.9   -14.7   -13.3     0.8     5.84 C   -10.7   -26.4   -16.6    82.8    48.8    63.3 -99.000 -99.000   0.101   0.334   0.423     0.0     0.0     0.3     0.8     1.0
94645 20160209  2.422  -67.88   46.96    -8.0   -11.8    -9.9    -9.9     5.6     4.32 C    -8.4   -11.9   -10.5    86.8    55.2    79.7 -99.000 -99.000 -99.000   0.304   0.385    -0.1     0.0     0.3     0.8     1.0
94645 20160210  2.422  -67.88   46.96    -6.1   -19.5   -12.8   -10.4     3.8     7.87 C    -6.2   -28.4   -14.0    91.2    68.3    84.0 -99.000 -99.000 -99.000   0.293   0.360    -0.1     0.0     0.3     0.8     1.0
94645 20160211  2.422  -67.88   46.96    -6.9   -16.5   -11.7   -10.5     1.6     8.74 C    -6.1   -24.6   -13.7    88.9    56.0    74.6 -99.000 -99.000 -99.000   0.259   0.329    -0.1     0.0     0.3     0.8     1.0
94645 20160212  2.422  -67.88   46.96   -14.3   -28.1   -21.2   -19.5     1.6    10.74 C   -13.7   -35.4   -25.4    81.1    49.9    68.9 -99.000 -99.000 -99.000   0.221   0.243    -0.1     0.0     0.3     0.8     1.0
94645 20160213  2.422  -67.88   46.96   -11.7   -29.4   -20.5   -18.8     3.1     8.49 C   -12.2   -35.6   -22.6    80.4    52.2    70.8 -99.000 -99.000 -99.000   0.213   0.213    -0.1     0.0     0.2     0.7     0.9
94645 20160214  2.422  -67.88   46.96   -17.4   -24.4   -20.9   -21.1     0.7    10.41 C   -19.1   -32.0   -24.6    72.2    44.4    58.7 -99.000 -99.000 -99.000   0.208   0.201    -0.1     0.0     0.2     0.7     0.9
94645 20160215  2.422  -67.88   46.96   -10.2   -26.1   -18.2   -17.9     1.2    12.10 C   -10.8   -36.0   -23.6    76.3    36.7    56.4 -99.000 -99.000 -99.000   0.205   0.192    -0.2    -0.1     0.2     0.7     0.9
94645 20160216  2.422  -67.88   46.96     9.1   -10.2    -0.6     0.5    21.7     1.37 C     0.7   -10.8    -2.7    96.3    67.2    90.5 -99.000 -99.000 -99.000   0.236   0.229    -0.2    -0.1     0.2     0.7     0.8
94645 20160217  2.422  -67.88   46.96     8.9    -6.5     1.2    -0.6     1.5     7.91 C     0.6   -10.3    -3.8    94.5    51.4    69.3 -99.000 -99.000 -99.000   0.368   0.407    -0.1    -0.1     0.1     0.6     0.8
94645 20160218  2.422  -67.88   46.96    -5.3   -15.3   -10.3    -8.0     0.7    11.52 C    -5.7   -19.0   -10.2    82.6    35.3    60.0 -99.000 -99.000 -99.000   0.370   0.419    -0.1    -0.1     0.2     0.6     0.8
94645 20160219  2.422  -67.88   46.96    -1.1   -18.6    -9.9    -9.5     0.2    12.56 C    -4.5   -19.3   -12.5    84.8    37.2    60.7 -99.000 -99.000 -99.000   0.373   0.435    -0.2     0.0     0.2     0.7     0.8
94645 20160220  2.422  -67.88   46.96     1.9    -8.1    -3.1    -0.6     8.2     2.18 C     0.1   -11.6    -2.1    95.5    35.9    83.6 -99.000 -99.000 -99.000   0.343   0.443    -0.2    -0.1     0.2     0.6     0.8
94645 20160221  2.422  -67.88   46.96     2.7   -10.6    -3.9    -0.8     0.3     3.54 C     0.1   -11.0    -1.8    96.3    67.4    84.5 -99.000 -99.000 -99.000   0.334   0.445    -0.1     0.0     0.2     0.6     0.8
94645 20160222  2.422  -67.88   46.96    -9.3   -18.1   -13.7   -13.1     1.0    13.89 C    -9.5   -21.8   -15.2    80.1    28.8    55.8 -99.000 -99.000 -99.000   0.309   0.401    -0.2     0.0     0.2     0.6     0.7
94645 20160223  2.422  -67.88   46.96    -7.8   -23.5   -15.7   -14.5     0.6    12.70 C    -8.7   -24.2   -16.5    82.7    36.5    63.3 -99.000 -99.000 -99.000   0.294   0.346    -0.7    -0.3     0.1     0.6     0.7
94645 20160224  2.422  -67.88   46.96     0.0    -9.3    -4.6    -4.5    21.1     2.79 C     0.0    -9.9    -4.7    94.7    59.3    82.8 -99.000 -99.000 -99.000   0.296   0.314    -0.6    -0.4     0.0     0.6     0.7
94645 20160225  2.422  -67.88   46.96    10.2     0.0     5.1     4.7    20.0     1.13 C     4.0    -0.1     1.0    97.9    91.6    95.9 -99.000 -99.000 -99.000   0.361   0.395    -0.2    -0.2     0.0     0.5     0.6
94645 20160226  2.422  -67.88   46.96     0.7   -13.7    -6.5    -5.9     3.3     6.22 C    -0.1   -17.9    -7.2    95.5    56.7    73.7 -99.000 -99.000 -99.000   0.364   0.449    -0.2    -0.1     0.0     0.5     0.6
94645 20160227  2.422  -67.88   46.96    -2.1   -18.7   -10.4    -8.5     0.0    12.77 C    -5.3   -21.6   -11.5    83.3    32.3    53.9 -99.000 -99.000 -99.000   0.366   0.451    -0.3    -0.1     0.0     0.5     0.6
94645 20160228  2.422  -67.88   46.96    -2.0   -11.3    -6.7    -7.5     0.9    13.82 C    -3.2   -13.6    -8.6    83.0    26.8    46.1 -99.000 -99.000 -99.000   0.351   0.452    -0.4    -0.1     0.1     0.5     0.6
94645 20160229  2.422  -67.88   46.96     1.0   -11.3    -5.2    -4.9     4.9     2.32 C     0.0   -10.5    -4.7    95.0    66.6    87.2 -99.000 -99.000 -99.000   0.315   0.454    -0.4    -0.2     0.0     0.5     0.6
94645 20160301  2.422  -67.88   46.96    -1.4   -16.7    -9.1    -9.2     1.6    15.46 C    -2.2   -21.1   -11.9    90.0    32.6    53.7 -99.000 -99.000 -99.000   0.303   0.399    -0.3    -0.2     0.0     0.5     0.6
94645 20160302  2.422  -67.88   46.96    -6.5   -13.8   -10.1   -10.1    22.8     2.03 C    -5.6   -16.3   -10.7    89.6    56.7    80.0 -99.000 -99.000 -99.000   0.248   0.296    -0.4    -0.3     0.0     0.5     0.6
94645 20160303  2.422  -67.88   46.96   -13.2   -21.9   -17.6   -18.5     0.2    14.26 C   -13.8   -27.9   -21.8    76.7    44.2    60.1 -99.000 -99.000 -99.000   0.212   0.232    -0.3    -0.3     0.0     0.5     0.6
94645 20160304  2.422  -67.88   46.96    -8.1   -26.1   -17.1   -17.4     1.1    16.13 C   -10.4   -34.9   -24.0    79.6    35.3    62.5 -99.000 -99.000 -99.000   0.206   0.205    -0.4    -0.3     0.0     0.5     0.6
94645 20160305  2.422  -67.88   46.96    -3.7   -22.5   -13.1   -12.0     1.1    16.35 C    -6.9   -30.2   -19.2    80.0    33.0    57.1 -99.000 -99.000 -99.000   0.220   0.197    -0.5    -0.4     0.0     0.4     0.6
94645 20160306  2.422  -67.88   46.96    -2.3   -22.4   -12.3   -11.7     0.9    15.96 C    -4.4   -27.6   -18.1    86.8    43.6    67.5 -99.000 -99.000 -99.000   0.233   0.192    -0.5    -0.4    -0.1     0.4     0.6
94645 20160307  2.422  -67.88   46.96    -0.5   -18.1    -9.3    -5.7     2.7     3.78 C    -1.1   -23.8    -8.6    93.8    56.7    80.8 -99.000 -99.000 -99.000   0.235   0.177    -0.5    -0.5    -0.1     0.4     0.5
94645 20160308  2.422  -67.88   46.96    -0.1    -7.0    -3.6    -2.7     0.0    16.90 C    -2.6   -17.8    -7.9    89.5    18.5    49.2 -99.000 -99.000 -99.000   0.230   0.173    -0.4    -0.4    -0.1     0.4     0.5
94645 20160309  2.422  -67.88   46.96     4.4    -7.0    -1.3    -1.3    11.1     2.26 C     0.5    -7.2    -2.8    97.5    35.5    82.6 -99.000 -99.000 -99.000   0.232   0.170    -0.4    -0.3    -0.1     0.4     0.5
94645 20160310  2.422  -67.88   46.96     5.3    -2.1     1.6     0.5     1.0     7.23 C     0.6    -2.1    -0.6    97.2    62.6    81.4 -99.000 -99.000 -99.000   0.247   0.279    -0.3    -0.2    -0.1     0.4     0.5
94645 20160311  2.422  -67.88   46.96     2.4    -5.3    -1.5    -1.5     0.3    14.23 C    -0.8   -12.8    -4.1    87.9    43.0    65.8 -99.000 -99.000 -99.000   0.277   0.300    -0.2    -0.2    -0.1     0.4     0.5
94645 20160312  2.422  -67.88   46.96     4.6    -9.6    -2.5    -1.3     0.0     5.37 C     0.0   -15.9    -5.8    82.1    50.1    64.1 -99.000 -99.000 -99.000   0.265   0.302    -0.2    -0.2    -0.1     0.4     0.5
94645 20160313  2.422  -67.88   46.96     4.5    -9.6    -2.6    -0.4     0.0    17.33 C    -0.1   -17.0    -4.6    68.9    29.5    48.1 -99.000 -99.000 -99.000   0.253   0.303    -0.2    -0.2     0.0     0.4     0.5
94645 20160314  2.422  -67.88   46.96     1.9   -13.0    -5.6    -3.9     0.0    16.32 C    -0.2   -19.6    -8.6    75.4    29.0    47.0 -99.000 -99.000 -99.000   0.243   0.285    -0.3    -0.2     0.0     0.4     0.5
94645 20160315  2.422  -67.88   46.96     2.4    -2.3     0.0     0.0     3.9     4.94 C     0.0    -3.9    -1.3    96.5    49.7    78.3 -99.000 -99.000 -99.000   0.242   0.284    -0.2    -0.2     0.0     0.4     0.5
94645 20160316  2.422  -67.88   46.96     7.7    -2.2     2.8     2.1     4.1    10.44 C     0.9    -6.1    -1.0    97.0    51.0    80.3 -99.000 -99.000 -99.000   0.241   0.284    -0.2    -0.2     0.0     0.4     0.5
94645 20160317  2.422  -67.88   46.96    -1.7    -4.5    -3.1    -2.7    10.4     4.28 C    -1.6    -6.1    -3.4    94.0    74.2    88.5 -99.000 -99.000 -99.000   0.255   0.287    -0.2    -0.2     0.0     0.4     0.5
94645 20160318  2.422  -67.88   46.96    -2.9   -11.3    -7.1    -6.1     0.6     6.17 C    -1.1   -20.2    -8.8    89.7    57.2    77.3 -99.000 -99.000 -99.000   0.252   0.305    -0.1    -0.2     0.0     0.4     0.5
94645 20160319  2.422  -67.88   46.96    -5.9   -15.4   -10.6   -10.2     0.2    14.70 C    -5.8   -24.5   -14.3    78.2    41.1    57.4 -99.000 -99.000 -99.000   0.251   0.376    -0.2    -0.2     0.0     0.4     0.5
94645 20160320  2.422  -67.88   46.96    -1.1   -17.0    -9.1    -8.9     0.0    20.22 C    -3.5   -26.4   -15.6    73.6    24.2    50.3 -99.000 -99.000 -99.000   0.250   0.390    -0.2    -0.2     0.0     0.4     0.5
94645 20160321  2.422  -67.88   46.96    -3.9   -13.5    -8.7    -7.4     3.5     5.63 C    -3.6   -20.0    -9.5    91.2    61.8    78.4 -99.000 -99.000 -99.000   0.252   0.399    -0.2    -0.2     0.0     0.4     0.5
94645 20160322  2.422  -67.88   46.96    -2.8   -11.6    -7.2    -7.2     0.3    19.93 C    -5.8   -21.4   -12.4    68.6    27.6    45.9 -99.000 -99.000 -99.000   0.250   0.399    -0.2    -0.2     0.0     0.4     0.5
94645 20160323  2.422  -67.88   46.96    -3.6   -13.1    -8.4    -7.1     0.0    20.16 C    -4.8   -22.0   -11.6    73.0    23.2    42.4 -99.000 -99.000 -99.000   0.249   0.362    -0.2    -0.2     0.0     0.4     0.5
94645 20160324  2.422  -67.88   46.96    -4.1   -16.4   -10.2    -8.9     1.5    17.38 C    -3.9   -24.5   -11.9    86.8    26.3    48.2 -99.000 -99.000 -99.000   0.243   0.282    -0.2    -0.2     0.0     0.4     0.5
94645 20160325  2.422  -67.88   46.96    -2.1    -7.0    -4.6    -5.0    20.6     2.99 C    -0.1    -7.5    -4.7    93.1    80.7    88.3 -99.000 -99.000 -99.000   0.244   0.238    -0.2    -0.2     0.0     0.4     0.5
94645 20160326  2.422  -67.88   46.96     1.9    -7.7    -2.9    -4.1     0.3    20.71 C     0.0   -13.8    -5.6    91.2    48.8    73.6 -99.000 -99.000 -99.000   0.247   0.211    -0.2    -0.2     0.0     0.4     0.5
94645 20160327  2.422  -67.88   46.96     7.3   -11.0    -1.9    -0.2     0.2    18.64 C     0.3   -17.0    -5.8    90.8    39.9    67.6 -99.000 -99.000 -99.000   0.246   0.298    -0.2    -0.2     0.0     0.4     0.5
94645 20160328  2.422  -67.88   46.96     3.9    -1.8     1.0     0.7    15.2     7.55 C     0.3    -5.7    -1.0    95.7    64.5    86.4 -99.000 -99.000 -99.000   0.248   0.300    -0.2    -0.2     0.0     0.4     0.5
94645 20160329  2.422  -67.88   46.96     1.2    -7.4    -3.1    -1.6    26.6     7.91 C    -0.1   -15.2    -3.9    94.8    69.4    85.3 -99.000 -99.000 -99.000   0.265   0.419    -0.2    -0.2     0.0     0.4     0.5
94645 20160330  2.422  -67.88   46.96     3.7   -10.2    -3.3    -1.3     0.0    18.80 C     0.0   -18.6    -5.4    87.3    58.0    69.0 -99.000 -99.000 -99.000   0.262   0.432    -0.1    -0.1     0.0     0.4     0.5
94645 20160331  2.422  -67.88   46.96     6.6     0.6     3.6     3.1     9.3     3.34 C     0.2    -0.5    -0.1    95.8    58.2    83.6 -99.000 -99.000 -99.000   0.277   0.437    -0.1    -0.1     0.0     0.4     0.5
94645 20160401  2.422  -67.88   46.96    12.8     4.8     8.8     8.1    14.5     3.74 C     0.9    -0.3     0.2    96.7    66.9    90.1 -99.000 -99.000 -99.000 -99.000   0.438    -0.1    -0.1     0.0     0.3     0.5
94645 20160402  2.422  -67.88   46.96     5.0     0.2     2.6     2.0     0.4     8.22 C     0.2    -1.1    -0.2    96.8    61.0    80.1 -99.000 -99.000 -99.000 -99.000   0.450    -0.1    -0.1     0.0     0.3     0.5
94645 20160403  2.422  -67.88   46.96     1.1   -13.6    -6.2    -5.5     0.2    14.57 C    -0.4   -15.8    -6.7    92.2    38.8    57.8 -99.000 -99.000 -99.000 -99.000   0.452    -0.1    -0.1     0.0     0.3     0.5
94645 20160404  2.422  -67.88   46.96    -5.6   -15.9   -10.8   -11.3     0.4    23.61 C    -3.8   -18.5   -12.4    62.3    28.1    44.1 -99.000 -99.000 -99.000 -99.000   0.452    -0.1    -0.1     0.0     0.3     0.5
94645 20160405  2.422  -67.88   46.96    -6.5   -17.6   -12.1   -11.2     0.5    24.12 C    -2.8   -20.8   -12.9    70.2    31.1    46.3 -99.000 -99.000 -99.000 -99.000   0.449    -0.2    -0.1     0.0     0.3     0.5
94645 20160406  2.422  -67.88   46.96     1.9   -16.3    -7.2    -5.3     0.0    22.45 C    -0.7   -19.0    -7.7    80.0    26.4    46.1 -99.000 -99.000 -99.000 -99.000   0.452    -0.3    -0.2     0.0     0.3     0.5
94645 20160407  2.422  -67.88   46.96     8.8    -3.3     2.7     2.9    16.2     3.24 C     0.6    -4.2    -0.9    95.6    81.0    92.8 -99.000 -99.000 -99.000 -99.000   0.456    -0.2    -0.2     0.0     0.3     0.5
94645 20160408  2.422  -67.88   46.96     9.5     0.2     4.8     5.4    12.0     6.51 C     1.0    -0.7     0.3    96.8    65.1    90.8 -99.000 -99.000 -99.000 -99.000   0.456    -0.2    -0.1     0.0     0.3     0.5
94645 20160409  2.422  -67.88   46.96     0.8    -7.9    -3.5    -1.5     0.3     6.86 C    -0.1    -9.1    -2.1    96.7    57.6    74.0 -99.000 -99.000 -99.000 -99.000   0.462    -0.1    -0.1     0.0     0.3     0.5
94645 20160410  2.422  -67.88   46.96    -0.1    -9.7    -4.9    -5.1     0.3    24.56 C    -1.7   -10.6    -6.4    72.8    26.0    48.8 -99.000 -99.000 -99.000 -99.000   0.469    -0.2    -0.1     0.0     0.3     0.5
94645 20160411  2.422  -67.88   46.96     4.0   -11.9    -3.9    -2.1     6.4     5.40 C     0.5   -10.5    -3.3    95.7    39.1    74.6 -99.000 -99.000 -99.000 -99.000   0.473    -0.3    -0.2     0.0     0.3     0.5
94645 20160412  2.422  -67.88   46.96     8.7     0.3     4.5     4.7    21.1     2.49 C     1.0    -1.8     0.3    96.4    84.7    93.6 -99.000 -99.000 -99.000 -99.000   0.473    -0.2    -0.2     0.0     0.3     0.5
94645 20160413  2.422  -67.88   46.96     4.8    -2.2     1.3     0.9     0.2    20.21 C     0.2    -4.1    -1.7    93.9    32.2    59.5 -99.000 -99.000 -99.000 -99.000   0.473    -0.2    -0.1     0.0     0.3     0.4
94645 20160414  2.422  -67.88   46.96     6.8    -3.7     1.5     1.3     0.2    25.24 C     4.0    -5.3    -1.4    62.3    18.9    36.8 -99.000 -99.000 -99.000 -99.000   0.471    -0.2    -0.1     0.0     0.3     0.4
94645 20160415  2.422  -67.88   46.96     8.7    -2.9     2.9     2.5     0.0    25.34 C    11.3    -4.8     0.8    45.0    21.2    31.8 -99.000 -99.000 -99.000 -99.000   0.466    -0.1    -0.1     0.0     0.3     0.4
94645 20160416  2.422  -67.88   46.96    11.1    -3.9     3.6     3.2     0.0    24.73 C    19.7    -5.0     3.6    71.0    21.0    43.5 -99.000 -99.000 -99.000 -99.000   0.460     1.0     0.3     0.1     0.4     0.5
94645 20160417  2.422  -67.88   46.96    20.4    -2.3     9.0     9.3     0.0    23.45 C    27.0    -3.5     8.0    76.8    17.2    42.1   0.152   0.370   0.460   0.339   0.455     2.6     1.4     0.9     0.7     0.8
94645 20160418  2.422  -67.88   46.96    10.1    -1.2     4.4     5.6     0.0    16.78 C    22.9    -4.6     6.0    60.7    29.6    40.2   0.172   0.289   0.401   0.379   0.444     3.7     3.1     2.3     1.6     1.6
94645 20160419  2.422  -67.88   46.96     9.2    -2.6     3.3     3.7     0.2    17.43 C    22.1    -4.9     6.0    70.0    27.4    49.1   0.163   0.231   0.259   0.385   0.421     4.0     3.8     3.0     2.3     2.2
94645 20160420  2.422  -67.88   46.96     9.8    -0.2     4.8     4.4     0.0    22.49 C    28.6    -3.3     6.7    81.3    26.5    49.3   0.155   0.224   0.201   0.384   0.421     4.8     4.6     3.7     2.8     2.7
94645 20160421  2.422  -67.88   46.96    19.3    -2.0     8.7     9.7     0.0    25.89 C    31.6    -4.6    10.3    73.6    16.7    37.3   0.150   0.213   0.185   0.374   0.420     6.2     6.0     4.6     3.4     3.2
94645 20160422  2.422  -67.88   46.96    19.6    -1.6     9.0    10.9     0.0    13.75 C    32.4    -2.7    11.6    82.9    20.4    49.5   0.146   0.205   0.176   0.341   0.415     7.0     6.9     5.5     4.1     4.0
94645 20160423  2.422  -67.88   46.96    11.5    -0.6     5.4     5.6     0.0    14.86 C    23.6    -4.5     7.7    88.7    38.8    64.7   0.144   0.202   0.172   0.286   0.350     7.4     7.4     6.3     4.9     4.6
94645 20160424  2.422  -67.88   46.96     5.8    -3.2     1.3     1.2     0.0    26.51 C    23.0    -5.7     4.7    59.5    20.3    37.4   0.140   0.194   0.166   0.249   0.307     5.7     5.6     5.4     4.9     4.7
94645 20160425  2.422  -67.88   46.96     4.7    -4.5     0.1     0.0     0.0    22.07 C    26.8    -8.4     3.2    68.4    26.1    44.2   0.137   0.189   0.163   0.232   0.272     5.1     5.1     5.0     4.7     4.6
94645 20160426  2.422  -67.88   46.96     5.5    -7.2    -0.9    -0.6     0.2    26.95 C    26.7    -9.4     3.9    71.7    18.6    38.7   0.133   0.185   0.160   0.221   0.248     4.9     4.8     4.6     4.4     4.4
94645 20160427  2.422  -67.88   46.96     3.9    -4.8    -0.5    -1.1     0.0    24.49 C    29.1    -8.6     4.3    62.9    25.4    43.6   0.130   0.181   0.159   0.215   0.241     5.0     4.9     4.7     4.4     4.4
94645 20160428  2.422  -67.88   46.96     0.8    -8.6    -3.9    -3.3     0.7    19.89 C    17.0   -10.0    -0.1    67.7    30.9    43.3   0.126   0.179   0.155   0.210   0.234     3.8     3.9     4.2     4.3     4.3
94645 20160429  2.422  -67.88   46.96     8.9    -8.1     0.4     1.2     1.2    28.21 C    30.6   -10.7     5.2    73.3    15.9    36.2   0.123   0.174   0.152   0.207   0.227     4.5     4.4     4.1     4.0     4.0
94645 20160430  2.422  -67.88   46.96    13.3    -4.5     4.4     5.2     1.1    27.63 C    34.7    -9.2     8.5    69.1    19.8    36.9   0.121   0.172   0.149   0.205   0.224     6.1     5.9     5.0     4.3     4.2
94645 20160501  2.422  -67.88   46.96    16.0    -2.0     7.0     8.5     0.0    25.45 C    38.2    -6.4    12.3    72.0    18.8    39.4   0.117   0.172   0.146   0.204   0.223     7.6     7.5     6.1     4.9     4.8
94645 20160502  2.422  -67.88   46.96    10.2     3.6     6.9     6.7     1.9     7.98 C    19.6     4.1     8.4    95.6    43.4    71.0   0.114   0.167   0.144   0.203   0.222     7.7     7.8     6.9     5.7     5.5
94645 20160503  2.422  -67.88   46.96     6.4     2.9     4.7     4.7     3.3     5.42 C    14.2     3.8     6.6    95.0    77.3    87.4   0.132   0.185   0.143   0.202   0.222     6.8     6.8     6.4     5.8     5.6
94645 20160504  2.422  -67.88   46.96    11.2     2.7     7.0     7.4     0.0    14.82 C    26.4     2.1    10.5    92.3    47.6    66.1   0.133   0.186   0.144   0.201   0.220     7.9     7.8     6.7     5.8     5.7
94645 20160505  2.422  -67.88   46.96     9.7     4.4     7.0     6.5     0.0     8.68 C    22.1     4.2     8.6    79.1    57.8    69.7   0.129   0.182   0.145   0.200   0.220     7.7     7.7     7.0     6.2     6.1
94645 20160506  2.422  -67.88   46.96    19.3     3.3    11.3    10.7     0.0    26.19 C    35.9     2.6    14.6    84.2    29.0    59.3   0.126   0.179   0.145   0.200   0.218     9.7     9.5     7.8     6.4     6.3
94645 20160507  2.422  -67.88   46.96    21.9     4.7    13.3    13.4     1.3    24.91 C    38.6     1.0    17.4    94.7    37.5    66.3   0.121   0.174   0.143   0.199   0.218    11.3    11.2     9.2     7.3     7.1
94645 20160508  2.422  -67.88   46.96    16.9     0.0     8.4    10.5     4.5    10.40 C    33.3     0.3    12.7    95.6    55.1    83.1   0.122   0.177   0.143   0.200   0.218    11.4    11.5    10.1     8.3     7.9
94645 20160509  2.422  -67.88   46.96     5.1    -0.7     2.2     1.8     1.5    10.38 C     9.3    -1.1     3.1    93.6    47.7    74.1   0.138   0.194   0.142   0.198   0.218     7.7     7.8     8.5     8.2     8.0
94645 20160510  2.422  -67.88   46.96    12.7     0.7     6.7     6.4     0.2    21.84 C    28.4    -2.1     9.4    85.2    43.8    63.3   0.136   0.191   0.145   0.197   0.217     8.5     8.3     7.8     7.4     7.3
94645 20160511  2.422  -67.88   46.96    13.9    -0.1     6.9     7.4     0.0    29.77 C    30.3    -3.2    10.1    86.6    18.4    43.3   0.130   0.183   0.145   0.197   0.216     9.2     9.1     8.4     7.5     7.4
94645 20160512  2.422  -67.88   46.96    23.0     2.3    12.6    13.7     0.0    26.64 C    37.0    -1.0    14.7    63.8    19.1    35.3   0.123   0.171   0.144   0.197   0.216    10.5    10.5     9.1     7.9     7.7
94645 20160513  2.422  -67.88   46.96    21.8     2.5    12.2    13.5     1.4    22.82 C    36.3     0.1    16.3    92.5    27.3    47.8   0.116   0.164   0.141   0.197   0.215    11.6    11.7    10.0     8.5     8.3
94645 20160514  2.422  -67.88   46.96    19.1     8.8    13.9    13.9    17.3    16.41 C    31.0     8.0    15.7    96.0    53.3    81.9   0.168   0.250   0.305   0.333   0.402    13.1    13.1    11.3     9.4     9.0
94645 20160515  2.422  -67.88   46.96     8.9     1.0     5.0     7.1     9.9     3.74 C    14.3     2.3     8.7    94.5    75.5    89.2   0.175   0.283   0.331   0.372   0.450    10.8    10.9    10.8     9.8     9.5
94645 20160516  2.422  -67.88   46.96     3.8    -0.3     1.8     1.5    20.3     7.20 C     2.4    -0.5     0.2    95.6    87.7    92.1   0.200   0.359   0.416   0.376   0.452     6.5     6.7     8.3     8.9     8.8
94645 20160517  2.422  -67.88   46.96    12.5     2.4     7.4     6.8     0.0    14.04 C    23.8     0.4     7.8    91.8    48.6    73.6   0.189   0.331   0.403   0.380   0.454     7.5     7.3     7.2     7.6     7.7
94645 20160518  2.422  -67.88   46.96    17.4     0.4     8.9    10.1     0.0    19.62 C    33.1    -1.4    12.0    96.5    36.5    65.4   0.158   0.240   0.263   0.379   0.454     9.5     9.4     8.4     7.8     7.7
94645 20160519  2.422  -67.88   46.96    18.9     6.8    12.9    12.4     0.0    13.07 C    32.6     5.0    13.4    85.3    27.5    58.3   0.148   0.217   0.187   0.349   0.453    10.9    10.9     9.6     8.5     8.3
94645 20160520  2.422  -67.88   46.96    23.6     6.5    15.0    16.1     0.0    23.91 C    36.5     3.1    16.3    84.1    24.3    46.2   0.141   0.204   0.171   0.339   0.453    12.5    12.4    10.8     9.2     9.0
94645 20160521  2.422  -67.88   46.96    26.5     9.3    17.9    17.9     0.4    20.12 C    41.1     5.2    17.5    66.3    18.7    42.3   0.133   0.191   0.163   0.317   0.438    13.2    13.3    11.6     9.9     9.7
94645 20160522  2.422  -67.88   46.96    24.8     9.8    17.3    16.4     0.3    23.57 C    40.7     6.0    18.1    80.0    27.6    55.9   0.124   0.181   0.156   0.251   0.362    14.3    14.4    12.5    10.6    10.3
94645 20160523  2.422  -67.88   46.96    25.5     6.8    16.1    17.0     0.0    29.08 C    40.1     4.3    19.4    90.1    20.6    52.9   0.117   0.172   0.149   0.224   0.311    15.2    15.2    13.2    11.2    10.9
94645 20160524  2.422  -67.88   46.96    25.4     8.7    17.0    18.6     0.0    28.88 C    41.7     6.6    22.1    91.4    24.7    61.8   0.114   0.159   0.140   0.211   0.270    16.5    16.5    14.3    12.0    11.6
94645 20160525  2.422  -67.88   46.96    26.8    13.2    20.0    18.1     7.8    23.06 C    41.1    13.6    22.3    93.1    35.6    71.9   0.119   0.154   0.129   0.205   0.260    17.4    17.5    15.3    12.8    12.3
94645 20160526  2.422  -67.88   46.96    15.9     9.1    12.5    12.2     0.6    12.53 C    24.3     8.3    15.1    93.3    60.2    79.0   0.147   0.179   0.127   0.202   0.256    15.6    15.8    14.8    13.2    12.6
94645 20160527  2.422  -67.88   46.96    13.5     6.6    10.0     9.6     7.3     3.96 C    15.0     8.0    10.9    95.4    81.8    88.9   0.190   0.204   0.153   0.235   0.252    13.2    13.4    13.4    12.8    12.4
94645 20160528  2.422  -67.88   46.96    18.5    10.7    14.6    14.1     0.0    19.29 C    30.7     9.0    16.4    96.8    48.5    74.1   0.200   0.206   0.162   0.259   0.251    14.4    14.4    13.2    12.2    11.9
94645 20160529  2.422  -67.88   46.96    12.0     9.0    10.5    10.8     3.9     5.45 C    17.1     9.6    12.4    92.5    72.1    84.4   0.191   0.200   0.157   0.252   0.251    13.6    13.7    13.3    12.5    12.1
94645 20160530  2.422  -67.88   46.96    22.1     8.0    15.1    14.2     2.4    15.74 C    27.5     8.8    15.7    95.5    68.1    85.7   0.206   0.215   0.168   0.228   0.252    14.0    14.0    13.0    12.1    11.9
94645 20160531  2.422  -67.88   46.96    24.8    12.2    18.5    17.5     0.8    17.32 C    37.0     9.9    18.1    96.2    39.5    76.9   0.198   0.208   0.165   0.239   0.252    15.9    15.9    14.4    12.7    12.2
94645 20160601  2.422  -67.88   46.96    20.6     8.0    14.3    14.0     0.0    31.40 C    33.9     6.3    17.3    83.5    27.3    57.4   0.187   0.200   0.158   0.217   0.253    16.2    16.2    14.8    13.1    12.6
94645 20160602  2.422  -67.88   46.96    20.8     7.0    13.9    14.8     0.5    19.33 C    33.7     5.8    16.6    84.4    40.2    60.2   0.169   0.185   0.151   0.208   0.252    15.7    15.8    14.9    13.5    13.0
94645 20160603  2.422  -67.88   46.96    15.2     9.3    12.2    12.3     8.7     5.52 C    18.4    10.0    13.5    95.0    67.9    90.1   0.207   0.216   0.158   0.206   0.252    14.4    14.6    14.2    13.4    13.2
94645 20160604  2.422  -67.88   46.96    22.1    11.2    16.7    16.5     0.4    17.91 C    31.2     8.4    17.8    96.6    41.9    74.7   0.208   0.216   0.168   0.208   0.252    16.0    15.9    14.5    13.2    13.1
94645 20160605  2.422  -67.88   46.96    21.3     8.1    14.7    15.9     1.8    19.35 C    28.6     6.7    17.4    95.1    43.8    71.4   0.190   0.202   0.159   0.211   0.254    16.2    16.3    15.1    13.7    13.4
94645 20160606  2.422  -67.88   46.96    18.8    11.8    15.3    14.5    17.7     8.51 C    24.2    11.4    15.4    95.1    73.9    88.7   0.275   0.310   0.374   0.354   0.420    15.6    15.7    15.0    13.9    13.7
94645 20160607  2.422  -67.88   46.96    21.7     9.8    15.7    15.2     0.0    12.68 C    29.7     8.5    15.9    96.7    54.0    85.8   0.234   0.239   0.262   0.373   0.439    15.8    15.8    14.9    13.9    13.6
94645 20160608  2.422  -67.88   46.96    15.0     8.0    11.5    11.9     4.1     6.80 C    20.3     9.1    13.2    96.2    73.3    89.1   0.221   0.227   0.195   0.349   0.440    14.8    14.9    14.6    13.9    13.7
94645 20160609  2.422  -67.88   46.96    11.2     6.9     9.0     8.6     4.6     9.89 C    17.4     7.2    10.7    93.2    80.0    87.8   0.264   0.293   0.343   0.372   0.441    13.3    13.4    13.6    13.4    13.3
94645 20160610  2.422  -67.88   46.96    15.6     6.2    10.9    10.9     0.0    13.76 C    26.0     6.2    13.0    92.8    56.4    78.3   0.229   0.234   0.229   0.371   0.441    13.5    13.5    13.2    12.9    12.9
94645 20160611  2.422  -67.88   46.96    20.3    10.2    15.2    15.1     0.0    18.53 C    30.5     9.6    17.0    92.1    44.3    70.0   0.206   0.212   0.174   0.340   0.441    15.2    15.2    14.1    13.1    12.9
94645 20160612  2.422  -67.88   46.96    13.0    10.3    11.7    11.2    22.8     2.12 C    15.0    10.6    11.9    94.3    80.6    90.8   0.271   0.304   0.335   0.349   0.438    13.7    13.9    13.8    13.4    13.3
94645 20160613  2.422  -67.88   46.96    12.0     8.0    10.0    10.0     6.7     5.48 C    15.5     8.1    11.2    93.8    84.5    90.0   0.295   0.330   0.379   0.376   0.443    12.9    13.0    13.0    12.9    12.9
94645 20160614  2.422  -67.88   46.96    15.1     7.8    11.5    10.8     0.4    14.18 C    25.2     5.2    12.2    89.3    57.9    74.7   0.267   0.287   0.334   0.377   0.444    13.0    13.1    12.7    12.6    12.5
94645 20160615  2.422  -67.88   46.96    14.8     6.6    10.7    11.0     0.0    14.32 C    21.0     4.8    12.3    87.4    52.5    68.2   0.224   0.229   0.207   0.360   0.443    13.1    13.1    12.8    12.5    12.5
94645 20160616  2.422  -67.88   46.96    19.5     5.4    12.5    13.0     0.0    28.60 C    33.5     3.8    15.9    86.7    28.7    58.2   0.203   0.209   0.171   0.320   0.426    14.7    14.7    13.6    12.6    12.6
94645 20160617  2.422  -67.88   46.96    22.6     2.5    12.5    14.1     0.0    29.63 C    36.5     2.1    16.1    94.2    18.0    49.5   0.184   0.193   0.161   0.245   0.315    15.2    15.3    14.2    13.1    13.0
94645 20160618  2.422  -67.88   46.96    27.0     3.1    15.0    17.1     0.0    30.75 C    39.1     2.7    19.3    90.6    20.3    49.6   0.163   0.178   0.152   0.215   0.241    16.3    16.4    14.9    13.6    13.4
94645 20160619  2.422  -67.88   46.96    30.3    12.3    21.3    21.9     0.0    25.34 C    40.4    10.3    23.0    68.8    35.3    52.0   0.141   0.161   0.140   0.208   0.228    17.9    18.0    16.1    14.3    14.0
94645 20160620  2.422  -67.88   46.96    29.9    14.9    22.4    21.9     0.0    28.89 C    41.6    14.1    24.8    79.1    34.0    58.5   0.122   0.144   0.125   0.204   0.222    19.6    19.7    17.4    15.1    14.8
94645 20160621  2.422  -67.88   46.96    24.1     9.9    17.0    17.4     0.3    23.95 C    40.2     8.1    20.5    88.3    32.2    61.0   0.110   0.129   0.111   0.200   0.219    19.2    19.4    17.8    15.9    15.5
94645 20160622  2.422  -67.88   46.96    22.9     6.4    14.6    15.3     0.0    22.71 C    40.9     5.3    18.8    94.0    33.6    64.0   0.101   0.119   0.099   0.195   0.215    18.3    18.5    17.4    16.0    15.7
94645 20160623  2.422  -67.88   46.96    20.5     7.4    13.9    13.8     0.7    18.28 C    34.0     5.2    16.6    92.0    34.8    69.7   0.098   0.113   0.093   0.191   0.211    17.6    17.9    17.0    15.9    15.7
94645 20160624  2.422  -67.88   46.96    20.7     5.0    12.9    13.6     0.0    30.93 C    38.3     3.1    18.0    95.3    29.2    61.4   0.095   0.108   0.087   0.185   0.205    17.6    17.7    16.7    15.7    15.5
94645 20160625  2.422  -67.88   46.96    28.3     8.7    18.5    19.6     0.0    28.69 C    43.4     7.4    23.0    86.0    31.1    56.2   0.091   0.102   0.080   0.178   0.194    18.9    19.0    17.4    15.9    15.6
94645 20160626  2.422  -67.88   46.96    30.1    11.4    20.8    22.1     0.0    28.43 C    47.0     9.5    25.5    90.6    29.1    54.7   0.089   0.097   0.074   0.171   0.182    20.5    20.6    18.5    16.4    16.1
94645 20160627  2.422  -67.88   46.96    30.0    15.8    22.9    22.7     0.0    19.90 C    49.0    13.6    25.0    71.8    40.0    56.4   0.083   0.092   0.069   0.165   0.172    20.7    21.0    19.1    17.1    16.7
94645 20160628  2.422  -67.88   46.96    26.6    16.3    21.5    19.8     4.7    14.20 C    44.5    14.8    22.3    94.8    53.8    78.4   0.083   0.089   0.066   0.160   0.163    20.3    20.5    19.1    17.4    17.1
94645 20160629  2.422  -67.88   46.96    22.5    14.4    18.5    18.3    15.5     9.25 C    28.4    13.9    19.9    95.9    74.0    90.1   0.126   0.116   0.072   0.159   0.160    19.8    19.9    18.8    17.4    17.1
94645 20160630  2.422  -67.88   46.96    23.4    12.2    17.8    17.5     0.0    21.48 C    33.5    11.6    20.2    96.3    49.8    79.4   0.188   0.172   0.105   0.159   0.160    19.9    19.9    18.8    17.4    17.1
94645 20160701  2.422  -67.88   46.96    27.0    11.0    19.0    20.5     0.0    28.36 C    38.9    10.4    22.8    95.0    35.8    62.1   0.162   0.154   0.102   0.159   0.159    20.5    20.5    19.1    17.5    17.2
94645 20160702  2.422  -67.88   46.96    20.8    11.4    16.1    16.6    10.9    13.11 C    28.7    11.2    18.1    94.8    62.0    81.3   0.186   0.179   0.124   0.194   0.221    19.6    19.8    19.2    17.8    17.6
94645 20160703  2.422  -67.88   46.96    21.2     9.1    15.1    14.9     0.0    22.31 C    31.2     9.2    16.2    89.9    31.0    61.2   0.185   0.177   0.126   0.180   0.218    18.1    18.2    18.1    17.4    17.3
94645 20160704  2.422  -67.88   46.96    25.4    11.1    18.3    18.3     2.8    27.57 C    36.6     9.7    21.3    93.8    34.2    65.5   0.163   0.159   0.116   0.167   0.171    19.2    19.2    18.2    17.1    17.0
94645 20160705  2.422  -67.88   46.96    25.8    14.6    20.2    18.2     1.1    16.42 C    35.2    14.7    20.3    95.1    52.3    80.9   0.162   0.161   0.112   0.166   0.168    19.9    19.9    18.8    17.5    17.2
94645 20160706  2.422  -67.88   46.96    21.2    11.7    16.5    16.9     0.8    15.41 C    34.2    13.1    19.5    96.0    51.5    76.2   0.158   0.157   0.111   0.167   0.168    19.8    19.9    19.0    17.7    17.5
94645 20160707  2.422  -67.88   46.96    11.7     8.9    10.3    10.2    29.0     2.42 C    13.3    11.0    12.3    95.0    86.2    93.0   0.238   0.253   0.271   0.261   0.301    16.6    16.9    17.5    17.5    17.3
94645 20160708  2.422  -67.88   46.96    16.2    10.5    13.3    13.4     0.0     9.71 C    23.1    10.1    15.7    94.9    72.9    85.9   0.240   0.241   0.299   0.370   0.450    16.6    16.7    16.5    16.5    16.5
94645 20160709  2.422  -67.88   46.96    17.7     7.2    12.4    13.3     0.4    13.43 C    24.8     6.9    15.3    95.9    64.2    82.3   0.209   0.204   0.175   0.363   0.450    16.8    16.9    16.6    16.3    16.2
94645 20160710  2.422  -67.88   46.96    14.2     9.0    11.6    12.4    11.6     6.24 C    18.3     7.9    13.9    95.4    87.1    92.8   0.269   0.283   0.338   0.361   0.451    16.4    16.5    16.4    16.2    16.2
94645 20160711  2.422  -67.88   46.96    25.3     8.9    17.1    16.9     0.0    29.00 C    34.6     8.5    19.8    95.8    35.6    70.1   0.247   0.252   0.299   0.375   0.452    18.0    17.9    16.8    16.0    15.9
94645 20160712  2.422  -67.88   46.96    28.0    10.4    19.2    19.8     0.0    28.46 C    37.9     9.7    21.4    95.6    27.4    62.2   0.205   0.198   0.169   0.346   0.451    19.6    19.6    18.2    16.7    16.6
94645 20160713  2.422  -67.88   46.96    28.7    10.8    19.7    21.0     0.0    24.20 C    38.9    10.2    22.8    93.6    42.5    67.2   0.183   0.179   0.150   0.299   0.431    20.4    20.4    18.9    17.4    17.1
94645 20160714  2.422  -67.88   46.96    30.4    18.8    24.6    23.0    26.6    22.36 C    40.8    17.5    25.2    94.6    51.9    79.7   0.201   0.215   0.211   0.265   0.356    21.7    21.8    20.1    18.1    17.8
94645 20160715  2.422  -67.88   46.96    26.3    14.3    20.3    21.6     0.0    22.57 C    32.5    14.7    22.6    95.0    54.7    76.0   0.256   0.259   0.314   0.367   0.418    21.7    21.8    20.5    18.7    18.4
94645 20160716  2.422  -67.88   46.96    22.9    12.8    17.8    17.5     0.0    24.97 C    34.0    12.7    20.7    92.4    46.8    67.1   0.208   0.200   0.174   0.344   0.418    21.2    21.2    20.3    18.9    18.6
94645 20160717  2.422  -67.88   46.96    23.6    11.2    17.4    16.8     4.8    11.17 C    31.6    11.8    18.4    96.4    65.0    84.5   0.199   0.194   0.158   0.294   0.387    20.0    20.1    19.7    18.8    18.6
94645 20160718  2.422  -67.88   46.96    24.8    13.0    18.9    19.1     5.6    12.72 C    33.3    13.2    20.2    96.6    66.5    85.6   0.214   0.210   0.181   0.276   0.356    20.1    20.1    19.4    18.5    18.3
94645 20160719  2.422  -67.88   46.96    18.8     9.5    14.1    14.5     0.0    22.47 C    28.4     9.2    16.3    86.1    43.4    63.3   0.210   0.209   0.196   0.319   0.411    19.1    19.2    19.1    18.4    18.2
94645 20160720  2.422  -67.88   46.96    23.3     9.5    16.4    16.9     0.0    28.73 C    33.5     9.2    19.1    89.1    34.4    61.9   0.187   0.189   0.156   0.296   0.388    19.1    19.1    18.6    18.0    17.9
94645 20160721  2.422  -67.88   46.96    26.8    10.8    18.8    20.1     0.0    21.03 C    36.7    10.2    21.1    94.5    40.5    67.7   0.167   0.174   0.145   0.232   0.292    19.9    20.0    19.0    18.1    17.9
94645 20160722  2.422  -67.88   46.96    27.9    17.3    22.6    21.1     7.0    14.37 C    37.5    16.8    22.0    94.4    55.0    79.3   0.171   0.177   0.140   0.212   0.242    20.7    20.8    19.7    18.4    18.2
94645 20160723  2.422  -67.88   46.96    26.0    15.7    20.9    20.7     0.6    23.42 C    38.1    14.5    22.3    95.4    56.9    75.9   0.190   0.192   0.145   0.202   0.217    21.4    21.4    20.2    18.7    18.5
94645 20160724  2.422  -67.88   46.96    26.1    12.7    19.4    19.8     0.0    27.13 C    37.6    13.0    22.1    89.4    49.1    66.9   0.173   0.179   0.140   0.195   0.220    21.6    21.7    20.5    19.1    18.7
94645 20160725  2.422  -67.88   46.96    25.4    12.5    19.0    19.8    16.3    21.35 C    37.6    12.0    22.2    94.9    49.0    75.0   0.157   0.169   0.138   0.194   0.226    21.6    21.7    20.6    19.3    18.9
94645 20160726  2.422  -67.88   46.96    25.4    16.5    20.9    19.9    15.3    15.57 C    33.8    15.9    21.3    95.0    57.3    83.9   0.281   0.297   0.372   0.367   0.418    21.5    21.5    20.7    19.5    19.1
94645 20160727  2.422  -67.88   46.96    27.3    16.1    21.7    21.0     8.6    22.46 C    35.2    14.9    23.0    96.1    49.6    77.9   0.238   0.237   0.243   0.368   0.423    22.1    22.1    21.0    19.6    19.2
94645 20160728  2.422  -67.88   46.96    23.3    15.4    19.4    19.3     0.3    14.43 C    29.5    15.3    20.8    96.2    67.3    86.4   0.248   0.254   0.298   0.376   0.423    21.7    21.8    21.0    19.9    19.4
94645 20160729  2.422  -67.88   46.96    24.9    12.8    18.8    19.3     0.0    24.72 C    37.2    12.7    21.5    96.3    48.4    71.3   0.212   0.210   0.179   0.352   0.423    21.8    21.8    20.9    19.8    19.4
94645 20160730  2.422  -67.88   46.96    23.3    11.8    17.5    17.8     0.0    23.25 C    34.6    11.1    19.4    91.3    47.1    68.7   0.190   0.192   0.158   0.300   0.405    21.1    21.2    20.7    19.8    19.4
94645 20160731  2.422  -67.88   46.96    24.1    10.2    17.2    17.5     0.0    27.15 C    35.5     9.0    19.4    92.5    36.4    63.7   0.170   0.176   0.149   0.224   0.303    20.7    20.8    20.1    19.6    19.3
94645 20160801  2.422  -67.88   46.96    25.6     9.2    17.4    17.9     0.0    22.84 C    38.9     8.5    19.9    94.2    36.1    67.6   0.151   0.162   0.140   0.205   0.250    20.6    20.8    19.9    19.4    19.1
94645 20160802  2.422  -67.88   46.96    26.0    11.5    18.7    18.5     0.0    24.86 C    38.7    10.5    20.8    93.2    38.7    70.3   0.136   0.150   0.129   0.197   0.234    21.0    21.2    20.0    19.4    19.2
94645 20160803  2.422  -67.88   46.96    27.7    12.7    20.2    20.3     0.0    22.25 C    38.7    11.6    22.6    94.3    40.7    71.1   0.124   0.139   0.120   0.194   0.228    21.5    21.6    20.2    19.5    19.2
94645 20160804  2.422  -67.88   46.96    23.9    14.3    19.1    19.2     2.0    13.57 C    29.2    12.7    19.6    93.8    60.7    81.3   0.118   0.133   0.113   0.192   0.223    20.9    21.1    20.1    19.7    19.4
94645 20160805  2.422  -67.88   46.96    29.7    16.0    22.8    22.1     2.8    21.42 C    39.2    14.8    23.5    94.3    47.8    73.9   0.119   0.132   0.109   0.186   0.218    21.7    21.8    20.3    19.6    19.2
94645 20160806  2.422  -67.88   46.96    26.5    15.1    20.8    20.3     5.1    19.60 C    34.0    13.9    21.3    93.9    42.2    72.4   0.151   0.152   0.104   0.184   0.215    21.6    21.7    20.9    19.9    19.5
94645 20160807  2.422  -67.88   46.96    23.2    12.0    17.6    16.9     0.9    23.50 C    35.9    11.6    19.5    94.1    48.2    76.4   0.137   0.144   0.103   0.182   0.211    20.9    21.0    20.6    19.8    19.5
94645 20160808  2.422  -67.88   46.96    20.0     7.3    13.6    14.6     0.0    23.91 C    30.9     7.1    16.7    90.1    37.9    64.3   0.124   0.136   0.101   0.180   0.207    19.7    19.9    19.9    19.5    19.3
94645 20160809  2.422  -67.88   46.96    22.5     7.0    14.7    14.9     0.0    24.06 C    32.4     6.4    17.1    89.2    32.4    63.9   0.114   0.126   0.097   0.177   0.203    19.1    19.2    19.1    19.0    18.9
94645 20160810  2.422  -67.88   46.96    27.8     8.2    18.0    19.2     0.0    20.55 C    38.4     7.8    20.9    94.0    43.7    71.0   0.108   0.119   0.093   0.175   0.197    19.8    19.9    19.2    18.8    18.7
94645 20160811  2.422  -67.88   46.96    24.5    16.2    20.3    20.2    10.1    18.44 C    32.6    16.0    21.7    95.5    47.8    76.9   0.154   0.154   0.116   0.174   0.175    21.1    21.2    20.2    19.1    19.0
94645 20160812  2.422  -67.88   46.96    18.1    11.2    14.6    14.6    10.0     7.55 C    25.2    10.0    15.9    95.8    74.0    89.3   0.187   0.185   0.137   0.183   0.195    19.3    19.5    19.6    19.2    19.1
94645 20160813  2.422  -67.88   46.96    21.7     8.3    15.0    15.5     1.4    23.73 C    31.6     7.5    18.3    96.3    38.8    71.2   0.185   0.182   0.138   0.180   0.189    19.3    19.3    19.0    18.7    18.7
94645 20160814  2.422  -67.88   46.96    16.3    13.7    15.0    15.1    23.2     4.41 C    19.3    14.4    16.6    95.3    91.4    94.1   0.282   0.314   0.389   0.350   0.398    18.5    18.7    18.7    18.6    18.6
94645 20160815  2.422  -67.88   46.96    21.0    11.1    16.0    15.8     2.7    12.56 C    26.8    10.0    17.3    95.8    59.8    88.3   0.243   0.249   0.320   0.376   0.429    18.9    19.0    18.6    18.4    18.3
94645 20160816  2.422  -67.88   46.96    25.4     9.6    17.5    18.3     4.0    16.55 C    30.8     9.7    19.5    95.5    57.6    80.6   0.216   0.212   0.187   0.364   0.431    19.1    19.2    18.6    18.3    18.2
94645 20160817  2.422  -67.88   46.96    23.7    14.8    19.2    18.2    27.8    17.20 C    31.1    13.9    19.8    95.6    57.2    83.3   0.303   0.333   0.387   0.378   0.433    20.0    20.0    19.3    18.5    18.3
94645 20160818  2.422  -67.88   46.96    25.4    12.3    18.9    19.1     0.0    21.31 C    35.5    11.0    20.2    95.6    44.4    73.1   0.231   0.225   0.249   0.372   0.433    20.3    20.3    19.6    18.7    18.5
94645 20160819  2.422  -67.88   46.96    20.2    10.9    15.5    16.0     0.0    14.45 C    29.8    10.1    16.9    95.4    56.4    75.4   0.204   0.199   0.167   0.335   0.433    19.2    19.3    19.2    18.8    18.6
94645 20160820  2.422  -67.88   46.96    22.0     9.1    15.6    16.1     0.0    16.88 C    31.2     9.3    17.9    96.8    59.9    82.2   0.192   0.189   0.155   0.296   0.409    18.9    19.0    18.7    18.5    18.3
94645 20160821  2.422  -67.88   46.96    25.4    14.0    19.7    19.1     0.0    19.46 C    34.0    13.1    20.5    90.9    53.1    74.5   0.180   0.178   0.148   0.232   0.333    19.7    19.7    19.0    18.5    18.3
94645 20160822  2.422  -67.88   46.96    17.9    11.5    14.7    15.6    19.7     5.04 C    22.2    10.9    16.6    95.1    79.6    88.5   0.258   0.281   0.310   0.311   0.375    18.9    19.1    19.0    18.6    18.4
94645 20160823  2.422  -67.88   46.96    23.3     9.4    16.3    16.9     0.0    18.07 C    31.1     9.1    17.7    91.0    41.1    66.6   0.236   0.241   0.282   0.370   0.426    18.3    18.4    18.2    18.2    18.0
94645 20160824  2.422  -67.88   46.96    26.1    14.0    20.1    20.1     0.7    17.48 C    32.3    13.5    20.5    95.3    58.8    78.7   0.210   0.207   0.177   0.339   0.427    19.4    19.4    18.7    18.2    18.0
94645 20160825  2.422  -67.88   46.96    27.1    17.2    22.1    21.6     0.0    10.09 C    31.8    15.9    21.2    93.8    54.9    76.9   0.196   0.194   0.160   0.313   0.419    19.9    20.0    19.2    18.5    18.2
94645 20160826  2.422  -67.88   46.96    28.7    16.9    22.8    22.0     0.0    14.76 C    35.2    14.9    22.3    95.4    52.3    76.8   0.186   0.185   0.152   0.246   0.355    20.9    20.9    19.8    18.8    18.5
94645 20160827  2.422  -67.88   46.96    23.4    10.8    17.1    17.8     0.0    22.12 C    33.5     9.4    18.8    90.6    41.2    67.1   0.172   0.174   0.146   0.218   0.286    20.1    20.2    19.7    19.0    18.8
94645 20160828  2.422  -67.88   46.96    20.8     9.7    15.2    15.7     8.9     8.15 C    29.0     9.2    17.0    93.6    64.9    84.5   0.168   0.172   0.144   0.205   0.246    18.8    19.0    18.9    18.8    18.7
94645 20160829  2.422  -67.88   46.96    21.0    11.7    16.4    17.0    13.0    16.01 C    26.6    10.2    17.8    94.7    55.0    79.5   0.257   0.273   0.329   0.350   0.395    19.0    19.1    18.8    18.5    18.4
94645 20160830  2.422  -67.88   46.96    21.7     9.7    15.7    15.6     2.9    14.54 C    31.1     8.9    16.7    95.2    54.5    82.7   0.224   0.221   0.224   0.367   0.422    18.4    18.5    18.4    18.3    18.2
94645 20160831  2.422  -67.88   46.96    24.5    12.3    18.4    17.8     2.4    13.29 C    32.2    10.9    19.1    95.3    55.7    84.1   0.215   0.214   0.185   0.346   0.422    19.0    19.0    18.5    18.2    18.0
94645 20160901  2.422  -67.88   46.96    21.6    11.9    16.7    16.3     2.3    11.69 C    28.1    10.8    17.7    94.4    52.7    83.5   0.209   0.210   0.172   0.335   0.421    19.2    19.2    18.8    18.4    18.2
94645 20160902  2.422  -67.88   46.96    18.9     8.0    13.5    13.3     0.0    11.28 C    27.2     7.5    15.0    94.5    53.3    81.0   0.200   0.202   0.165   0.305   0.404    18.1    18.3    18.3    18.2    18.1
94645 20160903  2.422  -67.88   46.96    19.5     8.5    14.0    13.9     0.0    19.55 C    30.6     7.9    16.5    89.7    43.5    69.5   0.189   0.192   0.159   0.235   0.325    17.7    17.7    17.7    17.8    17.8
94645 20160904  2.422  -67.88   46.96    23.6     9.9    16.7    16.7     0.0    19.72 C    31.1     9.4    18.1    92.8    48.1    71.9   0.178   0.182   0.153   0.212   0.263    18.5    18.5    18.1    17.8    17.7
94645 20160905  2.422  -67.88   46.96    25.0     8.9    17.0    17.3     0.0    21.53 C    32.1     7.7    17.9    95.3    45.1    74.8   0.165   0.173   0.147   0.205   0.244    18.5    18.5    18.1    17.8    17.7
94645 20160906  2.422  -67.88   46.96    26.1     8.9    17.5    18.9     0.0    20.44 C    33.3     7.6    19.6    96.0    40.7    78.2   0.154   0.164   0.142   0.200   0.235    18.9    18.9    18.3    17.9    17.8
94645 20160907  2.422  -67.88   46.96    27.1    18.6    22.8    21.8     0.0    14.64 C    34.7    16.5    22.2    94.9    56.5    79.1   0.145   0.158   0.137   0.198   0.231    20.1    20.2    19.1    18.2    18.1
94645 20160908  2.422  -67.88   46.96    20.6    17.7    19.2    19.3     7.1     2.84 C    23.2    16.3    19.6    95.5    83.3    92.5   0.141   0.157   0.134   0.195   0.228    19.6    19.7    19.2    18.5    18.3
94645 20160909  2.422  -67.88   46.96    25.5    13.9    19.7    20.2     5.8    14.52 C    31.3    12.3    20.7    94.7    54.9    81.6   0.216   0.207   0.166   0.202   0.227    20.2    20.3    19.4    18.6    18.3
94645 20160910  2.422  -67.88   46.96    23.6    10.8    17.2    18.0     0.0    17.83 C    31.9     9.5    19.0    95.9    47.5    72.6   0.194   0.192   0.168   0.201   0.226    19.5    19.5    19.1    18.6    18.5
94645 20160911  2.422  -67.88   46.96    19.8     8.7    14.2    15.8    11.7     4.41 C    22.9     8.0    15.4    95.1    53.9    75.7   0.226   0.229   0.280   0.290   0.330    18.3    18.6    18.8    18.5    18.4
94645 20160912  2.422  -67.88   46.96    20.5     7.5    14.0    14.3     0.0    20.27 C    27.2     7.2    14.9    87.2    41.5    66.7   0.213   0.210   0.206   0.364   0.420    17.0    17.0    17.4    17.9    17.9
94645 20160913  2.422  -67.88   46.96    24.1    10.7    17.4    16.8     0.0    19.44 C    28.7     9.9    16.7    90.1    43.8    69.5   0.194   0.194   0.172   0.321   0.407    17.3    17.4    17.3    17.5    17.5
94645 20160914  2.422  -67.88   46.96    17.6     5.7    11.7    12.6     8.6     3.87 C    19.5     5.2    13.0    93.1    75.6    85.0   0.211   0.212   0.213   0.294   0.384    16.5    16.7    17.1    17.4    17.4
94645 20160915  2.422  -67.88   46.96    16.4     2.7     9.5     9.4     0.0    18.31 C    24.9     2.8    11.0    96.2    40.0    74.9   0.214   0.212   0.200   0.370   0.423    15.3    15.4    15.9    16.7    16.8
94645 20160916  2.422  -67.88   46.96    18.8     2.0    10.4    10.2     0.0    19.05 C    25.2     2.4    11.2    95.8    41.5    74.9   0.196   0.197   0.177   0.321   0.408    14.7    14.8    15.4    16.2    16.3
94645 20160917  2.422  -67.88   46.96    20.9     5.1    13.0    13.4     1.5    14.29 C    27.0     4.7    14.5    96.1    55.4    78.8   0.186   0.189   0.168   0.238   0.319    15.3    15.3    15.3    15.9    16.0
94645 20160918  2.422  -67.88   46.96    23.9    14.0    18.9    18.0     2.0     8.70 C    28.2    12.8    17.9    96.0    64.3    88.2   0.197   0.206   0.169   0.215   0.267    16.8    16.8    16.2    16.1    16.1
94645 20160919  2.422  -67.88   46.96    19.9    12.5    16.2    15.2     3.4     3.51 C    22.0    12.4    15.9    96.6    87.4    93.9   0.199   0.213   0.170   0.208   0.252    16.7    16.8    16.6    16.4    16.3
94645 20160920  2.422  -67.88   46.96    19.6    12.4    16.0    15.4     5.6     6.58 C    25.4    11.1    16.0    96.6    80.3    93.2   0.222   0.239   0.224   0.258   0.299    16.8    16.9    16.5    16.4    16.4
94645 20160921  2.422  -67.88   46.96    22.6    10.7    16.6    15.7     0.0    17.23 C    26.5     8.2    14.9    96.4    36.6    70.0   0.218   0.239   0.217   0.366   0.420    16.4    16.5    16.4    16.4    16.4
94645 20160922  2.422  -67.88   46.96    16.1     8.6    12.3    12.2     2.3    13.72 C    24.1     6.3    13.0    94.9    47.9    71.3   0.201   0.220   0.184   0.340   0.422    15.4    15.5    15.8    16.2    16.2
94645 20160923  2.422  -67.88   46.96    13.0     3.7     8.4     9.0     8.0     6.89 C    19.3     2.4    10.0    95.4    64.1    87.4   0.254   0.277   0.291   0.357   0.420    14.5    14.7    15.2    15.8    15.9
94645 20160924  2.422  -67.88   46.96    11.6     1.9     6.7     6.3     0.2    14.23 C    20.0     0.9     7.8    94.2    39.9    71.3   0.220   0.237   0.214   0.371   0.423    12.9    13.0    13.9    15.1    15.3
94645 20160925  2.422  -67.88   46.96    11.7     1.2     6.4     6.6     0.0    15.71 C    20.3     0.6     8.1    93.9    46.6    73.6   0.202   0.220   0.184   0.335   0.423    12.5    12.5    13.3    14.4    14.7
94645 20160926  2.422  -67.88   46.96    14.5     1.3     7.9     7.1     0.0    17.48 C    21.0     0.2     7.8    95.4    47.6    78.9   0.192   0.212   0.176   0.255   0.350    12.1    12.1    12.8    13.9    14.2
94645 20160927  2.422  -67.88   46.96    10.4     1.6     6.0     6.4     0.7     3.35 C    13.3     1.4     7.8    95.6    82.6    89.4   0.188   0.209   0.172   0.217   0.270    11.6    11.7    12.4    13.6    13.9
94645 20160928  2.422  -67.88   46.96    13.2     3.2     8.2     7.4     0.0     9.87 C    20.1     1.5     8.6    94.2    50.5    76.4   0.185   0.206   0.170   0.208   0.247    11.9    12.0    12.4    13.3    13.5
94645 20160929  2.422  -67.88   46.96    14.2     0.3     7.3     6.6     0.0    15.24 C    20.4    -0.8     6.7    96.2    45.3    79.3   0.180   0.201   0.167   0.204   0.237    11.3    11.4    12.1    13.1    13.4
94645 20160930  2.422  -67.88   46.96    17.3    -1.8     7.8     6.9     0.2    16.72 C    22.6    -2.4     7.2    96.4    40.4    78.3   0.174   0.196   0.165   0.201   0.232    10.9    11.0    11.6    12.7    13.0
94645 20161001  2.422  -67.88   46.96    17.6     2.4    10.0     9.3     0.0     9.76 C    21.7     1.8     9.9    95.7    50.1    83.8   0.169   0.192   0.161   0.198   0.229    11.5    11.6    11.8    12.6    12.9
94645 20161002  2.422  -67.88   46.96    18.2     7.0    12.6    11.5     0.0    13.17 C    23.8     7.0    12.4    95.5    38.5    75.8   0.165   0.189   0.158   0.197   0.228    12.6    12.6    12.4    12.7    12.9
94645 20161003  2.422  -67.88   46.96    13.3    -0.7     6.3     8.5     0.0    16.25 C    20.2    -2.0     9.0    93.4    38.3    71.3   0.159   0.182   0.156   0.197   0.226    12.4    12.5    12.7    13.0    13.1
94645 20161004  2.422  -67.88   46.96    16.0    -2.8     6.6     6.2     0.0    15.92 C    21.2    -3.4     6.4    95.8    51.9    79.6   0.152   0.176   0.153   0.195   0.224    10.7    10.8    11.6    12.6    12.9
94645 20161005  2.422  -67.88   46.96    19.1     1.0    10.0     8.6     0.0    14.50 C    23.4    -0.2     8.6    97.1    46.5    83.8   0.148   0.172   0.149   0.193   0.222    11.1    11.2    11.5    12.3    12.5
94645 20161006  2.422  -67.88   46.96    20.3     0.5    10.4    10.3     0.0    14.43 C    23.7     0.3     9.9    97.2    46.9    80.4   0.144   0.168   0.146   0.193   0.221    11.3    11.4    11.6    12.2    12.5
94645 20161007  2.422  -67.88   46.96    23.2     3.7    13.5    12.6     0.0    13.74 C    25.9     2.0    11.0    96.8    34.8    77.0   0.140   0.164   0.142   0.191   0.221    12.0    12.0    11.9    12.3    12.5
94645 20161008  2.422  -67.88   46.96    21.4     8.9    15.1    14.7     0.0    10.54 C    25.7     3.9    13.2    92.2    47.3    68.5   0.137   0.160   0.139   0.191   0.219    12.4    12.5    12.2    12.5    12.6
94645 20161009  2.422  -67.88   46.96    12.6     4.9     8.7     9.0     4.3     8.65 C    18.0     5.1     9.9    96.1    48.7    73.7   0.156   0.168   0.139   0.190   0.199    12.3    12.5    12.5    12.7    12.7
94645 20161010  2.422  -67.88   46.96     9.8     0.0     4.9     5.3     0.0     7.59 C    15.2    -1.9     5.6    84.5    47.8    70.7   0.153   0.169   0.139   0.188   0.196    10.7    10.9    11.6    12.4    12.6
94645 20161011  2.422  -67.88   46.96    16.6    -1.2     7.7     6.4     0.0    13.89 C    19.1    -2.1     5.6    93.2    31.1    67.5   0.148   0.166   0.138   0.188   0.193     9.6     9.7    10.5    11.8    12.0
94645 20161012  2.422  -67.88   46.96    17.1     0.0     8.5     9.3     0.0    10.07 C    20.5    -0.5     8.4    93.4    43.3    65.1   0.143   0.165   0.138   0.186   0.193     9.9    10.0    10.4    11.4    11.6
94645 20161013  2.422  -67.88   46.96    17.1     5.9    11.5    11.6     0.5     7.05 C    21.4     4.7    10.8    92.9    52.3    75.8   0.140   0.163   0.136   0.186   0.194    10.7    10.8    10.8    11.4    11.5
94645 20161014  2.422  -67.88   46.96     7.7    -1.0     3.4     4.0     0.0    12.66 C    13.8    -1.9     4.5    86.6    35.8    62.0   0.138   0.160   0.136   0.185   0.193     9.9    10.0    10.7    11.4    11.6
94645 20161015  2.422  -67.88   46.96     9.5    -4.2     2.7     3.5     0.0    11.77 C    15.7    -5.2     4.2    92.5    36.9    64.2   0.134   0.157   0.133   0.184   0.192     8.4     8.6     9.5    10.9    11.1
94645 20161016  2.422  -67.88   46.96    12.8     1.6     7.2     7.8    16.7     4.18 C    16.5    -0.3     7.7    95.5    57.4    79.1   0.163   0.185   0.161   0.204   0.220     9.0     9.0     9.4    10.5    10.7
94645 20161017  2.422  -67.88   46.96    11.3     2.8     7.0     8.0     0.0     9.06 C    19.3     0.8     7.9    96.8    52.5    76.1   0.214   0.234   0.226   0.318   0.406    10.0    10.1    10.1    10.6    10.7
94645 20161018  2.422  -67.88   46.96    13.3    -1.6     5.8     6.2     5.7     4.38 C    12.2    -2.0     6.3    96.1    64.7    86.7   0.214   0.234   0.221   0.323   0.437     8.8     8.9     9.5    10.5    10.7
94645 20161019  2.422  -67.88   46.96    15.6     2.4     9.0    10.9     0.0     8.73 C    19.0    -0.1     9.6    95.7    49.4    75.2   0.227   0.262   0.252   0.372   0.439    10.3    10.3    10.1    10.4    10.6
94645 20161020  2.422  -67.88   46.96    13.2    -1.1     6.0     6.5     0.9     7.11 C    17.5    -1.6     6.7    95.9    52.3    80.3   0.210   0.228   0.209   0.375   0.440     9.1     9.2     9.7    10.5    10.6
94645 20161021  2.422  -67.88   46.96    14.5     7.0    10.7     9.8     4.1     0.72 C    13.3     7.0     9.8    97.0    78.4    92.3   0.213   0.233   0.216   0.368   0.431     9.7     9.8     9.8    10.3    10.5
94645 20161022  2.422  -67.88   46.96    15.7    11.5    13.6    13.7    33.6     2.81 C    17.2    10.9    13.5    95.8    81.9    93.6   0.314   0.331   0.410   0.376   0.430    11.7    11.7    10.9    10.7    10.8
94645 20161023  2.422  -67.88   46.96    12.4     2.3     7.3     4.8     3.0     2.71 C    11.4     1.4     5.6    93.9    67.5    83.2   0.305   0.309   0.321   0.377   0.439    10.0    10.2    10.8    11.1    11.1
94645 20161024  2.422  -67.88   46.96     5.1     0.4     2.8     2.5     0.2     6.21 C    10.1    -0.3     2.8    91.5    52.9    69.1   0.254   0.270   0.276   0.379   0.441     7.6     7.8     9.0    10.3    10.5
94645 20161025  2.422  -67.88   46.96     3.9     0.1     2.0     1.7     5.8     4.33 C     9.2     0.0     3.1    95.5    83.6    92.3   0.264   0.282   0.274   0.381   0.442     7.1     7.2     8.2     9.5     9.8
94645 20161026  2.422  -67.88   46.96     3.9    -0.2     1.9     1.5     0.4     4.48 C     8.9    -0.3     2.9    94.0    69.1    85.1   0.265   0.282   0.289   0.383   0.443     6.8     6.9     7.7     9.1     9.3
94645 20161027  2.422  -67.88   46.96     3.7    -2.2     0.8     0.0     0.2     6.92 C    13.8    -3.2     1.1    93.4    56.3    79.1   0.230   0.245   0.234   0.374   0.444     6.2     6.3     7.3     8.7     8.9
94645 20161028  2.422  -67.88   46.96     4.8    -1.8     1.5     1.1     0.0     7.10 C     9.3    -3.4     1.5    91.8    53.3    71.7   0.215   0.231   0.209   0.348   0.443     5.6     5.7     6.7     8.2     8.5
94645 20161029  2.422  -67.88   46.96     6.0    -1.9     2.1     2.7     6.4     3.45 C    10.7    -3.6     4.0    96.0    76.9    89.4   0.219   0.234   0.206   0.338   0.443     5.9     6.0     6.5     7.8     8.1
94645 20161030  2.422  -67.88   46.96     5.8     3.2     4.5     4.2     0.3     3.15 C     9.2     3.1     5.2    96.3    81.4    88.5   0.263   0.286   0.283   0.378   0.443     6.8     6.9     7.1     7.9     8.1
94645 20161031  2.422  -67.88   46.96     4.3    -0.1     2.1     2.3     0.0     3.97 C     8.3    -1.4     3.5    85.8    65.9    76.1   0.231   0.247   0.237   0.380   0.443     6.5     6.6     7.1     8.0     8.2
94645 20161101  2.422  -67.88   46.96     5.4    -3.6     0.9     2.0     0.3     3.79 C     9.1    -4.7     3.1    92.3    70.4    82.1   0.214   0.231   0.206   0.356   0.443     5.9     6.0     6.6     7.7     8.0
94645 20161102  2.422  -67.88   46.96     7.8     3.0     5.4     5.6     1.5     1.43 C     9.2     3.5     6.1    96.4    88.8    93.6   0.218   0.234   0.207   0.342   0.443     6.7     6.7     6.9     7.7     7.9
94645 20161103  2.422  -67.88   46.96     8.5     3.6     6.1     6.5     6.8     1.45 C    11.8     4.1     6.9    95.8    75.0    90.9   0.228   0.246   0.219   0.344   0.443     7.5     7.5     7.4     7.9     8.0
94645 20161104  2.422  -67.88   46.96     3.6    -3.0     0.3     1.5     0.5     3.04 C     8.3    -3.2     2.5    93.6    58.7    75.4   0.270   0.291   0.306   0.380   0.443     6.5     6.6     7.2     8.0     8.2
94645 20161105  2.422  -67.88   46.96     1.3    -5.4    -2.1    -1.0     0.4     1.73 C     3.5    -5.4    -0.3    96.2    73.4    86.5   0.232   0.248   0.241   0.381   0.444     4.7     4.8     6.0     7.4     7.7
94645 20161106  2.422  -67.88   46.96     4.9    -3.2     0.8     0.6     0.0     6.07 C    11.2    -4.4     1.2    96.3    55.7    83.6   0.218   0.235   0.212   0.356   0.444     4.8     4.9     5.6     6.9     7.2
94645 20161107  2.422  -67.88   46.96     6.3    -6.4     0.0    -0.5     0.0     9.24 C     8.7    -7.0    -1.1    93.7    46.8    77.3   0.207   0.224   0.194   0.341   0.445     3.9     4.0     5.1     6.6     6.8
94645 20161108  2.422  -67.88   46.96    13.4    -4.3     4.5     3.1     0.4     9.04 C    13.6    -4.7     1.3    95.0    52.6    80.9   0.202   0.219   0.189   0.334   0.442     3.9     4.0     4.7     6.1     6.4
94645 20161109  2.422  -67.88   46.96     6.5    -1.2     2.7     2.8     0.0     1.18 C     7.4    -2.9     1.6    96.6    68.0    85.4   0.200   0.217   0.185   0.305   0.416     4.0     4.1     4.7     6.0     6.2
94645 20161110  2.422  -67.88   46.96     5.3    -3.3     1.0     1.3     0.0     3.65 C     6.4    -5.1     1.1    87.8    48.2    66.0   0.198   0.215   0.183   0.251   0.360     3.9     3.9     4.6     5.9     6.1
94645 20161111  2.422  -67.88   46.96     5.9    -2.6     1.6     2.6     4.3     2.20 C     5.6    -3.4     2.5    94.6    53.7    74.6   0.217   0.232   0.201   0.249   0.312     4.4     4.5     4.9     5.8     6.0
94645 20161112  2.422  -67.88   46.96     3.4    -5.9    -1.3    -0.3     0.0     7.44 C     4.9    -6.1    -0.7    77.9    46.1    57.6   0.213   0.228   0.198   0.317   0.390     3.0     3.1     4.2     5.6     5.9
94645 20161113  2.422  -67.88   46.96    10.5     0.2     5.3     4.1     0.0     7.91 C    13.1    -3.1     1.8    89.4    44.6    67.4   0.206   0.223   0.191   0.317   0.390     3.6     3.5     4.1     5.2     5.5
94645 20161114  2.422  -67.88   46.96     9.8     0.2     5.0     4.1     0.0     3.77 C    12.6    -3.5     2.1    92.4    57.1    79.5   0.201   0.219   0.186   0.282   0.359     3.7     3.7     4.2     5.2     5.5
94645 20161115  2.422  -67.88   46.96     7.4    -1.5     3.0     3.6     0.0     3.03 C     9.1    -3.0     2.6    95.8    71.2    87.2   0.198   0.216   0.183   0.235   0.291     4.0     4.1     4.4     5.3     5.5
94645 20161116  2.422  -67.88   46.96    10.4     5.3     7.8     8.2    18.0     0.49 C     9.3     4.2     7.3    96.2    80.0    92.6   0.284   0.305   0.347   0.324   0.363     5.5     5.4     5.1     5.5     5.7
94645 20161117  2.422  -67.88   46.96     9.8     5.4     7.6     7.5     1.2     2.72 C    11.5     5.1     7.6    96.4    81.4    89.9   0.294   0.305   0.330   0.372   0.411     6.9     6.9     6.3     6.1     6.2
94645 20161118  2.422  -67.88   46.96     6.8    -0.4     3.2     3.2     0.2     3.31 C    10.0    -1.8     3.8    97.3    74.9    90.6   0.250   0.273   0.280   0.374   0.413     6.2     6.2     6.3     6.5     6.6
94645 20161119  2.422  -67.88   46.96     9.9    -1.7     4.1     2.6     0.4     6.18 C    10.8    -0.4     3.8    97.8    68.2    91.5   0.228   0.247   0.234   0.374   0.414     5.4     5.4     5.7     6.4     6.5
94645 20161120  2.422  -67.88   46.96     8.8     3.4     6.1     5.7     3.1     2.13 C    10.8     1.7     6.2    96.3    83.4    93.0   0.236   0.264   0.256   0.364   0.414     6.1     6.1     6.0     6.3     6.4
94645 20161121  2.422  -67.88   46.96     4.2    -1.3     1.5     1.9     4.6     2.87 C     8.3    -1.0     2.5    94.5    75.0    88.1   0.273   0.292   0.286   0.377   0.414     5.5     5.6     6.0     6.4     6.5
94645 20161122  2.422  -67.88   46.96     0.9    -2.2    -0.7    -0.7     9.6     2.16 C     0.0    -2.4    -1.0    94.6    89.2    92.6   0.286   0.296   0.290   0.379   0.415     4.3     4.3     5.2     6.1     6.3
94645 20161123  2.422  -67.88   46.96     0.8    -3.6    -1.4    -0.9     1.0     3.77 C     0.1   -10.7    -2.9    92.6    78.8    87.7   0.295   0.302   0.290   0.381   0.418     3.7     3.7     4.5     5.7     5.9
94645 20161124  2.422  -67.88   46.96    -2.1    -3.6    -2.8    -2.8     0.0     2.30 C    -1.7    -8.4    -3.3    93.8    74.1    83.8   0.264   0.289   0.283   0.382   0.418     3.3     3.4     4.2     5.3     5.5
94645 20161125  2.422  -67.88   46.96    -1.0    -2.8    -1.9    -1.8     6.3     1.14 C    -0.8    -2.8    -1.8    95.5    88.4    92.9   0.239   0.259   0.248   0.382   0.418     3.3     3.3     4.0     5.0     5.3
94645 20161126  2.422  -67.88   46.96     0.3    -1.0    -0.3    -0.1    18.0     0.45 C     0.0    -1.1    -0.3    96.6    95.3    96.0   0.245   0.275   0.267   0.382   0.418     3.1     3.2     3.8     4.8     5.1
94645 20161127  2.422  -67.88   46.96     0.2    -3.4    -1.6    -0.7     2.5     2.56 C    -0.1    -8.3    -2.6    96.4    86.4    91.7   0.262   0.296   0.288   0.383   0.418     2.9     2.9     3.5     4.6     4.9
94645 20161128  2.422  -67.88   46.96     1.3    -4.5    -1.6    -1.3     0.0     6.92 C     0.1   -13.2    -5.4    92.8    70.0    83.5   0.282   0.297   0.292   0.383   0.419     2.7     2.8     3.4     4.4     4.7
94645 20161129  2.422  -67.88   46.96    -1.5    -8.8    -5.1    -4.0    10.3     2.37 C    -1.8   -18.0    -7.2    94.2    88.0    92.3   0.251   0.277   0.274   0.385   0.420     2.7     2.7     3.3     4.3     4.5
94645 20161130  2.422  -67.88   46.96     1.3    -1.5    -0.1    -0.4     8.6     3.88 C     0.0    -7.2    -2.1    94.3    86.3    91.9   0.248   0.271   0.274   0.385   0.420     2.5     2.6     3.2     4.2     4.4
94645 20161201  2.422  -67.88   46.96     0.0    -1.2    -0.6    -0.6    27.4     0.66 C    -0.7    -4.7    -1.3    95.3    86.7    93.4   0.257   0.292   0.285   0.385   0.419     2.3     2.4     3.0     4.0     4.2
94645 20161202  2.422  -67.88   46.96     0.3    -2.3    -1.0    -1.3     1.5     3.34 C    -0.1   -10.4    -3.8    96.5    80.1    93.3   0.276   0.299   0.290   0.385   0.419     2.2     2.2     2.8     3.9     4.1
94645 20161203  2.422  -67.88   46.96    -0.6    -4.6    -2.6    -2.5     1.4     3.31 C    -1.3   -12.2    -4.7    94.7    85.0    89.0   0.277   0.299   0.291   0.386   0.420     2.0     2.1     2.7     3.7     4.0
94645 20161204  2.422  -67.88   46.96    -3.6   -13.1    -8.3    -6.6     1.0     3.11 C    -4.5   -23.8   -11.0    91.5    73.4    83.6   0.261   0.297   0.289   0.386   0.420     2.0     2.0     2.6     3.6     3.8
94645 20161205  2.422  -67.88   46.96    -9.1   -17.4   -13.3   -11.5     0.6     2.81 C    -9.9   -25.6   -15.4    89.1    84.0    87.5   0.254   0.286   0.286   0.386   0.420     1.9     2.0     2.5     3.5     3.7
94645 20161206  2.422  -67.88   46.96    -5.1   -15.6   -10.3    -9.6     0.8     2.94 C    -4.8   -24.2   -14.6    91.9    75.0    86.5   0.245   0.263   0.251   0.386   0.420     1.9     1.9     2.4     3.4     3.6
94645 20161207  2.422  -67.88   46.96    -5.7   -15.2   -10.4    -8.2     0.2     2.04 C    -5.7   -24.0    -8.9    91.9    85.1    89.7   0.238   0.258   0.240   0.386   0.420     1.8     1.9     2.4     3.3     3.5
94645 20161208  2.422  -67.88   46.96    -0.6    -9.7    -5.2    -4.1     0.4     2.11 C    -2.1   -15.1    -7.5    93.8    79.1    89.5   0.234   0.255   0.235   0.381   0.420     1.7     1.8     2.3     3.2     3.5
94645 20161209  2.422  -67.88   46.96    -4.6   -13.9    -9.3    -7.3     0.0     3.46 C    -5.5   -18.7   -10.1    88.2    66.9    77.8   0.234   0.254   0.233   0.376   0.420     1.7     1.7     2.3     3.2     3.4
94645 20161210  2.422  -67.88   46.96   -13.0   -17.3   -15.2   -14.4     0.8     3.75 C   -13.9   -25.8   -17.8    80.5    64.3    74.1   0.229   0.249   0.216   0.359   0.420     1.7     1.7     2.2     3.1     3.3
94645 20161211  2.422  -67.88   46.96    -9.5   -20.6   -15.1   -15.8     0.6     5.18 C   -10.3   -30.1   -23.2    89.1    67.5    80.9   0.221   0.240   0.202   0.350   0.420     1.7     1.7     2.2     3.1     3.2
94645 20161212  2.422  -67.88   46.96    -9.6   -20.4   -15.0   -13.2    12.3     1.58 C    -9.7   -24.8   -13.8    88.5    80.6    84.5   0.213   0.233   0.194   0.343   0.420     1.6     1.7     2.1     3.0     3.2
94645 20161213  2.422  -67.88   46.96    -7.2   -16.8   -12.0   -12.0     0.6     5.05 C   -10.5   -26.4   -18.8    88.4    65.0    82.4   0.209   0.230   0.191   0.331   0.419     1.6     1.6     2.1     2.9     3.1
94645 20161214  2.422  -67.88   46.96    -2.9   -16.9    -9.9    -8.6     0.5     4.52 C    -2.6   -26.7   -13.3    91.8    62.4    82.0   0.212   0.232   0.193   0.308   0.404     1.5     1.6     2.0     2.9     3.1
94645 20161215  2.422  -67.88   46.96    -9.4   -20.6   -15.0   -14.7     0.4     3.51 C   -10.4   -27.3   -19.1    87.4    53.3    77.7   0.217   0.236   0.195   0.324   0.401     1.5     1.5     2.0     2.8     3.0
94645 20161216  2.422  -67.88   46.96   -18.3   -26.6   -22.4   -21.9     0.3     5.92 C   -20.4   -34.9   -26.1    76.4    54.0    63.4   0.216   0.235   0.195   0.317   0.387     1.5     1.5     1.9     2.7     3.0
94645 20161217  2.422  -67.88   46.96   -10.4   -26.5   -18.5   -18.1     6.6     1.86 C   -10.4   -33.5   -19.6    89.3    66.0    78.5   0.211   0.230   0.192   0.285   0.359     1.4     1.5     1.9     2.7     2.9
94645 20161218  2.422  -67.88   46.96    -1.2   -11.6    -6.4    -7.2     5.9     0.23 C    -0.1   -15.9    -7.0    94.8    75.1    87.4   0.207   0.227   0.190   0.260   0.334     1.4     1.4     1.8     2.6     2.9
94645 20161219  2.422  -67.88   46.96   -11.3   -27.8   -19.5   -20.1     0.9     7.68 C   -13.9   -35.9   -28.2    82.6    62.6    72.9   0.207   0.226   0.190   0.231   0.269     1.3     1.4     1.8     2.6     2.8
94645 20161220  2.422  -67.88   46.96    -7.8   -28.4   -18.1   -15.9     0.3     5.05 C   -10.3   -35.8   -20.3    83.1    69.2    75.7   0.209   0.229   0.189   0.227   0.266     1.3     1.4     1.8     2.5     2.7
94645 20161221  2.422  -67.88   46.96    -2.0   -10.5    -6.2    -6.0     0.0     2.79 C    -3.7   -18.7   -10.3    92.9    71.7    80.3   0.209   0.228   0.189   0.228   0.277     1.3     1.3     1.8     2.5     2.7
94645 20161222  2.422  -67.88   46.96    -2.2    -8.8    -5.5    -5.2     0.4     2.24 C    -3.2   -17.5    -8.4    94.8    85.3    90.4   0.211   0.230   0.190   0.226   0.262     1.3     1.3     1.7     2.5     2.6
94645 20161223  2.422  -67.88   46.96    -0.1    -7.4    -3.7    -2.7     0.9     4.17 C    -1.7   -14.3    -5.2    94.0    73.2    85.0   0.215   0.233   0.193   0.226   0.263     1.2     1.3     1.7     2.4     2.6
94645 20161224  2.422  -67.88   46.96     0.4    -1.5    -0.5    -0.6     1.8     1.62 C    -1.4    -5.0    -2.4    94.8    67.5    81.5   0.220   0.237   0.200   0.247   0.310     1.2     1.2     1.7     2.4     2.6
94645 20161225  2.422  -67.88   46.96     0.5   -14.1    -6.8    -6.9     0.3     5.91 C    -1.5   -20.8   -11.2    81.4    48.1    64.0   0.223   0.242   0.209   0.305   0.400     1.2     1.2     1.6     2.4     2.5
94645 20161226  2.422  -67.88   46.96    -6.6   -20.8   -13.7   -14.6     9.9     3.04 C    -7.3   -28.0   -17.6    87.6    65.7    75.8   0.222   0.241   0.215   0.324   0.416     1.1     1.2     1.6     2.3     2.5
94645 20161227  2.422  -67.88   46.96     4.2    -6.6    -1.2     0.8    11.3     4.90 C     0.5    -7.3    -1.2    95.9    58.8    79.0   0.218   0.238   0.211   0.332   0.442     1.1     1.2     1.6     2.3     2.4
94645 20161228  2.422  -67.88   46.96    -0.3   -10.2    -5.2    -6.2     1.1     3.60 C    -2.5   -13.4    -7.9    87.5    61.3    72.7   0.222   0.239   0.213   0.333   0.446     1.1     1.1     1.6     2.3     2.4
94645 20161229  2.422  -67.88   46.96    -2.9   -12.1    -7.5    -6.3     4.9     1.67 C    -3.7   -17.7    -7.8    90.9    74.4    86.1   0.224   0.242   0.240   0.343   0.447     1.1     1.1     1.5     2.2     2.4
94645 20161230  2.422  -67.88   46.96    -1.1    -9.0    -5.1    -3.6    18.1     2.22 C    -1.8   -12.2    -4.9    93.5    71.1    83.0   0.225   0.244   0.286   0.377   0.448     1.1     1.1     1.5     2.1     2.3
94645 20161231  2.422  -67.88   46.96    -9.0   -17.0   -13.0   -13.0     2.0     5.46 C   -11.4   -25.8   -16.9    86.0    58.8    73.8   0.224   0.243   0.242   0.379   0.449     1.0     1.1     1.4     2.1     2.3
