26562 20160101  2.424 -154.32   60.20     6.7     2.0     4.3     4.5     1.1     0.30 C     0.3    -2.4    -0.4    90.6    43.7    63.0 -99.000 -99.000 -99.000 -99.000 -99.000 -9999.0 -9999.0 -9999.0 -9999.0 -9999.0
26562 20160102  2.424 -154.32   60.20     5.9     1.0     3.5     3.6     6.5     0.05 C     0.3    -1.6    -0.1    94.7    42.8    73.4 -99.000 -99.000 -99.000 -99.000 -99.000 -9999.0 -9999.0 -9999.0 -9999.0 -9999.0
26562 20160103  2.424 -154.32   60.20     6.4     0.7     3.5     4.6     0.0     0.10 C     0.2    -2.2    -0.8    75.6    39.7    52.0 -99.000 -99.000 -99.000 -99.000 -99.000 -9999.0 -9999.0 -9999.0 -9999.0 -9999.0
26562 20160104  2.424 -154.32   60.20     5.3     2.3     3.8     3.3    10.7     0.03 C     0.7    -0.1     0.2    93.1    59.0    79.4 -99.000 -99.000 -99.000 -99.000 -99.000 -9999.0 -9999.0 -9999.0 -9999.0 -9999.0
26562 20160105  2.424 -154.32   60.20     5.6    -0.5     2.6     3.1     5.4     0.31 C     0.5    -2.3    -0.7    95.8    44.2    70.7 -99.000 -99.000 -99.000 -99.000 -99.000 -9999.0 -9999.0 -9999.0 -9999.0 -9999.0
26562 20160106  2.424 -154.32   60.20     1.3    -8.3    -3.5    -1.5     0.2     0.36 C    -0.3    -8.8    -3.0    97.2    72.3    88.7 -99.000 -99.000 -99.000 -99.000 -99.000 -9999.0 -9999.0 -9999.0 -9999.0 -9999.0
26562 20160107  2.424 -154.32   60.20     5.8    -8.7    -1.4     2.0     0.0     0.33 C     0.3    -9.0    -2.8    91.9    41.5    57.1 -99.000 -99.000 -99.000 -99.000 -99.000 -9999.0 -9999.0 -9999.0 -9999.0 -9999.0
26562 20160108  2.424 -154.32   60.20     8.2     4.9     6.5     6.5     0.0     0.71 C     1.3    -0.1     0.3    55.3    40.5    46.0 -99.000 -99.000 -99.000 -99.000 -99.000 -9999.0 -9999.0 -9999.0 -9999.0 -9999.0
26562 20160109  2.424 -154.32   60.20     7.8    -0.1     3.9     5.2     0.3     0.18 C     1.0    -1.5     0.2    82.1    41.5    58.1 -99.000 -99.000 -99.000 -99.000 -99.000 -9999.0 -9999.0 -9999.0 -9999.0 -9999.0
26562 20160110  2.424 -154.32   60.20     6.2     3.2     4.7     4.4     0.0     0.30 C     0.8    -0.7     0.3    76.4    47.8    62.1 -99.000 -99.000 -99.000 -99.000 -99.000 -9999.0 -9999.0 -9999.0 -9999.0 -9999.0
26562 20160111  2.424 -154.32   60.20     7.9     0.2     4.1     4.9     2.2     0.67 C     2.4    -0.4     0.8    96.0    51.6    66.4 -99.000 -99.000 -99.000 -99.000 -99.000 -9999.0 -9999.0 -9999.0 -9999.0 -9999.0
26562 20160112  2.424 -154.32   60.20     0.3    -6.7    -3.2    -3.2     0.0     0.32 C    -0.4    -7.0    -4.3    93.8    78.6    86.9 -99.000 -99.000 -99.000 -99.000 -99.000 -9999.0 -9999.0 -9999.0 -9999.0 -9999.0
26562 20160113  2.424 -154.32   60.20    -3.7   -13.2    -8.4    -8.7     0.0     0.27 C    -5.6   -12.6    -9.6    92.0    70.4    86.3 -99.000 -99.000 -99.000 -99.000 -99.000 -9999.0 -9999.0 -9999.0 -9999.0 -9999.0
26562 20160114  2.424 -154.32   60.20    -8.1   -16.2   -12.1   -12.8     0.0     0.24 C    -8.2   -14.8   -12.3    90.3    83.7    86.7 -99.000 -99.000 -99.000 -99.000 -99.000 -9999.0 -9999.0 -9999.0 -9999.0 -9999.0
26562 20160115  2.424 -154.32   60.20     1.7   -11.6    -5.0    -4.0     0.0     0.27 C    -3.6   -11.7    -7.5    87.5    53.4    68.7 -99.000 -99.000 -99.000 -99.000 -99.000 -9999.0 -9999.0 -9999.0 -9999.0 -9999.0
26562 20160116  2.424 -154.32   60.20     3.6   -14.3    -5.4    -8.7     0.0     0.61 C    -1.0   -13.1    -8.7    88.6    57.8    75.4 -99.000 -99.000 -99.000 -99.000 -99.000 -9999.0 -9999.0 -9999.0 -9999.0 -9999.0
26562 20160117  2.424 -154.32   60.20     6.1    -1.0     2.5     4.0     0.0     0.69 C     0.4    -2.8    -0.8    82.5    51.7    61.4 -99.000 -99.000 -99.000 -99.000 -99.000 -9999.0 -9999.0 -9999.0 -9999.0 -9999.0
26562 20160118  2.424 -154.32   60.20    -0.2    -8.5    -4.4    -5.8     0.0     1.17 C    -2.7    -8.8    -5.5    82.7    65.5    74.6 -99.000 -99.000 -99.000 -99.000 -99.000 -9999.0 -9999.0 -9999.0 -9999.0 -9999.0
26562 20160119  2.424 -154.32   60.20    -3.6    -9.3    -6.5    -6.5     0.0     0.71 C    -2.9    -8.3    -5.7    92.4    75.5    84.7 -99.000 -99.000 -99.000 -99.000 -99.000 -9999.0 -9999.0 -9999.0 -9999.0 -9999.0
26562 20160120  2.424 -154.32   60.20    -4.7   -11.1    -7.9    -7.7     0.0     0.83 C    -3.6   -10.0    -7.5    92.3    73.6    85.2 -99.000 -99.000 -99.000 -99.000 -99.000 -9999.0 -9999.0 -9999.0 -9999.0 -9999.0
26562 20160121  2.424 -154.32   60.20    -6.8   -14.5   -10.7    -9.7     0.0     1.47 C    -5.0   -12.9    -8.7    90.1    64.9    77.7 -99.000 -99.000 -99.000 -99.000 -99.000 -9999.0 -9999.0 -9999.0 -9999.0 -9999.0
26562 20160122  2.424 -154.32   60.20   -10.1   -16.4   -13.3   -13.1     0.0     0.71 C    -7.7   -14.1   -10.3    90.0    76.2    82.9 -99.000 -99.000 -99.000 -99.000 -99.000 -9999.0 -9999.0 -9999.0 -9999.0 -9999.0
26562 20160123  2.424 -154.32   60.20     5.3   -12.0    -3.4    -3.7     0.0     1.02 C     0.0   -10.6    -5.0    90.8    42.5    74.1 -99.000 -99.000 -99.000 -99.000 -99.000 -9999.0 -9999.0 -9999.0 -9999.0 -9999.0
26562 20160124  2.424 -154.32   60.20     7.6     3.5     5.5     5.4     0.0     1.63 C     3.2    -1.6     0.4    67.9    45.1    54.1 -99.000 -99.000 -99.000 -99.000 -99.000 -9999.0 -9999.0 -9999.0 -9999.0 -9999.0
26562 20160125  2.424 -154.32   60.20     6.9     3.4     5.2     5.2     0.0     1.44 C     2.7    -0.5     0.9    80.1    46.4    62.1 -99.000 -99.000 -99.000 -99.000 -99.000 -9999.0 -9999.0 -9999.0 -9999.0 -9999.0
26562 20160126  2.424 -154.32   60.20     5.8    -1.0     2.4     4.2     0.0     1.03 C     2.4    -1.6     0.1    83.8    47.2    61.2 -99.000 -99.000 -99.000 -99.000 -99.000 -9999.0 -9999.0 -9999.0 -9999.0 -9999.0
26562 20160127  2.424 -154.32   60.20     7.0    -0.3     3.3     4.2     0.0     1.27 C     3.6    -1.3     0.6    84.9    46.5    65.4 -99.000 -99.000 -99.000 -99.000 -99.000 -9999.0 -9999.0 -9999.0 -9999.0 -9999.0
26562 20160128  2.424 -154.32   60.20     2.0    -3.7    -0.9     0.2     6.6     0.09 C     0.2    -9.0    -0.8    97.1    80.7    93.5 -99.000 -99.000 -99.000 -99.000 -99.000 -9999.0 -9999.0 -9999.0 -9999.0 -9999.0
26562 20160129  2.424 -154.32   60.20     0.6    -9.3    -4.4    -3.5     0.3     2.10 C    -0.3   -11.8    -6.4    95.6    73.0    89.9 -99.000 -99.000 -99.000 -99.000 -99.000 -9999.0 -9999.0 -9999.0 -9999.0 -9999.0
26562 20160130  2.424 -154.32   60.20     2.8    -4.5    -0.9    -0.9     0.0     1.70 C    -2.1   -10.1    -5.7    94.8    57.9    74.8 -99.000 -99.000 -99.000 -99.000 -99.000 -9999.0 -9999.0 -9999.0 -9999.0 -9999.0
26562 20160131  2.424 -154.32   60.20     6.7    -1.8     2.5     4.2     0.0     0.82 C     0.3    -7.4    -0.6    76.9    46.0    59.2 -99.000 -99.000 -99.000 -99.000 -99.000 -9999.0 -9999.0 -9999.0 -9999.0 -9999.0
26562 20160201  2.424 -154.32   60.20     5.4    -1.4     2.0     3.2     0.0     0.87 C     0.5    -2.0    -0.3    94.1    43.2    60.4 -99.000 -99.000 -99.000 -99.000 -99.000 -9999.0 -9999.0 -9999.0 -9999.0 -9999.0
26562 20160202  2.424 -154.32   60.20     5.0    -7.0    -1.0     0.0     0.0     1.55 C     0.7    -6.9    -2.9    96.0    45.3    70.7 -99.000 -99.000 -99.000 -99.000 -99.000 -9999.0 -9999.0 -9999.0 -9999.0 -9999.0
26562 20160203  2.424 -154.32   60.20     5.5     2.6     4.1     4.0     0.0     1.75 C     1.3    -1.7    -0.2    67.9    44.2    55.9 -99.000 -99.000 -99.000 -99.000 -99.000 -9999.0 -9999.0 -9999.0 -9999.0 -9999.0
26562 20160204  2.424 -154.32   60.20     5.8     2.5     4.1     4.3     0.0     1.25 C     1.2    -0.9     0.1    79.3    49.9    62.7 -99.000 -99.000 -99.000 -99.000 -99.000 -9999.0 -9999.0 -9999.0 -9999.0 -9999.0
26562 20160205  2.424 -154.32   60.20     4.0    -3.6     0.2     1.5     4.4     0.97 C     2.3    -4.0    -0.6    95.3    59.6    84.6 -99.000 -99.000 -99.000 -99.000 -99.000 -9999.0 -9999.0 -9999.0 -9999.0 -9999.0
26562 20160206  2.424 -154.32   60.20     2.9    -5.8    -1.4    -0.9     0.0     1.61 C     1.4    -5.8    -2.4    94.1    57.7    79.3 -99.000 -99.000 -99.000 -99.000 -99.000 -9999.0 -9999.0 -9999.0 -9999.0 -9999.0
26562 20160207  2.424 -154.32   60.20     4.7    -4.8    -0.1     1.4     0.0     1.74 C    -0.4    -6.2    -3.3    83.3    42.4    58.3 -99.000 -99.000 -99.000 -99.000 -99.000 -9999.0 -9999.0 -9999.0 -9999.0 -9999.0
26562 20160208  2.424 -154.32   60.20     6.6     2.9     4.8     4.4     0.0     2.03 C     2.4    -2.0     0.0    73.1    46.5    56.7 -99.000 -99.000 -99.000 -99.000 -99.000 -9999.0 -9999.0 -9999.0 -9999.0 -9999.0
26562 20160209  2.424 -154.32   60.20     7.6     0.4     4.0     3.8     0.0     2.52 C     5.9    -2.7    -0.7    73.1    40.5    56.7 -99.000 -99.000 -99.000 -99.000 -99.000 -9999.0 -9999.0 -9999.0 -9999.0 -9999.0
26562 20160210  2.424 -154.32   60.20     8.1    -3.1     2.5     4.4     0.0     2.04 C     6.2    -3.7    -0.4    85.7    26.7    46.9 -99.000 -99.000 -99.000 -99.000 -99.000 -9999.0 -9999.0 -9999.0 -9999.0 -9999.0
26562 20160211  2.424 -154.32   60.20     9.5    -3.5     3.0     0.8     0.0     2.45 C     4.7    -3.2    -0.8    84.0    41.2    69.0 -99.000 -99.000 -99.000 -99.000 -99.000 -9999.0 -9999.0 -9999.0 -9999.0 -9999.0
26562 20160212  2.424 -154.32   60.20     4.8    -2.6     1.1     1.5     0.0     1.68 C     1.6    -3.8    -0.7    85.6    58.2    69.1 -99.000 -99.000 -99.000 -99.000 -99.000 -9999.0 -9999.0 -9999.0 -9999.0 -9999.0
26562 20160213  2.424 -154.32   60.20     6.2    -3.1     1.6     1.9     0.0     1.81 C     2.1    -3.4    -0.6    89.6    49.3    68.3 -99.000 -99.000 -99.000 -99.000 -99.000 -9999.0 -9999.0 -9999.0 -9999.0 -9999.0
26562 20160214  2.424 -154.32   60.20     7.0     0.9     4.0     4.2     0.0     2.49 C     4.6    -0.5     0.8    92.4    48.4    64.2 -99.000 -99.000 -99.000 -99.000 -99.000 -9999.0 -9999.0 -9999.0 -9999.0 -9999.0
26562 20160215  2.424 -154.32   60.20     4.2    -1.5     1.4     1.2     0.0     3.02 C     4.3    -1.8     0.4    96.4    76.8    90.0 -99.000 -99.000 -99.000 -99.000 -99.000 -9999.0 -9999.0 -9999.0 -9999.0 -9999.0
26562 20160216  2.424 -154.32   60.20     2.5    -6.4    -2.0    -1.1     0.0     2.44 C     2.2    -4.9    -1.1    96.4    64.7    86.5 -99.000 -99.000 -99.000 -99.000 -99.000 -9999.0 -9999.0 -9999.0 -9999.0 -9999.0
26562 20160217  2.424 -154.32   60.20     4.2    -5.8    -0.8     2.2     0.0     1.09 C     0.8    -4.7    -1.0    89.5    35.3    52.2 -99.000 -99.000 -99.000 -99.000 -99.000 -9999.0 -9999.0 -9999.0 -9999.0 -9999.0
26562 20160218  2.424 -154.32   60.20     3.6    -5.6    -1.0     1.0     0.0     2.87 C     3.6    -5.9    -0.6    81.0    46.5    61.5 -99.000 -99.000 -99.000 -99.000 -99.000 -9999.0 -9999.0 -9999.0 -9999.0 -9999.0
26562 20160219  2.424 -154.32   60.20     3.5   -12.1    -4.3    -3.1     0.0     3.82 C     2.9   -10.1    -3.7    90.6    40.9    67.4 -99.000 -99.000 -99.000 -99.000 -99.000 -9999.0 -9999.0 -9999.0 -9999.0 -9999.0
26562 20160220  2.424 -154.32   60.20     6.3     0.8     3.5     2.6     0.0     3.49 C     6.6    -3.8    -0.8    82.1    35.3    56.4 -99.000 -99.000 -99.000 -99.000 -99.000 -9999.0 -9999.0 -9999.0 -9999.0 -9999.0
26562 20160221  2.424 -154.32   60.20     3.3    -2.0     0.6     0.6     9.3     0.15 C     0.1    -4.5    -1.7    96.2    43.3    83.1 -99.000 -99.000 -99.000 -99.000 -99.000 -9999.0 -9999.0 -9999.0 -9999.0 -9999.0
26562 20160222  2.424 -154.32   60.20     3.0    -4.1    -0.5     0.2     5.1     2.72 C     0.5    -8.7    -1.9    96.4    82.6    93.3 -99.000 -99.000 -99.000 -99.000 -99.000 -9999.0 -9999.0 -9999.0 -9999.0 -9999.0
26562 20160223  2.424 -154.32   60.20     4.2    -3.9     0.2     2.3     0.0     2.60 C     0.2    -7.4    -1.6    94.2    51.4    68.1 -99.000 -99.000 -99.000 -99.000 -99.000 -9999.0 -9999.0 -9999.0 -9999.0 -9999.0
26562 20160224  2.424 -154.32   60.20     5.4     1.7     3.5     3.7     6.1     1.64 C     1.7    -0.4     0.2    92.3    57.3    77.5 -99.000 -99.000 -99.000 -99.000 -99.000 -9999.0 -9999.0 -9999.0 -9999.0 -9999.0
26562 20160225  2.424 -154.32   60.20     7.7    -0.9     3.4     3.8     0.9     4.09 C     4.9    -1.8     0.6    97.0    48.8    74.7 -99.000 -99.000 -99.000 -99.000 -99.000 -9999.0 -9999.0 -9999.0 -9999.0 -9999.0
26562 20160226  2.424 -154.32   60.20     9.9     1.9     5.9     5.8     0.0     4.29 C     9.6    -0.9     1.0    70.4    34.4    49.0 -99.000 -99.000 -99.000 -99.000 -99.000 -9999.0 -9999.0 -9999.0 -9999.0 -9999.0
26562 20160227  2.424 -154.32   60.20     7.9     1.6     4.7     5.2     0.0     4.12 C     6.0    -0.6     1.2    83.6    36.3    56.4 -99.000 -99.000 -99.000 -99.000 -99.000 -9999.0 -9999.0 -9999.0 -9999.0 -9999.0
26562 20160228  2.424 -154.32   60.20     8.8     0.9     4.9     4.5     0.4     4.49 C     8.0    -0.6     1.2    91.8    38.8    67.2 -99.000 -99.000 -99.000 -99.000 -99.000 -9999.0 -9999.0 -9999.0 -9999.0 -9999.0
26562 20160229  2.424 -154.32   60.20     6.3    -0.9     2.7     3.8     0.0     5.04 C     5.7    -2.4     0.4    87.8    37.5    49.3 -99.000 -99.000 -99.000 -99.000 -99.000 -9999.0 -9999.0 -9999.0 -9999.0 -9999.0
26562 20160301  2.424 -154.32   60.20     7.0    -2.2     2.4     3.2     3.4     5.80 C     9.8    -1.6     0.8    94.8    41.6    65.3 -99.000 -99.000 -99.000 -99.000 -99.000 -9999.0 -9999.0 -9999.0 -9999.0 -9999.0
26562 20160302  2.424 -154.32   60.20     6.5    -7.3    -0.4    -0.4     0.0     7.43 C    10.5    -5.6    -1.2    93.6    33.0    65.3 -99.000 -99.000 -99.000 -99.000 -99.000 -9999.0 -9999.0 -9999.0 -9999.0 -9999.0
26562 20160303  2.424 -154.32   60.20     3.3   -10.6    -3.7    -3.4     0.0     7.71 C    10.1    -8.5    -3.1    91.2    34.0    63.1 -99.000 -99.000 -99.000 -99.000 -99.000 -9999.0 -9999.0 -9999.0 -9999.0 -9999.0
26562 20160304  2.424 -154.32   60.20    -1.5   -10.2    -5.9    -4.4     1.3     6.84 C     6.9    -9.9    -4.1    89.4    46.4    62.3 -99.000 -99.000 -99.000 -99.000 -99.000 -9999.0 -9999.0 -9999.0 -9999.0 -9999.0
26562 20160305  2.424 -154.32   60.20     5.3    -8.2    -1.5    -1.6     0.0     6.98 C     9.8    -9.8    -2.5    91.0    51.4    74.3 -99.000 -99.000 -99.000 -99.000 -99.000 -9999.0 -9999.0 -9999.0 -9999.0 -9999.0
26562 20160306  2.424 -154.32   60.20     8.9    -4.1     2.4     3.1     0.0     7.80 C    13.8    -3.3     1.1    88.6    43.9    66.6 -99.000 -99.000 -99.000 -99.000 -99.000 -9999.0 -9999.0 -9999.0 -9999.0 -9999.0
26562 20160307  2.424 -154.32   60.20     3.1    -3.8    -0.3    -0.8     0.0     4.70 C     5.7    -2.9    -0.5    87.1    56.8    70.1 -99.000 -99.000 -99.000 -99.000 -99.000 -9999.0 -9999.0 -9999.0 -9999.0 -9999.0
26562 20160308  2.424 -154.32   60.20     3.9    -3.4     0.2    -0.1     1.5     4.69 C     5.3    -7.1    -0.4    95.4    65.4    86.3 -99.000 -99.000 -99.000 -99.000 -99.000 -9999.0 -9999.0 -9999.0 -9999.0 -9999.0
26562 20160309  2.424 -154.32   60.20     5.7    -4.3     0.7     0.1     0.0     6.94 C    12.1    -4.0     0.6    92.6    44.2    74.1 -99.000 -99.000 -99.000 -99.000 -99.000 -9999.0 -9999.0 -9999.0 -9999.0 -9999.0
26562 20160310  2.424 -154.32   60.20     7.4    -3.6     1.9     2.2     0.0     5.27 C     8.7    -2.9     0.1    88.0    39.8    62.5 -99.000 -99.000 -99.000 -99.000 -99.000 -9999.0 -9999.0 -9999.0 -9999.0 -9999.0
26562 20160311  2.424 -154.32   60.20     9.3    -0.2     4.5     4.5     0.0     7.48 C    14.7    -4.0     1.2    63.0    33.9    50.9 -99.000 -99.000 -99.000 -99.000 -99.000 -9999.0 -9999.0 -9999.0 -9999.0 -9999.0
26562 20160312  2.424 -154.32   60.20     8.9    -4.0     2.5     3.7     0.0     8.06 C    14.0    -3.8     1.4    83.9    39.5    59.0 -99.000 -99.000 -99.000 -99.000 -99.000 -9999.0 -9999.0 -9999.0 -9999.0 -9999.0
26562 20160313  2.424 -154.32   60.20     7.2    -7.4    -0.1    -0.8     0.0    10.32 C    14.6    -6.5    -0.4    93.0    34.8    69.4 -99.000 -99.000 -99.000 -99.000 -99.000 -9999.0 -9999.0 -9999.0 -9999.0 -9999.0
26562 20160314  2.424 -154.32   60.20     5.6    -9.3    -1.8    -2.3     0.0    10.64 C    13.9    -7.8    -1.1    93.1    43.2    72.6 -99.000 -99.000 -99.000 -99.000 -99.000 -9999.0 -9999.0 -9999.0 -9999.0 -9999.0
26562 20160315  2.424 -154.32   60.20     0.3    -8.7    -4.2    -3.8     0.0     5.11 C     3.9    -7.7    -2.3    91.6    60.5    73.0 -99.000 -99.000 -99.000 -99.000 -99.000 -9999.0 -9999.0 -9999.0 -9999.0 -9999.0
26562 20160316  2.424 -154.32   60.20    -2.3    -8.4    -5.4    -5.9     0.0     9.99 C    10.1   -10.3    -3.0    70.1    39.5    56.7 -99.000 -99.000 -99.000 -99.000 -99.000 -9999.0 -9999.0 -9999.0 -9999.0 -9999.0
26562 20160317  2.424 -154.32   60.20     3.3   -14.3    -5.5    -5.0     0.0    11.69 C    12.2   -13.9    -4.2    86.0    24.7    55.4 -99.000 -99.000 -99.000 -99.000 -99.000 -9999.0 -9999.0 -9999.0 -9999.0 -9999.0
26562 20160318  2.424 -154.32   60.20     1.7   -14.7    -6.5    -6.1     0.0    11.84 C    16.1   -13.9    -4.2    89.4    26.3    53.1 -99.000 -99.000 -99.000 -99.000 -99.000 -9999.0 -9999.0 -9999.0 -9999.0 -9999.0
26562 20160319  2.424 -154.32   60.20    -4.6   -15.7   -10.2    -9.7     0.0    10.51 C    13.9   -14.6    -6.0    81.2    42.9    59.5 -99.000 -99.000 -99.000 -99.000 -99.000 -9999.0 -9999.0 -9999.0 -9999.0 -9999.0
26562 20160320  2.424 -154.32   60.20     5.5   -12.1    -3.3    -5.8     3.9     2.94 C    -0.5   -11.4    -6.5    88.5    53.0    77.8 -99.000 -99.000 -99.000 -99.000 -99.000 -9999.0 -9999.0 -9999.0 -9999.0 -9999.0
26562 20160321  2.424 -154.32   60.20     9.1    -2.7     3.2     3.1     0.0     6.64 C     7.6    -8.2    -0.4    87.7    54.4    70.6 -99.000 -99.000 -99.000 -99.000 -99.000 -9999.0 -9999.0 -9999.0 -9999.0 -9999.0
26562 20160322  2.424 -154.32   60.20    12.1     3.5     7.8     7.7     0.0     7.98 C    13.6    -1.5     3.8    70.6    39.9    56.5 -99.000 -99.000 -99.000 -99.000 -99.000 -9999.0 -9999.0 -9999.0 -9999.0 -9999.0
26562 20160323  2.424 -154.32   60.20    13.5     0.0     6.8     7.1     0.0     8.28 C    19.0    -1.7     4.3    82.1    32.5    51.1 -99.000 -99.000 -99.000 -99.000 -99.000 -9999.0 -9999.0 -9999.0 -9999.0 -9999.0
26562 20160324  2.424 -154.32   60.20    12.5    -0.6     5.9     4.6     0.0     6.48 C    20.6    -1.9     3.3    84.8    36.6    66.2 -99.000 -99.000 -99.000 -99.000 -99.000 -9999.0 -9999.0 -9999.0 -9999.0 -9999.0
26562 20160325  2.424 -154.32   60.20     6.5    -0.8     2.9     2.6     0.0     6.94 C    13.4    -2.2     2.8    94.2    55.3    77.8 -99.000 -99.000 -99.000 -99.000 -99.000 -9999.0 -9999.0 -9999.0 -9999.0 -9999.0
26562 20160326  2.424 -154.32   60.20     6.3    -3.5     1.4     1.2     0.0    10.27 C    20.0    -3.5     2.9    94.6    52.1    81.6 -99.000 -99.000 -99.000 -99.000 -99.000 -9999.0 -9999.0 -9999.0 -9999.0 -9999.0
26562 20160327  2.424 -154.32   60.20     4.9    -4.7     0.1     1.2     1.6     3.33 C     4.4    -4.1     0.6    95.5    57.1    81.9 -99.000 -99.000 -99.000 -99.000 -99.000 -9999.0 -9999.0 -9999.0 -9999.0 -9999.0
26562 20160328  2.424 -154.32   60.20     5.5    -0.2     2.6     2.9     8.0     4.15 C     9.1    -1.5     3.0    97.0    68.5    89.2 -99.000 -99.000 -99.000 -99.000 -99.000 -9999.0 -9999.0 -9999.0 -9999.0 -9999.0
26562 20160329  2.424 -154.32   60.20     6.8    -0.1     3.4     2.9     0.4    10.23 C    18.2    -1.5     4.8    97.1    63.3    86.6 -99.000 -99.000 -99.000 -99.000 -99.000 -9999.0 -9999.0 -9999.0 -9999.0 -9999.0
26562 20160330  2.424 -154.32   60.20     7.4     1.3     4.3     5.0    26.4     1.44 C     7.1    -1.0     3.6    95.7    73.2    89.4 -99.000 -99.000 -99.000 -99.000 -99.000 -9999.0 -9999.0 -9999.0 -9999.0 -9999.0
26562 20160331  2.424 -154.32   60.20    15.9     1.4     8.6    11.0     0.0     9.34 C    21.5    -0.3     6.9    92.2    25.8    42.2 -99.000 -99.000 -99.000 -99.000 -99.000 -9999.0 -9999.0 -9999.0 -9999.0 -9999.0
26562 20160401  2.424 -154.32   60.20    11.4     2.6     7.0     7.3     0.0     7.39 C    19.8    -1.8     5.6    76.3    38.0    56.2 -99.000 -99.000 -99.000 -99.000 -99.000 -9999.0 -9999.0 -9999.0 -9999.0 -9999.0
26562 20160402  2.424 -154.32   60.20     7.6    -1.0     3.3     3.8     1.6     9.31 C    19.8    -2.2     4.5    94.9    53.4    75.2 -99.000 -99.000 -99.000 -99.000 -99.000 -9999.0 -9999.0 -9999.0 -9999.0 -9999.0
26562 20160403  2.424 -154.32   60.20     9.2    -3.1     3.0     4.7     0.0     7.87 C    12.2    -3.1     2.3    85.7    38.6    53.7 -99.000 -99.000 -99.000 -99.000 -99.000 -9999.0 -9999.0 -9999.0 -9999.0 -9999.0
26562 20160404  2.424 -154.32   60.20    11.5    -2.6     4.5     5.9     0.0    13.18 C    22.0    -2.7     4.7    79.0    22.9    43.6 -99.000 -99.000 -99.000 -99.000 -99.000 -9999.0 -9999.0 -9999.0 -9999.0 -9999.0
26562 20160405  2.424 -154.32   60.20    12.6     0.7     6.7     7.4     0.0    12.95 C    24.6    -1.2     6.8    73.9    31.1    51.1 -99.000 -99.000 -99.000 -99.000 -99.000 -9999.0 -9999.0 -9999.0 -9999.0 -9999.0
26562 20160406  2.424 -154.32   60.20     9.5    -3.6     3.0     3.8     0.0     9.48 C    15.2    -3.6     3.9    94.1    45.0    71.6 -99.000 -99.000 -99.000 -99.000 -99.000 -9999.0 -9999.0 -9999.0 -9999.0 -9999.0
26562 20160407  2.424 -154.32   60.20    10.4    -3.2     3.6     4.8     0.0    15.09 C    26.2    -3.9     6.6    89.1    35.0    67.2 -99.000 -99.000 -99.000 -99.000 -99.000 -9999.0 -9999.0 -9999.0 -9999.0 -9999.0
26562 20160408  2.424 -154.32   60.20    10.2    -6.1     2.0     3.4     0.5     9.16 C    14.7    -6.3     3.0    94.3    29.6    64.0 -99.000 -99.000 -99.000 -99.000 -99.000 -9999.0 -9999.0 -9999.0 -9999.0 -9999.0
26562 20160409  2.424 -154.32   60.20     8.8     4.8     6.8     6.6     0.4     5.78 C    10.7     2.1     5.1    75.0    49.8    63.9 -99.000 -99.000 -99.000 -99.000 -99.000 -9999.0 -9999.0 -9999.0 -9999.0 -9999.0
26562 20160410  2.424 -154.32   60.20     9.0     2.7     5.9     5.0     2.5    12.24 C    18.3    -0.5     6.0    92.3    50.0    74.9 -99.000 -99.000 -99.000 -99.000 -99.000 -9999.0 -9999.0 -9999.0 -9999.0 -9999.0
26562 20160411  2.424 -154.32   60.20    10.0    -0.2     4.9     5.2     0.0     8.44 C    16.9    -1.9     3.8    85.2    40.3    59.7 -99.000 -99.000 -99.000 -99.000 -99.000 -9999.0 -9999.0 -9999.0 -9999.0 -9999.0
26562 20160412  2.424 -154.32   60.20    12.8    -3.2     4.8     5.8     0.0    18.59 C    27.8    -3.8     7.1    89.5    27.0    52.6 -99.000 -99.000 -99.000 -99.000 -99.000 -9999.0 -9999.0 -9999.0 -9999.0 -9999.0
26562 20160413  2.424 -154.32   60.20    13.3    -4.0     4.7     4.0     0.0    17.72 C    28.8    -4.4     7.0    92.1    29.7    61.6 -99.000 -99.000 -99.000 -99.000 -99.000 -9999.0 -9999.0 -9999.0 -9999.0 -9999.0
26562 20160414  2.424 -154.32   60.20    13.7    -1.6     6.1     6.1     0.0    16.28 C    33.5    -2.5     8.2    88.4    32.3    61.5 -99.000 -99.000 -99.000 -99.000 -99.000 -9999.0 -9999.0 -9999.0 -9999.0 -9999.0
26562 20160415  2.424 -154.32   60.20    12.9    -2.1     5.4     5.6     0.0    18.30 C    36.0    -3.5     9.2    92.0    34.9    65.2 -99.000 -99.000 -99.000 -99.000 -99.000 -9999.0 -9999.0 -9999.0 -9999.0 -9999.0
26562 20160416  2.424 -154.32   60.20    12.2    -2.5     4.8     3.6     0.5    12.75 C    39.0    -4.6     6.9    95.9    49.9    81.3 -99.000 -99.000 -99.000 -99.000 -99.000 -9999.0 -9999.0 -9999.0 -9999.0 -9999.0
26562 20160417  2.424 -154.32   60.20    12.3    -6.4     2.9     2.9     0.0    13.13 C    30.3    -7.3     3.9    95.8    31.6    67.3 -99.000 -99.000 -99.000 -99.000 -99.000 -9999.0 -9999.0 -9999.0 -9999.0 -9999.0
26562 20160418  2.424 -154.32   60.20    12.2    -6.3     3.0     3.4     0.0    12.71 C    25.1    -7.4     4.7    93.8    32.0    61.3 -99.000 -99.000 -99.000 -99.000 -99.000 -9999.0 -9999.0 -9999.0 -9999.0 -9999.0
26562 20160419  2.424 -154.32   60.20    10.3     1.4     5.8     7.1     0.0    10.08 C    17.4    -2.2     6.0    70.9    39.0    49.2 -99.000 -99.000 -99.000 -99.000 -99.000 -9999.0 -9999.0 -9999.0 -9999.0 -9999.0
26562 20160420  2.424 -154.32   60.20    12.9     3.4     8.1     8.6     0.0    15.49 C    33.3     0.3    10.3    68.6    30.5    45.5 -99.000 -99.000 -99.000 -99.000 -99.000 -9999.0 -9999.0 -9999.0 -9999.0 -9999.0
26562 20160421  2.424 -154.32   60.20    14.8    -1.1     6.8     7.0     0.0    20.87 C    42.1    -3.6    13.3    90.3    25.2    54.0 -99.000 -99.000 -99.000 -99.000 -99.000 -9999.0 -9999.0 -9999.0 -9999.0 -9999.0
26562 20160422  2.424 -154.32   60.20    12.9    -0.7     6.1     6.2     0.0     9.90 C    34.0    -3.0     8.6    80.6    35.9    59.8 -99.000 -99.000 -99.000 -99.000 -99.000 -9999.0 -9999.0 -9999.0 -9999.0 -9999.0
26562 20160423  2.424 -154.32   60.20    15.0    -1.5     6.7     6.6     0.3    12.20 C    34.3    -4.3     9.7    94.8    37.8    72.2 -99.000 -99.000 -99.000 -99.000 -99.000 -9999.0 -9999.0 -9999.0 -9999.0 -9999.0
26562 20160424  2.424 -154.32   60.20    16.1     4.0    10.0     8.9     0.0    16.27 C    43.2     3.0    14.1    93.1    29.3    62.5 -99.000 -99.000 -99.000 -99.000 -99.000 -9999.0 -9999.0 -9999.0 -9999.0 -9999.0
26562 20160425  2.424 -154.32   60.20    12.7     6.5     9.6     9.2     0.0    16.98 C    33.7     1.3    11.9    61.4    38.4    46.6 -99.000 -99.000 -99.000 -99.000 -99.000 -9999.0 -9999.0 -9999.0 -9999.0 -9999.0
26562 20160426  2.424 -154.32   60.20    11.5     1.4     6.4     6.2     1.4    11.55 C    37.2    -2.2     8.6    89.0    49.9    72.0 -99.000 -99.000 -99.000 -99.000 -99.000 -9999.0 -9999.0 -9999.0 -9999.0 -9999.0
26562 20160427  2.424 -154.32   60.20    12.7    -3.4     4.6     6.5     0.0    23.48 C    36.5    -6.0    10.7    90.5    30.5    52.3 -99.000 -99.000 -99.000 -99.000 -99.000 -9999.0 -9999.0 -9999.0 -9999.0 -9999.0
26562 20160428  2.424 -154.32   60.20    12.6     2.3     7.5     7.7     0.0    14.66 C    38.5    -3.1     9.7    73.5    37.0    51.8 -99.000 -99.000 -99.000 -99.000 -99.000 -9999.0 -9999.0 -9999.0 -9999.0 -9999.0
26562 20160429  2.424 -154.32   60.20    12.5     0.6     6.6     7.7     0.0    16.11 C    35.0    -3.4    10.3    81.0    33.6    52.2 -99.000 -99.000 -99.000 -99.000 -99.000 -9999.0 -9999.0 -9999.0 -9999.0 -9999.0
26562 20160430  2.424 -154.32   60.20    12.6    -1.0     5.8     6.7     0.0    11.64 C    34.5    -3.5     8.3    83.5    33.4    54.4 -99.000 -99.000 -99.000 -99.000 -99.000 -9999.0 -9999.0 -9999.0 -9999.0 -9999.0
26562 20160501  2.424 -154.32   60.20    13.3    -2.4     5.5     5.4     0.0    13.30 C    37.4    -5.1     8.5    93.7    35.3    67.0 -99.000 -99.000 -99.000 -99.000 -99.000 -9999.0 -9999.0 -9999.0 -9999.0 -9999.0
26562 20160502  2.424 -154.32   60.20    13.8    -2.3     5.7     6.0     0.0    19.24 C    47.2    -5.1    12.6    95.4    28.9    67.1 -99.000 -99.000 -99.000 -99.000 -99.000 -9999.0 -9999.0 -9999.0 -9999.0 -9999.0
26562 20160503  2.424 -154.32   60.20    13.9    -3.4     5.2     6.0     0.0    16.96 C    43.4    -7.4    10.9    95.9    29.4    63.5 -99.000 -99.000 -99.000 -99.000 -99.000 -9999.0 -9999.0 -9999.0 -9999.0 -9999.0
26562 20160504  2.424 -154.32   60.20    14.8    -0.7     7.0     7.3     0.0    21.85 C    46.2    -4.4    13.8    92.4    27.2    55.7 -99.000 -99.000 -99.000 -99.000 -99.000 -9999.0 -9999.0 -9999.0 -9999.0 -9999.0
26562 20160505  2.424 -154.32   60.20     9.5    -3.4     3.0     5.5     0.0     9.90 C    20.9    -6.9     7.1    94.4    39.6    62.9 -99.000 -99.000 -99.000 -99.000 -99.000 -9999.0 -9999.0 -9999.0 -9999.0 -9999.0
26562 20160506  2.424 -154.32   60.20    13.5     2.1     7.8     8.5     1.3    15.68 C    48.2    -2.1    13.0    95.7    38.9    57.1 -99.000 -99.000 -99.000 -99.000 -99.000 -9999.0 -9999.0 -9999.0 -9999.0 -9999.0
26562 20160507  2.424 -154.32   60.20    12.5    -1.9     5.3     5.7     0.0    13.22 C    36.4    -5.3     8.4    96.7    48.3    77.1 -99.000 -99.000 -99.000 -99.000 -99.000 -9999.0 -9999.0 -9999.0 -9999.0 -9999.0
26562 20160508  2.424 -154.32   60.20    10.7     2.2     6.4     7.1     1.5     7.47 C    19.2    -1.0     8.7    95.8    56.6    78.7 -99.000 -99.000 -99.000 -99.000 -99.000 -9999.0 -9999.0 -9999.0 -9999.0 -9999.0
26562 20160509  2.424 -154.32   60.20    12.2     2.8     7.5     7.4     1.3    13.66 C    29.3    -1.2     9.9    96.8    45.5    72.9 -99.000 -99.000 -99.000 -99.000 -99.000 -9999.0 -9999.0 -9999.0 -9999.0 -9999.0
26562 20160510  2.424 -154.32   60.20    14.2     2.2     8.2    10.1     0.2     7.18 C    22.8    -1.8     9.2    84.7    38.9    56.2 -99.000 -99.000 -99.000 -99.000 -99.000 -9999.0 -9999.0 -9999.0 -9999.0 -9999.0
26562 20160511  2.424 -154.32   60.20    15.8     9.3    12.5    11.9     0.4     7.23 C    30.5     5.9    11.6    72.6    47.5    56.0 -99.000 -99.000 -99.000 -99.000 -99.000 -9999.0 -9999.0 -9999.0 -9999.0 -9999.0
26562 20160512  2.424 -154.32   60.20    16.7     3.0     9.8    11.0     0.0    11.81 C    39.1    -1.6    12.1    90.8    50.9    66.3 -99.000 -99.000 -99.000 -99.000 -99.000 -9999.0 -9999.0 -9999.0 -9999.0 -9999.0
26562 20160513  2.424 -154.32   60.20    23.3    -1.5    10.9    10.8     0.0    25.77 C    51.1    -5.1    18.5    97.1    18.4    59.0 -99.000 -99.000 -99.000 -99.000 -99.000 -9999.0 -9999.0 -9999.0 -9999.0 -9999.0
26562 20160514  2.424 -154.32   60.20    23.9     1.7    12.8    12.8     0.0    23.00 C    54.3    -2.7    19.3    91.5    13.6    50.7 -99.000 -99.000 -99.000 -99.000 -99.000 -9999.0 -9999.0 -9999.0 -9999.0 -9999.0
26562 20160515  2.424 -154.32   60.20    23.5     0.2    11.8    13.7     0.0    26.51 C    56.1    -3.9    21.5    85.8    13.8    40.2 -99.000 -99.000 -99.000 -99.000 -99.000 -9999.0 -9999.0 -9999.0 -9999.0 -9999.0
26562 20160516  2.424 -154.32   60.20    18.6     0.6     9.6    10.9     0.0    21.79 C    49.9    -3.4    17.6    83.7    36.1    54.2 -99.000 -99.000 -99.000 -99.000 -99.000 -9999.0 -9999.0 -9999.0 -9999.0 -9999.0
26562 20160517  2.424 -154.32   60.20    11.8     3.5     7.7     7.9     1.1     6.36 C    19.3     0.2     9.8    95.5    70.5    85.6 -99.000 -99.000 -99.000 -99.000 -99.000 -9999.0 -9999.0 -9999.0 -9999.0 -9999.0
26562 20160518  2.424 -154.32   60.20     9.1     5.9     7.5     7.2     1.4     5.13 C    13.5     5.4     8.9    96.2    76.0    87.7 -99.000 -99.000 -99.000 -99.000 -99.000 -9999.0 -9999.0 -9999.0 -9999.0 -9999.0
26562 20160519  2.424 -154.32   60.20    16.3     4.8    10.5     9.7     0.0    18.98 C    40.5     4.6    16.2    90.2    32.2    63.3 -99.000 -99.000 -99.000 -99.000 -99.000 -9999.0 -9999.0 -9999.0 -9999.0 -9999.0
26562 20160520  2.424 -154.32   60.20    14.3     5.8    10.1     9.8     1.4     4.86 C    17.0     5.6     9.8    92.9    50.2    71.2 -99.000 -99.000 -99.000 -99.000 -99.000 -9999.0 -9999.0 -9999.0 -9999.0 -9999.0
26562 20160521  2.424 -154.32   60.20    11.6     5.3     8.5     7.1     7.1     6.55 C    15.7     2.2     8.3    96.3    52.5    83.3 -99.000 -99.000 -99.000 -99.000 -99.000 -9999.0 -9999.0 -9999.0 -9999.0 -9999.0
26562 20160522  2.424 -154.32   60.20     8.6    -1.8     3.4     4.9     7.3     9.09 C    16.6    -1.9     7.0    96.4    66.7    87.0 -99.000 -99.000 -99.000 -99.000 -99.000 -9999.0 -9999.0 -9999.0 -9999.0 -9999.0
26562 20160523  2.424 -154.32   60.20    12.5    -1.2     5.6     6.9     1.0    21.14 C    33.6    -1.4    12.0    96.8    39.7    68.4 -99.000 -99.000 -99.000 -99.000 -99.000 -9999.0 -9999.0 -9999.0 -9999.0 -9999.0
26562 20160524  2.424 -154.32   60.20    18.3     0.2     9.3     9.7     0.0    24.59 C    47.3    -1.8    17.3    95.7    30.0    61.1 -99.000 -99.000 -99.000 -99.000 -99.000 -9999.0 -9999.0 -9999.0 -9999.0 -9999.0
26562 20160525  2.424 -154.32   60.20    13.1     3.2     8.2     8.9     0.0    13.06 C    33.2     0.0    13.8    89.5    52.0    70.0 -99.000 -99.000 -99.000 -99.000 -99.000 -9999.0 -9999.0 -9999.0 -9999.0 -9999.0
26562 20160526  2.424 -154.32   60.20    22.4     1.6    12.0    12.2     0.0    25.56 C    51.4    -1.2    20.8    95.6    29.3    61.5 -99.000 -99.000 -99.000 -99.000 -99.000 -9999.0 -9999.0 -9999.0 -9999.0 -9999.0
26562 20160527  2.424 -154.32   60.20    24.1     2.6    13.4    14.2     0.0    27.81 C    55.5    -0.6    22.8    95.8    25.5    54.7 -99.000 -99.000 -99.000 -99.000 -99.000 -9999.0 -9999.0 -9999.0 -9999.0 -9999.0
26562 20160528  2.424 -154.32   60.20    23.6     5.0    14.3    14.8     0.0    27.33 C    55.4     1.3    24.5    88.8    29.8    52.1 -99.000 -99.000 -99.000 -99.000 -99.000 -9999.0 -9999.0 -9999.0 -9999.0 -9999.0
26562 20160529  2.424 -154.32   60.20    24.4     4.5    14.5    13.1     5.9    14.77 C    57.6     1.9    18.9    95.5    34.0    71.6 -99.000 -99.000 -99.000 -99.000 -99.000 -9999.0 -9999.0 -9999.0 -9999.0 -9999.0
26562 20160530  2.424 -154.32   60.20    16.5     2.8     9.6    11.6     0.0    12.65 C    23.8    -1.2    12.0    96.2    30.0    66.2 -99.000 -99.000 -99.000 -99.000 -99.000 -9999.0 -9999.0 -9999.0 -9999.0 -9999.0
26562 20160531  2.424 -154.32   60.20    18.7    -1.2     8.7    10.6     0.0    19.84 C    41.3    -2.5    14.7    96.7    33.8    60.2 -99.000 -99.000 -99.000 -99.000 -99.000 -9999.0 -9999.0 -9999.0 -9999.0 -9999.0
26562 20160601  2.424 -154.32   60.20    20.4     1.9    11.2    12.4     0.0    26.69 C    58.7    -0.9    21.3    95.3    35.4    61.8 -99.000 -99.000 -99.000 -99.000 -99.000 -9999.0 -9999.0 -9999.0 -9999.0 -9999.0
26562 20160602  2.424 -154.32   60.20    17.8     5.3    11.6    11.6     2.2    18.92 C    53.3     1.5    19.1    92.4    44.2    74.5 -99.000 -99.000 -99.000 -99.000 -99.000 -9999.0 -9999.0 -9999.0 -9999.0 -9999.0
26562 20160603  2.424 -154.32   60.20    18.3     4.4    11.3    11.7     0.0    17.69 C    45.8     2.3    16.5    95.8    44.9    70.4 -99.000 -99.000 -99.000 -99.000 -99.000 -9999.0 -9999.0 -9999.0 -9999.0 -9999.0
26562 20160604  2.424 -154.32   60.20    19.8     1.9    10.8    11.4     0.0    21.68 C    51.2    -1.1    19.2    97.1    39.0    68.3 -99.000 -99.000 -99.000 -99.000 -99.000 -9999.0 -9999.0 -9999.0 -9999.0 -9999.0
26562 20160605  2.424 -154.32   60.20    18.0     3.0    10.5    11.5     0.0    21.52 C    49.4     0.6    19.2    95.8    38.5    65.4 -99.000 -99.000 -99.000 -99.000 -99.000 -9999.0 -9999.0 -9999.0 -9999.0 -9999.0
26562 20160606  2.424 -154.32   60.20    14.9     3.2     9.0     9.7    13.3    11.38 C    25.1     0.9    11.3    96.1    57.9    84.1 -99.000 -99.000 -99.000 -99.000 -99.000 -9999.0 -9999.0 -9999.0 -9999.0 -9999.0
26562 20160607  2.424 -154.32   60.20    18.2     0.7     9.5    10.0     0.0    25.63 C    46.1    -0.5    16.9    97.2    40.6    69.5 -99.000 -99.000 -99.000 -99.000 -99.000 -9999.0 -9999.0 -9999.0 -9999.0 -9999.0
26562 20160608  2.424 -154.32   60.20    23.5     3.4    13.4    14.3     0.0    27.57 C    53.8     0.7    24.0    95.9    31.6    60.8 -99.000 -99.000 -99.000 -99.000 -99.000 -9999.0 -9999.0 -9999.0 -9999.0 -9999.0
26562 20160609  2.424 -154.32   60.20    24.2     6.2    15.2    15.3     0.0    25.00 C    56.2     2.8    23.3    93.2    22.0    52.0 -99.000 -99.000 -99.000 -99.000 -99.000 -9999.0 -9999.0 -9999.0 -9999.0 -9999.0
26562 20160610  2.424 -154.32   60.20    17.0     8.1    12.5    11.6     1.9    12.44 C    35.3     8.0    15.6    94.5    42.6    69.6 -99.000 -99.000 -99.000 -99.000 -99.000 -9999.0 -9999.0 -9999.0 -9999.0 -9999.0
26562 20160611  2.424 -154.32   60.20    14.1     5.6     9.9     9.8     1.8    14.43 C    28.4     5.0    13.4    95.1    54.8    79.4 -99.000 -99.000 -99.000 -99.000 -99.000 -9999.0 -9999.0 -9999.0 -9999.0 -9999.0
26562 20160612  2.424 -154.32   60.20    15.8     5.9    10.8    10.3     7.6    14.79 C    33.9     4.7    13.7    95.5    52.2    76.2 -99.000 -99.000 -99.000 -99.000 -99.000 -9999.0 -9999.0 -9999.0 -9999.0 -9999.0
26562 20160613  2.424 -154.32   60.20    18.0     6.4    12.2    12.3     0.2    24.58 C    39.8     3.4    17.0    96.2    35.5    63.3 -99.000 -99.000 -99.000 -99.000 -99.000 -9999.0 -9999.0 -9999.0 -9999.0 -9999.0
26562 20160614  2.424 -154.32   60.20    20.2     2.1    11.1    12.7     0.0    24.52 C    51.3    -0.5    18.8    93.5    32.7    56.1 -99.000 -99.000 -99.000 -99.000 -99.000 -9999.0 -9999.0 -9999.0 -9999.0 -9999.0
26562 20160615  2.424 -154.32   60.20    24.1     3.9    14.0    15.2     0.0    30.50 C    56.9     0.5    24.4    92.0    20.1    52.4 -99.000 -99.000 -99.000 -99.000 -99.000 -9999.0 -9999.0 -9999.0 -9999.0 -9999.0
26562 20160616  2.424 -154.32   60.20    28.2     5.0    16.6    17.7     0.0    27.78 C    56.4     1.4    24.5    93.4    12.2    45.0 -99.000 -99.000 -99.000 -99.000 -99.000 -9999.0 -9999.0 -9999.0 -9999.0 -9999.0
26562 20160617  2.424 -154.32   60.20    15.0     6.7    10.9    11.7     5.6     5.98 C    24.7     3.6    13.3    95.6    27.0    77.5 -99.000 -99.000 -99.000 -99.000 -99.000 -9999.0 -9999.0 -9999.0 -9999.0 -9999.0
26562 20160618  2.424 -154.32   60.20    20.8     9.6    15.2    14.2     2.1    13.87 C    36.2     9.7    16.6    96.1    39.1    68.6 -99.000 -99.000 -99.000 -99.000 -99.000 -9999.0 -9999.0 -9999.0 -9999.0 -9999.0
26562 20160619  2.424 -154.32   60.20    15.1     9.6    12.4    12.2     3.4     7.74 C    20.2     9.7    13.1    92.7    48.4    72.8 -99.000 -99.000 -99.000 -99.000 -99.000 -9999.0 -9999.0 -9999.0 -9999.0 -9999.0
26562 20160620  2.424 -154.32   60.20    14.2     7.4    10.8    10.7     1.6     9.98 C    21.3     5.9    13.1    95.0    63.9    81.7 -99.000 -99.000 -99.000 -99.000 -99.000 -9999.0 -9999.0 -9999.0 -9999.0 -9999.0
26562 20160621  2.424 -154.32   60.20    21.5     3.6    12.5    13.8     0.0    19.13 C    38.2     1.5    16.1    96.8    38.2    68.4 -99.000 -99.000 -99.000 -99.000 -99.000 -9999.0 -9999.0 -9999.0 -9999.0 -9999.0
26562 20160622  2.424 -154.32   60.20    23.9     5.9    14.9    16.3     0.0    22.92 C    52.0     3.4    23.2    95.2    33.6    62.5 -99.000 -99.000 -99.000 -99.000 -99.000 -9999.0 -9999.0 -9999.0 -9999.0 -9999.0
26562 20160623  2.424 -154.32   60.20    16.0     9.2    12.6    12.9     0.0     8.50 C    29.1     6.8    15.8    92.7    65.8    80.9 -99.000 -99.000 -99.000 -99.000 -99.000 -9999.0 -9999.0 -9999.0 -9999.0 -9999.0
26562 20160624  2.424 -154.32   60.20    16.0     9.8    12.9    12.6     1.1    11.08 C    29.1     9.2    16.0    95.8    67.4    84.3 -99.000 -99.000 -99.000 -99.000 -99.000 -9999.0 -9999.0 -9999.0 -9999.0 -9999.0
26562 20160625  2.424 -154.32   60.20    21.7     8.5    15.1    14.8     0.0    20.86 C    51.2     8.0    20.8    95.6    38.4    68.5 -99.000 -99.000 -99.000 -99.000 -99.000 -9999.0 -9999.0 -9999.0 -9999.0 -9999.0
26562 20160626  2.424 -154.32   60.20    18.8     7.4    13.1    13.0     0.6    11.68 C    36.7     4.5    16.0    95.5    51.9    80.0 -99.000 -99.000 -99.000 -99.000 -99.000 -9999.0 -9999.0 -9999.0 -9999.0 -9999.0
26562 20160627  2.424 -154.32   60.20    22.4     7.5    15.0    14.7     0.0    22.75 C    55.2     5.5    22.9    95.8    41.5    71.7 -99.000 -99.000 -99.000 -99.000 -99.000 -9999.0 -9999.0 -9999.0 -9999.0 -9999.0
26562 20160628  2.424 -154.32   60.20    21.3     6.0    13.6    14.2     0.0    23.28 C    55.4     3.8    22.4    96.3    43.2    71.8 -99.000 -99.000 -99.000 -99.000 -99.000 -9999.0 -9999.0 -9999.0 -9999.0 -9999.0
26562 20160629  2.424 -154.32   60.20    23.4     4.9    14.1    13.7     0.0    17.66 C    55.6     3.2    20.3    96.5    31.0    70.1 -99.000 -99.000 -99.000 -99.000 -99.000 -9999.0 -9999.0 -9999.0 -9999.0 -9999.0
26562 20160630  2.424 -154.32   60.20    22.4     6.6    14.5    15.3     0.0    25.50 C    56.9     4.2    25.1    96.0    40.4    68.6 -99.000 -99.000 -99.000 -99.000 -99.000 -9999.0 -9999.0 -9999.0 -9999.0 -9999.0
26562 20160701  2.424 -154.32   60.20    15.8    11.5    13.6    13.3    13.2     6.58 C    23.0    11.0    15.3    95.7    76.6    90.2 -99.000 -99.000 -99.000 -99.000 -99.000 -9999.0 -9999.0 -9999.0 -9999.0 -9999.0
26562 20160702  2.424 -154.32   60.20    14.6    13.0    13.8    13.8    19.7     3.61 C    17.7    12.9    14.6    95.8    88.0    92.6 -99.000 -99.000 -99.000 -99.000 -99.000 -9999.0 -9999.0 -9999.0 -9999.0 -9999.0
26562 20160703  2.424 -154.32   60.20    15.7    10.8    13.3    13.0     3.7    11.71 C    22.7    11.3    16.5    95.8    79.4    88.9 -99.000 -99.000 -99.000 -99.000 -99.000 -9999.0 -9999.0 -9999.0 -9999.0 -9999.0
26562 20160704  2.424 -154.32   60.20    15.5    11.0    13.2    12.9     7.6     5.39 C    21.2    11.6    15.0    96.0    78.7    90.2 -99.000 -99.000 -99.000 -99.000 -99.000 -9999.0 -9999.0 -9999.0 -9999.0 -9999.0
26562 20160705  2.424 -154.32   60.20    16.0    10.3    13.2    12.2    12.8     9.26 C    26.2    10.6    15.0    96.4    70.9    89.9 -99.000 -99.000 -99.000 -99.000 -99.000 -9999.0 -9999.0 -9999.0 -9999.0 -9999.0
26562 20160706  2.424 -154.32   60.20    14.2    10.0    12.1    12.1    16.2     9.53 C    22.2    10.4    14.9    96.3    79.0    91.0 -99.000 -99.000 -99.000 -99.000 -99.000 -9999.0 -9999.0 -9999.0 -9999.0 -9999.0
26562 20160707  2.424 -154.32   60.20    20.8     7.6    14.2    14.4     0.0    18.65 C    35.7     7.0    18.1    96.6    44.9    75.2 -99.000 -99.000 -99.000 -99.000 -99.000 -9999.0 -9999.0 -9999.0 -9999.0 -9999.0
26562 20160708  2.424 -154.32   60.20    23.8     6.2    15.0    16.0     0.0    27.44 C    51.5     4.2    23.8    95.7    38.2    64.4 -99.000 -99.000 -99.000 -99.000 -99.000 -9999.0 -9999.0 -9999.0 -9999.0 -9999.0
26562 20160709  2.424 -154.32   60.20    19.4    11.2    15.3    15.3     0.0    11.80 C    33.8    11.4    19.4    91.9    58.2    76.5 -99.000 -99.000 -99.000 -99.000 -99.000 -9999.0 -9999.0 -9999.0 -9999.0 -9999.0
26562 20160710  2.424 -154.32   60.20    19.2     8.4    13.8    15.3     0.0     8.14 C    31.5     5.3    17.9    93.8    61.9    78.9 -99.000 -99.000 -99.000 -99.000 -99.000 -9999.0 -9999.0 -9999.0 -9999.0 -9999.0
26562 20160711  2.424 -154.32   60.20    22.3     2.8    12.6    14.5     0.0    24.28 C    52.8     0.7    21.4    96.3    31.8    58.8 -99.000 -99.000 -99.000 -99.000 -99.000 -9999.0 -9999.0 -9999.0 -9999.0 -9999.0
26562 20160712  2.424 -154.32   60.20    27.1     9.3    18.2    18.5     0.0    27.23 C    62.3     6.4    27.1    87.0    32.7    56.1 -99.000 -99.000 -99.000 -99.000 -99.000 -9999.0 -9999.0 -9999.0 -9999.0 -9999.0
26562 20160713  2.424 -154.32   60.20    25.3     8.0    16.6    16.7     0.0    18.85 C    61.6     5.9    23.1    96.0    38.8    68.8 -99.000 -99.000 -99.000 -99.000 -99.000 -9999.0 -9999.0 -9999.0 -9999.0 -9999.0
26562 20160714  2.424 -154.32   60.20    23.8     7.3    15.6    16.3     0.0    25.45 C    56.9     4.8    24.8    95.8    41.7    67.6 -99.000 -99.000 -99.000 -99.000 -99.000 -9999.0 -9999.0 -9999.0 -9999.0 -9999.0
26562 20160715  2.424 -154.32   60.20    22.4     9.4    15.9    16.8     0.0    25.76 C    53.9     7.1    26.7    94.1    46.4    66.8 -99.000 -99.000 -99.000 -99.000 -99.000 -9999.0 -9999.0 -9999.0 -9999.0 -9999.0
26562 20160716  2.424 -154.32   60.20    26.2    10.7    18.5    19.0     0.0    26.58 C    57.9     8.7    29.2    91.5    35.9    56.0 -99.000 -99.000 -99.000 -99.000 -99.000 -9999.0 -9999.0 -9999.0 -9999.0 -9999.0
26562 20160717  2.424 -154.32   60.20    28.8     8.0    18.4    19.4     0.0    24.42 C    60.8     5.3    27.9    96.1    27.5    59.5 -99.000 -99.000 -99.000 -99.000 -99.000 -9999.0 -9999.0 -9999.0 -9999.0 -9999.0
26562 20160718  2.424 -154.32   60.20    26.5    13.2    19.8    19.4     0.0    18.96 C    53.4     9.6    25.1    89.1    35.5    62.3 -99.000 -99.000 -99.000 -99.000 -99.000 -9999.0 -9999.0 -9999.0 -9999.0 -9999.0
26562 20160719  2.424 -154.32   60.20    20.8     7.8    14.3    15.3     0.0    20.03 C    55.6     4.8    23.0    92.6    48.1    65.1 -99.000 -99.000 -99.000 -99.000 -99.000 -9999.0 -9999.0 -9999.0 -9999.0 -9999.0
26562 20160720  2.424 -154.32   60.20    23.9     5.8    14.8    15.3     3.4    20.84 C    55.2     4.4    24.0    95.7    39.7    71.9 -99.000 -99.000 -99.000 -99.000 -99.000 -9999.0 -9999.0 -9999.0 -9999.0 -9999.0
26562 20160721  2.424 -154.32   60.20    22.1    13.0    17.6    16.7     3.8    16.43 C    37.8    12.0    19.8    96.1    48.9    77.9 -99.000 -99.000 -99.000 -99.000 -99.000 -9999.0 -9999.0 -9999.0 -9999.0 -9999.0
26562 20160722  2.424 -154.32   60.20    15.2    11.5    13.4    13.7     8.9     6.76 C    21.3    11.5    15.7    95.6    72.7    87.5 -99.000 -99.000 -99.000 -99.000 -99.000 -9999.0 -9999.0 -9999.0 -9999.0 -9999.0
26562 20160723  2.424 -154.32   60.20    16.8    10.7    13.8    13.6     0.3     8.78 C    26.2    10.8    15.1    91.7    55.6    72.4 -99.000 -99.000 -99.000 -99.000 -99.000 -9999.0 -9999.0 -9999.0 -9999.0 -9999.0
26562 20160724  2.424 -154.32   60.20    17.2    10.9    14.1    13.2     3.5    11.43 C    28.1    11.4    16.1    96.0    70.0    88.4 -99.000 -99.000 -99.000 -99.000 -99.000 -9999.0 -9999.0 -9999.0 -9999.0 -9999.0
26562 20160725  2.424 -154.32   60.20    18.4    10.2    14.3    14.3     1.5     8.42 C    23.5     9.9    15.8    95.6    59.8    83.3 -99.000 -99.000 -99.000 -99.000 -99.000 -9999.0 -9999.0 -9999.0 -9999.0 -9999.0
26562 20160726  2.424 -154.32   60.20    18.0     8.7    13.3    13.9     0.2     9.19 C    23.9     8.0    15.4    95.8    56.4    80.2 -99.000 -99.000 -99.000 -99.000 -99.000 -9999.0 -9999.0 -9999.0 -9999.0 -9999.0
26562 20160727  2.424 -154.32   60.20    19.5    10.3    14.9    14.6     0.2    12.06 C    41.4     8.4    17.9    95.8    57.7    80.6 -99.000 -99.000 -99.000 -99.000 -99.000 -9999.0 -9999.0 -9999.0 -9999.0 -9999.0
26562 20160728  2.424 -154.32   60.20    21.8     9.4    15.6    15.0     7.2    14.84 C    47.6     7.8    19.9    95.7    53.5    81.5 -99.000 -99.000 -99.000 -99.000 -99.000 -9999.0 -9999.0 -9999.0 -9999.0 -9999.0
26562 20160729  2.424 -154.32   60.20    17.1    12.7    14.9    14.6     4.0     9.14 C    24.9    12.3    16.3    95.9    66.5    81.0 -99.000 -99.000 -99.000 -99.000 -99.000 -9999.0 -9999.0 -9999.0 -9999.0 -9999.0
26562 20160730  2.424 -154.32   60.20    14.7    11.3    13.0    13.0     0.0     3.76 C    18.3    11.5    14.0    93.8    72.6    87.0 -99.000 -99.000 -99.000 -99.000 -99.000 -9999.0 -9999.0 -9999.0 -9999.0 -9999.0
26562 20160731  2.424 -154.32   60.20    15.5    12.1    13.8    13.5     2.9     4.79 C    20.5    12.2    15.2    96.0    75.7    90.7 -99.000 -99.000 -99.000 -99.000 -99.000 -9999.0 -9999.0 -9999.0 -9999.0 -9999.0
26562 20160801  2.424 -154.32   60.20    19.2    11.6    15.4    14.6     5.8     6.79 C    23.3    11.8    15.8    95.8    55.1    82.6 -99.000 -99.000 -99.000 -99.000 -99.000 -9999.0 -9999.0 -9999.0 -9999.0 -9999.0
26562 20160802  2.424 -154.32   60.20    17.6    10.4    14.0    14.0     9.6     9.44 C    26.8     9.7    16.5    96.5    72.8    90.3 -99.000 -99.000 -99.000 -99.000 -99.000 -9999.0 -9999.0 -9999.0 -9999.0 -9999.0
26562 20160803  2.424 -154.32   60.20    18.9    12.0    15.4    14.9     2.6    14.85 C    32.9    12.5    18.5    95.4    62.4    81.6 -99.000 -99.000 -99.000 -99.000 -99.000 -9999.0 -9999.0 -9999.0 -9999.0 -9999.0
26562 20160804  2.424 -154.32   60.20    15.0    12.3    13.6    13.6    11.1     3.95 C    18.3    12.8    14.5    96.2    80.6    90.3 -99.000 -99.000 -99.000 -99.000 -99.000 -9999.0 -9999.0 -9999.0 -9999.0 -9999.0
26562 20160805  2.424 -154.32   60.20    21.2    12.4    16.8    15.6     1.5     8.96 C    30.2    12.6    17.3    96.1    55.3    81.3 -99.000 -99.000 -99.000 -99.000 -99.000 -9999.0 -9999.0 -9999.0 -9999.0 -9999.0
26562 20160806  2.424 -154.32   60.20    15.1    11.7    13.4    13.5    16.7     3.68 C    19.4    11.9    14.9    96.0    84.7    93.7 -99.000 -99.000 -99.000 -99.000 -99.000 -9999.0 -9999.0 -9999.0 -9999.0 -9999.0
26562 20160807  2.424 -154.32   60.20    16.7    11.0    13.8    13.7     0.9     9.87 C    23.1    11.0    16.0    95.6    73.3    87.5 -99.000 -99.000 -99.000 -99.000 -99.000 -9999.0 -9999.0 -9999.0 -9999.0 -9999.0
26562 20160808  2.424 -154.32   60.20    16.5    11.3    13.9    13.0     7.3     6.05 C    25.9    11.6    14.8    96.2    66.8    89.9 -99.000 -99.000 -99.000 -99.000 -99.000 -9999.0 -9999.0 -9999.0 -9999.0 -9999.0
26562 20160809  2.424 -154.32   60.20    14.0    10.7    12.3    12.3     7.2     5.52 C    19.1    10.8    14.1    96.0    85.0    91.2 -99.000 -99.000 -99.000 -99.000 -99.000 -9999.0 -9999.0 -9999.0 -9999.0 -9999.0
26562 20160810  2.424 -154.32   60.20    14.5    10.8    12.6    12.3    12.7     4.86 C    20.3    11.2    14.1    96.3    78.2    92.3 -99.000 -99.000 -99.000 -99.000 -99.000 -9999.0 -9999.0 -9999.0 -9999.0 -9999.0
26562 20160811  2.424 -154.32   60.20    13.2    10.0    11.6    11.8    10.7     5.01 C    16.6    10.1    13.2    96.4    86.8    93.2 -99.000 -99.000 -99.000 -99.000 -99.000 -9999.0 -9999.0 -9999.0 -9999.0 -9999.0
26562 20160812  2.424 -154.32   60.20    17.7     6.3    12.0    13.2     0.0     8.43 C    22.3     5.6    14.9    96.8    62.9    82.1 -99.000 -99.000 -99.000 -99.000 -99.000 -9999.0 -9999.0 -9999.0 -9999.0 -9999.0
26562 20160813  2.424 -154.32   60.20    17.1    11.3    14.2    14.3     0.0     5.64 C    20.5    10.8    15.0    93.2    63.3    80.9 -99.000 -99.000 -99.000 -99.000 -99.000 -9999.0 -9999.0 -9999.0 -9999.0 -9999.0
26562 20160814  2.424 -154.32   60.20    20.0     9.0    14.5    14.5     0.0    13.96 C    36.6     8.4    17.0    95.5    50.3    75.4 -99.000 -99.000 -99.000 -99.000 -99.000 -9999.0 -9999.0 -9999.0 -9999.0 -9999.0
26562 20160815  2.424 -154.32   60.20    18.5     8.7    13.6    14.1     0.0    11.78 C    38.4     7.6    17.6    96.1    54.1    78.0 -99.000 -99.000 -99.000 -99.000 -99.000 -9999.0 -9999.0 -9999.0 -9999.0 -9999.0
26562 20160816  2.424 -154.32   60.20    19.0     6.4    12.7    13.8     0.0     8.57 C    28.2     4.2    15.6    96.3    53.0    74.6 -99.000 -99.000 -99.000 -99.000 -99.000 -9999.0 -9999.0 -9999.0 -9999.0 -9999.0
26562 20160817  2.424 -154.32   60.20    19.7    10.2    15.0    15.4     0.6     6.67 C    27.1     7.5    14.5    82.5    43.5    61.1 -99.000 -99.000 -99.000 -99.000 -99.000 -9999.0 -9999.0 -9999.0 -9999.0 -9999.0
26562 20160818  2.424 -154.32   60.20    18.8     8.9    13.9    14.6     0.0    10.18 C    40.8     6.4    17.5    92.5    52.4    69.1 -99.000 -99.000 -99.000 -99.000 -99.000 -9999.0 -9999.0 -9999.0 -9999.0 -9999.0
26562 20160819  2.424 -154.32   60.20    20.7     9.1    14.9    13.9     0.0    13.62 C    45.3     6.8    18.5    94.5    48.1    75.0 -99.000 -99.000 -99.000 -99.000 -99.000 -9999.0 -9999.0 -9999.0 -9999.0 -9999.0
26562 20160820  2.424 -154.32   60.20    16.0     8.4    12.2    12.6     1.2     3.97 C    22.7     6.1    13.3    95.8    68.5    87.3 -99.000 -99.000 -99.000 -99.000 -99.000 -9999.0 -9999.0 -9999.0 -9999.0 -9999.0
26562 20160821  2.424 -154.32   60.20    16.0    10.4    13.2    12.8     1.2     4.06 C    19.0    10.2    13.1    94.9    59.4    81.3 -99.000 -99.000 -99.000 -99.000 -99.000 -9999.0 -9999.0 -9999.0 -9999.0 -9999.0
26562 20160822  2.424 -154.32   60.20    16.9     9.9    13.4    13.0     0.4     3.40 C    19.7     9.8    13.3    95.1    55.8    81.1 -99.000 -99.000 -99.000 -99.000 -99.000 -9999.0 -9999.0 -9999.0 -9999.0 -9999.0
26562 20160823  2.424 -154.32   60.20    16.9    10.5    13.7    13.3     0.0     5.36 C    27.0    10.6    13.9    95.6    66.7    81.9 -99.000 -99.000 -99.000 -99.000 -99.000 -9999.0 -9999.0 -9999.0 -9999.0 -9999.0
26562 20160824  2.424 -154.32   60.20    17.9    11.5    14.7    14.3     8.3     2.98 C    19.5    10.8    14.2    95.7    67.8    82.7 -99.000 -99.000 -99.000 -99.000 -99.000 -9999.0 -9999.0 -9999.0 -9999.0 -9999.0
26562 20160825  2.424 -154.32   60.20    19.9    10.1    15.0    14.5     2.4    13.52 C    34.6     9.5    17.2    96.4    58.1    86.4 -99.000 -99.000 -99.000 -99.000 -99.000 -9999.0 -9999.0 -9999.0 -9999.0 -9999.0
26562 20160826  2.424 -154.32   60.20    22.6     7.0    14.8    14.1     0.0    18.37 C    38.5     5.1    17.4    96.8    40.3    78.3 -99.000 -99.000 -99.000 -99.000 -99.000 -9999.0 -9999.0 -9999.0 -9999.0 -9999.0
26562 20160827  2.424 -154.32   60.20    22.9     5.2    14.0    14.5     0.0    16.77 C    43.1     3.5    18.3    96.6    43.2    72.6 -99.000 -99.000 -99.000 -99.000 -99.000 -9999.0 -9999.0 -9999.0 -9999.0 -9999.0
26562 20160828  2.424 -154.32   60.20    22.9     7.8    15.4    15.6     0.0    18.60 C    46.9     5.6    19.6    95.2    40.7    68.9 -99.000 -99.000 -99.000 -99.000 -99.000 -9999.0 -9999.0 -9999.0 -9999.0 -9999.0
26562 20160829  2.424 -154.32   60.20    23.4     5.1    14.2    14.3     0.0    17.95 C    47.7     2.8    18.6    96.6    40.8    75.3 -99.000 -99.000 -99.000 -99.000 -99.000 -9999.0 -9999.0 -9999.0 -9999.0 -9999.0
26562 20160830  2.424 -154.32   60.20    24.4     5.9    15.2    15.2     0.0    15.49 C    49.6     3.4    18.6    96.5    36.5    66.2 -99.000 -99.000 -99.000 -99.000 -99.000 -9999.0 -9999.0 -9999.0 -9999.0 -9999.0
26562 20160831  2.424 -154.32   60.20    23.8     4.8    14.3    14.7     0.0    17.86 C    48.6     2.4    18.9    94.2    31.1    63.6 -99.000 -99.000 -99.000 -99.000 -99.000 -9999.0 -9999.0 -9999.0 -9999.0 -9999.0
26562 20160901  2.424 -154.32   60.20    23.3     5.5    14.4    13.5     0.0    17.34 C    47.6     1.9    17.2    96.6    32.1    71.8 -99.000 -99.000 -99.000 -99.000 -99.000 -9999.0 -9999.0 -9999.0 -9999.0 -9999.0
26562 20160902  2.424 -154.32   60.20    21.2     4.4    12.8    12.6     0.0    15.27 C    46.2     1.4    16.1    96.8    44.6    75.5 -99.000 -99.000 -99.000 -99.000 -99.000 -9999.0 -9999.0 -9999.0 -9999.0 -9999.0
26562 20160903  2.424 -154.32   60.20    18.1     8.3    13.2    13.6     0.0     3.87 C    23.6     7.1    14.0    94.2    55.0    76.3 -99.000 -99.000 -99.000 -99.000 -99.000 -9999.0 -9999.0 -9999.0 -9999.0 -9999.0
26562 20160904  2.424 -154.32   60.20    13.7    10.4    12.0    12.1    15.6     3.53 C    17.4    10.4    13.2    96.4    78.1    92.3 -99.000 -99.000 -99.000 -99.000 -99.000 -9999.0 -9999.0 -9999.0 -9999.0 -9999.0
26562 20160905  2.424 -154.32   60.20    14.5    10.1    12.3    11.8     4.3     5.22 C    20.9     9.7    13.2    96.4    77.8    91.5 -99.000 -99.000 -99.000 -99.000 -99.000 -9999.0 -9999.0 -9999.0 -9999.0 -9999.0
26562 20160906  2.424 -154.32   60.20    14.7     8.5    11.6    11.3     6.9     7.03 C    24.8     8.1    12.8    95.9    66.8    89.9 -99.000 -99.000 -99.000 -99.000 -99.000 -9999.0 -9999.0 -9999.0 -9999.0 -9999.0
26562 20160907  2.424 -154.32   60.20    13.6     1.1     7.3     9.1    17.7     7.83 C    21.0    -0.1     9.9    96.2    40.9    84.8 -99.000 -99.000 -99.000 -99.000 -99.000 -9999.0 -9999.0 -9999.0 -9999.0 -9999.0
26562 20160908  2.424 -154.32   60.20    14.5     1.9     8.2     8.2     0.0    15.46 C    30.0     0.1    10.0    95.8    42.4    75.0 -99.000 -99.000 -99.000 -99.000 -99.000 -9999.0 -9999.0 -9999.0 -9999.0 -9999.0
26562 20160909  2.424 -154.32   60.20    15.6     1.3     8.5     7.9     0.0     9.23 C    28.2    -0.6     8.6    96.7    41.8    76.0 -99.000 -99.000 -99.000 -99.000 -99.000 -9999.0 -9999.0 -9999.0 -9999.0 -9999.0
26562 20160910  2.424 -154.32   60.20    17.8     0.3     9.0     9.0     0.0    13.87 C    35.7    -1.8    11.0    96.6    38.1    74.1 -99.000 -99.000 -99.000 -99.000 -99.000 -9999.0 -9999.0 -9999.0 -9999.0 -9999.0
26562 20160911  2.424 -154.32   60.20    14.8     8.4    11.6    12.1    12.3     1.47 C    14.7     7.9    11.0    94.9    48.4    78.7 -99.000 -99.000 -99.000 -99.000 -99.000 -9999.0 -9999.0 -9999.0 -9999.0 -9999.0
26562 20160912  2.424 -154.32   60.20    14.8     7.9    11.3    10.8    17.1     2.02 C    17.1     5.6    10.9    95.7    74.5    92.1 -99.000 -99.000 -99.000 -99.000 -99.000 -9999.0 -9999.0 -9999.0 -9999.0 -9999.0
26562 20160913  2.424 -154.32   60.20    13.6     1.9     7.7     8.3     0.0    13.80 C    26.2    -0.6     9.2    96.0    42.6    72.9 -99.000 -99.000 -99.000 -99.000 -99.000 -9999.0 -9999.0 -9999.0 -9999.0 -9999.0
26562 20160914  2.424 -154.32   60.20    15.0    -0.2     7.4     9.0     1.6     2.50 C    17.9    -1.2     7.3    96.2    54.9    74.7 -99.000 -99.000 -99.000 -99.000 -99.000 -9999.0 -9999.0 -9999.0 -9999.0 -9999.0
26562 20160915  2.424 -154.32   60.20    14.7     4.2     9.4    10.5     2.3     5.83 C    18.8     2.9    10.9    96.9    52.6    78.8 -99.000 -99.000 -99.000 -99.000 -99.000 -9999.0 -9999.0 -9999.0 -9999.0 -9999.0
26562 20160916  2.424 -154.32   60.20    15.0     7.6    11.3    10.7     3.9     5.36 C    21.1     7.1    11.0    94.5    54.1    79.1 -99.000 -99.000 -99.000 -99.000 -99.000 -9999.0 -9999.0 -9999.0 -9999.0 -9999.0
26562 20160917  2.424 -154.32   60.20    11.4    -0.2     5.6     7.2     5.5     8.18 C    19.8    -1.3     7.9    95.8    49.6    78.6 -99.000 -99.000 -99.000 -99.000 -99.000 -9999.0 -9999.0 -9999.0 -9999.0 -9999.0
26562 20160918  2.424 -154.32   60.20    12.7    -1.9     5.4     5.0     0.0     8.71 C    23.9    -2.0     5.4    96.7    50.4    78.4 -99.000 -99.000 -99.000 -99.000 -99.000 -9999.0 -9999.0 -9999.0 -9999.0 -9999.0
26562 20160919  2.424 -154.32   60.20    13.5    -1.1     6.2     6.6     0.0     8.04 C    24.8    -2.1     6.4    96.0    41.9    75.9 -99.000 -99.000 -99.000 -99.000 -99.000 -9999.0 -9999.0 -9999.0 -9999.0 -9999.0
26562 20160920  2.424 -154.32   60.20    12.6     7.9    10.2    10.7    11.3     0.68 C    10.6     7.0     8.8    86.2    59.2    73.2 -99.000 -99.000 -99.000 -99.000 -99.000 -9999.0 -9999.0 -9999.0 -9999.0 -9999.0
26562 20160921  2.424 -154.32   60.20    10.5     4.1     7.3     7.9     4.9     3.97 C    17.9     3.9     8.5    95.4    65.9    85.3 -99.000 -99.000 -99.000 -99.000 -99.000 -9999.0 -9999.0 -9999.0 -9999.0 -9999.0
26562 20160922  2.424 -154.32   60.20    10.1     3.7     6.9     6.7     5.7     3.16 C    17.5     3.6     7.0    95.1    67.2    85.5 -99.000 -99.000 -99.000 -99.000 -99.000 -9999.0 -9999.0 -9999.0 -9999.0 -9999.0
26562 20160923  2.424 -154.32   60.20    11.1     4.9     8.0     6.8    11.8     5.65 C    20.8     4.8     8.0    94.9    69.8    87.0 -99.000 -99.000 -99.000 -99.000 -99.000 -9999.0 -9999.0 -9999.0 -9999.0 -9999.0
26562 20160924  2.424 -154.32   60.20    10.6     4.8     7.7     6.8     9.8     6.17 C    22.6     5.0     8.3    96.6    65.2    86.8 -99.000 -99.000 -99.000 -99.000 -99.000 -9999.0 -9999.0 -9999.0 -9999.0 -9999.0
26562 20160925  2.424 -154.32   60.20    10.3    -2.6     3.9     4.2     0.0     9.02 C    22.4    -2.9     5.4    96.3    44.9    73.8 -99.000 -99.000 -99.000 -99.000 -99.000 -9999.0 -9999.0 -9999.0 -9999.0 -9999.0
26562 20160926  2.424 -154.32   60.20     9.3    -3.9     2.7     1.9     0.0    10.34 C    19.2    -4.8     1.7    95.3    42.6    76.6 -99.000 -99.000 -99.000 -99.000 -99.000 -9999.0 -9999.0 -9999.0 -9999.0 -9999.0
26562 20160927  2.424 -154.32   60.20    11.5    -3.7     3.9     3.1     0.0    10.02 C    20.8    -4.9     2.4    95.3    40.0    74.8 -99.000 -99.000 -99.000 -99.000 -99.000 -9999.0 -9999.0 -9999.0 -9999.0 -9999.0
26562 20160928  2.424 -154.32   60.20     9.1     3.4     6.3     6.5     0.0     2.00 C    11.4     1.3     6.1    95.5    73.7    84.0 -99.000 -99.000 -99.000 -99.000 -99.000 -9999.0 -9999.0 -9999.0 -9999.0 -9999.0
26562 20160929  2.424 -154.32   60.20    11.8    -0.6     5.6     4.4     0.0     8.08 C    23.5    -2.1     4.6    98.2    52.4    89.0 -99.000 -99.000 -99.000 -99.000 -99.000 -9999.0 -9999.0 -9999.0 -9999.0 -9999.0
26562 20160930  2.424 -154.32   60.20    15.0    -1.7     6.7     5.8     0.0     8.51 C    24.8    -4.0     3.6    96.4    26.7    67.3 -99.000 -99.000 -99.000 -99.000 -99.000 -9999.0 -9999.0 -9999.0 -9999.0 -9999.0
26562 20161001  2.424 -154.32   60.20    15.1     3.8     9.5    10.9     0.0     2.38 C    19.9    -0.5     7.2    63.4    21.6    43.8 -99.000 -99.000 -99.000 -99.000 -99.000 -9999.0 -9999.0 -9999.0 -9999.0 -9999.0
26562 20161002  2.424 -154.32   60.20    10.6     6.1     8.4     8.5     0.6     3.99 C    15.6     4.8     8.5    93.5    59.5    79.2 -99.000 -99.000 -99.000 -99.000 -99.000 -9999.0 -9999.0 -9999.0 -9999.0 -9999.0
26562 20161003  2.424 -154.32   60.20    12.0    -1.5     5.3     5.3     0.0     5.12 C    22.7    -2.3     4.9    96.8    54.4    83.7 -99.000 -99.000 -99.000 -99.000 -99.000 -9999.0 -9999.0 -9999.0 -9999.0 -9999.0
26562 20161004  2.424 -154.32   60.20     9.4    -3.0     3.2     1.8     0.0     6.16 C    19.0    -4.8     0.9    96.3    57.1    85.4 -99.000 -99.000 -99.000 -99.000 -99.000 -9999.0 -9999.0 -9999.0 -9999.0 -9999.0
26562 20161005  2.424 -154.32   60.20    10.0    -2.9     3.6     2.2     0.0     7.17 C    21.9    -5.4     1.6    96.6    46.1    82.4 -99.000 -99.000 -99.000 -99.000 -99.000 -9999.0 -9999.0 -9999.0 -9999.0 -9999.0
26562 20161006  2.424 -154.32   60.20    13.1    -4.8     4.2     3.2     0.0     7.61 C    22.9    -6.4     1.1    95.9    34.3    70.9 -99.000 -99.000 -99.000 -99.000 -99.000 -9999.0 -9999.0 -9999.0 -9999.0 -9999.0
26562 20161007  2.424 -154.32   60.20    12.6    -5.5     3.5     2.0     0.0     7.48 C    22.7    -7.3     0.0    94.0    27.7    68.7 -99.000 -99.000 -99.000 -99.000 -99.000 -9999.0 -9999.0 -9999.0 -9999.0 -9999.0
26562 20161008  2.424 -154.32   60.20    13.5    -5.0     4.2     6.3     0.3     6.63 C    22.0    -7.0     3.0    92.4    34.0    58.7 -99.000 -99.000 -99.000 -99.000 -99.000 -9999.0 -9999.0 -9999.0 -9999.0 -9999.0
26562 20161009  2.424 -154.32   60.20    15.3     8.9    12.1    12.0     0.0     3.59 C    16.7     5.5     9.2    63.8    40.3    49.6 -99.000 -99.000 -99.000 -99.000 -99.000 -9999.0 -9999.0 -9999.0 -9999.0 -9999.0
26562 20161010  2.424 -154.32   60.20    12.2     8.3    10.3    10.9     0.0     1.49 C    11.0     4.2     7.0    63.9    36.4    44.4 -99.000 -99.000 -99.000 -99.000 -99.000 -9999.0 -9999.0 -9999.0 -9999.0 -9999.0
26562 20161011  2.424 -154.32   60.20    14.6    10.0    12.3    11.8     0.0     6.62 C    21.0     4.0     9.8    53.5    30.7    44.0 -99.000 -99.000 -99.000 -99.000 -99.000 -9999.0 -9999.0 -9999.0 -9999.0 -9999.0
26562 20161012  2.424 -154.32   60.20    16.6     8.1    12.3    12.5     0.0     5.56 C    25.5     2.0     9.5    64.0    29.2    41.7 -99.000 -99.000 -99.000 -99.000 -99.000 -9999.0 -9999.0 -9999.0 -9999.0 -9999.0
26562 20161013  2.424 -154.32   60.20    15.4    -1.7     6.9     6.7     0.0     6.13 C    27.0    -5.4     4.1    92.8    32.1    66.9 -99.000 -99.000 -99.000 -99.000 -99.000 -9999.0 -9999.0 -9999.0 -9999.0 -9999.0
26562 20161014  2.424 -154.32   60.20     8.2    -5.0     1.6     0.1     0.0     6.10 C    20.6    -8.3    -1.7    95.3    53.2    81.4 -99.000 -99.000 -99.000 -99.000 -99.000 -9999.0 -9999.0 -9999.0 -9999.0 -9999.0
26562 20161015  2.424 -154.32   60.20     7.4    -6.0     0.7     0.0     0.0     5.72 C    18.6    -9.9    -1.9    97.2    50.0    77.8 -99.000 -99.000 -99.000 -99.000 -99.000 -9999.0 -9999.0 -9999.0 -9999.0 -9999.0
26562 20161016  2.424 -154.32   60.20     1.3    -8.0    -3.4    -3.3     0.0     5.37 C    15.0   -11.9    -4.6    92.3    40.8    64.0 -99.000 -99.000 -99.000 -99.000 -99.000 -9999.0 -9999.0 -9999.0 -9999.0 -9999.0
26562 20161017  2.424 -154.32   60.20    -1.9    -8.9    -5.4    -4.1     0.5     3.38 C     6.7   -12.0    -3.1    92.4    58.6    75.0 -99.000 -99.000 -99.000 -99.000 -99.000 -9999.0 -9999.0 -9999.0 -9999.0 -9999.0
26562 20161018  2.424 -154.32   60.20     8.4    -5.4     1.5     2.2     0.0     2.48 C     6.7   -10.7    -1.1    94.0    44.4    69.5 -99.000 -99.000 -99.000 -99.000 -99.000 -9999.0 -9999.0 -9999.0 -9999.0 -9999.0
26562 20161019  2.424 -154.32   60.20    10.8    -2.5     4.1     6.5     0.0     2.52 C    14.0    -6.6     3.2    85.5    36.1    51.1 -99.000 -99.000 -99.000 -99.000 -99.000 -9999.0 -9999.0 -9999.0 -9999.0 -9999.0
26562 20161020  2.424 -154.32   60.20     3.2    -4.3    -0.5     0.1     0.0     2.15 C     6.0    -7.9    -1.0    91.8    50.7    65.3 -99.000 -99.000 -99.000 -99.000 -99.000 -9999.0 -9999.0 -9999.0 -9999.0 -9999.0
26562 20161021  2.424 -154.32   60.20     0.3    -4.0    -1.9    -1.5     0.0     2.74 C     8.7    -7.9    -2.9    60.8    45.3    52.6 -99.000 -99.000 -99.000 -99.000 -99.000 -9999.0 -9999.0 -9999.0 -9999.0 -9999.0
26562 20161022  2.424 -154.32   60.20     1.9    -7.8    -3.0    -3.0     0.0     4.50 C    10.7   -12.3    -6.0    80.6    33.0    52.8 -99.000 -99.000 -99.000 -99.000 -99.000 -9999.0 -9999.0 -9999.0 -9999.0 -9999.0
26562 20161023  2.424 -154.32   60.20     3.9   -14.1    -5.1    -6.0     0.0     4.14 C    12.8   -15.3    -8.6    91.1    37.6    75.8 -99.000 -99.000 -99.000 -99.000 -99.000 -9999.0 -9999.0 -9999.0 -9999.0 -9999.0
26562 20161024  2.424 -154.32   60.20     3.5   -12.2    -4.4    -5.7     0.0     3.93 C    12.3   -14.5    -8.5    92.6    35.0    77.9 -99.000 -99.000 -99.000 -99.000 -99.000 -9999.0 -9999.0 -9999.0 -9999.0 -9999.0
26562 20161025  2.424 -154.32   60.20     2.6   -10.6    -4.0    -2.2     0.0     1.52 C     2.8   -13.6    -4.5    91.6    64.1    75.8 -99.000 -99.000 -99.000 -99.000 -99.000 -9999.0 -9999.0 -9999.0 -9999.0 -9999.0
26562 20161026  2.424 -154.32   60.20     9.1     1.6     5.3     5.8     0.5     1.23 C     6.1     0.3     2.5    83.3    35.6    56.7 -99.000 -99.000 -99.000 -99.000 -99.000 -9999.0 -9999.0 -9999.0 -9999.0 -9999.0
26562 20161027  2.424 -154.32   60.20     8.1    -4.2     1.9     3.0     0.0     2.69 C    16.1    -7.8    -0.3    88.9    38.6    60.9 -99.000 -99.000 -99.000 -99.000 -99.000 -9999.0 -9999.0 -9999.0 -9999.0 -9999.0
26562 20161028  2.424 -154.32   60.20    13.2    -6.2     3.5     4.6     0.9     0.79 C     8.3    -9.0     0.6    93.9    38.8    66.4 -99.000 -99.000 -99.000 -99.000 -99.000 -9999.0 -9999.0 -9999.0 -9999.0 -9999.0
26562 20161029  2.424 -154.32   60.20    10.9     2.0     6.4     5.9    18.3     0.56 C     5.6     1.3     3.8    95.3    51.4    82.6 -99.000 -99.000 -99.000 -99.000 -99.000 -9999.0 -9999.0 -9999.0 -9999.0 -9999.0
26562 20161030  2.424 -154.32   60.20     9.7     0.6     5.2     3.8     1.8     3.28 C    11.7    -1.3     1.7    96.6    40.8    79.8 -99.000 -99.000 -99.000 -99.000 -99.000 -9999.0 -9999.0 -9999.0 -9999.0 -9999.0
26562 20161031  2.424 -154.32   60.20    10.4     1.8     6.1     7.0     0.0     1.71 C     6.3    -0.8     2.6    89.3    29.1    59.1 -99.000 -99.000 -99.000 -99.000 -99.000 -9999.0 -9999.0 -9999.0 -9999.0 -9999.0
26562 20161101  2.424 -154.32   60.20     8.0    -0.1     4.0     4.0    14.9     0.54 C     5.5    -0.5     2.2    97.0    52.8    80.5 -99.000 -99.000 -99.000 -99.000 -99.000 -9999.0 -9999.0 -9999.0 -9999.0 -9999.0
26562 20161102  2.424 -154.32   60.20     5.0    -1.0     2.0     2.2     0.2     1.85 C     3.3    -2.3     0.2    96.7    79.0    89.5 -99.000 -99.000 -99.000 -99.000 -99.000 -9999.0 -9999.0 -9999.0 -9999.0 -9999.0
26562 20161103  2.424 -154.32   60.20     3.6    -5.7    -1.1    -1.9     0.0     2.56 C     4.7    -6.6    -3.1    96.0    66.2    90.0 -99.000 -99.000 -99.000 -99.000 -99.000 -9999.0 -9999.0 -9999.0 -9999.0 -9999.0
26562 20161104  2.424 -154.32   60.20     0.4    -9.1    -4.3    -4.4     0.0     2.40 C     3.8    -9.2    -4.2    95.1    81.0    91.0 -99.000 -99.000 -99.000 -99.000 -99.000 -9999.0 -9999.0 -9999.0 -9999.0 -9999.0
26562 20161105  2.424 -154.32   60.20     1.8    -7.7    -3.0    -2.5     0.0     1.57 C     2.4    -8.5    -3.3    94.9    67.5    86.0 -99.000 -99.000 -99.000 -99.000 -99.000 -9999.0 -9999.0 -9999.0 -9999.0 -9999.0
26562 20161106  2.424 -154.32   60.20     3.7    -9.5    -2.9    -3.5     0.0     2.23 C     2.9    -9.9    -4.8    94.3    51.1    81.4 -99.000 -99.000 -99.000 -99.000 -99.000 -9999.0 -9999.0 -9999.0 -9999.0 -9999.0
26562 20161107  2.424 -154.32   60.20    -0.9    -5.6    -3.2    -3.0     0.7     1.07 C    -0.8    -5.5    -2.9    90.4    68.8    78.1 -99.000 -99.000 -99.000 -99.000 -99.000 -9999.0 -9999.0 -9999.0 -9999.0 -9999.0
26562 20161108  2.424 -154.32   60.20    -2.5    -9.1    -5.8    -6.3     0.0     1.54 C    -1.7   -10.1    -6.0    94.0    76.4    88.6 -99.000 -99.000 -99.000 -99.000 -99.000 -9999.0 -9999.0 -9999.0 -9999.0 -9999.0
26562 20161109  2.424 -154.32   60.20     9.3    -9.8    -0.2    -0.9     0.3     1.04 C     2.8   -10.2    -3.9    92.9    48.8    79.0 -99.000 -99.000 -99.000 -99.000 -99.000 -9999.0 -9999.0 -9999.0 -9999.0 -9999.0
26562 20161110  2.424 -154.32   60.20     6.2    -6.1     0.1    -0.8     0.0     1.39 C     2.4    -8.0    -2.3    94.4    71.6    85.0 -99.000 -99.000 -99.000 -99.000 -99.000 -9999.0 -9999.0 -9999.0 -9999.0 -9999.0
26562 20161111  2.424 -154.32   60.20     6.1    -8.4    -1.2    -1.8     0.0     1.45 C     3.9    -9.2    -3.0    95.8    58.2    87.8 -99.000 -99.000 -99.000 -99.000 -99.000 -9999.0 -9999.0 -9999.0 -9999.0 -9999.0
26562 20161112  2.424 -154.32   60.20     8.6     1.9     5.3     6.0     0.0     0.99 C     3.5    -2.3     0.5    75.0    47.4    59.5 -99.000 -99.000 -99.000 -99.000 -99.000 -9999.0 -9999.0 -9999.0 -9999.0 -9999.0
26562 20161113  2.424 -154.32   60.20     8.3     0.1     4.2     5.7     0.0     0.88 C     3.7    -2.2     0.5    83.0    43.2    61.0 -99.000 -99.000 -99.000 -99.000 -99.000 -9999.0 -9999.0 -9999.0 -9999.0 -9999.0
26562 20161114  2.424 -154.32   60.20     6.8    -8.7    -0.9    -0.1     0.0     0.85 C     0.8    -9.9    -3.3    93.4    54.2    74.8 -99.000 -99.000 -99.000 -99.000 -99.000 -9999.0 -9999.0 -9999.0 -9999.0 -9999.0
26562 20161115  2.424 -154.32   60.20    -0.9    -9.6    -5.3    -3.5     0.0     1.05 C    -1.8   -10.5    -5.7    91.6    57.0    68.6 -99.000 -99.000 -99.000 -99.000 -99.000 -9999.0 -9999.0 -9999.0 -9999.0 -9999.0
26562 20161116  2.424 -154.32   60.20    -1.4   -13.0    -7.2    -5.9     0.0     1.38 C    -2.3   -13.6    -9.0    83.5    30.9    59.1 -99.000 -99.000 -99.000 -99.000 -99.000 -9999.0 -9999.0 -9999.0 -9999.0 -9999.0
26562 20161117  2.424 -154.32   60.20    -7.8   -16.4   -12.1   -12.8     0.0     1.36 C    -5.4   -15.7   -13.3    87.9    63.8    80.8 -99.000 -99.000 -99.000 -99.000 -99.000 -9999.0 -9999.0 -9999.0 -9999.0 -9999.0
26562 20161118  2.424 -154.32   60.20    -7.4   -17.0   -12.2   -10.9     0.0     0.76 C    -2.7   -15.9    -9.7    91.8    83.3    88.0 -99.000 -99.000 -99.000 -99.000 -99.000 -9999.0 -9999.0 -9999.0 -9999.0 -9999.0
26562 20161119  2.424 -154.32   60.20    -5.4   -14.4    -9.9    -7.9     0.0     0.46 C    -2.9   -14.3    -6.4    92.2    84.4    89.9 -99.000 -99.000 -99.000 -99.000 -99.000 -9999.0 -9999.0 -9999.0 -9999.0 -9999.0
26562 20161120  2.424 -154.32   60.20    -7.0   -10.3    -8.6    -8.8     0.0     0.50 C    -4.3    -9.3    -6.7    90.7    87.2    88.8 -99.000 -99.000 -99.000 -99.000 -99.000 -9999.0 -9999.0 -9999.0 -9999.0 -9999.0
26562 20161121  2.424 -154.32   60.20    -9.1   -12.2   -10.7   -10.4     1.6     0.22 C    -7.3   -13.2    -9.5    88.8    86.4    87.6 -99.000 -99.000 -99.000 -99.000 -99.000 -9999.0 -9999.0 -9999.0 -9999.0 -9999.0
26562 20161122  2.424 -154.32   60.20    -5.6   -11.9    -8.8    -8.8     0.0     0.16 C    -4.7   -14.4    -8.9    91.9    85.5    89.3 -99.000 -99.000 -99.000 -99.000 -99.000 -9999.0 -9999.0 -9999.0 -9999.0 -9999.0
26562 20161123  2.424 -154.32   60.20    -9.3   -17.3   -13.3   -12.9     0.0     0.22 C    -9.7   -18.5   -15.3    89.7    82.3    85.6 -99.000 -99.000 -99.000 -99.000 -99.000 -9999.0 -9999.0 -9999.0 -9999.0 -9999.0
26562 20161124  2.424 -154.32   60.20    -4.6   -19.2   -11.9   -11.5     0.6     0.20 C    -4.6   -20.2   -12.0    91.7    80.7    87.0 -99.000 -99.000 -99.000 -99.000 -99.000 -9999.0 -9999.0 -9999.0 -9999.0 -9999.0
26562 20161125  2.424 -154.32   60.20    -1.7    -8.8    -5.2    -3.1     1.4     0.04 C    -1.9   -13.8    -4.3    94.8    88.8    92.2 -99.000 -99.000 -99.000 -99.000 -99.000 -9999.0 -9999.0 -9999.0 -9999.0 -9999.0
26562 20161126  2.424 -154.32   60.20     1.5    -8.5    -3.5    -2.1     0.0     0.02 C    -1.4   -12.9    -4.5    93.3    55.1    77.1 -99.000 -99.000 -99.000 -99.000 -99.000 -9999.0 -9999.0 -9999.0 -9999.0 -9999.0
26562 20161127  2.424 -154.32   60.20     0.8   -20.9   -10.0   -11.0     2.1     0.72 C    -1.3   -27.4   -13.2    91.2    65.7    77.7 -99.000 -99.000 -99.000 -99.000 -99.000 -9999.0 -9999.0 -9999.0 -9999.0 -9999.0
26562 20161128  2.424 -154.32   60.20   -15.0   -24.1   -19.6   -20.2     1.4     0.50 C   -17.9   -29.6   -24.7    83.4    74.4    80.2 -99.000 -99.000 -99.000 -99.000 -99.000 -9999.0 -9999.0 -9999.0 -9999.0 -9999.0
26562 20161129  2.424 -154.32   60.20   -19.8   -24.8   -22.3   -22.8     0.0     0.38 C   -19.2   -29.2   -25.0    81.0    75.2    78.2 -99.000 -99.000 -99.000 -99.000 -99.000 -9999.0 -9999.0 -9999.0 -9999.0 -9999.0
26562 20161130  2.424 -154.32   60.20   -14.4   -22.7   -18.6   -18.0    10.2     0.00 C   -13.5   -23.2   -17.2    84.5    79.9    82.4 -99.000 -99.000 -99.000 -99.000 -99.000 -9999.0 -9999.0 -9999.0 -9999.0 -9999.0
26562 20161201  2.424 -154.32   60.20   -15.1   -16.9   -16.0   -16.1     0.0     0.03 C   -15.3   -19.6   -16.5    83.9    78.9    82.0 -99.000 -99.000 -99.000 -99.000 -99.000 -9999.0 -9999.0 -9999.0 -9999.0 -9999.0
26562 20161202  2.424 -154.32   60.20   -13.8   -21.5   -17.6   -17.0     0.0     0.07 C   -15.2   -29.8   -22.8    81.7    58.5    70.9 -99.000 -99.000 -99.000 -99.000 -99.000 -9999.0 -9999.0 -9999.0 -9999.0 -9999.0
26562 20161203  2.424 -154.32   60.20   -15.7   -17.7   -16.7   -16.6     0.0     0.11 C   -17.1   -23.3   -20.3    66.3    51.3    56.3 -99.000 -99.000 -99.000 -99.000 -99.000 -9999.0 -9999.0 -9999.0 -9999.0 -9999.0
26562 20161204  2.424 -154.32   60.20   -16.5   -26.7   -21.6   -21.0     0.2     0.40 C   -17.4   -32.3   -25.3    81.5    50.1    73.3 -99.000 -99.000 -99.000 -99.000 -99.000 -9999.0 -9999.0 -9999.0 -9999.0 -9999.0
26562 20161205  2.424 -154.32   60.20    -7.9   -19.5   -13.7   -14.0     0.0     0.40 C    -9.2   -26.3   -16.2    88.7    78.5    83.9 -99.000 -99.000 -99.000 -99.000 -99.000 -9999.0 -9999.0 -9999.0 -9999.0 -9999.0
26562 20161206  2.424 -154.32   60.20    -2.1   -18.7   -10.4   -11.3     0.0     0.34 C    -4.9   -23.9   -15.8    88.0    64.4    81.4 -99.000 -99.000 -99.000 -99.000 -99.000 -9999.0 -9999.0 -9999.0 -9999.0 -9999.0
26562 20161207  2.424 -154.32   60.20   -13.9   -17.8   -15.9   -16.8     0.0     0.28 C   -13.6   -17.1   -16.2    86.5    74.6    81.2 -99.000 -99.000 -99.000 -99.000 -99.000 -9999.0 -9999.0 -9999.0 -9999.0 -9999.0
26562 20161208  2.424 -154.32   60.20   -14.9   -18.8   -16.9   -16.3     0.0     0.53 C   -14.5   -23.2   -17.2    79.8    71.1    75.5 -99.000 -99.000 -99.000 -99.000 -99.000 -9999.0 -9999.0 -9999.0 -9999.0 -9999.0
26562 20161209  2.424 -154.32   60.20   -12.7   -18.4   -15.5   -15.5     0.0     0.30 C   -12.9   -22.7   -16.5    87.6    72.3    80.6 -99.000 -99.000 -99.000 -99.000 -99.000 -9999.0 -9999.0 -9999.0 -9999.0 -9999.0
26562 20161210  2.424 -154.32   60.20   -11.4   -20.5   -16.0   -15.1     0.0     0.29 C   -11.4   -24.7   -16.4    88.8    78.9    83.9 -99.000 -99.000 -99.000 -99.000 -99.000 -9999.0 -9999.0 -9999.0 -9999.0 -9999.0
26562 20161211  2.424 -154.32   60.20   -10.4   -17.2   -13.8   -12.9     0.0     0.16 C   -10.1   -22.6   -13.5    88.2    80.4    85.7 -99.000 -99.000 -99.000 -99.000 -99.000 -9999.0 -9999.0 -9999.0 -9999.0 -9999.0
26562 20161212  2.424 -154.32   60.20   -11.1   -18.7   -14.9   -15.1     0.0     0.14 C   -11.0   -23.5   -19.0    89.2    80.4    83.7 -99.000 -99.000 -99.000 -99.000 -99.000 -9999.0 -9999.0 -9999.0 -9999.0 -9999.0
26562 20161213  2.424 -154.32   60.20    -1.5   -17.2    -9.4    -6.7     0.0     0.40 C    -3.9   -22.3   -10.9    93.4    59.4    75.0 -99.000 -99.000 -99.000 -99.000 -99.000 -9999.0 -9999.0 -9999.0 -9999.0 -9999.0
26562 20161214  2.424 -154.32   60.20    -1.1   -10.5    -5.8    -6.4     0.0     0.20 C    -4.1   -14.7    -9.9    92.5    64.1    86.2 -99.000 -99.000 -99.000 -99.000 -99.000 -9999.0 -9999.0 -9999.0 -9999.0 -9999.0
26562 20161215  2.424 -154.32   60.20     0.0    -9.4    -4.7    -3.1     0.0     0.12 C    -2.5   -14.5    -4.9    91.3    64.7    84.3 -99.000 -99.000 -99.000 -99.000 -99.000 -9999.0 -9999.0 -9999.0 -9999.0 -9999.0
26562 20161216  2.424 -154.32   60.20     5.3    -5.2     0.1     1.8     5.8     0.09 C     0.2   -11.2    -2.0    96.1    58.8    77.9 -99.000 -99.000 -99.000 -99.000 -99.000 -9999.0 -9999.0 -9999.0 -9999.0 -9999.0
26562 20161217  2.424 -154.32   60.20     0.2    -5.9    -2.8    -1.0     4.0     0.00 C    -0.1   -12.9    -2.9    96.6    86.0    94.7 -99.000 -99.000 -99.000 -99.000 -99.000 -9999.0 -9999.0 -9999.0 -9999.0 -9999.0
26562 20161218  2.424 -154.32   60.20     2.1    -7.8    -2.8    -0.4     0.7     0.16 C    -1.1   -14.3    -3.9    95.3    57.6    71.0 -99.000 -99.000 -99.000 -99.000 -99.000 -9999.0 -9999.0 -9999.0 -9999.0 -9999.0
26562 20161219  2.424 -154.32   60.20     0.7    -2.5    -0.9    -0.5     0.5     0.09 C    -1.1    -4.7    -2.1    95.0    76.3    87.9 -99.000 -99.000 -99.000 -99.000 -99.000 -9999.0 -9999.0 -9999.0 -9999.0 -9999.0
26562 20161220  2.424 -154.32   60.20    -1.2    -8.1    -4.6    -4.3     0.3     0.06 C    -3.4   -12.2    -7.2    93.3    81.8    89.9 -99.000 -99.000 -99.000 -99.000 -99.000 -9999.0 -9999.0 -9999.0 -9999.0 -9999.0
26562 20161221  2.424 -154.32   60.20    -3.2   -11.0    -7.1    -7.5     2.5     0.05 C    -3.5   -17.7   -10.0    93.5    57.7    76.0 -99.000 -99.000 -99.000 -99.000 -99.000 -9999.0 -9999.0 -9999.0 -9999.0 -9999.0
26562 20161222  2.424 -154.32   60.20   -10.6   -22.8   -16.7   -17.4     0.0     0.17 C   -16.3   -29.2   -23.1    84.4    57.4    76.1 -99.000 -99.000 -99.000 -99.000 -99.000 -9999.0 -9999.0 -9999.0 -9999.0 -9999.0
26562 20161223  2.424 -154.32   60.20    -1.3   -20.4   -10.8   -11.7     0.0     0.27 C    -6.0   -25.5   -13.7    90.2    46.0    80.9 -99.000 -99.000 -99.000 -99.000 -99.000 -9999.0 -9999.0 -9999.0 -9999.0 -9999.0
26562 20161224  2.424 -154.32   60.20     4.9    -5.6    -0.4     1.7     0.0     0.20 C     0.0    -7.5    -2.8    73.8    26.9    46.4 -99.000 -99.000 -99.000 -99.000 -99.000 -9999.0 -9999.0 -9999.0 -9999.0 -9999.0
26562 20161225  2.424 -154.32   60.20     5.1     2.5     3.8     3.7     0.0     0.35 C     0.1    -1.1    -0.2    73.6    50.9    63.3 -99.000 -99.000 -99.000 -99.000 -99.000 -9999.0 -9999.0 -9999.0 -9999.0 -9999.0
26562 20161226  2.424 -154.32   60.20     4.4    -2.0     1.2     0.3     5.0     0.17 C     0.1    -2.3    -0.4    96.8    55.1    91.5 -99.000 -99.000 -99.000 -99.000 -99.000 -9999.0 -9999.0 -9999.0 -9999.0 -9999.0
26562 20161227  2.424 -154.32   60.20    -2.0    -5.9    -3.9    -3.5     1.1     0.05 C    -1.8    -5.6    -3.6    94.3    91.6    93.2 -99.000 -99.000 -99.000 -99.000 -99.000 -9999.0 -9999.0 -9999.0 -9999.0 -9999.0
26562 20161228  2.424 -154.32   60.20    -5.3   -19.1   -12.2   -11.4     0.6     0.05 C    -3.3   -24.6   -13.9    93.0    73.7    82.2 -99.000 -99.000 -99.000 -99.000 -99.000 -9999.0 -9999.0 -9999.0 -9999.0 -9999.0
26562 20161229  2.424 -154.32   60.20    -0.5   -13.0    -6.8    -5.8     7.2     0.00 C    -0.2   -12.8    -5.4    96.0    76.8    89.2 -99.000 -99.000 -99.000 -99.000 -99.000 -9999.0 -9999.0 -9999.0 -9999.0 -9999.0
26562 20161230  2.424 -154.32   60.20     1.9    -9.4    -3.8    -2.1     0.4     0.26 C     0.0   -15.8    -5.5    96.1    66.9    83.1 -99.000 -99.000 -99.000 -99.000 -99.000 -9999.0 -9999.0 -9999.0 -9999.0 -9999.0
26562 20161231  2.424 -154.32   60.20     0.4    -9.9    -4.8    -5.0     0.0     0.32 C    -2.9   -15.4    -8.9    92.5    61.4    85.0 -99.000 -99.000 -99.000 -99.000 -99.000 -9999.0 -9999.0 -9999.0 -9999.0 -9999.0
