03739 20160101  2.422  -75.93   37.29 -9999.0 -9999.0 -9999.0 -9999.0     0.0     3.31 C    11.7     3.9     8.4    86.2    60.5    72.3   0.220   0.218   0.216   0.224   0.202    11.4    12.1    12.9    14.2    14.6
03739 20160102  2.422  -75.93   37.29 -9999.0 -9999.0 -9999.0 -9999.0     0.0    11.28 C    13.5     0.0     5.2    90.0    46.4    63.0   0.210   0.209   0.206   0.220   0.204     8.7     9.6    10.6    12.9    14.3
03739 20160103  2.422  -75.93   37.29     9.1     1.8     5.4     6.0     0.0     9.04 C    12.5     1.7     5.1    92.1    47.8    64.0   0.207   0.202   0.198   0.217   0.204     7.5     8.3     9.3    11.6    13.7
03739 20160104  2.422  -75.93   37.29     4.1    -2.5     0.8     1.8     0.2     4.02 C     7.4    -1.7     1.6    84.1    33.4    58.4   0.201   0.197   0.192   0.214   0.204     5.1     6.3     7.7    10.6    13.0
03739 20160105  2.422  -75.93   37.29    -2.1    -7.0    -4.6    -4.1     0.0     9.50 C     6.4    -4.9    -2.1    68.2    45.6    56.7   0.193   0.190   0.186   0.212   0.203     2.3     3.6     5.3     9.0    12.3
03739 20160106  2.422  -75.93   37.29     6.3    -4.0     1.1     1.6     0.0     9.84 C    11.9    -4.4     2.1    74.8    45.4    63.2   0.187   0.185   0.181   0.208   0.203     2.9     3.6     4.5     7.7    11.3
03739 20160107  2.422  -75.93   37.29    11.4     3.8     7.6     7.1     0.0     6.80 C    15.1     2.4     7.2    91.5    69.1    81.1   0.195   0.185   0.179   0.206   0.203     6.2     6.2     6.3     7.6    10.5
03739 20160108  2.422  -75.93   37.29    10.4     6.7     8.6     8.4     0.0     5.29 C    12.3     6.4     8.6    97.2    83.4    89.6   0.196   0.182   0.176   0.205   0.202     8.1     8.1     8.0     8.4    10.2
03739 20160109  2.422  -75.93   37.29    13.5     6.2     9.8    10.0     0.2     8.38 C    17.9     5.2    10.5    98.9    84.9    93.3   0.195   0.180   0.174   0.205   0.203     9.3     9.2     9.0     9.0    10.3
03739 20160110  2.422  -75.93   37.29    18.4     6.8    12.6    13.9     2.9     7.66 C    20.3     4.4    12.6    99.5    46.5    74.5   0.204   0.187   0.175   0.205   0.203    11.4    11.3    10.8    10.0    10.5
03739 20160111  2.422  -75.93   37.29     6.8     0.9     3.8     3.5     0.0    12.18 C    11.1    -1.8     2.9    59.2    26.3    42.3   0.198   0.184   0.175   0.204   0.202     6.5     7.5     8.6    10.1    10.9
03739 20160112  2.422  -75.93   37.29    10.3    -0.1     5.1     6.0     0.0    11.46 C    12.7    -1.8     4.1    76.4    29.7    41.3   0.192   0.178   0.171   0.202   0.202     5.1     5.8     6.7     8.8    10.7
03739 20160113  2.422  -75.93   37.29     4.8    -3.2     0.8    -0.1     0.0    12.37 C     8.1    -4.8    -0.1    73.9    31.7    41.7   0.185   0.171   0.166   0.201   0.202     3.5     4.4     5.6     8.0    10.2
03739 20160114  2.422  -75.93   37.29    12.0    -3.6     4.2     6.2     0.0    11.97 C    14.9    -4.8     3.8    75.4    37.8    49.7   0.181   0.168   0.162   0.199   0.201     3.9     4.4     5.0     7.0     9.7
03739 20160115  2.422  -75.93   37.29    10.7     3.6     7.1     8.4    21.3     6.93 C    13.6    -0.5     6.8   100.0    29.8    75.5   0.197   0.182   0.169   0.198   0.201     5.8     5.9     6.0     7.1     9.3
03739 20160116  2.422  -75.93   37.29    14.1     6.1    10.1     9.4     0.9    10.48 C    16.8     4.1     9.2   100.0    49.2    79.5   0.241   0.234   0.227   0.210   0.201     8.5     8.5     8.1     7.9     9.2
03739 20160117  2.422  -75.93   37.29     6.3     0.4     3.3     2.8    11.3     1.32 C     4.7    -0.4     2.0    97.4    64.1    80.0   0.235   0.231   0.225   0.220   0.202     5.0     5.8     6.8     8.2     9.4
03739 20160118  2.422  -75.93   37.29     2.6    -6.1    -1.8    -1.8     0.0    12.22 C     1.5    -6.3    -1.8    86.3    40.0    53.6   0.234   0.228   0.224   0.223   0.204     2.5     3.5     4.6     7.0     9.2
03739 20160119  2.422  -75.93   37.29    -2.8    -7.5    -5.1    -5.0     0.0    12.84 C     0.3    -7.6    -4.6    52.4    34.4    43.8   0.213   0.205   0.206   0.218   0.206     0.5     1.5     2.8     5.8     8.7
03739 20160120  2.422  -75.93   37.29     0.7    -5.0    -2.2    -2.5     0.0    10.12 C     5.5    -6.1    -1.6    85.9    45.1    62.7 -99.000   0.191   0.194   0.214   0.206     0.1     0.9     2.0     4.8     8.0
03739 20160121  2.422  -75.93   37.29     1.1    -3.4    -1.2    -0.8     0.0    10.46 C     4.3    -4.9    -0.9    80.4    53.3    65.7   0.208   0.195   0.190   0.211   0.205     0.3     1.0     1.8     4.2     7.4
03739 20160122  2.422  -75.93   37.29     4.1    -3.6     0.3    -1.3    17.5     2.06 C     3.1    -4.9    -1.6    97.2    54.8    77.6   0.205   0.194   0.192   0.213   0.205     0.3     0.9     1.7     3.8     6.9
03739 20160123  2.422  -75.93   37.29     6.9    -1.0     3.0     1.9    48.4     1.38 C     6.5    -1.8     1.6   100.0    78.8    93.5 -99.000   0.258   0.244   0.244   0.227     1.2     1.5     1.7     3.1     6.0
03739 20160124  2.422  -75.93   37.29     2.1    -3.3    -0.6    -0.2     0.0    13.34 C     5.3    -4.0    -0.9    89.7    50.1    64.6   0.243   0.231   0.225   0.224   0.219     1.1     1.6     1.9     3.3     5.7
03739 20160125  2.422  -75.93   37.29     7.0    -4.0     1.5     2.4     0.0    10.00 C     9.5    -4.4     1.2    94.0    46.9    72.9   0.231   0.218   0.214   0.219   0.215     1.4     1.8     2.1     3.3     5.5
03739 20160126  2.422  -75.93   37.29    15.3     5.8    10.5    10.1     0.0    10.90 C    15.9     1.8     7.1    85.0    39.2    64.4   0.227   0.217   0.212   0.216   0.213     4.5     4.2     3.8     3.7     5.5
03739 20160127  2.422  -75.93   37.29    13.4     0.9     7.1     6.3     0.5     3.13 C     8.8    -1.5     4.5    81.3    56.0    68.7   0.223   0.212   0.206   0.215   0.212     5.0     5.2     5.2     4.9     5.7
03739 20160128  2.422  -75.93   37.29     7.9    -1.2     3.3     3.9     0.0     7.94 C    13.8    -2.0     4.2    91.7    60.5    76.1   0.218   0.209   0.202   0.213   0.211     4.1     4.3     4.4     4.9     6.1
03739 20160129  2.422  -75.93   37.29     9.7     1.0     5.4     4.1     0.0     8.07 C    13.4    -1.4     2.9    88.2    42.2    61.7   0.215   0.205   0.197   0.211   0.209     3.9     4.4     4.7     5.2     6.2
03739 20160130  2.422  -75.93   37.29     6.8    -2.4     2.2     3.3     0.0    13.29 C    11.5    -4.2     2.8    83.0    48.3    61.2   0.207   0.197   0.191   0.210   0.209     3.0     3.4     3.7     4.8     6.3
03739 20160131  2.422  -75.93   37.29    18.2     5.8    12.0    11.6     0.0    13.28 C    18.7     1.1     8.7    75.6    37.8    57.1   0.204   0.194   0.187   0.208   0.208     5.8     5.6     5.1     5.0     6.2
03739 20160201  2.422  -75.93   37.29    20.1     9.0    14.5    13.9     0.8    12.18 C    20.5     7.7    12.1    95.4    52.0    67.5   0.205   0.187   0.182   0.208   0.207     9.0     8.5     7.6     6.2     6.5
03739 20160202  2.422  -75.93   37.29     9.6     6.1     7.8     7.8     0.0    13.57 C    14.0     4.1     8.3    96.0    67.8    81.4   0.204   0.185   0.177   0.207   0.207     8.6     8.6     8.4     7.4     7.1
03739 20160203  2.422  -75.93   37.29    18.1     6.9    12.5    12.9    22.8     9.09 C    20.6     4.7    12.3    99.1    75.5    90.4   0.221   0.199   0.184   0.206   0.207     9.7     9.3     8.6     7.7     7.5
03739 20160204  2.422  -75.93   37.29    16.1     4.7    10.4    10.2    21.0     1.21 C    15.3     5.5    10.6    99.2    81.2    94.9   0.269   0.252   0.241   0.235   0.211    10.6    10.7    10.3     9.0     8.1
03739 20160205  2.422  -75.93   37.29     5.7     0.2     2.9     3.3    18.4     8.11 C     8.3    -2.1     3.0    96.7    50.9    76.4   0.270   0.251   0.241   0.238   0.224     5.6     6.5     7.4     8.6     8.6
03739 20160206  2.422  -75.93   37.29     6.0    -2.8     1.6     1.3     0.0    11.30 C    12.5    -3.7     1.5    93.9    43.5    69.3   0.245   0.227   0.221   0.224   0.219     4.2     4.8     5.5     7.1     8.5
03739 20160207  2.422  -75.93   37.29     5.6    -2.9     1.4     2.8     1.1     3.04 C     5.5    -3.6     1.7    92.8    46.9    69.4   0.237   0.219   0.214   0.219   0.216     3.1     3.7     4.5     6.3     8.1
03739 20160208  2.422  -75.93   37.29     6.8     3.6     5.2     4.9     0.0     7.00 C    13.1     1.3     4.8    87.9    64.0    73.5   0.234   0.216   0.211   0.216   0.213     4.7     4.9     5.0     5.9     7.6
03739 20160209  2.422  -75.93   37.29     8.0     2.0     5.0     4.9     7.3     8.19 C    14.2    -0.2     5.5    96.7    50.6    82.1   0.255   0.234   0.225   0.215   0.212     5.9     6.0     6.0     6.2     7.4
03739 20160210  2.422  -75.93   37.29     4.5    -1.4     1.6     1.5     0.4    14.77 C    10.7    -1.7     2.5    92.2    37.0    56.5   0.244   0.227   0.222   0.217   0.211     4.3     4.9     5.3     6.2     7.4
03739 20160211  2.422  -75.93   37.29     0.1    -3.9    -1.9    -1.9     0.0    16.12 C     6.2    -4.8    -1.1    56.2    26.7    37.7   0.229   0.214   0.212   0.217   0.210     1.9     2.9     3.8     5.7     7.3
03739 20160212  2.422  -75.93   37.29    -1.9    -6.4    -4.1    -3.7     0.4     6.75 C     5.6    -7.2    -2.6    92.1    45.2    64.0   0.226   0.203   0.202   0.214   0.210     0.7     1.5     2.5     4.7     7.0
03739 20160213  2.422  -75.93   37.29    -1.5    -7.4    -4.5    -3.4     0.0    14.84 C     3.6    -6.8    -3.2    77.4    31.0    45.8   0.224   0.201   0.196   0.212   0.209     0.7     1.4     2.1     4.0     6.5
03739 20160214  2.422  -75.93   37.29    -4.1    -8.5    -6.3    -6.6     0.0    12.69 C     3.2    -7.9    -3.9    53.8    38.6    46.2 -99.000   0.199   0.190   0.210   0.209    -0.2     0.5     1.4     3.5     6.0
03739 20160215  2.422  -75.93   37.29     8.0    -5.1     1.4     1.2    13.8     1.61 C     4.5    -4.3     0.0   100.0    48.0    95.2 -99.000   0.217   0.201   0.220   0.209    -0.2     0.4     1.1     3.0     5.6
03739 20160216  2.422  -75.93   37.29    14.8     4.9     9.8     9.6    17.9     4.12 C    15.8     1.9     7.3   100.0    60.6    84.7 -99.000   0.245   0.232   0.230   0.213     4.1     3.8     3.1     3.1     5.2
03739 20160217  2.422  -75.93   37.29     9.1     1.2     5.1     5.1     0.0    13.68 C    18.3     0.0     5.7    97.8    51.6    75.1   0.246   0.230   0.225   0.225   0.218     5.7     5.6     5.2     4.5     5.3
03739 20160218  2.422  -75.93   37.29     4.8    -1.7     1.5     2.2     0.0    16.98 C     9.7    -3.6     1.7    76.4    33.3    54.4   0.235   0.219   0.215   0.221   0.215     3.6     4.2     4.5     5.0     5.7
03739 20160219  2.422  -75.93   37.29     4.9    -4.1     0.4     1.5     0.0    14.30 C    13.5    -4.8     2.3    82.3    48.5    65.0   0.225   0.209   0.206   0.217   0.214     3.0     3.3     3.6     4.5     5.8
03739 20160220  2.422  -75.93   37.29    17.7     4.4    11.1    11.7     0.0    12.90 C    18.9     1.5     9.4    79.5    42.8    59.5   0.220   0.206   0.201   0.215   0.213     6.4     6.0     5.3     4.8     5.8
03739 20160221  2.422  -75.93   37.29    17.9     9.4    13.7    12.3     3.1    10.49 C    21.7     6.5    11.7    98.3    62.4    85.0   0.221   0.202   0.196   0.214   0.211     9.2     8.7     7.8     6.1     6.0
03739 20160222  2.422  -75.93   37.29    11.4     6.2     8.8     7.7     1.2    13.88 C    14.6     5.4     8.9    98.9    74.4    84.8   0.230   0.209   0.198   0.213   0.210     9.2     9.1     8.6     7.4     6.7
03739 20160223  2.422  -75.93   37.29    11.2     6.2     8.7     8.1     4.8     3.38 C    13.6     6.6     8.7    99.7    91.1    96.0   0.249   0.224   0.210   0.212   0.210     8.4     8.4     8.2     7.6     7.3
03739 20160224  2.422  -75.93   37.29    17.3     6.7    12.0    11.6     6.4     2.73 C    14.8     7.4    11.4   100.0    83.1    98.2   0.256   0.233   0.224   0.211   0.209     9.7     9.4     8.8     7.9     7.6
03739 20160225  2.422  -75.93   37.29    16.7     6.5    11.6     9.7     0.0     9.30 C    13.1     3.5     8.1    82.9    39.0    51.2   0.251   0.233   0.228   0.220   0.209     8.7     9.1     9.1     8.6     8.0
03739 20160226  2.422  -75.93   37.29     6.9     0.9     3.9     4.4     0.0    12.92 C    12.0    -1.3     4.0    60.2    40.2    49.8   0.235   0.217   0.214   0.220   0.210     5.7     6.4     7.0     7.9     8.2
03739 20160227  2.422  -75.93   37.29     6.0    -1.3     2.4     2.3     0.0    18.62 C    14.0    -3.0     3.0    72.6    35.5    51.6   0.226   0.207   0.204   0.217   0.210     4.7     5.1     5.6     6.9     8.1
03739 20160228  2.422  -75.93   37.29    15.6     0.7     8.1     9.3     0.0    18.65 C    19.8    -1.6     7.9    83.6    35.8    53.8   0.216   0.200   0.196   0.215   0.209     6.7     6.6     6.3     6.6     7.7
03739 20160229  2.422  -75.93   37.29    19.4     5.4    12.4    13.0     0.0    16.63 C    21.2     3.2    10.1    77.6    28.4    46.2   0.207   0.191   0.189   0.213   0.209     8.7     8.5     8.0     7.3     7.6
03739 20160301  2.422  -75.93   37.29    16.2     4.2    10.2    11.3     0.0    18.07 C    19.6     0.8    10.1    83.2    50.5    70.0   0.197   0.184   0.181   0.212   0.209     9.1     8.9     8.5     7.9     7.9
03739 20160302  2.422  -75.93   37.29    16.2     1.7     8.9     8.6     0.2    17.06 C    13.2    -0.3     8.2    84.1    42.1    56.8   0.197   0.179   0.173   0.211   0.208     9.1     9.4     9.4     8.7     8.3
03739 20160303  2.422  -75.93   37.29     3.8    -1.3     1.2     1.8     0.7    10.99 C    13.1    -3.8     3.0    79.4    47.8    56.2   0.189   0.172   0.167   0.208   0.208     5.2     5.8     6.6     7.9     8.5
03739 20160304  2.422  -75.93   37.29     4.8     2.1     3.5     2.9    18.2     4.56 C     8.5     0.8     3.2    95.1    62.4    83.5   0.253   0.234   0.214   0.207   0.208     4.4     5.0     5.7     7.1     8.3
03739 20160305  2.422  -75.93   37.29     5.1     0.5     2.8     3.6     0.0    14.15 C    14.9    -2.0     4.9    71.6    54.5    62.7   0.239   0.227   0.221   0.209   0.207     5.3     5.5     5.6     6.5     7.9
03739 20160306  2.422  -75.93   37.29     8.9     0.9     4.9     4.9     0.0    16.06 C    18.5    -0.6     5.4    93.3    48.4    72.1   0.230   0.217   0.211   0.211   0.207     6.5     6.5     6.4     6.6     7.7
03739 20160307  2.422  -75.93   37.29    15.5    -0.7     7.4     8.7     0.0    18.45 C    18.8    -2.1     7.7    97.6    42.0    66.9   0.223   0.209   0.203   0.211   0.207     7.1     7.1     6.8     6.9     7.6
03739 20160308  2.422  -75.93   37.29    22.6    10.3    16.5    15.0     0.0    19.49 C    25.1     6.4    13.4    76.0    22.4    52.4   0.216   0.199   0.195   0.210   0.207    10.8    10.2     9.2     7.7     7.8
03739 20160309  2.422  -75.93   37.29    24.2    10.3    17.2    17.0     0.0    18.79 C    25.7     6.8    15.1    85.0    42.7    63.9   0.209   0.190   0.186   0.211   0.206    12.5    12.0    11.0     9.1     8.3
03739 20160310  2.422  -75.93   37.29    23.9    14.8    19.4    19.6     0.0    16.41 C    26.0    12.1    17.5    83.7    52.5    67.1   0.201   0.182   0.177   0.210   0.207    14.5    13.9    12.7    10.4     8.9
03739 20160311  2.422  -75.93   37.29    19.8     9.5    14.6    16.0     0.0    14.42 C    24.2     8.0    15.9    94.8    70.6    79.5   0.194   0.175   0.169   0.211   0.207    15.1    14.8    13.8    11.5     9.7
03739 20160312  2.422  -75.93   37.29    13.3     8.4    10.8    11.3     0.3     4.29 C    15.4     6.3    10.9    97.9    71.6    88.5   0.190   0.170   0.161   0.209   0.208    12.0    12.3    12.3    11.8    10.3
03739 20160313  2.422  -75.93   37.29    17.0     9.0    13.0    12.4     3.4    12.01 C    24.8     8.3    14.1    99.4    86.7    96.0   0.190   0.169   0.158   0.208   0.208    13.2    12.9    12.4    11.4    10.6
03739 20160314  2.422  -75.93   37.29    15.9     9.7    12.8    12.6     0.0    11.10 C    22.1    10.7    14.4    99.5    84.8    95.4   0.198   0.173   0.157   0.206   0.207    14.0    13.9    13.3    11.9    10.9
03739 20160315  2.422  -75.93   37.29    14.9     8.9    11.9    10.8     6.4    11.90 C    20.0     7.5    12.0    98.8    76.2    92.8   0.222   0.192   0.162   0.206   0.207    13.0    13.1    12.9    12.1    11.1
03739 20160316  2.422  -75.93   37.29    16.4     8.2    12.3    13.2     0.0    20.20 C    22.9     7.1    14.1    99.6    75.8    91.4   0.212   0.192   0.169   0.206   0.207    13.7    13.6    13.0    12.1    11.3
03739 20160317  2.422  -75.93   37.29    18.7    10.5    14.6    14.6     0.0    21.63 C    24.7     8.7    14.9    95.6    44.0    73.0   0.202   0.184   0.167   0.205   0.207    14.6    14.4    13.9    12.6    11.5
03739 20160318  2.422  -75.93   37.29    18.2     6.8    12.5    13.1     0.0    22.09 C    24.8     5.0    13.1    93.7    25.7    56.3   0.193   0.174   0.162   0.204   0.207    13.9    13.9    13.6    12.8    11.8
03739 20160319  2.422  -75.93   37.29    10.5     4.5     7.5     7.3     2.2     6.82 C    11.1     4.1     7.0    93.5    56.8    78.7   0.183   0.165   0.155   0.203   0.206    10.1    10.9    11.7    12.5    12.0
03739 20160320  2.422  -75.93   37.29     7.1     4.3     5.7     5.6     6.5     2.87 C     8.5     4.7     6.1    94.4    73.8    88.7   0.206   0.172   0.152   0.202   0.206     8.1     8.8     9.6    11.1    11.8
03739 20160321  2.422  -75.93   37.29    10.5     2.8     6.6     6.3     0.0    17.90 C    15.7     0.6     6.5    94.0    37.8    66.9   0.213   0.185   0.157   0.200   0.205     8.4     8.8     9.1    10.2    11.3
03739 20160322  2.422  -75.93   37.29    14.6    -0.5     7.0     8.6     0.0    22.84 C    20.7    -1.6     8.6    91.0    30.1    60.1   0.200   0.178   0.160   0.200   0.205     9.1     9.2     9.2     9.9    10.9
03739 20160323  2.422  -75.93   37.29    21.5    11.1    16.3    15.8     0.0    20.47 C    23.2     7.4    13.3    76.9    28.9    46.5   0.187   0.170   0.157   0.200   0.205    11.4    11.2    10.7    10.2    10.7
03739 20160324  2.422  -75.93   37.29    23.6    13.7    18.7    17.7     0.0    21.18 C    25.8     9.6    16.2    83.7    42.2    63.7   0.176   0.161   0.152   0.200   0.205    13.7    13.3    12.4    11.1    10.8
03739 20160325  2.422  -75.93   37.29    25.1    13.6    19.3    18.5    13.3    13.94 C    29.4    11.9    17.8    99.7    50.5    76.9   0.210   0.191   0.156   0.200   0.204    15.9    15.4    14.3    12.3    11.2
03739 20160326  2.422  -75.93   37.29    13.6     8.5    11.0    10.4     0.0    19.44 C    19.1     8.5    12.3    90.1    54.7    73.6   0.212   0.191   0.166   0.201   0.204    14.0    14.1    14.0    13.1    11.7
03739 20160327  2.422  -75.93   37.29    11.9     9.8    10.8    10.9    10.6     3.37 C    13.9     9.9    11.6    99.2    90.1    96.3   0.242   0.220   0.180   0.200   0.204    12.4    12.6    12.8    12.7    12.1
03739 20160328  2.422  -75.93   37.29    22.3    11.0    16.6    15.8     6.8    20.84 C    26.2     9.2    15.8   100.0    26.3    71.4   0.252   0.238   0.218   0.201   0.204    14.6    14.3    13.6    12.6    12.1
03739 20160329  2.422  -75.93   37.29    14.8     8.0    11.4    11.6     0.0    24.47 C    20.3     3.4    10.9    63.9    37.7    49.9   0.229   0.217   0.210   0.204   0.204    12.6    13.0    13.1    12.9    12.3
03739 20160330  2.422  -75.93   37.29    13.2     7.2    10.2    10.3     0.0    24.68 C    20.7     3.3    10.7    80.2    40.5    56.7   0.217   0.202   0.196   0.205   0.204    11.9    12.1    12.2    12.4    12.3
03739 20160331  2.422  -75.93   37.29    19.3    12.5    15.9    16.4     0.0    20.08 C    24.8     9.8    16.3    95.1    63.4    79.1   0.208   0.190   0.185   0.205   0.204    14.3    13.9    13.3    12.5    12.2
03739 20160401  2.422  -75.93   37.29    25.9    16.3    21.1    21.4     0.0    11.96 C    27.6    15.4    20.0    97.1    54.8    77.6   0.204   0.182   0.175   0.205   0.204    17.0    16.5    15.4    13.5    12.4
03739 20160402  2.422  -75.93   37.29    20.4    10.7    15.5    14.3    15.9     4.01 C    18.7     9.3    14.4    96.0    43.9    87.4   0.238   0.210   0.189   0.206   0.204    15.4    15.7    15.5    14.4    12.9
03739 20160403  2.422  -75.93   37.29    14.3     5.2     9.7     8.5     0.0    25.04 C    19.7     3.7     9.6    78.0    28.0    45.4   0.244   0.227   0.215   0.205   0.205    12.3    12.8    13.1    13.6    13.2
03739 20160404  2.422  -75.93   37.29    22.5    10.1    16.3    15.8     3.2    24.92 C    24.3     6.6    14.5    93.0    31.1    48.2   0.225   0.208   0.202   0.205   0.204    13.5    13.4    13.1    13.1    13.1
03739 20160405  2.422  -75.93   37.29    12.1     1.3     6.7     3.9     5.4    17.61 C    13.2    -1.2     5.1    94.7    41.1    65.5   0.247   0.217   0.201   0.205   0.205    10.5    11.4    12.1    13.0    13.0
03739 20160406  2.422  -75.93   37.29    12.1    -2.3     4.9     6.8     0.0    24.77 C    19.8    -3.1     8.5    86.5    42.9    67.2   0.235   0.213   0.201   0.204   0.204    10.1    10.3    10.6    11.7    12.7
03739 20160407  2.422  -75.93   37.29    19.0    11.1    15.0    14.4     0.0    16.68 C    24.2     8.4    13.9    95.7    41.9    71.8   0.225   0.203   0.194   0.205   0.203    13.0    12.8    12.3    11.9    12.3
03739 20160408  2.422  -75.93   37.29    13.1     6.7     9.9    10.6     0.0    25.90 C    20.9     4.2    11.1    75.9    36.5    52.0   0.213   0.192   0.185   0.205   0.203    13.0    13.1    12.8    12.4    12.3
03739 20160409  2.422  -75.93   37.29    10.4     3.6     7.0     8.1     0.3    17.91 C    16.5     2.2     8.1    81.3    26.9    50.0   0.204   0.181   0.174   0.204   0.203    11.1    11.6    12.0    12.5    12.5
03739 20160410  2.422  -75.93   37.29     7.9     0.6     4.3     5.2     0.0    25.34 C    20.2    -1.4     7.9    74.4    45.8    57.5   0.195   0.172   0.164   0.204   0.203    10.1    10.4    10.6    11.6    12.3
03739 20160411  2.422  -75.93   37.29    16.8     7.2    12.0    13.0     0.0    23.23 C    23.0     5.4    13.7    80.2    48.7    67.8   0.187   0.164   0.157   0.203   0.203    12.6    12.3    11.9    11.6    12.0
03739 20160412  2.422  -75.93   37.29    15.6     9.4    12.5    13.8    13.1     3.04 C    16.6     6.9    13.3   100.0    71.7    87.8   0.219   0.177   0.151   0.203   0.203    13.1    13.2    13.0    12.3    12.1
03739 20160413  2.422  -75.93   37.29    10.8     5.7     8.3     8.8     0.0    22.97 C    19.1     3.0     9.3    82.5    53.6    63.0   0.232   0.199   0.163   0.202   0.202    12.1    12.3    12.3    12.4    12.3
03739 20160414  2.422  -75.93   37.29    12.0     2.6     7.3     8.2     0.0    26.52 C    19.7     1.1     9.3    85.8    48.0    67.5   0.215   0.188   0.165   0.201   0.203    11.8    11.9    11.9    12.1    12.3
03739 20160415  2.422  -75.93   37.29    12.2     7.5     9.9     9.8     0.0    25.71 C    19.9     4.4    10.5    81.3    49.5    62.9   0.201   0.178   0.160   0.201   0.202    12.1    12.2    12.1    12.1    12.2
03739 20160416  2.422  -75.93   37.29    13.5     3.2     8.4     9.6     0.0    26.61 C    22.2     0.8    10.3    86.3    34.7    57.6   0.191   0.168   0.154   0.200   0.202    12.3    12.3    12.1    12.1    12.2
03739 20160417  2.422  -75.93   37.29    14.8     4.4     9.6    10.5     0.0    27.02 C    22.5     1.9    11.0    83.9    40.7    59.6   0.181   0.159   0.149   0.199   0.202    12.7    12.7    12.4    12.2    12.2
03739 20160418  2.422  -75.93   37.29    25.6     4.4    15.0    15.3     0.0    26.76 C    29.1     2.9    14.8    88.7    27.2    61.8   0.171   0.151   0.141   0.199   0.201    14.4    14.1    13.4    12.5    12.3
03739 20160419  2.422  -75.93   37.29    26.3     8.2    17.3    18.0     0.0    23.55 C    30.0     6.9    16.6    93.1    27.3    59.4   0.160   0.144   0.135   0.199   0.200    15.8    15.6    14.8    13.3    12.6
03739 20160420  2.422  -75.93   37.29    15.6     9.1    12.3    12.3     0.0    27.57 C    23.5     4.5    12.6    87.9    38.5    56.3   0.148   0.136   0.129   0.198   0.200    15.3    15.4    15.0    14.0    12.9
03739 20160421  2.422  -75.93   37.29    20.1     3.5    11.8    14.6     0.0    22.23 C    25.6     2.0    14.9    96.0    64.9    77.2   0.138   0.129   0.124   0.196   0.201    15.1    15.0    14.6    13.9    13.2
03739 20160422  2.422  -75.93   37.29    24.6    16.6    20.6    18.5    16.3    14.15 C    29.9    15.0    18.5    96.8    61.0    85.8   0.149   0.133   0.121   0.196   0.200    17.0    16.8    16.0    14.5    13.4
03739 20160423  2.422  -75.93   37.29    19.5    12.9    16.2    16.7     0.8    17.90 C    27.5     9.8    17.9    98.8    56.1    86.5   0.188   0.152   0.124   0.197   0.200    17.4    17.3    16.6    15.2    13.7
03739 20160424  2.422  -75.93   37.29    14.3     9.5    11.9    12.1     0.0    27.54 C    23.3     6.9    13.6    69.0    44.3    58.4   0.176   0.151   0.126   0.193   0.200    16.2    16.3    16.0    15.3    14.1
03739 20160425  2.422  -75.93   37.29    20.4     8.2    14.3    16.1     0.0    25.22 C    26.2     6.9    16.5    82.7    49.1    68.7   0.163   0.145   0.126   0.193   0.199    16.7    16.5    16.0    15.2    14.3
03739 20160426  2.422  -75.93   37.29    27.7    16.8    22.2    21.9     0.0    25.32 C    29.1    14.9    20.8    72.7    43.3    59.1   0.150   0.138   0.123   0.192   0.198    18.4    18.1    17.2    15.6    14.5
03739 20160427  2.422  -75.93   37.29    21.5    11.4    16.5    14.5     8.9    10.58 C    19.9    12.0    15.5    97.0    63.6    88.4   0.142   0.132   0.121   0.192   0.197    17.4    17.6    17.3    16.3    14.8
03739 20160428  2.422  -75.93   37.29    13.3    11.8    12.6    12.5    26.7     5.06 C    15.0    12.2    13.4   100.0    94.8    96.5   0.183   0.149   0.128   0.191   0.197    15.4    15.8    15.9    15.9    15.0
03739 20160429  2.422  -75.93   37.29    13.8    11.0    12.4    12.2     1.1     5.54 C    16.5    11.8    13.5   100.0    91.2    96.0   0.245   0.237   0.215   0.197   0.196    14.7    15.0    15.0    15.3    15.0
03739 20160430  2.422  -75.93   37.29    15.1    10.6    12.8    12.2     0.0    17.21 C    21.4    11.7    14.2    96.6    70.5    87.5   0.233   0.222   0.209   0.203   0.196    15.5    15.6    15.3    15.1    14.8
03739 20160501  2.422  -75.93   37.29    17.2    12.4    14.8    14.5     4.7     7.19 C    20.7    12.1    15.1    97.8    75.0    86.8   0.235   0.218   0.205   0.204   0.196    15.5    15.6    15.5    15.3    14.8
03739 20160502  2.422  -75.93   37.29    28.0    15.9    22.0    20.8     8.1    22.03 C    30.7    15.4    21.5    98.4    59.6    87.6   0.241   0.227   0.212   0.204   0.196    18.7    18.2    17.1    15.5    14.8
03739 20160503  2.422  -75.93   37.29    21.7    13.5    17.6    18.2    29.4    10.45 C    25.8    14.2    19.0   100.0    81.2    94.7   0.263   0.253   0.235   0.220   0.197    18.9    18.9    18.3    16.8    15.2
03739 20160504  2.422  -75.93   37.29    15.6    11.3    13.4    13.1     0.9     8.10 C    19.7    12.2    14.8    99.4    89.1    96.1   0.251   0.237   0.225   0.236   0.216    17.3    17.6    17.6    17.0    15.7
03739 20160505  2.422  -75.93   37.29 -9999.0 -9999.0 -9999.0 -9999.0 -9999.0 -9999.00 U -9999.0 -9999.0 -9999.0 -9999.0 -9999.0 -9999.0 -99.000 -99.000 -99.000 -99.000 -99.000 -9999.0 -9999.0 -9999.0 -9999.0 -9999.0
03739 20160506  2.422  -75.93   37.29    13.0     9.1    11.1    10.9    27.8    10.45 C    17.9     9.4    12.4   100.0    77.0    89.3   0.267   0.254   0.238   0.242   0.222    14.5    14.9    15.1    15.7    15.7
03739 20160507  2.422  -75.93   37.29    17.8     9.3    13.5    14.3     0.0    21.84 C    29.5     7.2    16.6    94.7    57.4    77.9   0.243   0.230   0.221   0.232   0.222    16.2    16.2    15.7    15.4    15.5
03739 20160508  2.422  -75.93   37.29    22.2    10.6    16.4    16.9     0.0    22.04 C    30.3     9.5    18.1    96.5    36.5    71.8   0.229   0.216   0.208   0.228   0.219    17.6    17.6    17.0    16.0    15.4
03739 20160509  2.422  -75.93   37.29    20.2     8.8    14.5    15.3     0.0    19.69 C    30.0     8.2    17.1    95.9    40.3    71.7   0.216   0.204   0.197   0.224   0.217    17.2    17.3    17.0    16.4    15.5
03739 20160510  2.422  -75.93   37.29    16.9    13.4    15.2    15.1     5.3    13.05 C    26.4    13.5    16.6    91.1    75.7    85.9   0.225   0.203   0.191   0.221   0.216    17.3    17.4    17.2    16.6    15.7
03739 20160511  2.422  -75.93   37.29    20.0    13.9    17.0    16.2     0.0    12.01 C    31.0    13.5    18.4    98.8    86.2    91.9   0.224   0.205   0.192   0.219   0.215    17.8    17.8    17.4    16.7    15.8
03739 20160512  2.422  -75.93   37.29    19.2    14.6    16.9    16.7     0.0    15.12 C    27.9    14.5    19.2    99.6    75.3    88.7   0.218   0.200   0.188   0.218   0.214    18.5    18.5    18.0    17.0    16.0
03739 20160513  2.422  -75.93   37.29    23.1    15.3    19.2    18.6     0.0     8.72 C    26.6    13.2    19.1    97.5    77.0    90.5   0.212   0.195   0.182   0.216   0.214    18.5    18.6    18.2    17.3    16.2
03739 20160514  2.422  -75.93   37.29    25.8    11.6    18.7    18.3     1.7    26.60 C    33.3    10.7    20.6    99.4    41.8    76.3   0.204   0.187   0.176   0.215   0.213    19.5    19.4    18.7    17.5    16.4
03739 20160515  2.422  -75.93   37.29    17.6     8.9    13.2    13.5     0.0    28.44 C    29.8     9.4    16.2    85.2    35.9    51.8   0.194   0.178   0.167   0.212   0.212    18.4    18.8    18.6    17.9    16.6
03739 20160516  2.422  -75.93   37.29    18.6     4.9    11.8    13.9     0.0    28.49 C    30.7     5.6    17.4    91.9    35.6    58.1   0.180   0.167   0.158   0.211   0.211    17.9    18.1    17.8    17.6    16.7
03739 20160517  2.422  -75.93   37.29    18.8    13.5    16.2    16.1    13.0     5.17 C    21.7    14.3    17.0    96.9    77.3    89.6   0.203   0.176   0.155   0.209   0.211    17.8    18.0    17.9    17.6    16.7
03739 20160518  2.422  -75.93   37.29    16.0    12.0    14.0    13.8     3.0    11.40 C    23.0    11.3    15.1    97.1    80.6    88.9   0.239   0.205   0.171   0.208   0.209    17.1    17.4    17.4    17.4    16.7
03739 20160519  2.422  -75.93   37.29    18.4     8.6    13.5    14.0     0.0    17.73 C    32.3     6.9    16.1    95.9    56.2    74.6   0.226   0.201   0.178   0.207   0.209    17.2    17.4    17.3    17.1    16.7
03739 20160520  2.422  -75.93   37.29    21.7     7.4    14.6    15.9     0.0    26.26 C    34.9     6.1    18.8    98.5    52.7    75.6   0.216   0.193   0.177   0.206   0.210    18.2    18.1    17.7    17.1    16.7
03739 20160521  2.422  -75.93   37.29    19.1    15.2    17.1    16.9     4.1     5.87 C    24.2    15.2    17.4    98.0    66.5    90.4   0.217   0.191   0.174   0.206   0.210    18.0    18.1    18.0    17.6    16.7
03739 20160522  2.422  -75.93   37.29    16.5    13.8    15.1    14.7     4.0     8.63 C    24.5    14.5    16.4    99.1    83.1    92.6   0.223   0.196   0.176   0.206   0.210    17.3    17.6    17.6    17.4    16.8
03739 20160523  2.422  -75.93   37.29    18.7    13.3    16.0    14.8     3.6    10.63 C    25.5    12.1    16.2    97.8    70.5    87.9   0.249   0.227   0.198   0.206   0.209    17.1    17.3    17.3    17.2    16.8
03739 20160524  2.422  -75.93   37.29    26.3    13.7    20.0    19.7     0.0    27.13 C    36.4    12.3    22.0    95.7    34.4    70.5   0.235   0.220   0.205   0.205   0.208    19.5    19.2    18.4    17.3    16.7
03739 20160525  2.422  -75.93   37.29    28.8    17.5    23.2    22.7     0.0    27.47 C    41.2    15.4    24.7    94.7    33.9    64.1   0.222   0.207   0.197   0.206   0.208    21.7    21.4    20.4    18.4    16.9
03739 20160526  2.422  -75.93   37.29    27.7    19.8    23.7    23.5     0.0    26.87 C    38.3    17.5    25.5    81.5    58.7    71.0   0.210   0.195   0.186   0.207   0.209    23.0    22.7    21.7    19.4    17.4
03739 20160527  2.422  -75.93   37.29    27.4    20.1    23.7    23.3     0.0    26.33 C    38.1    18.2    25.3    81.9    51.9    68.9   0.199   0.183   0.175   0.208   0.208    23.4    23.3    22.4    20.3    18.0
03739 20160528  2.422  -75.93   37.29    26.0    17.5    21.7    22.1     0.0    29.18 C    38.4    15.9    24.9    96.9    36.9    77.8   0.188   0.172   0.164   0.207   0.209    23.8    23.7    22.7    20.8    18.5
03739 20160529  2.422  -75.93   37.29    25.3    20.5    22.9    23.0     0.9    13.67 C    34.1    18.9    24.2    97.5    84.6    92.1   0.182   0.165   0.156   0.207   0.209    23.5    23.5    22.9    21.2    19.0
03739 20160530  2.422  -75.93   37.29    23.2    19.9    21.6    21.9    22.7     6.63 C    26.8    20.2    22.8   100.0    87.0    95.6   0.205   0.186   0.171   0.207   0.209    23.1    23.2    22.7    21.4    19.3
03739 20160531  2.422  -75.93   37.29    24.9    18.7    21.8    22.0     0.0    21.33 C    37.8    18.3    25.2    99.5    76.5    90.2   0.239   0.231   0.221   0.209   0.209    24.0    23.9    23.1    21.4    19.5
03739 20160601  2.422  -75.93   37.29    24.8    17.4    21.1    21.3     0.0    17.21 C    42.6    17.4    24.0    99.8    74.5    90.9   0.225   0.215   0.208   0.214   0.209    23.4    23.6    23.2    21.8    19.8
03739 20160602  2.422  -75.93   37.29    24.2    20.4    22.3    21.8     0.0    14.94 C    38.5    21.0    24.9   100.0    85.5    95.2   0.218   0.206   0.199   0.215   0.209    23.5    23.6    23.0    21.8    20.0
03739 20160603  2.422  -75.93   37.29    23.2    19.2    21.2    20.5     0.6    16.98 C    41.8    20.3    25.1   100.0    84.4    95.9   0.214   0.198   0.191   0.214   0.210    23.7    23.8    23.2    21.9    20.2
03739 20160604  2.422  -75.93   37.29    24.7    19.8    22.2    21.8     0.0    15.91 C    43.6    20.4    25.5    98.3    83.7    92.2   0.210   0.191   0.184   0.213   0.210    23.9    24.0    23.4    22.1    20.4
03739 20160605  2.422  -75.93   37.29    31.1    21.1    26.1    25.4    20.5    23.07 C    44.5    21.1    28.3    98.0    58.4    81.4   0.217   0.192   0.178   0.212   0.211    25.1    25.0    24.2    22.5    20.6
03739 20160606  2.422  -75.93   37.29    27.7    21.6    24.7    24.6     2.6    20.42 C    40.5    21.1    27.0    97.5    61.7    78.4   0.244   0.233   0.224   0.226   0.210    25.3    25.3    24.7    23.0    20.9
03739 20160607  2.422  -75.93   37.29    28.5    18.3    23.4    23.1     1.6    19.88 C    43.9    18.8    26.3    96.1    43.2    81.3   0.231   0.216   0.210   0.227   0.212    25.5    25.6    24.9    23.3    21.3
03739 20160608  2.422  -75.93   37.29    25.5    14.3    19.9    20.7     0.0    28.68 C    40.1    13.6    23.3    95.3    26.8    54.9   0.220   0.201   0.197   0.225   0.213    24.0    24.5    24.4    23.4    21.5
03739 20160609  2.422  -75.93   37.29    25.9    14.8    20.3    21.2     0.0    29.44 C    39.5    13.0    24.1    72.2    35.7    51.0   0.203   0.183   0.182   0.221   0.213    23.4    23.6    23.4    22.9    21.5
03739 20160610  2.422  -75.93   37.29    24.7    17.9    21.3    21.6     0.0    29.07 C    39.4    16.1    24.9    78.9    36.5    49.6   0.187   0.168   0.166   0.219   0.213    23.6    23.8    23.6    22.8    21.5
03739 20160611  2.422  -75.93   37.29    30.7    19.0    24.8    25.6     0.0    27.09 C    42.1    17.3    27.9    82.6    52.6    66.4   0.171   0.157   0.154   0.217   0.213    25.0    24.9    24.2    22.9    21.5
03739 20160612  2.422  -75.93   37.29    31.9    22.2    27.0    27.3     0.2    23.71 C    42.0    19.8    28.2    81.2    29.0    58.9   0.154   0.145   0.144   0.215   0.213    25.9    25.9    25.3    23.6    21.7
03739 20160613  2.422  -75.93   37.29    24.0    18.7    21.4    21.4     0.0    28.41 C    38.5    16.9    24.7    84.7    35.8    54.7   0.139   0.134   0.136   0.213   0.213    24.3    24.7    24.5    23.6    21.9
03739 20160614  2.422  -75.93   37.29    23.7    16.5    20.1    20.6     0.0    28.38 C    39.1    15.6    24.8    93.3    50.4    71.2   0.126   0.125   0.129   0.210   0.212    24.9    24.9    24.5    23.5    22.0
03739 20160615  2.422  -75.93   37.29    25.8    19.1    22.5    22.7     0.0    18.19 C    40.9    17.3    25.2    96.4    59.6    77.0   0.116   0.116   0.123   0.207   0.212    24.7    24.8    24.4    23.5    22.1
03739 20160616  2.422  -75.93   37.29    28.5    20.0    24.2    24.0     7.5    18.75 C    41.6    20.6    26.9    97.0    69.1    86.9   0.108   0.111   0.118   0.206   0.211    25.4    25.4    24.8    23.6    22.2
03739 20160617  2.422  -75.93   37.29    21.9    18.4    20.2    20.0    17.6     7.57 C    23.7    17.9    20.3   100.0    75.4    90.7   0.177   0.153   0.118   0.203   0.211    22.9    23.5    23.8    23.6    22.3
03739 20160618  2.422  -75.93   37.29    23.3    14.3    18.8    19.8     0.0    30.11 C    33.6    14.2    22.3    96.9    38.1    73.4   0.196   0.173   0.132   0.201   0.210    23.0    23.2    23.1    22.9    22.2
03739 20160619  2.422  -75.93   37.29    27.6    12.8    20.2    21.4     0.0    28.05 C    37.5    12.4    23.2    98.3    31.1    64.0   0.170   0.156   0.134   0.200   0.209    23.3    23.4    23.2    22.8    22.0
03739 20160620  2.422  -75.93   37.29    29.0    20.0    24.5    24.6     0.0    28.10 C    37.8    17.5    25.1    83.7    36.5    56.3   0.147   0.142   0.130   0.198   0.209    24.4    24.4    23.9    23.0    22.0
03739 20160621  2.422  -75.93   37.29    30.6    22.3    26.4    26.1     0.0    20.35 C    37.2    19.9    26.5    72.2    57.2    65.4   0.130   0.130   0.125   0.198   0.208    24.8    24.8    24.3    23.3    22.0
03739 20160622  2.422  -75.93   37.29    29.2    22.9    26.0    26.1     0.0    21.59 C    42.2    21.0    28.1    88.9    48.8    68.2   0.119   0.122   0.120   0.197   0.208    25.6    25.6    25.0    23.6    22.2
03739 20160623  2.422  -75.93   37.29    27.8    21.8    24.8    24.5    16.5    11.82 C    36.9    21.0    25.4    97.1    64.8    81.3   0.168   0.142   0.120   0.198   0.207    25.2    25.3    24.9    23.9    22.4
03739 20160624  2.422  -75.93   37.29    27.4    21.8    24.6    24.5     0.0    21.02 C    40.9    20.5    27.3    94.4    67.8    80.4   0.177   0.152   0.126   0.197   0.207    25.8    25.8    25.2    24.0    22.5
03739 20160625  2.422  -75.93   37.29    24.4    20.3    22.4    22.5     0.0    21.71 C    38.5    18.3    25.5    93.2    66.2    82.3   0.163   0.145   0.127   0.196   0.206    25.4    25.6    25.2    24.3    22.7
03739 20160626  2.422  -75.93   37.29    23.9    16.3    20.1    21.3     0.0    28.38 C    39.0    15.0    25.4    96.1    68.4    81.6   0.150   0.138   0.126   0.196   0.207    25.1    25.2    24.8    24.1    22.8
03739 20160627  2.422  -75.93   37.29    26.2    16.0    21.1    23.0     0.0    28.73 C    39.9    15.0    26.9    98.7    59.1    82.8   0.137   0.130   0.123   0.196   0.206    25.9    25.8    25.3    24.2    22.8
03739 20160628  2.422  -75.93   37.29    24.8    20.3    22.5    23.4     5.2     6.97 C    27.3    19.5    23.7    98.6    82.5    90.7   0.132   0.126   0.121   0.196   0.205    25.0    25.3    25.1    24.4    22.9
03739 20160629  2.422  -75.93   37.29    28.8    19.6    24.2    23.8     0.0    28.40 C    40.7    18.9    26.8    98.9    48.4    78.4   0.137   0.126   0.119   0.195   0.205    25.4    25.5    25.0    24.2    23.0
03739 20160630  2.422  -75.93   37.29    26.8    18.8    22.8    23.8     0.2    23.42 C    38.4    18.5    26.4    97.6    56.7    75.5   0.127   0.120   0.116   0.195   0.205    25.6    25.7    25.2    24.3    23.0
03739 20160701  2.422  -75.93   37.29    29.4    21.1    25.2    24.5    39.4    18.27 C    39.8    20.2    25.9   100.0    58.0    87.7   0.170   0.165   0.157   0.195   0.205    25.5    25.7    25.4    24.6    23.1
03739 20160702  2.422  -75.93   37.29    27.6    18.7    23.2    24.4     0.0    27.89 C    37.2    19.3    26.8    93.1    44.7    68.3   0.218   0.210   0.207   0.204   0.204    25.6    25.7    25.3    24.5    23.3
03739 20160703  2.422  -75.93   37.29    23.5    17.7    20.6    19.8    36.6     4.01 C    22.1    17.4    20.0    98.1    66.2    86.7   0.246   0.235   0.226   0.229   0.207    22.9    23.6    24.0    24.4    23.3
03739 20160704  2.422  -75.93   37.29    24.4    18.2    21.3    22.0     1.7     6.74 C    27.7    18.1    22.2    98.1    84.8    92.7   0.241   0.229   0.227   0.232   0.217    22.8    23.1    23.1    23.4    23.1
03739 20160705  2.422  -75.93   37.29    31.3    24.3    27.8    27.2     0.0    23.64 C    37.1    23.2    28.2    95.6    63.2    80.8   0.229   0.217   0.218   0.229   0.219    25.5    25.3    24.5    23.5    22.9
03739 20160706  2.422  -75.93   37.29    31.8    23.5    27.6    27.2    21.1    23.58 C    42.2    23.3    29.8   100.0    59.3    84.5   0.221   0.209   0.209   0.227   0.218    27.1    27.0    26.1    24.4    23.0
03739 20160707  2.422  -75.93   37.29    32.6    23.6    28.1    28.1     3.3    27.01 C    40.0    23.7    30.1   100.0    60.7    81.0   0.238   0.226   0.224   0.237   0.221    28.1    28.1    27.1    25.3    23.4
03739 20160708  2.422  -75.93   37.29    31.4    23.3    27.3    27.2     3.8    25.91 C    38.5    23.6    29.1    95.3    58.8    79.1   0.239   0.221   0.218   0.230   0.222    28.4    28.5    27.7    26.0    23.8
03739 20160709  2.422  -75.93   37.29    30.5    23.9    27.2    27.3     0.0    22.73 C    38.2    22.9    28.3    93.4    59.0    75.9   0.224   0.208   0.206   0.227   0.221    28.1    28.3    27.6    26.2    24.2
03739 20160710  2.422  -75.93   37.29    28.8    22.6    25.7    26.3     0.0    27.41 C    35.4    21.6    27.1    89.5    49.8    67.9   0.206   0.192   0.192   0.224   0.221    27.4    27.8    27.4    26.3    24.5
03739 20160711  2.422  -75.93   37.29    27.4    20.7    24.0    24.9     0.0    27.85 C    35.1    20.2    26.7    97.3    61.2    76.8   0.189   0.176   0.176   0.221   0.220    27.2    27.5    27.1    26.2    24.7
03739 20160712  2.422  -75.93   37.29    27.6    24.0    25.8    25.7     0.0    25.52 C    33.9    21.4    26.4    82.7    59.0    71.3   0.172   0.162   0.161   0.219   0.219    26.8    27.0    26.7    26.1    24.7
03739 20160713  2.422  -75.93   37.29    30.6    25.4    28.0    27.4     0.0    25.08 C    36.4    23.6    28.7    93.9    65.2    84.2   0.158   0.150   0.150   0.217   0.219    27.5    27.5    27.0    26.0    24.7
03739 20160714  2.422  -75.93   37.29    33.6    23.3    28.4    29.0     0.0    26.70 C    37.8    22.4    29.4    93.9    53.9    72.7   0.142   0.138   0.140   0.214   0.218    28.3    28.4    27.6    26.3    24.8
03739 20160715  2.422  -75.93   37.29    33.0    23.2    28.1    27.6    15.9    21.56 C    38.6    22.9    28.3    94.8    61.2    80.1   0.153   0.147   0.133   0.212   0.218    28.3    28.5    28.0    26.7    24.9
03739 20160716  2.422  -75.93   37.29    29.6    22.7    26.1    25.5     2.0    12.33 C    32.8    22.8    25.9    97.6    66.2    86.2   0.189   0.168   0.137   0.211   0.218    27.0    27.4    27.2    26.6    25.1
03739 20160717  2.422  -75.93   37.29    29.9    22.8    26.3    25.7     0.4    25.07 C    35.2    21.6    27.0    98.3    65.6    85.3   0.184   0.163   0.141   0.209   0.217    27.5    27.7    27.2    26.4    25.1
03739 20160718  2.422  -75.93   37.29    31.9    22.5    27.2    27.7     0.0    25.98 C    36.0    20.8    28.0    99.1    59.9    80.2   0.168   0.154   0.144   0.207   0.216    27.7    27.9    27.4    26.5    25.1
03739 20160719  2.422  -75.93   37.29    30.5    21.1    25.8    25.8    10.1    21.20 C    36.9    20.1    26.9    97.3    48.5    81.6   0.211   0.160   0.142   0.206   0.215    27.5    27.8    27.5    26.6    25.2
03739 20160720  2.422  -75.93   37.29    28.6    21.0    24.8    24.7     3.0    25.11 C    35.6    20.0    26.3    98.7    58.6    84.5   0.188   0.160   0.144   0.205   0.215    27.3    27.5    27.3    26.6    25.3
03739 20160721  2.422  -75.93   37.29    29.9    20.7    25.3    25.5     0.0    25.69 C    39.8    19.7    27.2    98.8    38.0    74.6   0.178   0.157   0.140   0.204   0.213    27.2    27.4    27.1    26.5    25.3
03739 20160722  2.422  -75.93   37.29    31.8    23.2    27.5    27.8     0.0    24.82 C    37.0    21.4    28.5    90.2    57.5    74.7   0.162   0.149   0.135   0.203   0.214    27.4    27.6    27.2    26.5    25.3
03739 20160723  2.422  -75.93   37.29    33.2    25.4    29.3    29.0     0.0    26.48 C    39.3    23.8    30.1    88.2    53.5    75.1   0.147   0.140   0.131   0.202   0.212    28.3    28.3    27.7    26.6    25.3
03739 20160724  2.422  -75.93   37.29    33.5    26.6    30.1    29.3     0.0    24.04 C    40.1    25.4    30.4    94.5    59.5    79.5   0.133   0.131   0.125   0.201   0.213    28.8    28.8    28.2    27.0    25.4
03739 20160725  2.422  -75.93   37.29    34.4    26.6    30.5    30.0     0.0    24.95 C    38.0    25.2    30.1    92.6    48.4    73.3   0.122   0.122   0.120   0.200   0.212    28.8    29.0    28.4    27.2    25.5
03739 20160726  2.422  -75.93   37.29    32.2    25.8    29.0    28.3     0.0    22.85 C    40.9    25.1    29.7    94.6    69.2    81.9   0.112   0.113   0.114   0.198   0.211    28.6    28.8    28.3    27.3    25.8
03739 20160727  2.422  -75.93   37.29    32.2    25.2    28.7    28.4     0.0    21.45 C    39.7    24.2    30.0    96.8    60.7    82.9   0.106   0.107   0.109   0.196   0.210    28.8    28.9    28.4    27.4    25.9
03739 20160728  2.422  -75.93   37.29    32.4    24.8    28.6    28.5     0.0    24.16 C    38.1    24.3    30.0    98.1    61.7    82.7   0.100   0.102   0.106   0.194   0.208    29.0    29.0    28.6    27.6    25.9
03739 20160729  2.422  -75.93   37.29    30.3    23.8    27.0    27.1     0.0    20.28 C    38.1    22.6    27.9    93.7    59.2    78.8   0.094   0.095   0.099   0.191   0.207    27.8    28.2    28.0    27.4    26.1
03739 20160730  2.422  -75.93   37.29    29.6    23.1    26.3    25.8     4.2    14.47 C    36.3    21.4    26.2    98.6    68.3    87.6   0.090   0.091   0.096   0.188   0.205    27.1    27.5    27.4    27.1    26.1
03739 20160731  2.422  -75.93   37.29    30.9    22.6    26.7    26.2     0.0    19.78 C    37.6    21.9    27.4    98.9    66.8    84.4   0.093   0.091   0.094   0.187   0.204    27.3    27.5    27.2    26.9    26.0
03739 20160801  2.422  -75.93   37.29    30.5    24.1    27.3    27.3     0.0    23.44 C    37.5    22.3    28.4    92.4    68.1    80.9   0.092   0.091   0.093   0.184   0.202    27.5    27.8    27.4    26.9    25.9
03739 20160802  2.422  -75.93   37.29    28.2    23.1    25.7    25.7     3.0    14.11 C    36.3    22.2    26.4    97.8    72.3    87.2   0.090   0.090   0.091   0.182   0.201    27.1    27.4    27.3    26.9    25.9
03739 20160803  2.422  -75.93   37.29    26.8    23.4    25.1    24.8     0.0    21.33 C    34.1    21.6    25.6    86.1    64.3    74.5   0.089   0.088   0.090   0.180   0.199    25.9    26.4    26.5    26.6    25.8
03739 20160804  2.422  -75.93   37.29    28.1    21.5    24.8    25.0     0.0    19.75 C    35.3    19.6    25.7    89.0    68.1    76.4   0.087   0.087   0.087   0.177   0.197    25.6    25.9    26.0    26.1    25.6
03739 20160805  2.422  -75.93   37.29    27.4    20.8    24.1    24.9     0.0    21.40 C    35.1    18.6    26.1    94.9    69.0    80.5   0.085   0.085   0.086   0.173   0.195    25.7    25.9    25.8    25.9    25.5
03739 20160806  2.422  -75.93   37.29    31.1    25.0    28.0    27.7     0.0    21.60 C    36.6    23.7    28.6    93.6    65.2    81.3   0.083   0.083   0.083   0.169   0.193    26.7    26.8    26.4    25.9    25.3
03739 20160807  2.422  -75.93   37.29    29.5    20.0    24.8    25.9     0.0    15.72 C    35.7    17.5    26.2    91.4    45.7    72.0   0.080   0.082   0.082   0.167   0.191    26.4    26.7    26.5    26.1    25.3
03739 20160808  2.422  -75.93   37.29    27.4    19.9    23.6    23.0     6.6     7.33 C    30.8    18.9    23.3    95.0    60.5    84.7   0.080   0.080   0.080   0.165   0.190    25.1    25.6    25.7    25.9    25.3
03739 20160809  2.422  -75.93   37.29    28.3    21.0    24.7    25.1     8.6    14.80 C    33.9    21.1    25.8    97.1    78.3    87.4   0.153   0.095   0.081   0.165   0.189    25.1    25.4    25.3    25.4    25.1
03739 20160810  2.422  -75.93   37.29    30.8    25.0    27.9    27.7     0.0    23.71 C    36.4    23.2    28.6    98.2    53.9    83.4   0.136   0.103   0.082   0.165   0.187    26.6    26.7    26.2    25.6    25.0
03739 20160811  2.422  -75.93   37.29    31.2    25.4    28.3    28.0     0.0    23.25 C    36.8    24.0    29.0    96.0    59.3    82.0   0.118   0.101   0.083   0.165   0.186    27.3    27.3    26.8    26.0    25.0
03739 20160812  2.422  -75.93   37.29    32.4    25.9    29.2    28.6     0.0    24.54 C    37.1    24.2    29.4    90.4    60.5    80.2   0.103   0.096   0.083   0.164   0.185    27.5    27.6    27.1    26.3    25.2
03739 20160813  2.422  -75.93   37.29    34.6    26.9    30.8    30.3     0.0    24.34 C    44.4    25.4    32.2    89.9    54.7    73.1   0.094   0.091   0.082   0.163   0.184    28.3    28.5    27.7    26.6    25.3
03739 20160814  2.422  -75.93   37.29    35.0    27.6    31.3    30.5     0.0    24.66 C    45.4    25.7    32.6    84.5    52.0    72.2   0.088   0.087   0.082   0.162   0.183    28.8    29.0    28.2    27.0    25.5
03739 20160815  2.422  -75.93   37.29    32.5    26.0    29.3    29.5     0.0    23.48 C    44.3    24.5    32.3    96.4    54.8    76.1   0.084   0.083   0.081   0.160   0.182    29.1    29.3    28.6    27.3    25.7
03739 20160816  2.422  -75.93   37.29    33.5    25.5    29.5    29.1     0.0    22.11 C    44.2    24.5    31.4    92.3    57.3    77.7   0.081   0.081   0.079   0.158   0.180    29.1    29.4    28.7    27.5    26.0
03739 20160817  2.422  -75.93   37.29    34.7    26.6    30.7    29.5     0.0    23.05 C    43.7    25.0    31.6    85.9    49.5    71.9   0.078   0.078   0.078   0.156   0.178    29.0    29.2    28.6    27.6    26.2
03739 20160818  2.422  -75.93   37.29    31.4    23.0    27.2    27.2     0.0    19.20 C    44.8    21.1    29.3    94.7    53.7    76.7   0.076   0.076   0.076   0.154   0.177    28.5    28.9    28.4    27.6    26.3
03739 20160819  2.422  -75.93   37.29    30.9    22.1    26.5    25.6     0.9    14.23 C    43.7    20.6    26.9    98.0    57.6    84.2   0.074   0.074   0.075   0.153   0.175    27.7    28.1    27.9    27.5    26.3
03739 20160820  2.422  -75.93   37.29    30.1    20.7    25.4    26.0     0.0    23.80 C    42.1    19.8    28.9    98.8    50.1    80.2   0.072   0.073   0.074   0.151   0.173    27.6    27.9    27.6    27.1    26.3
03739 20160821  2.422  -75.93   37.29    30.7    22.1    26.4    26.5     3.3    21.21 C    40.9    20.1    28.7    97.6    67.2    84.5   0.071   0.072   0.073   0.149   0.172    27.8    28.0    27.6    27.1    26.2
03739 20160822  2.422  -75.93   37.29    29.4    20.9    25.1    25.5     0.0    24.36 C    41.2    18.6    27.1    92.2    42.2    63.5   0.072   0.072   0.072   0.148   0.170    26.4    27.0    27.0    26.9    26.2
03739 20160823  2.422  -75.93   37.29    27.1    19.6    23.4    24.1     0.0    22.95 C    39.9    16.2    25.7    78.9    44.5    58.5   0.069   0.069   0.072   0.146   0.168    25.8    26.2    26.3    26.4    25.9
03739 20160824  2.422  -75.93   37.29    27.1    15.4    21.3    22.6     0.0    24.99 C    42.4    13.2    25.5    94.5    47.2    69.9   0.068   0.069   0.073   0.145   0.166    25.4    25.8    25.8    26.0    25.7
03739 20160825  2.422  -75.93   37.29    29.8    19.0    24.4    25.0     0.0    22.98 C    42.9    16.5    27.9    97.4    46.5    74.0   0.067   0.068   0.072   0.144   0.164    25.8    26.1    25.9    25.8    25.5
03739 20160826  2.422  -75.93   37.29    33.4    24.1    28.8    27.7     0.0    21.83 C    48.9    22.1    31.1    96.0    55.0    75.2   0.067   0.067   0.072   0.143   0.162    27.1    27.2    26.6    26.0    25.3
03739 20160827  2.422  -75.93   37.29    31.2    23.0    27.1    26.7     0.0    22.85 C    45.1    22.0    30.4    97.0    47.8    79.2   0.066   0.066   0.070   0.142   0.160    27.3    27.5    27.1    26.3    25.4
03739 20160828  2.422  -75.93   37.29    29.5    24.3    26.9    26.2     0.0    20.12 C    37.2    22.0    27.7    91.2    61.1    77.9   0.065   0.066   0.070   0.142   0.159    27.0    27.4    27.0    26.4    25.5
03739 20160829  2.422  -75.93   37.29    30.0    20.9    25.4    25.3     0.0    21.77 C    37.8    19.2    26.9    94.3    46.6    76.8   0.064   0.065   0.070   0.140   0.157    26.9    27.2    26.9    26.4    25.6
03739 20160830  2.422  -75.93   37.29    29.8    20.9    25.3    25.7     0.0    21.85 C    38.1    19.3    27.8    94.7    52.8    77.9   0.063   0.064   0.068   0.139   0.155    27.0    27.2    26.8    26.3    25.6
03739 20160831  2.422  -75.93   37.29    29.7    20.4    25.0    25.9     0.0    21.06 C    37.5    19.4    27.7    98.3    55.7    77.0   0.062   0.063   0.067   0.139   0.153    27.2    27.5    27.0    26.4    25.6
03739 20160901  2.422  -75.93   37.29    30.6    22.9    26.7    25.8     0.0    16.40 C    37.6    21.1    27.2    95.1    62.0    81.5   0.061   0.063   0.067   0.138   0.151    27.0    27.3    27.0    26.4    25.7
03739 20160902  2.422  -75.93   37.29    26.4    21.3    23.8    23.6     2.8    11.48 C    30.5    20.7    24.2    92.3    54.8    73.4   0.059   0.061   0.066   0.137   0.149    25.8    26.4    26.4    26.3    25.7
03739 20160903  2.422  -75.93   37.29    23.3    20.5    21.9    22.2    31.3     4.14 C    23.3    19.6    21.6    95.2    66.4    84.5   0.175   0.138   0.086   0.137   0.149    23.7    24.4    24.9    25.7    25.5
03739 20160904  2.422  -75.93   37.29    25.5    17.7    21.6    21.2     0.0    13.61 C    37.7    16.3    22.4    86.9    61.7    73.3   0.184   0.164   0.111   0.135   0.147    22.9    23.4    23.7    24.8    25.1
03739 20160905  2.422  -75.93   37.29    25.9    17.7    21.8    21.6     0.0    12.79 C    37.3    16.3    22.4    88.9    46.4    72.7   0.164   0.149   0.116   0.135   0.147    22.5    23.0    23.2    24.2    24.8
03739 20160906  2.422  -75.93   37.29    30.3    21.6    26.0    25.6     0.0    22.49 C    38.1    19.3    26.3    86.4    41.5    62.9   0.147   0.138   0.115   0.135   0.145    23.4    23.7    23.6    23.9    24.3
03739 20160907  2.422  -75.93   37.29    30.4    19.9    25.2    25.8     0.0    15.38 C    38.4    18.7    26.8    94.2    50.6    77.0   0.133   0.128   0.111   0.136   0.145    24.3    24.5    24.3    24.1    24.2
03739 20160908  2.422  -75.93   37.29    31.7    23.5    27.6    27.1     1.7    18.94 C    38.4    22.7    28.2    93.5    57.1    78.8   0.124   0.121   0.108   0.137   0.144    25.6    25.8    25.3    24.6    24.2
03739 20160909  2.422  -75.93   37.29    31.0    25.4    28.2    27.7     0.0    13.77 C    39.7    23.6    28.1    83.4    58.1    70.9   0.114   0.114   0.104   0.138   0.145    25.8    26.0    25.7    25.1    24.3
03739 20160910  2.422  -75.93   37.29    30.5    24.4    27.4    26.7     0.0    18.84 C    38.0    23.0    27.8    88.7    67.7    78.6   0.104   0.106   0.100   0.138   0.145    26.0    26.3    25.9    25.2    24.5
03739 20160911  2.422  -75.93   37.29    30.1    23.9    27.0    26.2     0.0    17.98 C    38.2    22.2    27.4    85.4    45.9    66.9   0.094   0.096   0.094   0.138   0.145    25.6    26.0    25.8    25.4    24.7
03739 20160912  2.422  -75.93   37.29    26.0    19.4    22.7    23.5     0.0    21.07 C    36.0    17.2    25.0    83.2    55.3    70.1   0.086   0.088   0.087   0.138   0.146    25.0    25.4    25.3    25.2    24.7
03739 20160913  2.422  -75.93   37.29    27.0    21.2    24.1    23.9     0.0    21.50 C    36.4    17.2    25.2    77.4    46.9    63.9   0.079   0.080   0.082   0.138   0.145    24.7    25.1    25.0    25.0    24.7
03739 20160914  2.422  -75.93   37.29    31.0    17.7    24.4    25.0     0.0    20.64 C    41.8    16.0    26.4    91.6    52.5    72.6   0.074   0.076   0.077   0.137   0.144    24.9    25.2    25.0    24.9    24.6
03739 20160915  2.422  -75.93   37.29    24.6    20.2    22.4    22.7     0.0     9.03 C    31.1    18.3    23.3    94.4    72.7    79.9   0.071   0.073   0.075   0.136   0.144    24.2    24.8    24.9    24.9    24.5
03739 20160916  2.422  -75.93   37.29    25.0    20.4    22.7    22.1     0.0    14.08 C    37.9    18.4    24.1    82.9    64.9    75.3   0.069   0.071   0.072   0.136   0.143    23.8    24.2    24.2    24.5    24.4
03739 20160917  2.422  -75.93   37.29    26.8    20.3    23.5    23.6     0.0    20.20 C    39.4    17.7    26.4    95.0    63.6    80.7   0.067   0.069   0.071   0.136   0.143    24.5    24.7    24.4    24.4    24.3
03739 20160918  2.422  -75.93   37.29    28.6    20.8    24.7    25.3     0.0    19.10 C    40.8    18.9    27.6    99.8    69.6    88.0   0.065   0.067   0.069   0.135   0.142    25.2    25.3    25.0    24.6    24.2
03739 20160919  2.422  -75.93   37.29    29.0    21.4    25.2    24.6    37.5    11.62 C    40.6    21.2    26.1   100.0    74.7    92.1   0.116   0.106   0.072   0.135   0.141    25.2    25.5    25.3    24.9    24.2
03739 20160920  2.422  -75.93   37.29    24.1    21.4    22.7    23.1    50.2     1.83 C    23.8    21.4    22.9   100.0    95.7    98.3   0.262   0.244   0.228   0.138   0.139    23.8    24.2    24.4    24.6    24.3
03739 20160921  2.422  -75.93   37.29    24.2    21.8    23.0    23.1    21.8     4.83 C    26.2    20.9    23.0    97.6    88.4    93.8   0.260   0.242   0.248   0.236   0.139    23.6    24.0    24.0    24.3    24.2
03739 20160922  2.422  -75.93   37.29    25.4    20.7    23.1    23.3     5.1    12.03 C    33.4    20.4    24.6    96.7    78.0    89.9   0.247   0.230   0.240   0.235   0.140    24.0    24.3    24.1    24.2    24.1
03739 20160923  2.422  -75.93   37.29    26.2    16.9    21.6    22.3     0.0    13.68 C    36.0    16.0    23.8    99.4    68.2    89.6   0.229   0.213   0.223   0.227   0.146    24.2    24.5    24.3    24.2    23.9
03739 20160924  2.422  -75.93   37.29    27.7    17.6    22.6    22.4     0.0    15.20 C    35.3    17.0    23.7    98.6    62.7    86.0   0.220   0.203   0.212   0.222   0.159    23.9    24.2    24.2    24.2    23.9
03739 20160925  2.422  -75.93   37.29    23.2    14.8    19.0    19.0     0.0    16.13 C    33.5    14.0    20.9    94.1    50.5    74.1   0.211   0.194   0.202   0.217   0.165    23.3    23.8    23.8    24.1    23.9
03739 20160926  2.422  -75.93   37.29    23.3    15.8    19.6    21.3     0.0    13.33 C    30.4    14.5    21.4    83.2    48.8    66.9   0.202   0.187   0.192   0.213   0.171    22.4    22.9    23.1    23.7    23.8
03739 20160927  2.422  -75.93   37.29    24.2    19.3    21.7    22.5     0.3     4.90 C    29.7    18.0    22.5    99.2    76.5    86.3   0.198   0.181   0.184   0.210   0.174    23.0    23.3    23.3    23.4    23.6
03739 20160928  2.422  -75.93   37.29    25.1    18.4    21.8    22.6     0.0    10.02 C    31.5    17.4    23.2    99.5    78.0    91.0   0.194   0.178   0.180   0.207   0.177    23.1    23.4    23.4    23.4    23.5
03739 20160929  2.422  -75.93   37.29    25.0    20.1    22.6    22.6     0.2     9.28 C    30.8    18.5    23.3    97.3    82.1    92.1   0.189   0.174   0.176   0.205   0.178    23.1    23.5    23.4    23.5    23.4
03739 20160930  2.422  -75.93   37.29    26.0    20.1    23.1    23.2     0.0    14.38 C    35.9    19.1    25.2   100.0    81.5    94.0   0.186   0.170   0.171   0.203   0.179    23.9    24.1    23.8    23.5    23.4
03739 20161001  2.422  -75.93   37.29    26.2    21.7    23.9    23.5    18.0     7.69 C    32.0    20.6    24.1   100.0    85.0    94.6   0.233   0.213   0.212   0.202   0.179    24.0    24.3    24.1    23.8    23.4
03739 20161002  2.422  -75.93   37.29    24.1    19.6    21.9    22.0     0.0    10.88 C    33.2    18.9    23.5    98.4    78.8    89.9   0.236   0.217   0.225   0.201   0.180    23.8    24.1    23.9    23.8    23.5
03739 20161003  2.422  -75.93   37.29    23.8    17.0    20.4    20.6     0.0     9.61 C    33.7    16.2    21.5    97.4    74.3    87.6   0.226   0.208   0.215   0.202   0.179    23.2    23.6    23.6    23.7    23.5
03739 20161004  2.422  -75.93   37.29    22.6    16.9    19.8    19.7     0.0    13.33 C    30.1    15.9    20.7    98.0    68.4    81.1   0.217   0.200   0.205   0.201   0.180    22.0    22.5    22.8    23.4    23.4
03739 20161005  2.422  -75.93   37.29    21.9    16.8    19.3    19.5     0.0    10.25 C    30.0    15.8    20.6    89.0    74.0    81.5   0.208   0.191   0.196   0.202   0.181    21.2    21.8    22.0    22.8    23.2
03739 20161006  2.422  -75.93   37.29    21.7    17.3    19.5    19.7     0.0     8.86 C    28.0    16.9    20.8    92.3    75.9    87.2   0.201   0.184   0.188   0.200   0.181    21.0    21.4    21.6    22.4    22.9
03739 20161007  2.422  -75.93   37.29    24.3    20.3    22.3    21.8     0.0    12.95 C    31.6    19.5    22.8    93.8    81.1    88.6   0.195   0.178   0.180   0.199   0.181    21.7    22.0    21.9    22.2    22.7
03739 20161008  2.422  -75.93   37.29    22.7    18.0    20.4    21.1   147.1     2.02 C    24.0    17.7    20.8   100.0    63.3    92.6   0.234   0.210   0.205   0.224   0.197    21.2    21.7    21.8    22.3    22.5
03739 20161009  2.422  -75.93   37.29    18.4    13.8    16.1    16.4    66.4     6.73 C    20.1    11.5    15.8   100.0    47.5    75.5   0.274   0.251   0.250   0.251   0.238    17.6    18.3    19.1    20.9    22.1
03739 20161010  2.422  -75.93   37.29    16.0     7.6    11.8    12.8     0.0    18.31 C    25.4     5.7    13.7    90.1    44.0    58.8   0.240   0.220   0.226   0.230   0.224    16.1    16.9    17.7    19.7    21.5
03739 20161011  2.422  -75.93   37.29    18.9     7.3    13.1    13.9     0.0    17.45 C    28.4     5.1    14.9    99.5    53.4    74.3   0.229   0.211   0.215   0.225   0.221    16.3    16.8    17.3    19.0    20.9
03739 20161012  2.422  -75.93   37.29    21.2    11.3    16.2    16.3     0.0    16.88 C    29.5     9.8    17.3   100.0    63.5    86.4   0.221   0.203   0.207   0.222   0.219    17.6    17.9    18.0    18.9    20.4
03739 20161013  2.422  -75.93   37.29    22.1    10.5    16.3    16.8     0.0    15.66 C    28.6     9.8    17.9   100.0    58.2    85.9   0.215   0.197   0.199   0.220   0.217    18.1    18.3    18.4    19.1    20.2
03739 20161014  2.422  -75.93   37.29    17.8     8.3    13.0    13.8     0.0    16.73 C    28.2     7.3    15.4    98.8    46.2    73.6   0.209   0.191   0.192   0.218   0.216    17.6    18.0    18.4    19.2    20.1
03739 20161015  2.422  -75.93   37.29    18.5     9.9    14.2    14.1     0.0    16.73 C    28.1     8.9    15.7   100.0    59.2    83.8   0.203   0.184   0.184   0.216   0.216    17.2    17.6    17.9    18.9    19.9
03739 20161016  2.422  -75.93   37.29    21.9     9.9    15.9    16.7     0.0    16.02 C    28.0     9.2    17.5   100.0    66.6    89.9   0.198   0.179   0.178   0.214   0.215    17.6    17.8    17.9    18.6    19.8
03739 20161017  2.422  -75.93   37.29    25.7    12.9    19.3    19.7     0.0    15.35 C    31.1    11.9    19.9   100.0    60.2    84.8   0.193   0.174   0.173   0.212   0.215    18.6    18.7    18.6    18.8    19.6
03739 20161018  2.422  -75.93   37.29    26.9    18.6    22.8    22.1     0.0    15.41 C    31.1    17.3    22.1    96.8    54.4    79.1   0.188   0.169   0.167   0.211   0.213    19.7    19.8    19.5    19.3    19.7
03739 20161019  2.422  -75.93   37.29    27.0    18.8    22.9    22.4     0.0    14.91 C    33.7    17.5    23.1   100.0    61.4    83.6   0.182   0.163   0.162   0.210   0.213    20.6    20.7    20.3    19.8    19.8
03739 20161020  2.422  -75.93   37.29    24.8    17.1    21.0    21.2     0.0    14.73 C    30.6    15.9    21.9   100.0    70.9    91.2   0.178   0.159   0.158   0.209   0.213    20.8    20.9    20.7    20.3    20.0
03739 20161021  2.422  -75.93   37.29    25.8    15.3    20.5    20.6     5.6    14.81 C    31.5    15.2    21.8   100.0    53.6    86.2   0.174   0.156   0.153   0.207   0.213    21.0    21.2    20.9    20.5    20.3
03739 20161022  2.422  -75.93   37.29    16.5    10.8    13.6    14.0     0.2    11.34 C    21.3     8.5    14.0    90.9    33.9    53.5   0.190   0.158   0.151   0.206   0.212    17.6    18.4    19.3    20.3    20.4
03739 20161023  2.422  -75.93   37.29    18.4     9.3    13.9    14.5     0.0    15.36 C    24.5     6.3    14.3    60.7    40.9    49.6   0.182   0.158   0.151   0.204   0.211    15.8    16.4    17.1    19.0    20.2
03739 20161024  2.422  -75.93   37.29    22.1    12.9    17.5    17.3     0.0    14.53 C    29.6     9.6    17.5    85.0    43.0    56.4   0.173   0.155   0.150   0.202   0.211    16.8    17.1    17.3    18.4    19.7
03739 20161025  2.422  -75.93   37.29    15.3     6.0    10.6    11.8     0.0    15.30 C    24.5     5.1    12.3   100.0    39.1    57.4   0.165   0.151   0.147   0.201   0.210    15.6    16.2    16.8    18.2    19.3
03739 20161026  2.422  -75.93   37.29    14.6     5.1     9.8    10.5     0.0    14.58 C    25.0     3.0    11.3    94.3    38.8    58.8   0.161   0.146   0.144   0.200   0.210    14.5    15.1    15.8    17.5    19.0
03739 20161027  2.422  -75.93   37.29    21.5    11.6    16.5    17.4     0.7    11.21 C    26.7     8.4    17.0    90.3    60.3    74.4   0.157   0.145   0.142   0.199   0.209    15.5    15.7    15.9    17.0    18.6
03739 20161028  2.422  -75.93   37.29    19.1     6.3    12.7    14.0     0.0    13.66 C    24.5     4.4    14.4   100.0    43.7    69.6   0.155   0.141   0.140   0.198   0.208    15.8    16.3    16.6    17.3    18.4
03739 20161029  2.422  -75.93   37.29    21.2     4.6    12.9    14.6     0.0    14.21 C    25.8     3.7    14.5   100.0    42.3    69.1   0.152   0.140   0.137   0.197   0.208    14.7    15.1    15.5    16.9    18.2
03739 20161030  2.422  -75.93   37.29    24.6    15.9    20.2    20.2     0.0    12.75 C    30.3    14.2    19.9    97.6    53.2    70.7   0.149   0.137   0.136   0.196   0.207    16.8    16.8    16.6    17.0    18.0
03739 20161031  2.422  -75.93   37.29    19.0     7.2    13.1    13.2     0.0    13.67 C    26.3     5.6    14.4   100.0    52.1    72.0   0.145   0.135   0.133   0.196   0.207    16.1    16.5    16.9    17.4    18.0
03739 20161101  2.422  -75.93   37.29    15.7     5.9    10.8    11.6     0.0     3.29 C    19.7     4.4    11.4   100.0    66.5    87.4   0.143   0.134   0.132   0.195   0.207    14.5    15.0    15.5    16.8    18.0
03739 20161102  2.422  -75.93   37.29    21.3     9.6    15.4    16.0     0.0    11.98 C    28.5     8.9    17.0   100.0    63.9    88.1   0.142   0.134   0.131   0.195   0.206    15.9    16.1    16.0    16.6    17.8
03739 20161103  2.422  -75.93   37.29    25.5    16.6    21.0    20.5     4.1    11.74 C    30.6    14.2    20.5    99.4    52.5    76.7   0.141   0.132   0.129   0.195   0.206    17.2    17.2    17.0    17.0    17.6
03739 20161104  2.422  -75.93   37.29    17.7     9.6    13.6    13.8     6.9    12.88 C    24.3     6.4    14.4   100.0    49.9    70.6   0.194   0.143   0.130   0.194   0.206    16.0    16.5    16.9    17.4    17.8
03739 20161105  2.422  -75.93   37.29    15.2     5.5    10.3    11.2     0.0    13.86 C    25.1     2.9    11.2    98.2    40.7    63.4   0.185   0.149   0.132   0.193   0.205    13.7    14.3    15.1    16.7    17.8
03739 20161106  2.422  -75.93   37.29    18.5     9.7    14.1    14.2     0.0    13.26 C    25.3     6.9    13.1    83.9    33.6    53.9   0.175   0.147   0.135   0.192   0.205    13.4    13.9    14.5    16.0    17.4
03739 20161107  2.422  -75.93   37.29    12.8     1.5     7.1     8.4     0.0    13.47 C    23.3     0.1     9.3   100.0    40.2    64.1   0.167   0.145   0.135   0.192   0.204    12.2    12.8    13.6    15.4    17.1
03739 20161108  2.422  -75.93   37.29    16.9     0.5     8.7     9.6     0.0    12.95 C    24.9    -0.7     9.9    99.9    34.6    73.8   0.162   0.143   0.134   0.191   0.204    11.6    12.1    12.8    14.7    16.7
03739 20161109  2.422  -75.93   37.29    14.9    11.7    13.3    13.0     4.4     3.17 C    21.3     9.5    12.5   100.0    69.1    84.7   0.161   0.141   0.134   0.191   0.204    12.6    12.9    13.3    14.5    16.3
03739 20161110  2.422  -75.93   37.29    13.7     6.7    10.2    10.8     0.5    12.73 C    20.3     4.2    11.0    86.8    37.5    63.2   0.176   0.146   0.134   0.191   0.203    12.0    12.5    13.1    14.4    16.0
03739 20161111  2.422  -75.93   37.29    17.1     9.1    13.1    13.3     0.0    12.41 C    23.6     5.6    12.5    64.0    41.5    52.7   0.173   0.148   0.135   0.190   0.202    11.7    12.1    12.6    14.1    15.8
03739 20161112  2.422  -75.93   37.29    10.6    -1.0     4.8     5.6     0.0    12.99 C    21.9    -2.5     6.8   100.0    37.7    61.4   0.168   0.146   0.136   0.190   0.202    10.3    11.0    11.9    13.7    15.5
03739 20161113  2.422  -75.93   37.29    14.7    -1.6     6.5     5.8     0.0    13.01 C    23.8    -2.7     6.1    99.9    18.2    74.8   0.163   0.144   0.136   0.190   0.202     9.3     9.9    10.8    12.9    15.2
03739 20161114  2.422  -75.93   37.29    13.7    -1.0     6.3     9.1     2.6     2.60 C    15.4    -1.4     8.6   100.0    78.9    95.7   0.163   0.143   0.135   0.189   0.201     9.7    10.0    10.6    12.4    14.7
03739 20161115  2.422  -75.93   37.29    15.2    10.1    12.7    12.2     0.0    11.74 C    22.9     6.5    12.7    98.4    42.7    78.3   0.169   0.146   0.136   0.189   0.202    11.7    11.9    11.9    12.7    14.4
03739 20161116  2.422  -75.93   37.29    16.8     3.9    10.4    11.1     0.0    11.73 C    25.3     2.4    11.2   100.0    34.6    74.2   0.166   0.146   0.136   0.190   0.202    11.4    11.7    12.0    12.9    14.3
03739 20161117  2.422  -75.93   37.29    15.1     3.1     9.1    10.0     0.0    11.92 C    23.7     1.7    10.0    98.0    46.6    77.3   0.164   0.144   0.136   0.190   0.201    10.9    11.3    11.8    12.9    14.3
03739 20161118  2.422  -75.93   37.29    16.8     3.5    10.2    10.5     0.0    10.93 C    25.1     1.6    10.6   100.0    44.8    78.7   0.161   0.143   0.135   0.189   0.201    10.5    10.8    11.3    12.6    14.2
03739 20161119  2.422  -75.93   37.29    18.7     5.4    12.1    11.9     0.0    10.51 C    25.5     3.2    12.2   100.0    40.5    78.1   0.160   0.142   0.135   0.189   0.201    11.2    11.4    11.6    12.5    14.0
03739 20161120  2.422  -75.93   37.29     9.0     4.0     6.5     6.6     0.0     6.51 C    14.4     2.0     6.2    45.4    31.1    39.4   0.157   0.141   0.134   0.188   0.200     9.1     9.9    10.8    12.4    13.9
03739 20161121  2.422  -75.93   37.29     8.5     2.4     5.5     5.4     0.0    11.25 C    14.8    -0.4     5.1    59.0    26.2    41.1   0.153   0.138   0.133   0.189   0.200     7.5     8.2     9.2    11.5    13.7
03739 20161122  2.422  -75.93   37.29    10.1    -1.9     4.1     5.3     0.0    11.31 C    16.8    -3.6     4.6    76.9    22.2    41.6   0.150   0.137   0.132   0.189   0.199     6.9     7.6     8.5    10.7    13.2
03739 20161123  2.422  -75.93   37.29    10.7    -1.2     4.8     5.7     0.0    10.76 C    20.4    -3.4     6.3    94.3    34.4    64.8   0.149   0.135   0.130   0.188   0.199     7.1     7.5     8.2    10.2    12.8
03739 20161124  2.422  -75.93   37.29    15.0     4.5     9.8    10.6     2.5     3.10 C    17.1     0.5     9.6   100.0    63.1    90.0   0.150   0.135   0.131   0.188   0.199     8.9     9.0     9.2    10.2    12.4
03739 20161125  2.422  -75.93   37.29    15.4     6.4    10.9    11.0     0.0     4.18 C    19.4     5.2    10.7   100.0    85.7    97.5   0.155   0.137   0.130   0.189   0.199    10.0    10.1    10.2    10.7    12.3
03739 20161126  2.422  -75.93   37.29    11.9     6.3     9.1     9.4     0.0     8.54 C    16.8     3.8     9.3   100.0    47.7    67.0   0.155   0.137   0.131   0.188   0.199     9.7    10.1    10.5    11.2    12.4
03739 20161127  2.422  -75.93   37.29    10.3    -0.1     5.1     5.9     0.0    10.54 C    18.6    -1.9     5.9    96.1    37.9    64.3   0.152   0.136   0.130   0.188   0.199     8.0     8.6     9.3    10.8    12.4
03739 20161128  2.422  -75.93   37.29    11.8    -0.3     5.7     7.1     0.0     7.75 C    18.6    -2.1     6.6    97.9    41.3    77.4   0.150   0.136   0.130   0.187   0.199     7.6     8.0     8.6    10.3    12.2
03739 20161129  2.422  -75.93   37.29    18.9    11.1    15.0    15.0     3.4     3.23 C    20.3     9.3    14.3   100.0    76.3    87.5   0.152   0.135   0.130   0.187   0.198    10.5    10.4    10.1    10.4    12.0
03739 20161130  2.422  -75.93   37.29    19.8    13.7    16.8    16.5     0.5     4.90 C    22.6    12.7    16.5   100.0    86.7    96.7   0.162   0.139   0.131   0.189   0.198    12.9    12.6    12.1    11.4    12.1
03739 20161201  2.422  -75.93   37.29    20.5     4.7    12.6    14.4     0.0     9.93 C    24.5     2.9    14.1    96.2    39.6    66.2   0.162   0.143   0.133   0.188   0.198    13.4    13.5    13.3    12.5    12.5
03739 20161202  2.422  -75.93   37.29    11.3     2.4     6.8     7.8     0.0    10.26 C    19.0     0.7     7.4    88.9    41.1    59.1   0.160   0.142   0.133   0.189   0.199    10.0    10.6    11.3    12.3    12.9
03739 20161203  2.422  -75.93   37.29    10.5     5.0     7.8     7.5     0.0    10.21 C    18.3     3.0     7.5    66.6    43.1    54.5   0.157   0.142   0.133   0.188   0.199     8.6     9.1     9.9    11.5    12.8
03739 20161204  2.422  -75.93   37.29     8.2     2.2     5.2     5.9     0.0     3.70 C    12.7     0.1     5.9    99.1    50.0    76.7   0.154   0.141   0.133   0.188   0.198     8.2     8.6     9.2    10.8    12.5
03739 20161205  2.422  -75.93   37.29    10.2     6.4     8.3     8.0    10.0     6.54 C    17.2     4.0     8.5   100.0    71.5    89.9   0.209   0.165   0.134   0.188   0.198     9.0     9.3     9.6    10.6    12.2
03739 20161206  2.422  -75.93   37.29    14.1     6.2    10.2     9.7    34.6     0.63 C    13.7     6.1     9.3   100.0    75.2    91.6   0.232   0.209   0.167   0.199   0.198     9.3     9.5     9.7    10.6    12.1
03739 20161207  2.422  -75.93   37.29    10.8     1.5     6.1     7.6     0.6     8.08 C    17.5     0.0     7.8   100.0    68.7    88.7   0.231   0.227   0.227   0.229   0.204     9.5     9.8    10.1    10.8    11.9
03739 20161208  2.422  -75.93   37.29     9.0     0.6     4.8     5.2     1.7     1.37 C     9.3    -0.3     4.4   100.0    44.9    87.9   0.223   0.217   0.219   0.222   0.211     7.7     8.3     9.0    10.4    11.9
03739 20161209  2.422  -75.93   37.29     4.4     0.1     2.2     2.4     0.0    10.37 C    10.1    -1.9     2.1    58.7    34.5    46.8   0.219   0.213   0.216   0.220   0.212     5.3     6.2     7.3     9.6    11.6
03739 20161210  2.422  -75.93   37.29     3.4    -3.7    -0.2     0.3     0.0    10.32 C    13.1    -5.7     0.8    81.9    40.5    57.6   0.212   0.207   0.209   0.217   0.211     4.1     4.9     5.9     8.5    11.2
03739 20161211  2.422  -75.93   37.29     8.6    -1.5     3.5     3.8     0.0     7.66 C    14.2    -3.9     4.2    89.9    45.3    64.4   0.209   0.203   0.204   0.215   0.211     4.5     4.9     5.6     7.8    10.6
03739 20161212  2.422  -75.93   37.29    14.4     8.6    11.5    11.6     8.0     2.79 C    15.5     5.9    10.6   100.0    70.9    90.2   0.227   0.220   0.216   0.214   0.211     7.8     7.7     7.5     8.0    10.1
03739 20161213  2.422  -75.93   37.29    10.3     5.5     7.9     7.9     0.7     5.96 C    15.8     2.5     7.7    95.4    65.9    78.3   0.227   0.223   0.224   0.217   0.211     8.0     8.1     8.2     8.8    10.1
03739 20161214  2.422  -75.93   37.29     8.0     4.7     6.3     6.5     0.0     7.14 C    14.3     3.3     6.8    96.2    46.0    74.4   0.222   0.216   0.218   0.218   0.211     7.6     7.9     8.2     9.0    10.2
03739 20161215  2.422  -75.93   37.29     7.3    -5.2     1.1     1.6     0.0    10.22 C     7.7    -6.2     1.9    77.5    23.5    44.1   0.218   0.211   0.212   0.217   0.211     5.4     6.3     7.2     8.8    10.2
03739 20161216  2.422  -75.93   37.29     0.2    -5.8    -2.8    -3.1     0.0     3.12 C     5.0    -7.5    -2.0    74.0    26.8    47.4   0.208   0.204   0.205   0.215   0.211     2.3     3.2     4.5     7.5    10.0
03739 20161217  2.422  -75.93   37.29    10.8     0.2     5.5     6.7     1.1     2.61 C    10.1     0.7     6.5   100.0    70.2    92.9   0.210   0.203   0.201   0.213   0.210     5.0     5.1     5.2     6.7     9.4
03739 20161218  2.422  -75.93   37.29    23.5     4.7    14.1    14.5     2.0     6.88 C    26.1     4.5    13.7   100.0    61.2    79.0   0.214   0.204   0.201   0.212   0.209     9.1     8.8     8.1     7.6     9.1
03739 20161219  2.422  -75.93   37.29     4.7    -0.2     2.3     2.2     0.2     1.65 C     5.6     0.1     3.2    73.2    45.9    55.3   0.216   0.210   0.204   0.212   0.210     6.2     6.8     7.5     8.5     9.4
03739 20161220  2.422  -75.93   37.29     5.1    -2.1     1.5     1.2     0.0     8.55 C    14.4    -3.9     2.9    97.5    59.5    71.9   0.212   0.209   0.202   0.210   0.210     4.7     5.3     6.0     7.7     9.5
03739 20161221  2.422  -75.93   37.29     9.4    -4.1     2.6     2.1     0.0    10.08 C    18.4    -5.4     2.4    98.0    45.0    74.4   0.209   0.206   0.199   0.210   0.209     4.4     4.9     5.5     7.1     9.2
03739 20161222  2.422  -75.93   37.29    14.4     1.6     8.0     8.2     0.0     9.11 C    18.5    -2.3     6.6    76.8    36.6    50.7   0.207   0.203   0.195   0.209   0.209     5.1     5.4     5.7     6.9     8.9
03739 20161223  2.422  -75.93   37.29     8.4    -2.5     2.9     4.5     0.0     8.67 C    19.5    -4.2     4.6    91.9    44.9    68.7   0.205   0.203   0.192   0.208   0.209     5.1     5.5     5.8     7.0     8.8
03739 20161224  2.422  -75.93   37.29    12.9     3.5     8.2     8.5     9.8     1.44 C    10.6     2.6     7.8   100.0    80.6    94.8   0.229   0.224   0.208   0.208   0.209     6.6     6.7     6.7     7.2     8.7
03739 20161225  2.422  -75.93   37.29     9.3     2.6     6.0     5.6     0.0     9.66 C    16.1     0.8     6.7   100.0    63.0    89.5   0.232   0.233   0.225   0.208   0.209     6.8     7.0     7.2     7.6     8.8
03739 20161226  2.422  -75.93   37.29    11.9     4.9     8.4     8.5     0.0     2.05 C    14.3     4.0     8.6    99.4    81.5    88.3   0.226   0.226   0.219   0.212   0.209     7.2     7.2     7.3     7.8     8.9
03739 20161227  2.422  -75.93   37.29    18.0     9.9    13.9    14.8     0.0     4.63 C    20.7     9.4    14.0    98.8    77.8    87.5   0.222   0.221   0.215   0.213   0.209     9.8     9.5     8.9     8.3     9.0
03739 20161228  2.422  -75.93   37.29    13.7     0.4     7.0     7.0     0.0    10.14 C    19.0    -0.9     6.8   100.0    43.3    70.6   0.219   0.218   0.210   0.214   0.209     8.6     9.0     9.2     9.2     9.4
03739 20161229  2.422  -75.93   37.29    11.9     6.1     9.0     8.9     3.4     4.16 C    15.4     2.6     7.6   100.0    38.1    75.7   0.227   0.221   0.210   0.212   0.209     7.5     7.8     8.1     8.8     9.6
03739 20161230  2.422  -75.93   37.29     7.2     1.9     4.6     5.0     0.0     7.69 C    12.9    -1.7     3.8    54.4    32.0    43.9   0.225   0.222   0.214   0.212   0.209     5.7     6.4     7.1     8.4     9.6
03739 20161231  2.422  -75.93   37.29     9.6    -4.0     2.8     4.2     0.0     8.41 C    13.5    -5.5     3.7    89.1    36.2    56.2   0.217   0.216   0.208   0.211   0.209     4.6     5.1     5.7     7.6     9.4
