54811 20160101  2.422  -88.85   41.84    -1.6    -8.1    -4.9    -4.5     0.0     5.61 C    -2.1    -9.7    -5.4    81.9    69.1    76.9   0.416   0.411   0.384   0.407 -99.000     0.9     1.4     2.3     6.6     9.1
54811 20160102  2.422  -88.85   41.84    -1.1    -8.4    -4.7    -4.9     0.0     8.04 C    -1.2    -9.4    -6.4    86.9    68.4    79.6   0.381   0.407   0.381   0.399 -99.000     0.6     1.1     2.0     6.3     9.0
54811 20160103  2.422  -88.85   41.84    -2.1    -7.3    -4.7    -4.2     0.0     2.91 C    -2.0    -8.9    -5.0    83.0    70.1    77.8   0.353   0.403   0.378   0.393 -99.000     0.4     0.9     1.7     6.0     8.9
54811 20160104  2.422  -88.85   41.84    -2.5    -9.7    -6.1    -5.3     0.0     7.72 C    -1.8   -11.5    -6.7    86.1    63.0    74.5   0.349   0.391   0.376   0.388 -99.000     0.2     0.7     1.5     5.8     8.7
54811 20160105  2.422  -88.85   41.84    -0.2    -9.3    -4.8    -4.6     0.0     7.98 C    -0.2   -11.5    -6.5    85.9    67.1    79.4 -99.000   0.392   0.373   0.386 -99.000    -0.1     0.5     1.3     5.6     8.6
54811 20160106  2.422  -88.85   41.84     1.2    -5.9    -2.3    -1.8     0.0     5.50 C     0.6    -8.2    -3.1    85.7    73.2    79.7 -99.000   0.393   0.371   0.383 -99.000    -0.2     0.3     1.1     5.5     8.5
54811 20160107  2.422  -88.85   41.84     2.4     0.3     1.3     1.2     0.0     2.59 C     0.3    -0.6     0.0    84.4    73.3    80.3 -99.000   0.393   0.370   0.381 -99.000    -0.1     0.3     1.0     5.3     8.4
54811 20160108  2.422  -88.85   41.84     3.6     1.0     2.3     2.2     4.6     1.46 C     1.3     0.1     0.7    97.3    81.2    95.6 -99.000   0.413   0.398   0.384 -99.000     0.0     0.4     1.0     5.1     8.2
54811 20160109  2.422  -88.85   41.84     1.8    -7.9    -3.0    -0.8     6.7     1.30 C     1.1    -7.2    -0.9    97.3    86.1    94.4 -99.000   0.427   0.407   0.400 -99.000     0.1     0.4     1.0     5.0     8.0
54811 20160110  2.422  -88.85   41.84    -7.8   -18.2   -13.0   -13.8     0.0     8.47 C    -7.2   -19.3   -13.5    86.8    69.2    76.7 -99.000   0.417   0.395   0.394 -99.000     0.2     0.5     1.0     4.9     7.8
54811 20160111  2.422  -88.85   41.84    -5.1   -20.5   -12.8   -13.2     0.9     5.50 C    -5.5   -21.7   -12.8    89.9    73.2    81.6 -99.000   0.406   0.387   0.390 -99.000     0.0     0.3     1.0     4.9     7.7
54811 20160112  2.422  -88.85   41.84    -8.3   -17.4   -12.9   -13.7     0.0     8.89 C    -8.3   -18.2   -14.0    80.7    65.0    71.6 -99.000 -99.000   0.383   0.386 -99.000    -0.3     0.1     0.9     4.8     7.7
54811 20160113  2.422  -88.85   41.84    -4.4   -19.1   -11.8   -11.3     0.0     4.43 C    -2.9   -20.3   -11.8    81.2    72.2    77.4 -99.000 -99.000   0.384   0.384 -99.000    -0.9    -0.2     0.6     4.7     7.6
54811 20160114  2.422  -88.85   41.84     3.6    -5.6    -1.0     0.5     0.0     8.42 C     4.7    -8.9    -1.4    90.8    75.8    83.4 -99.000 -99.000   0.378   0.382 -99.000    -0.6    -0.3     0.4     4.6     7.5
54811 20160115  2.422  -88.85   41.84     3.3    -1.4     0.9     0.4     0.0     2.26 C     2.2    -1.7    -0.5    94.9    82.2    90.5 -99.000 -99.000   0.378   0.381 -99.000    -0.3    -0.2     0.4     4.5     7.4
54811 20160116  2.422  -88.85   41.84    -1.4   -15.0    -8.2    -5.7     0.0     7.23 C     0.3   -13.2    -4.7    86.5    64.7    75.6 -99.000 -99.000   0.377   0.380 -99.000    -0.4    -0.1     0.5     4.4     7.3
54811 20160117  2.422  -88.85   41.84   -14.8   -19.7   -17.2   -17.2     0.0     9.11 C    -9.8   -18.5   -14.5    73.0    56.1    64.6 -99.000 -99.000 -99.000   0.379 -99.000    -2.9    -1.0     0.3     4.4     7.3
54811 20160118  2.422  -88.85   41.84   -14.9   -20.7   -17.8   -17.8     0.0     9.16 C    -7.5   -19.3   -15.5    73.6    59.8    67.5 -99.000 -99.000 -99.000   0.377 -99.000    -5.2    -3.3    -0.6     4.2     7.2
54811 20160119  2.422  -88.85   41.84    -9.8   -19.0   -14.4   -14.1     0.0     8.84 C    -0.6   -18.2   -11.1    81.7    56.1    66.4 -99.000 -99.000 -99.000   0.374 -99.000    -5.0    -3.8    -1.7     3.9     7.1
54811 20160120  2.422  -88.85   41.84    -7.3   -15.2   -11.2   -10.5     1.4     6.55 C    -1.8   -19.2   -10.4    89.7    76.1    85.0 -99.000 -99.000 -99.000   0.372 -99.000    -3.1    -2.6    -1.6     3.6     6.9
54811 20160121  2.422  -88.85   41.84    -4.3   -14.6    -9.5    -8.8     0.0     8.61 C     5.1   -16.5    -7.6    89.2    67.8    83.0 -99.000 -99.000 -99.000   0.369 -99.000    -2.7    -2.3    -1.5     3.4     6.8
54811 20160122  2.422  -88.85   41.84    -3.7   -10.1    -6.9    -5.8     0.3     2.40 C    -2.4   -10.1    -5.5    87.9    78.0    83.7 -99.000 -99.000 -99.000   0.368 -99.000    -2.7    -2.2    -1.4     3.2     6.6
54811 20160123  2.422  -88.85   41.84    -0.2    -9.3    -4.8    -3.9     0.0     6.44 C     8.7   -10.2    -3.6    90.8    55.7    78.3 -99.000 -99.000 -99.000   0.367 -99.000    -2.1    -1.9    -1.3     3.2     6.5
54811 20160124  2.422  -88.85   41.84    -0.2    -7.1    -3.7    -3.6     0.0     4.40 C     5.2    -8.1    -3.4    92.8    71.9    82.7 -99.000 -99.000 -99.000   0.363 -99.000    -1.9    -1.7    -1.1     3.1     6.4
54811 20160125  2.422  -88.85   41.84     2.6    -4.4    -0.9    -0.6     2.7     4.45 C     4.2    -5.7    -0.9    96.3    75.7    88.6 -99.000 -99.000 -99.000   0.362 -99.000    -1.4    -1.3    -0.9     3.1     6.4
54811 20160126  2.422  -88.85   41.84     0.4    -4.6    -2.1    -2.6     0.0     3.10 C     0.1    -5.9    -2.5    94.4    67.7    79.6 -99.000 -99.000 -99.000   0.362 -99.000    -0.8    -0.9    -0.7     3.0     6.2
54811 20160127  2.422  -88.85   41.84     1.3    -4.4    -1.6    -1.8     0.3     8.43 C     5.9    -4.4    -1.3    79.6    56.0    71.1 -99.000 -99.000 -99.000   0.363 -99.000    -1.2    -1.1    -0.7     3.0     6.2
54811 20160128  2.422  -88.85   41.84     2.6    -2.2     0.2     0.2     0.0     4.60 C     2.9    -3.6    -0.8    89.3    68.8    79.6 -99.000 -99.000 -99.000   0.362 -99.000    -0.8    -0.8    -0.6     3.0     6.1
54811 20160129  2.422  -88.85   41.84     0.5    -8.0    -3.8    -2.6     0.0     7.77 C     5.7    -9.1    -2.2    81.8    57.7    70.7 -99.000 -99.000 -99.000   0.363 -99.000    -0.8    -0.8    -0.5     3.0     6.1
54811 20160130  2.422  -88.85   41.84     5.9    -0.6     2.7     2.6     0.0     6.16 C     8.6    -3.6     1.1    88.2    72.4    82.4 -99.000 -99.000 -99.000   0.365 -99.000    -0.6    -0.7    -0.5     3.0     6.0
54811 20160131  2.422  -88.85   41.84     5.8    -0.2     2.8     2.4     0.5     2.29 C     7.3    -1.8     1.4    96.4    87.8    93.6 -99.000 -99.000 -99.000   0.371 -99.000    -0.4    -0.6    -0.4     3.0     5.9
54811 20160201  2.422  -88.85   41.84     1.1    -2.6    -0.8    -1.1     0.3     5.38 C     4.0    -3.7    -0.5    97.4    89.4    94.0 -99.000 -99.000 -99.000   0.370 -99.000    -0.3    -0.5    -0.4     3.0     5.9
54811 20160202  2.422  -88.85   41.84     1.8    -1.6     0.1     0.9    13.9     0.80 C     1.3    -1.2     0.4    96.9    86.3    93.5 -99.000 -99.000 -99.000   0.369 -99.000    -0.3    -0.4    -0.3     3.0     5.9
54811 20160203  2.422  -88.85   41.84     1.8    -5.0    -1.6    -0.3     0.3     1.95 C     1.8    -3.7    -0.4    97.3    78.5    86.4 -99.000 -99.000 -99.000   0.371 -99.000    -0.3    -0.4    -0.3     3.0     5.8
54811 20160204  2.422  -88.85   41.84    -0.6    -8.6    -4.6    -4.2     0.0    11.30 C     4.0    -8.3    -2.7    80.9    58.9    74.0 -99.000 -99.000 -99.000   0.371 -99.000    -0.4    -0.4    -0.3     3.0     5.8
54811 20160205  2.422  -88.85   41.84    -1.3    -4.6    -3.0    -2.8     0.4     5.38 C     3.5    -7.4    -2.4    90.7    67.1    79.6 -99.000 -99.000 -99.000   0.374 -99.000    -0.4    -0.4    -0.3     3.0     5.7
54811 20160206  2.422  -88.85   41.84     5.1    -5.6    -0.2    -0.5     0.0     9.87 C    10.8    -7.7    -0.8    90.4    58.5    79.3 -99.000 -99.000 -99.000   0.371 -99.000    -0.5    -0.5    -0.2     3.1     5.7
54811 20160207  2.422  -88.85   41.84     6.4     0.0     3.2     2.0     0.0     7.83 C     7.0    -2.6     0.6    83.9    66.1    77.1 -99.000 -99.000 -99.000   0.371 -99.000    -0.3    -0.4    -0.2     3.1     5.7
54811 20160208  2.422  -88.85   41.84     0.1    -6.9    -3.4    -3.7     1.1     4.77 C    -0.2    -5.9    -2.9    92.1    69.2    78.8 -99.000 -99.000 -99.000   0.370 -99.000    -0.3    -0.4    -0.2     3.1     5.6
54811 20160209  2.422  -88.85   41.84    -6.9   -12.0    -9.4    -9.9     0.4     7.42 C    -5.8   -14.7    -9.5    83.9    63.8    74.4 -99.000 -99.000 -99.000   0.369 -99.000    -1.0    -0.8    -0.2     3.1     5.6
54811 20160210  2.422  -88.85   41.84    -8.9   -15.3   -12.1   -12.2     0.0    12.26 C    -5.1   -18.1   -12.5    80.0    57.5    68.4 -99.000 -99.000 -99.000   0.369 -99.000    -1.6    -1.3    -0.4     3.1     5.6
54811 20160211  2.422  -88.85   41.84    -6.8   -16.2   -11.5   -10.6     0.0    13.32 C     0.9   -19.1    -9.7    79.5    47.0    63.9 -99.000 -99.000 -99.000   0.370 -99.000    -1.8    -1.5    -0.6     3.1     5.6
54811 20160212  2.422  -88.85   41.84    -5.4   -14.4    -9.9    -8.8     0.0     9.91 C    -1.4   -15.0    -8.7    78.3    47.4    61.4 -99.000 -99.000 -99.000   0.367 -99.000    -2.1    -1.6    -0.7     3.1     5.6
54811 20160213  2.422  -88.85   41.84    -9.3   -17.5   -13.4   -13.5     0.0    13.32 C     1.0   -17.9   -11.5    81.5    38.4    56.1 -99.000 -99.000 -99.000   0.365 -99.000    -3.4    -2.7    -1.2     3.0     5.5
54811 20160214  2.422  -88.85   41.84    -8.4   -11.6   -10.0    -9.6     2.2     4.65 C    -7.9   -10.7    -9.1    90.4    59.3    75.9 -99.000 -99.000 -99.000   0.363 -99.000    -3.5    -2.9    -1.6     2.9     5.4
54811 20160215  2.422  -88.85   41.84    -3.5    -8.4    -6.0    -5.4     0.6     5.88 C    -1.1    -8.3    -5.0    93.4    81.8    90.2 -99.000 -99.000 -99.000   0.363 -99.000    -2.2    -2.0    -1.4     2.8     5.4
54811 20160216  2.422  -88.85   41.84    -1.0    -6.2    -3.6    -3.5     0.9     5.95 C     1.0   -10.6    -3.1    91.7    78.8    86.6 -99.000 -99.000 -99.000   0.361 -99.000    -1.4    -1.4    -1.0     2.7     5.3
54811 20160217  2.422  -88.85   41.84    -2.8   -10.5    -6.7    -6.1     0.0    14.41 C    -0.4   -14.0    -7.1    91.6    57.9    77.3 -99.000 -99.000 -99.000   0.360 -99.000    -1.2    -1.2    -0.8     2.7     5.3
54811 20160218  2.422  -88.85   41.84     3.5    -6.6    -1.5    -0.3     0.0     8.90 C     3.9    -8.9    -1.1    85.3    75.6    80.7 -99.000 -99.000 -99.000   0.359 -99.000    -1.0    -1.1    -0.8     2.7     5.3
54811 20160219  2.422  -88.85   41.84    14.7     2.9     8.8     7.5     0.0    11.12 C    14.4     0.6     5.1    81.7    52.3    70.9 -99.000 -99.000 -99.000   0.358 -99.000    -0.4    -0.7    -0.5     2.7     5.2
54811 20160220  2.422  -88.85   41.84    12.3     1.2     6.8     6.2     0.0    13.93 C    14.1    -1.7     4.1    87.0    48.5    67.9 -99.000 -99.000 -99.000   0.360 -99.000    -0.1    -0.5    -0.4     2.7     5.2
54811 20160221  2.422  -88.85   41.84     4.2    -1.1     1.5     1.9     0.0     4.68 C     6.4    -4.1     1.4    91.9    72.9    83.3 -99.000 -99.000 -99.000   0.360 -99.000     0.0    -0.4    -0.4     2.7     5.2
54811 20160222  2.422  -88.85   41.84     5.6    -2.3     1.7     1.5     0.0    11.12 C    13.5    -5.2     1.7    93.9    61.5    82.0 -99.000 -99.000 -99.000   0.362 -99.000     0.4    -0.3    -0.3     2.7     5.1
54811 20160223  2.422  -88.85   41.84     7.2    -2.5     2.3     1.6     0.0    13.68 C    13.2    -5.6     1.3    93.1    49.4    74.4 -99.000 -99.000 -99.000   0.365 -99.000     0.4    -0.3    -0.2     2.7     5.1
54811 20160224  2.422  -88.85   41.84     2.2     0.5     1.4     1.1     0.5     3.59 C     2.3    -1.2     0.3    87.4    62.4    73.3 -99.000 -99.000 -99.000   0.364 -99.000     0.0    -0.3    -0.2     2.8     5.1
54811 20160225  2.422  -88.85   41.84     2.9    -1.6     0.7     0.2     0.8     8.55 C     7.0    -2.9     0.3    88.7    58.6    69.2 -99.000 -99.000 -99.000   0.366 -99.000     0.2    -0.3    -0.2     2.8     5.1
54811 20160226  2.422  -88.85   41.84     0.2    -3.6    -1.7    -1.6     0.0     5.06 C     4.4    -5.6    -1.9    84.3    49.4    69.5 -99.000 -99.000 -99.000   0.367 -99.000     0.0    -0.3    -0.2     2.8     5.1
54811 20160227  2.422  -88.85   41.84    12.8    -3.4     4.7     3.7     0.0    15.58 C    17.3    -5.3     3.2    85.3    42.0    68.1 -99.000 -99.000 -99.000   0.367 -99.000     0.6    -0.2    -0.1     2.8     5.1
54811 20160228  2.422  -88.85   41.84    16.1     0.7     8.4     7.5     0.7     9.49 C    20.4    -1.2     5.9    86.8    54.3    69.8   0.353 -99.000 -99.000   0.367 -99.000     1.7     0.1    -0.1     2.9     5.1
54811 20160229  2.422  -88.85   41.84    11.2    -2.4     4.4     3.0     1.1    11.71 C    15.2    -2.9     3.3    86.1    50.7    73.3   0.352 -99.000 -99.000   0.369 -99.000     1.7     0.3     0.0     3.1     5.1
54811 20160301  2.422  -88.85   41.84    -1.8    -8.5    -5.2    -4.5     1.7     5.57 C    -1.4   -10.9    -4.5    90.5    70.0    81.6   0.331 -99.000 -99.000   0.369 -99.000     0.3    -0.2    -0.1     3.2     5.1
54811 20160302  2.422  -88.85   41.84    -0.3   -12.2    -6.3    -5.1     0.8    15.45 C     9.5   -14.8    -3.7    91.3    39.3    62.4   0.335 -99.000 -99.000   0.369 -99.000     0.2    -0.2     0.0     3.1     5.1
54811 20160303  2.422  -88.85   41.84     0.9    -4.3    -1.7    -1.2     1.7     5.65 C     1.4    -6.6    -1.3    92.9    71.6    86.7   0.345 -99.000 -99.000   0.372 -99.000     0.1    -0.2     0.0     3.1     5.1
54811 20160304  2.422  -88.85   41.84     2.5    -6.8    -2.2    -1.9     1.6    15.08 C    11.2    -8.4    -0.6    90.3    52.2    74.3   0.343 -99.000 -99.000   0.374 -99.000     0.4    -0.2     0.1     3.1     5.1
54811 20160305  2.422  -88.85   41.84     4.3    -1.5     1.4     1.2     0.0     5.51 C     6.2    -2.1     0.9    92.7    69.6    84.7   0.348 -99.000 -99.000   0.375 -99.000     0.5     0.0     0.3     3.2     5.1
54811 20160306  2.422  -88.85   41.84    10.8    -1.8     4.5     4.5     0.0    14.90 C    14.4    -4.9     4.2    90.2    56.7    75.1   0.354 -99.000   0.360   0.377 -99.000     1.8     0.8     0.7     3.3     5.1
54811 20160307  2.422  -88.85   41.84    15.6     3.1     9.4    10.4     0.3     9.00 C    20.5    -0.4     9.3    91.1    63.7    76.5   0.361   0.387   0.363   0.383 -99.000     4.5     2.9     2.3     3.8     5.1
54811 20160308  2.422  -88.85   41.84    21.2    12.0    16.6    15.6     1.2    13.25 C    28.2     8.9    15.1    92.3    53.7    74.4   0.361   0.389   0.366   0.384 -99.000     8.7     6.4     5.1     4.6     5.2
54811 20160309  2.422  -88.85   41.84    16.0     7.1    11.6    12.5     7.9     6.43 C    18.0     6.5    12.3    94.8    65.8    86.5   0.400   0.414   0.385   0.396 -99.000    10.1     8.4     7.4     6.1     5.3
54811 20160310  2.422  -88.85   41.84    10.1     0.8     5.4     6.5     0.0     7.94 C    15.2    -0.9     6.6    95.0    65.3    81.9   0.375   0.399   0.378   0.398 -99.000     8.2     7.4     7.2     7.1     5.7
54811 20160311  2.422  -88.85   41.84    14.2    -0.9     6.7     5.7     0.0    18.13 C    22.9    -2.7     6.8    96.2    48.5    79.2 -99.000 -99.000 -99.000 -99.000 -99.000     7.5     6.6     6.6     7.3     6.1
54811 20160312  2.422  -88.85   41.84    15.2    -0.7     7.2     7.7     0.8     8.70 C    20.8    -2.3     7.8    96.1    47.4    80.8 -99.000 -99.000 -99.000 -99.000 -99.000     7.4     6.5     6.6     7.5     6.4
54811 20160313  2.422  -88.85   41.84     9.5     6.7     8.1     8.3    10.0     3.16 C    10.6     6.7     8.5    95.0    87.1    91.5 -99.000 -99.000 -99.000 -99.000 -99.000     8.2     7.4     7.2     7.7     6.7
54811 20160314  2.422  -88.85   41.84    10.5     6.1     8.3     8.2     0.2     5.34 C    15.5     6.3     9.5    96.4    79.9    89.9   0.398   0.412   0.387   0.404 -99.000     8.5     7.6     7.3     8.0     6.9
54811 20160315  2.422  -88.85   41.84    18.1     8.8    13.5    12.6    10.1     8.14 C    21.0     8.8    12.6    96.2    73.1    87.5   0.395   0.412   0.388   0.404 -99.000     9.9     8.7     8.1     8.3     7.1
54811 20160316  2.422  -88.85   41.84    13.0     5.6     9.3     9.1     1.9    17.10 C    15.6     3.5     8.7    89.3    44.0    66.2   0.404   0.425   0.399   0.412 -99.000     9.6     9.1     8.8     8.9     7.4
54811 20160317  2.422  -88.85   41.84    12.8     1.1     7.0     7.1     0.0    19.60 C    18.2    -0.7     6.8    72.8    34.6    56.3   0.377   0.403   0.385   0.405 -99.000     7.8     7.5     7.7     9.0     7.6
54811 20160318  2.422  -88.85   41.84     7.9    -1.4     3.2     3.1     0.0    15.53 C    22.4    -2.6     4.8    87.7    43.5    69.4   0.364   0.394   0.378   0.399 -99.000     7.0     6.7     7.1     8.8     7.8
54811 20160319  2.422  -88.85   41.84     6.8    -1.2     2.8     2.4     1.1     8.79 C    18.3    -2.5     4.1    93.5    53.6    79.1   0.356   0.389   0.372   0.397 -99.000     6.6     6.4     6.7     8.6     8.0
54811 20160320  2.422  -88.85   41.84     5.9    -0.7     2.6     2.1     0.0    11.95 C    15.8    -2.6     2.8    86.2    47.1    67.9   0.354   0.386   0.371   0.392 -99.000     5.8     5.8     6.2     8.4     8.1
54811 20160321  2.422  -88.85   41.84     9.1    -2.9     3.1     3.6     0.0    18.70 C    21.0    -4.9     5.5    85.8    40.4    61.5   0.348   0.383   0.368   0.389 -99.000     6.0     5.6     5.8     8.1     8.1
54811 20160322  2.422  -88.85   41.84    17.1     3.1    10.1     9.3     0.0     9.37 C    17.5     0.5     8.0    81.0    37.8    59.8   0.340   0.380   0.367   0.389 -99.000     7.0     6.4     6.4     8.1     8.1
54811 20160323  2.422  -88.85   41.84     7.8     2.4     5.1     4.3     0.4     5.86 C    13.5     2.7     4.9    94.2    69.8    84.0   0.330   0.378   0.366   0.388 -99.000     6.5     6.5     6.7     8.3     8.1
54811 20160324  2.422  -88.85   41.84     4.5    -1.7     1.4     1.1    28.2     4.18 C    10.6    -2.9     1.6    96.5    77.4    89.7   0.410   0.414   0.393   0.404 -99.000     4.8     5.1     5.7     8.2     8.2
54811 20160325  2.422  -88.85   41.84     7.7    -3.6     2.0     1.8     0.0    21.62 C    21.9    -6.6     4.5    89.8    55.8    77.0   0.399   0.414   0.391   0.409 -99.000     5.4     4.9     5.1     7.8     8.2
54811 20160326  2.422  -88.85   41.84    12.0     0.3     6.1     5.9     0.0    16.42 C    18.5    -0.9     6.7    91.0    56.8    77.5   0.384   0.406   0.386   0.402 -99.000     6.6     6.1     6.0     7.8     8.1
54811 20160327  2.422  -88.85   41.84     9.1     3.0     6.1     5.9     1.0     5.06 C    12.9     1.4     6.0    91.2    76.9    85.9   0.376   0.401   0.382   0.398 -99.000     6.7     6.4     6.4     8.1     8.1
54811 20160328  2.422  -88.85   41.84    11.5     1.0     6.3     6.4     0.0    14.47 C    21.6    -0.4     7.0    88.4    45.0    73.3   0.374   0.398   0.380   0.396 -99.000     7.3     6.7     6.6     8.2     8.2
54811 20160329  2.422  -88.85   41.84    14.6    -0.3     7.2     7.6     0.0    21.54 C    22.7    -2.6     8.3    92.3    33.1    63.8   0.363   0.393   0.378   0.393 -99.000     7.6     7.0     6.9     8.4     8.2
54811 20160330  2.422  -88.85   41.84    18.4     4.9    11.6    10.9    13.8     8.08 C    23.3     4.0    10.7    93.3    49.6    71.3   0.373   0.402   0.381   0.392 -99.000     8.2     7.5     7.4     8.6     8.3
54811 20160331  2.422  -88.85   41.84    18.3     3.7    11.0    12.2    10.3    10.71 C    23.7     3.0    12.6    93.8    71.9    84.2   0.437   0.446   0.411   0.409 -99.000    11.2    10.0     9.2     9.1     8.4
54811 20160401  2.422  -88.85   41.84     9.2     0.0     4.6     4.7     2.6    10.92 C    21.5    -1.2     6.1    86.7    52.0    73.7   0.417   0.425   0.399   0.411 -99.000     9.2     9.0     9.1     9.7     8.5
54811 20160402  2.422  -88.85   41.84     4.2    -3.1     0.5     0.7     0.0    15.56 C     9.2    -4.7     0.9    77.7    39.7    61.0   0.403   0.415   0.392   0.406 -99.000     5.8     6.4     7.3     9.6     8.8
54811 20160403  2.422  -88.85   41.84    22.4    -3.7     9.4     9.1     0.0    20.90 C    24.7    -5.0     9.5    81.0    27.7    54.3   0.388   0.406   0.385   0.402 -99.000     6.9     6.3     6.4     9.0     8.9
54811 20160404  2.422  -88.85   41.84     4.4    -3.5     0.4     1.1     0.0     7.39 C    10.6    -5.8     2.5    81.7    47.9    68.2   0.372   0.399   0.382   0.398 -99.000     6.8     7.0     7.3     9.1     8.9
54811 20160405  2.422  -88.85   41.84     6.8    -6.3     0.3     1.9     1.4    17.34 C    15.5    -7.8     2.6    90.1    30.6    62.4   0.360   0.392   0.378   0.394 -99.000     5.2     5.4     6.0     8.9     8.9
54811 20160406  2.422  -88.85   41.84     8.8     3.8     6.3     6.4    13.5     2.20 C     9.9     3.4     6.2    92.9    72.3    87.1   0.432   0.426   0.389   0.396 -99.000     6.1     5.9     6.1     8.5     8.9
54811 20160407  2.422  -88.85   41.84     5.2     1.1     3.1     3.1     0.3     8.27 C     9.5    -0.4     3.3    85.9    61.3    75.6   0.415   0.426   0.396   0.404 -99.000     5.7     5.8     6.1     8.5     8.8
54811 20160408  2.422  -88.85   41.84     5.0    -3.1     1.0     1.6     2.7    11.54 C    10.7    -3.7     2.1    93.0    51.5    74.4   0.406   0.417   0.390   0.400 -99.000     5.1     5.3     5.7     8.3     8.8
54811 20160409  2.422  -88.85   41.84     2.9    -5.7    -1.4    -1.1     0.3    24.52 C    18.2    -5.9     3.4    82.3    41.8    59.9   0.393   0.411   0.388   0.397 -99.000     5.1     4.9     5.2     8.1     8.7
54811 20160410  2.422  -88.85   41.84     9.8     0.5     5.1     5.3     1.1     3.11 C     9.1    -0.1     5.0    95.0    62.3    80.7   0.390   0.405   0.384   0.396 -99.000     5.0     5.0     5.4     8.0     8.7
54811 20160411  2.422  -88.85   41.84     9.8    -1.5     4.2     5.8     0.0    22.59 C    15.0    -3.2     6.2    95.6    33.3    61.3   0.390   0.405   0.382   0.393 -99.000     6.8     6.3     6.1     8.0     8.6
54811 20160412  2.422  -88.85   41.84     9.9    -3.7     3.1     3.4     0.0    25.39 C    22.1    -5.5     6.2    79.2    28.1    52.3   0.374   0.398   0.380   0.391 -99.000     7.1     6.5     6.4     8.2     8.6
54811 20160413  2.422  -88.85   41.84    15.5    -1.2     7.1     7.2     0.0    22.98 C    22.8    -2.9     7.7    74.5    27.8    52.4   0.350   0.392   0.377   0.392 -99.000     7.8     7.2     7.1     8.5     8.6
54811 20160414  2.422  -88.85   41.84    19.1     1.2    10.2    10.0     0.0    24.75 C    23.3    -0.8    10.0    81.4    21.2    49.3   0.318   0.383   0.374   0.390 -99.000     8.7     8.0     7.7     8.9     8.7
54811 20160415  2.422  -88.85   41.84    23.3     3.7    13.5    13.4     0.0    25.18 C    26.8     0.9    12.7    74.7    23.9    45.1   0.286   0.371   0.371   0.389 -99.000    10.0     8.9     8.5     9.3     8.8
54811 20160416  2.422  -88.85   41.84    26.5     6.2    16.3    16.6     0.0    22.79 C    31.1     2.6    15.0    72.7    25.0    47.3   0.254   0.355   0.366   0.388 -99.000    11.5    10.2     9.6     9.8     9.0
54811 20160417  2.422  -88.85   41.84    27.1     8.3    17.7    18.1     0.0    24.55 C    32.6     4.5    16.6    74.2    25.0    44.9   0.232   0.334   0.361   0.386 -99.000    13.1    11.5    10.8    10.4     9.1
54811 20160418  2.422  -88.85   41.84    27.2     6.6    16.9    18.9     0.0    21.61 C    31.0     4.2    17.1    75.4    21.9    43.1   0.212   0.314   0.352   0.387 -99.000    14.0    12.5    11.8    11.2     9.3
54811 20160419  2.422  -88.85   41.84    16.7     9.7    13.2    12.2     1.3     6.56 C    19.7     9.1    11.7    81.2    52.2    67.5   0.199   0.303   0.346   0.383 -99.000    12.8    12.2    12.0    11.8     9.6
54811 20160420  2.422  -88.85   41.84    22.0     7.5    14.8    14.2     3.8    12.39 C    23.1     5.6    13.3    93.9    39.4    67.0   0.194   0.300   0.340   0.384 -99.000    12.1    11.3    11.2    12.0     9.9
54811 20160421  2.422  -88.85   41.84    20.1     8.8    14.4    14.5     2.9    17.41 C    27.9     6.9    15.6    96.1    40.9    77.7   0.198   0.298   0.336   0.383 -99.000    14.1    12.6    12.0    12.0    10.1
54811 20160422  2.422  -88.85   41.84    16.2     4.5    10.4    11.0     0.0    22.75 C    22.2     3.2    12.2    96.0    55.2    76.2   0.199   0.296   0.333   0.383 -99.000    13.4    12.5    12.3    12.4    10.3
54811 20160423  2.422  -88.85   41.84    18.9     0.9     9.9    10.4     0.0    26.12 C    26.1     0.1    11.7    89.5    35.6    65.4   0.195   0.286   0.325   0.381 -99.000    12.9    12.1    12.0    12.6    10.5
54811 20160424  2.422  -88.85   41.84    25.4     4.4    14.9    16.4     0.0    20.77 C    30.5     2.7    15.6    88.0    37.3    62.2   0.190   0.277   0.317   0.381 -99.000    13.6    12.6    12.2    12.7    10.7
54811 20160425  2.422  -88.85   41.84    28.2    13.3    20.8    20.8     0.0    23.13 C    32.0    10.7    20.2    76.7    35.8    57.2   0.186   0.269   0.309   0.379 -99.000    16.0    14.2    13.3    13.0    10.9
54811 20160426  2.422  -88.85   41.84    16.7     6.5    11.6    10.0     0.0     8.21 C    16.5     6.9    10.6    95.8    65.8    80.1   0.178   0.262   0.301   0.379 -99.000    14.1    13.7    13.6    13.6    11.0
54811 20160427  2.422  -88.85   41.84     9.6     4.5     7.1     6.9    18.3     5.24 C    11.2     4.1     7.3    91.6    69.9    82.3   0.254   0.262   0.301   0.378 -99.000    10.8    11.1    11.8    13.4    11.3
54811 20160428  2.422  -88.85   41.84    11.1     5.7     8.4     7.7     1.9     7.52 C    15.4     5.8     8.7    93.0    77.8    87.6   0.379   0.321   0.315   0.376 -99.000    10.3    10.1    10.7    12.8    11.4
54811 20160429  2.422  -88.85   41.84     8.1     5.0     6.5     6.7     0.2     5.60 C    10.3     5.3     7.5    93.7    76.2    84.7   0.355   0.333   0.313   0.374 -99.000    10.1    10.0    10.4    12.5    11.5
54811 20160430  2.422  -88.85   41.84     9.2     5.6     7.4     7.1    12.3     2.85 C     9.2     5.6     7.2    93.9    80.2    89.4   0.385   0.377   0.328   0.371 -99.000     9.3     9.4     9.9    12.2    11.4
54811 20160501  2.422  -88.85   41.84    10.0     6.9     8.4     8.1    14.4     5.50 C    12.2     7.3     8.6    95.2    84.0    91.5   0.407   0.436   0.372   0.370 -99.000     9.4     9.2     9.5    11.8    11.4
54811 20160502  2.422  -88.85   41.84    15.7     5.1    10.4    10.2     0.0    20.58 C    21.2     1.4     9.9    91.9    41.8    68.2   0.391   0.429   0.396   0.389 -99.000    10.6     9.9     9.9    11.7    11.3
54811 20160503  2.422  -88.85   41.84    18.8     2.7    10.7    12.2     2.1    21.44 C    24.6     0.0    11.5    89.5    38.9    62.2   0.363   0.412   0.385   0.394 -99.000    10.8    10.2    10.2    11.8    11.3
54811 20160504  2.422  -88.85   41.84    13.6     3.7     8.6     9.1     5.3    17.17 C    16.6     2.6     9.4    93.7    53.7    75.7   0.403   0.436   0.390   0.395 -99.000    11.2    10.7    10.7    12.0    11.2
54811 20160505  2.422  -88.85   41.84    17.7     3.0    10.4    10.2     0.0    27.80 C    23.5     2.4    10.7    85.7    35.8    66.2   0.369   0.419   0.384   0.395 -99.000    11.5    10.7    10.7    12.0    11.3
54811 20160506  2.422  -88.85   41.84    27.3     5.2    16.2    18.4     0.0    25.56 C    26.7     3.0    16.5    85.6    27.6    49.6   0.332   0.401   0.377   0.393 -99.000    12.9    11.7    11.4    12.3    11.3
54811 20160507  2.422  -88.85   41.84    18.8     6.6    12.7    15.3     1.9    13.49 C    22.1     3.4    13.7    85.5    37.0    61.2   0.301   0.386   0.369   0.389 -99.000    13.9    12.9    12.5    12.7    11.4
54811 20160508  2.422  -88.85   41.84    19.1     3.6    11.3    12.9     0.0    16.68 C    24.0     0.9    11.9    83.1    25.8    55.1   0.284   0.375   0.363   0.389 -99.000    12.7    12.0    12.1    13.1    11.5
54811 20160509  2.422  -88.85   41.84    15.1    10.5    12.8    12.2     9.1     5.92 C    15.5    10.5    12.0    95.2    63.7    79.5   0.300   0.367   0.358   0.387 -99.000    12.4    12.0    12.1    13.1    11.6
54811 20160510  2.422  -88.85   41.84    20.4    12.2    16.3    15.4     8.6     9.09 C    24.0    12.1    15.8    95.4    74.6    89.9   0.425   0.436   0.385   0.384 -99.000    13.2    12.3    12.1    13.1    11.7
54811 20160511  2.422  -88.85   41.84    22.3    13.1    17.7    16.9    73.7    10.30 C    24.5    13.4    17.3    96.2    73.1    89.6   0.413   0.449   0.410   0.400 -99.000    14.6    13.5    13.1    13.5    11.8
54811 20160512  2.422  -88.85   41.84    19.7    10.5    15.1    15.9 -9999.0    13.35 C    23.1     9.2    15.8    95.3    57.1    77.7   0.501   0.523   0.506   0.545 -99.000    15.9    15.1    14.9    14.5    12.0
54811 20160513  2.422  -88.85   41.84    17.6     6.1    11.8    11.8    12.7    21.45 C    24.3     5.5    12.8    92.7    52.3    76.8   0.437   0.482   0.445   0.542 -99.000    14.8    14.3    14.3    14.9    12.3
54811 20160514  2.422  -88.85   41.84     9.4     3.5     6.5     6.0     0.0    14.26 C    13.1    -0.2     5.9    81.0    53.3    67.8   0.423   0.462   0.428   0.515 -99.000    12.3    12.5    13.2    14.8    12.6
54811 20160515  2.422  -88.85   41.84    12.9     0.7     6.8     7.2     0.0    28.49 C    18.0    -1.4     6.9    90.7    37.7    62.3   0.400   0.442   0.410   0.445 -99.000    11.1    10.8    11.7    14.2    12.7
54811 20160516  2.422  -88.85   41.84    19.9     4.9    12.4    13.0     0.0    22.53 C    23.2     2.0    12.3    82.8    33.5    59.4   0.375   0.431   0.401   0.424 -99.000    11.8    11.0    11.6    13.8    12.7
54811 20160517  2.422  -88.85   41.84    16.3     5.7    11.0    12.2     0.0    18.07 C    20.4     1.2    11.9    85.3    44.4    65.5   0.347   0.421   0.394   0.416 -99.000    12.9    11.9    12.2    13.7    12.6
54811 20160518  2.422  -88.85   41.84    19.0     2.5    10.7    11.2     0.0    21.83 C    25.8     0.8    10.6    86.7    36.6    62.6   0.316   0.408   0.389   0.411 -99.000    12.3    11.5    12.1    13.7    12.6
54811 20160519  2.422  -88.85   41.84    21.3     3.9    12.6    13.7     0.0    29.65 C    25.7     0.3    12.8    95.5    20.9    52.1   0.284   0.390   0.381   0.405 -99.000    12.6    11.5    12.1    13.7    12.6
54811 20160520  2.422  -88.85   41.84    20.7     8.7    14.7    15.0     0.0    14.43 C    21.3     3.5    12.7    67.5    32.3    49.0   0.254   0.366   0.373   0.401 -99.000    12.4    11.5    12.2    13.8    12.7
54811 20160521  2.422  -88.85   41.84    24.9    10.0    17.4    17.7     0.0    26.03 C    25.5     6.4    15.4    73.7    23.2    45.1   0.231   0.343   0.362   0.396 -99.000    13.5    12.2    12.6    13.8    12.7
54811 20160522  2.422  -88.85   41.84    27.8    10.1    19.0    19.8     0.0    28.51 C    28.8     6.4    17.2    70.4    26.3    43.8   0.210   0.319   0.350   0.393 -99.000    14.1    12.6    13.0    14.0    12.7
54811 20160523  2.422  -88.85   41.84    28.4     9.2    18.8    20.5     0.0    27.99 C    30.0     6.0    18.0    80.9    25.3    45.5   0.195   0.296   0.338   0.389 -99.000    15.1    13.5    13.8    14.3    12.7
54811 20160524  2.422  -88.85   41.84 -9999.0 -9999.0 -9999.0 -9999.0 -9999.0 -9999.00 U -9999.0 -9999.0 -9999.0 -9999.0 -9999.0 -9999.0 -99.000 -99.000 -99.000 -99.000 -99.000 -9999.0 -9999.0 -9999.0 -9999.0 -9999.0
54811 20160525  2.422  -88.85   41.84    30.6    16.2    23.4    21.9    24.8    20.19 C    34.8    13.3    21.5    95.0    36.6    74.3   0.274   0.321   0.326   0.383 -99.000    17.5    15.7    15.5    15.2    12.8
54811 20160526  2.422  -88.85   41.84    28.0    17.7    22.8    22.8     0.2    21.00 C    32.9    16.3    22.9    94.3    52.6    75.7   0.387   0.407   0.347   0.378 -99.000    18.4    16.6    16.3    15.8    13.0
54811 20160527  2.422  -88.85   41.84    27.0    19.5    23.2    22.2     2.5    16.34 C    28.9    18.8    22.2    92.5    57.1    80.7   0.352   0.387   0.343   0.380 -99.000    19.1    17.4    17.1    16.3    13.2
54811 20160528  2.422  -88.85   41.84    28.8    18.5    23.7    22.5     4.0    21.49 C    31.0    17.3    22.7    90.2    47.1    75.8   0.332   0.368   0.337   0.379 -99.000    19.4    17.9    17.6    16.8    13.5
54811 20160529  2.422  -88.85   41.84    25.9    16.7    21.3    20.8     0.0    23.42 C    29.1    15.0    20.4    93.0    47.2    71.5   0.333   0.347   0.330   0.378 -99.000    19.3    17.9    17.8    17.2    13.7
54811 20160530  2.422  -88.85   41.84    29.2    15.7    22.4    23.3     0.0    27.63 C    32.4    12.9    22.1    87.7    32.7    57.0   0.295   0.331   0.324   0.376 -99.000    19.4    17.8    17.8    17.5    14.0
54811 20160531  2.422  -88.85   41.84    26.8    16.7    21.7    19.5    12.1     9.11 C    27.8    14.6    18.7    91.1    47.0    77.4   0.332   0.327   0.319   0.373 -99.000    18.7    17.6    17.8    17.7    14.2
54811 20160601  2.422  -88.85   41.84    25.3    15.3    20.3    20.5     0.4    20.49 C    31.0    12.7    20.7    92.3    48.5    75.9   0.384   0.356   0.319   0.373 -99.000    18.9    17.6    17.6    17.7    14.5
54811 20160602  2.422  -88.85   41.84    25.1    13.2    19.1    19.6     0.0    30.04 C    28.9    11.0    19.2    89.3    37.3    61.0   0.351   0.344   0.320   0.372 -99.000    18.6    17.4    17.7    17.9    14.6
54811 20160603  2.422  -88.85   41.84    28.2    11.9    20.0    21.4     0.0    26.55 C    32.4     9.1    20.6    92.4    37.2    58.7   0.308   0.325   0.316   0.373 -99.000    18.6    17.3    17.6    17.9    14.8
54811 20160604  2.422  -88.85   41.84    25.2    16.9    21.1    20.0     5.6    13.76 C    31.9    13.7    19.6    92.7    50.4    73.7   0.303   0.317   0.315   0.372 -99.000    18.9    17.6    17.9    18.0    14.9
54811 20160605  2.422  -88.85   41.84    25.7    15.2    20.5    20.3     3.3    24.55 C    27.8    12.5    20.2    92.5    39.0    66.6   0.301   0.310   0.315   0.370 -99.000    18.9    17.7    17.9    18.1    15.0
54811 20160606  2.422  -88.85   41.84    27.0    12.9    20.0    20.5     0.0    25.25 C    29.0    10.7    20.1    91.4    26.7    55.0   0.280   0.300   0.312   0.370 -99.000    18.3    17.4    17.7    18.2    15.1
54811 20160607  2.422  -88.85   41.84    20.3    11.5    15.9    15.6     0.0    24.13 C    24.8     8.0    16.1    84.3    45.0    61.9   0.257   0.290   0.309   0.368 -99.000    17.6    16.9    17.4    18.1    15.2
54811 20160608  2.422  -88.85   41.84    24.1     9.5    16.8    17.7     0.0    28.04 C    29.5     7.5    18.8    84.7    30.6    53.4   0.236   0.281   0.306   0.367 -99.000    17.3    16.3    16.9    17.9    15.3
54811 20160609  2.422  -88.85   41.84    22.0    13.3    17.6    18.0     5.7     6.72 C    24.6    11.5    17.7    90.5    59.6    77.1   0.231   0.275   0.302   0.365 -99.000    17.4    16.4    16.9    17.9    15.3
54811 20160610  2.422  -88.85   41.84    32.1    16.3    24.2    25.0     0.0    26.12 C    37.5    15.2    25.7    94.5    34.4    64.9   0.238   0.274   0.301   0.364 -99.000    19.8    17.9    17.6    17.9    15.3
54811 20160611  2.422  -88.85   41.84    31.7    20.2    25.9    26.2     0.0    24.27 C    35.3    18.0    26.2    87.6    45.7    63.5   0.226   0.270   0.301   0.366 -99.000    21.2    19.4    19.0    18.4    15.3
54811 20160612  2.422  -88.85   41.84    23.3    13.4    18.3    19.2     0.0    19.48 C    25.7    11.1    19.4    89.2    27.2    42.8   0.209   0.260   0.296   0.362 -99.000    19.7    18.8    19.0    18.9    15.5
54811 20160613  2.422  -88.85   41.84    31.1    12.8    21.9    22.7     0.0    25.45 C    35.7    11.0    23.9    83.4    33.3    54.0   0.194   0.249   0.286   0.359 -99.000    19.7    18.0    18.2    18.9    15.6
54811 20160614  2.422  -88.85   41.84    30.8    18.9    24.9    23.9    16.6    22.29 C    35.1    17.8    25.0    92.6    53.3    77.9   0.191   0.249   0.285   0.355 -99.000    21.8    19.8    19.4    19.1    15.7
54811 20160615  2.422  -88.85   41.84    31.0    19.5    25.3    25.4    23.5    28.73 C    33.3    19.1    25.6    95.0    52.9    75.6   0.398   0.383   0.400   0.355 -99.000    22.6    20.9    20.4    19.6    15.8
54811 20160616  2.422  -88.85   41.84    23.3    16.3    19.8    20.2     0.0    16.69 C    28.6    15.2    20.6    91.0    66.5    77.2   0.352   0.362   0.382   0.360 -99.000    21.8    20.9    20.8    20.2    16.0
54811 20160617  2.422  -88.85   41.84    28.3    14.7    21.5    21.5     0.0    29.80 C    31.5    12.8    21.3    94.6    35.6    64.4   0.315   0.346   0.371   0.360 -99.000    21.4    20.2    20.2    20.3    16.3
54811 20160618  2.422  -88.85   41.84    29.8    14.3    22.0    22.9     0.0    27.47 C    32.6    11.3    21.7    86.1    31.4    56.9   0.274   0.325   0.358   0.360 -99.000    21.0    19.7    20.0    20.4    16.4
54811 20160619  2.422  -88.85   41.84    30.2    13.9    22.0    24.3     0.0    29.29 C    34.1    12.0    23.7    89.3    38.1    60.5   0.245   0.306   0.348   0.358 -99.000    21.5    20.0    20.1    20.4    16.6
54811 20160620  2.422  -88.85   41.84    31.5    17.6    24.6    25.8     0.0    23.65 C    33.1    15.0    24.7    78.4    36.3    62.5   0.224   0.291   0.337   0.359 -99.000    22.5    21.0    20.8    20.6    16.7
54811 20160621  2.422  -88.85   41.84    26.9    14.6    20.7    21.2     0.0    30.32 C    30.9    13.0    21.0    84.5    36.3    57.8   0.204   0.275   0.325   0.356 -99.000    21.6    20.5    20.7    20.8    16.9
54811 20160622  2.422  -88.85   41.84    24.1    16.6    20.3    20.2    34.5     9.45 C    29.1    16.3    20.6    94.3    76.5    88.8   0.303   0.360   0.342   0.357 -99.000    20.8    19.9    20.2    20.8    17.0
54811 20160623  2.422  -88.85   41.84    26.7    15.4    21.1    21.2     0.0    16.97 C    32.6    13.9    22.1    96.2    66.4    85.0   0.393   0.420   0.395   0.356 -99.000    21.7    20.4    20.4    20.7    17.1
54811 20160624  2.422  -88.85   41.84    27.2    13.6    20.4    21.1     0.0    27.90 C    32.8    12.7    22.3    93.1    55.4    75.2   0.364   0.397   0.383   0.357 -99.000    21.8    20.5    20.5    20.9    17.2
54811 20160625  2.422  -88.85   41.84    30.5    16.9    23.7    24.9     0.0    27.90 C    34.9    15.6    25.4    90.4    60.3    76.2   0.328   0.378   0.372   0.356 -99.000    22.8    21.1    20.9    21.1    17.3
54811 20160626  2.422  -88.85   41.84    29.3    19.4    24.4    24.4     0.7    20.29 C    33.1    17.9    24.4    91.4    42.6    78.0   0.300   0.364   0.364   0.358 -99.000    23.6    22.1    21.8    21.5    17.4
54811 20160627  2.422  -88.85   41.84    29.1    18.8    24.0    23.8     0.0    29.60 C    32.5    17.4    23.9    86.6    42.3    68.0   0.271   0.345   0.355   0.357 -99.000    23.3    22.0    21.8    21.7    17.6
54811 20160628  2.422  -88.85   41.84    21.2    10.9    16.0    17.5     0.0    21.85 C    28.1     9.2    18.6    90.7    53.4    73.6   0.244   0.324   0.344   0.355 -99.000    21.6    21.0    21.4    21.8    17.7
54811 20160629  2.422  -88.85   41.84    24.2     9.4    16.8    17.6     0.0    28.76 C    31.3     8.0    18.9    92.0    38.6    66.7   0.227   0.306   0.333   0.355 -99.000    20.2    19.5    20.2    21.6    17.9
54811 20160630  2.422  -88.85   41.84    23.8    10.6    17.2    18.6     0.0    21.07 C    30.4     9.2    19.6    92.5    52.9    74.0   0.213   0.291   0.322   0.354 -99.000    19.8    19.0    19.6    21.2    17.9
54811 20160701  2.422  -88.85   41.84    23.3    10.7    17.0    17.9     0.0    27.39 C    30.8     9.0    19.7    94.9    44.9    71.3   0.204   0.279   0.313   0.352 -99.000    20.3    19.4    19.7    20.9    17.9
54811 20160702  2.422  -88.85   41.84    21.7    10.4    16.0    16.4     0.0    20.24 C    28.3     8.5    17.4    93.0    48.0    72.6   0.193   0.265   0.304   0.351 -99.000    19.3    18.6    19.2    20.8    17.9
54811 20160703  2.422  -88.85   41.84    24.0    10.7    17.3    18.3     0.0    25.99 C    30.3     8.9    19.4    93.4    48.1    69.8   0.185   0.255   0.296   0.348 -99.000    19.1    18.2    18.7    20.5    17.9
54811 20160704  2.422  -88.85   41.84    23.9    16.4    20.1    19.9     0.0    11.85 C    31.1    15.1    21.0    93.7    70.5    81.7   0.181   0.247   0.290   0.346 -99.000    20.1    18.9    19.1    20.5    17.8
54811 20160705  2.422  -88.85   41.84    29.5    17.8    23.6    23.8     0.0    22.72 C    36.8    17.7    24.9    93.7    57.9    76.6   0.179   0.242   0.286   0.346 -99.000    21.3    19.7    19.6    20.5    17.8
54811 20160706  2.422  -88.85   41.84    28.3    19.0    23.6    23.2    57.5    21.32 C    33.2    18.8    23.8   100.0    62.9    82.9   0.389   0.434   0.410   0.394 -99.000    21.9    20.7    20.4    20.6    17.8
54811 20160707  2.422  -88.85   41.84    26.7    18.5    22.6    22.4     0.0    13.17 C    32.1    17.2    23.0    95.1    73.0    87.8   0.371   0.416   0.394   0.405 -99.000    22.2    21.0    20.9    20.9    17.9
54811 20160708  2.422  -88.85   41.84    28.0    17.7    22.8    23.2     0.0    27.62 C    32.4    16.7    23.5    95.1    45.8    73.2   0.351   0.403   0.385   0.398 -99.000    22.4    21.2    21.0    21.1    18.0
54811 20160709  2.422  -88.85   41.84    25.7    15.0    20.3    20.6     0.0    29.58 C    32.3    13.5    22.3    92.0    50.5    73.7   0.315   0.385   0.375   0.391 -99.000    22.2    21.2    21.1    21.3    18.2
54811 20160710  2.422  -88.85   41.84    25.4    12.6    19.0    20.8     0.0    22.02 C    32.8    11.5    21.6    95.3    59.1    75.6   0.286   0.367   0.365   0.387 -99.000    21.3    20.4    20.7    21.4    18.3
54811 20160711  2.422  -88.85   41.84    30.4    19.3    24.9    25.3     0.0    26.59 C    35.6    18.5    26.3    91.9    60.9    77.3   0.265   0.350   0.356   0.383 -99.000    23.0    21.4    21.1    21.3    18.4
54811 20160712  2.422  -88.85   41.84    28.6    18.2    23.4    24.1     0.0    23.36 C    35.0    16.8    24.8    94.5    59.5    78.3   0.246   0.333   0.347   0.378 -99.000    23.6    22.2    21.9    21.7    18.5
54811 20160713  2.422  -88.85   41.84    29.0    16.7    22.8    22.5     3.2    13.88 C    34.9    15.5    23.1    95.3    72.9    87.3   0.235   0.320   0.342   0.378 -99.000    22.8    21.7    21.7    22.0    18.6
54811 20160714  2.422  -88.85   41.84    28.7    17.3    23.0    22.9     0.0    27.60 C    32.1    15.9    23.4    95.8    45.0    73.6   0.230   0.310   0.335   0.375 -99.000    22.9    21.8    21.7    22.0    18.7
54811 20160715  2.422  -88.85   41.84    23.5    12.6    18.1    18.0     0.2    15.26 C    31.3    11.7    18.6    96.0    66.2    82.4   0.218   0.300   0.329   0.370 -99.000    21.5    20.9    21.2    22.1    18.8
54811 20160716  2.422  -88.85   41.84    24.4    10.2    17.3    18.2     0.0    28.00 C    33.7     9.1    20.4    96.5    47.4    75.7   0.209   0.290   0.323   0.368 -99.000    20.5    19.8    20.3    21.8    18.9
54811 20160717  2.422  -88.85   41.84    27.9    15.4    21.7    22.4     9.9    17.59 C    32.6    14.5    23.1    94.6    68.0    83.4   0.246   0.295   0.328   0.365 -99.000    21.2    20.1    20.3    21.5    18.9
54811 20160718  2.422  -88.85   41.84    27.8    16.6    22.2    23.0     0.0    20.64 C    33.7    15.5    23.7    95.7    51.8    79.8   0.251   0.295   0.328   0.362 -99.000    22.4    21.2    21.0    21.6    18.9
54811 20160719  2.422  -88.85   41.84    28.2    15.4    21.8    22.8     0.0    21.22 C    33.8    14.4    23.9    95.2    57.0    80.6   0.233   0.289   0.321   0.362 -99.000    22.0    21.0    21.0    21.8    18.9
54811 20160720  2.422  -88.85   41.84    28.9    16.8    22.8    23.2     0.5    17.70 C    36.2    16.4    24.0    95.8    65.9    83.5   0.225   0.284   0.317   0.358 -99.000    22.3    21.3    21.2    21.9    18.9
54811 20160721  2.422  -88.85   41.84    32.9    20.7    26.8    26.4    42.7    20.79 C    37.9    20.6    27.5    94.9    64.5    83.1   0.263   0.316   0.337   0.366 -99.000    23.7    22.4    21.8    22.1    19.0
54811 20160722  2.422  -88.85   41.84    30.2    19.6    24.9    24.8     1.9    22.36 C    36.3    19.1    26.2    94.8    67.5    82.4   0.397   0.440   0.410   0.426 -99.000    24.0    23.0    22.4    22.3    19.1
54811 20160723  2.422  -88.85   41.84    31.0    20.7    25.8    25.4    28.6    16.73 C    36.1    20.2    26.5    96.1    69.2    85.0   0.388   0.437   0.403   0.426 -99.000    24.8    23.8    23.0    22.7    19.3
54811 20160724  2.422  -88.85   41.84    33.0    21.3    27.1    26.8     0.0    23.85 C    37.8    21.1    28.0    94.6    64.3    81.8   0.411   0.453   0.413   0.439 -99.000    25.3    24.2    23.4    23.1    19.5
54811 20160725  2.422  -88.85   41.84    28.9    19.1    24.0    24.1     0.0    26.24 C    35.6    17.7    25.5    93.3    50.9    75.6   0.381   0.434   0.400   0.427 -99.000    25.3    24.5    23.8    23.4    19.7
54811 20160726  2.422  -88.85   41.84    29.0    17.6    23.3    23.3     0.0    28.03 C    36.0    16.5    25.0    94.8    45.1    74.2   0.352   0.419   0.390   0.421 -99.000    24.7    23.8    23.4    23.6    19.9
54811 20160727  2.422  -88.85   41.84    29.4    16.3    22.8    23.2     0.0    25.10 C    36.8    15.7    24.8    94.9    56.3    79.2   0.325   0.401   0.380   0.418 -99.000    24.5    23.5    23.2    23.6    20.1
54811 20160728  2.422  -88.85   41.84    29.2    17.7    23.4    22.0     6.4    16.11 C    35.7    17.3    23.2    95.6    66.1    86.7   0.334   0.400   0.375   0.414 -99.000    24.0    23.2    23.1    23.6    20.2
54811 20160729  2.422  -88.85   41.84    27.0    19.1    23.1    21.6     0.0    15.68 C    35.1    18.7    23.3    96.1    71.2    87.5   0.350   0.403   0.371   0.413 -99.000    23.7    22.9    22.8    23.5    20.3
54811 20160730  2.422  -88.85   41.84    25.9    15.8    20.8    21.0     0.0    20.21 C    33.3    15.2    22.5    96.1    63.0    83.2   0.329   0.389   0.367   0.410 -99.000    23.2    22.5    22.5    23.3    20.4
54811 20160731  2.422  -88.85   41.84    26.8    14.6    20.7    20.9     0.0    24.81 C    35.0    13.8    22.8    95.3    54.4    80.1   0.306   0.374   0.360   0.406 -99.000    22.9    22.1    22.2    23.2    20.4
54811 20160801  2.422  -88.85   41.84    28.0    15.0    21.5    21.9     0.0    24.36 C    35.5    14.4    23.5    96.2    56.5    79.8   0.285   0.359   0.353   0.404 -99.000    23.0    22.1    22.1    23.0    20.4
54811 20160802  2.422  -88.85   41.84    28.7    16.9    22.8    22.9     0.0    19.31 C    35.0    16.1    24.1    95.0    65.7    83.5   0.269   0.346   0.349   0.403 -99.000    23.3    22.3    22.2    23.0    20.4
54811 20160803  2.422  -88.85   41.84    30.0    17.4    23.7    23.9     0.0    25.06 C    36.9    17.0    25.5    95.5    57.0    80.9   0.255   0.335   0.344   0.401 -99.000    23.9    22.8    22.4    23.0    20.4
54811 20160804  2.422  -88.85   41.84    30.2    15.7    23.0    23.9     7.0    25.68 C    36.5    15.3    25.5    96.1    59.3    79.6   0.239   0.322   0.341   0.399 -99.000    24.0    22.9    22.6    23.2    20.4
54811 20160805  2.422  -88.85   41.84    27.8    17.8    22.8    23.0     0.5    20.35 C    34.9    16.7    24.2    93.6    55.8    80.3   0.274   0.323   0.339   0.395 -99.000    24.0    23.1    22.8    23.3    20.4
54811 20160806  2.422  -88.85   41.84    26.6    15.5    21.0    20.6     0.0    27.63 C    34.5    14.2    22.2    92.3    48.8    75.2   0.262   0.316   0.334   0.394 -99.000    23.3    22.5    22.5    23.4    20.5
54811 20160807  2.422  -88.85   41.84    27.1    12.8    20.0    20.6     0.0    22.69 C    36.2    11.9    22.1    95.5    47.0    75.0   0.248   0.306   0.329   0.393 -99.000    22.5    21.6    21.9    23.2    20.5
54811 20160808  2.422  -88.85   41.84    27.9    16.5    22.2    22.4     0.0    23.92 C    35.0    14.7    23.7    90.9    53.0    74.6   0.235   0.298   0.324   0.390 -99.000    22.9    22.0    21.9    23.0    20.5
54811 20160809  2.422  -88.85   41.84    29.0    16.3    22.7    22.7     0.0    21.73 C    35.5    15.3    24.0    94.6    53.0    76.6   0.221   0.289   0.320   0.387 -99.000    23.2    22.1    22.0    23.0    20.5
54811 20160810  2.422  -88.85   41.84    30.1    16.9    23.5    23.5     0.0    21.31 C    38.8    16.3    26.3    95.1    59.3    81.4   0.212   0.282   0.315   0.384 -99.000    23.4    22.3    22.1    23.0    20.5
54811 20160811  2.422  -88.85   41.84    31.6    18.2    24.9    24.6     0.4    15.75 C    39.5    17.7    26.1    95.3    66.2    85.2   0.204   0.276   0.311   0.385 -99.000    23.7    22.6    22.4    23.1    20.5
54811 20160812  2.422  -88.85   41.84    26.4    21.2    23.8    23.3    11.9     7.18 C    33.1    21.1    24.2    95.3    77.0    90.0   0.325   0.324   0.312   0.384 -99.000    23.8    22.9    22.6    23.3    20.5
54811 20160813  2.422  -88.85   41.84    27.6    17.1    22.3    23.1     0.0    16.59 C    32.7    16.1    24.4    96.3    63.3    84.6   0.330   0.329   0.314   0.383 -99.000    23.9    23.0    22.7    23.4    20.5
54811 20160814  2.422  -88.85   41.84    27.5    15.3    21.4    21.4     0.0    23.96 C    35.8    14.5    22.7    95.2    53.9    78.5   0.296   0.315   0.311   0.381 -99.000    23.0    22.2    22.3    23.3    20.7
54811 20160815  2.422  -88.85   41.84    25.5    15.0    20.3    20.8     0.0    11.75 C    29.6    14.2    21.3    95.3    72.6    87.0   0.269   0.305   0.308   0.380 -99.000    22.1    21.5    21.7    23.2    20.8
54811 20160816  2.422  -88.85   41.84    28.3    18.1    23.2    23.1     0.0    25.03 C    35.9    17.3    24.9    94.6    49.8    77.9   0.251   0.296   0.306   0.379 -99.000    23.2    22.1    21.9    23.0    20.7
54811 20160817  2.422  -88.85   41.84    28.9    17.4    23.2    23.0     0.3    20.89 C    35.7    16.4    24.1    94.9    54.3    80.0   0.230   0.287   0.303   0.378 -99.000    23.2    22.2    22.1    23.1    20.7
54811 20160818  2.422  -88.85   41.84    29.7    18.8    24.2    23.3    20.9    18.87 C    35.8    18.4    24.5    95.3    65.4    85.1   0.332   0.296   0.308   0.375 -99.000    23.5    22.5    22.2    23.2    20.7
54811 20160819  2.422  -88.85   41.84    28.4    18.3    23.4    22.7     3.7    17.83 C    33.8    17.7    23.6    93.2    64.7    83.9   0.408   0.384   0.335   0.375 -99.000    23.5    22.6    22.4    23.3    20.7
54811 20160820  2.422  -88.85   41.84    24.7    15.2    19.9    20.6    16.8    13.62 C    30.2    14.0    20.5    94.1    63.4    84.3   0.413   0.437   0.382   0.380 -99.000    22.9    22.4    22.4    23.4    20.7
54811 20160821  2.422  -88.85   41.84    23.4    11.3    17.3    17.2     0.0    21.83 C    29.1    10.5    17.9    95.2    45.5    75.4   0.386   0.424   0.378   0.397 -99.000    21.3    21.1    21.4    23.2    20.8
54811 20160822  2.422  -88.85   41.84    24.6     8.9    16.7    17.6     0.0    24.74 C    31.2     7.7    18.7    95.9    47.8    74.5   0.360   0.407   0.369   0.395 -99.000    20.6    20.0    20.5    22.7    20.8
54811 20160823  2.422  -88.85   41.84    26.1    15.0    20.5    21.0     0.0    21.48 C    32.1    13.1    21.7    90.3    54.7    74.8   0.333   0.393   0.362   0.392 -99.000    21.0    20.3    20.6    22.4    20.7
54811 20160824  2.422  -88.85   41.84    28.2    19.8    24.0    23.2    24.6    14.34 C    32.3    19.3    23.3    94.9    68.6    85.7   0.406   0.444   0.394   0.407 -99.000    22.1    21.2    21.1    22.3    20.6
54811 20160825  2.422  -88.85   41.84    26.6    16.7    21.6    21.9     3.4    16.58 C    32.8    15.4    22.4    95.2    58.8    82.1   0.424   0.455   0.397   0.420 -99.000    22.9    22.0    21.7    22.5    20.5
54811 20160826  2.422  -88.85   41.84    25.6    16.3    20.9    20.4     0.6    16.02 C    31.7    14.9    21.1    92.9    57.9    79.5   0.394   0.437   0.390   0.416 -99.000    22.0    21.3    21.4    22.6    20.5
54811 20160827  2.422  -88.85   41.84    27.4    18.4    22.9    22.6     8.7    13.40 C    32.2    18.4    23.2    95.1    72.7    86.6   0.429   0.460   0.402   0.416 -99.000    22.5    21.6    21.5    22.6    20.6
54811 20160828  2.422  -88.85   41.84    29.4    17.8    23.6    22.5     0.0    16.62 C    36.7    16.7    23.5    95.9    60.9    86.3   0.405   0.445   0.394   0.418 -99.000    23.2    22.2    22.0    22.7    20.6
54811 20160829  2.422  -88.85   41.84    29.0    18.4    23.7    22.4     0.3    14.06 C    36.1    17.2    23.1    96.0    66.9    87.8   0.387   0.436   0.388   0.417 -99.000    23.1    22.2    22.1    22.8    20.6
54811 20160830  2.422  -88.85   41.84    28.3    19.3    23.8    21.9    32.3    15.56 C    32.5    18.3    22.7    96.1    62.9    87.8   0.443   0.468   0.413   0.441 -99.000    22.9    22.1    22.1    23.0    20.7
54811 20160831  2.422  -88.85   41.84    24.6    13.7    19.2    20.1     0.0    21.51 C    30.9    11.9    21.0    95.5    54.1    78.6   0.422   0.451   0.400   0.431 -99.000    22.8    22.1    22.1    23.0    20.7
54811 20160901  2.422  -88.85   41.84    23.2    12.3    17.8    17.3     0.0    20.29 C    31.4    10.9    18.0    93.3    46.4    76.5   0.399   0.438   0.392   0.424 -99.000    21.2    20.8    21.3    23.0    20.8
54811 20160902  2.422  -88.85   41.84    23.5    11.3    17.4    16.8     0.0    21.97 C    31.3     9.9    17.6    94.0    46.4    75.6   0.375   0.428   0.386   0.418 -99.000    20.3    19.8    20.5    22.6    20.8
54811 20160903  2.422  -88.85   41.84    24.2     9.3    16.7    16.9     0.0    22.41 C    31.3     7.9    17.7    96.5    47.9    78.5   0.350   0.416   0.382   0.415 -99.000    19.7    19.0    19.9    22.2    20.7
54811 20160904  2.422  -88.85   41.84    25.0    10.5    17.8    18.2     0.0    18.70 C    31.9     9.2    18.2    96.0    51.4    77.5   0.326   0.404   0.376   0.411 -99.000    19.6    18.8    19.6    21.8    20.6
54811 20160905  2.422  -88.85   41.84    29.9    16.3    23.1    23.1     0.0    20.86 C    35.9    14.9    23.3    89.6    50.3    76.2   0.306   0.392   0.373   0.407 -99.000    20.9    19.8    20.0    21.6    20.5
54811 20160906  2.422  -88.85   41.84    32.2    21.8    27.0    26.2     0.0    18.02 C    37.4    20.4    26.3    95.1    58.1    79.6   0.294   0.382   0.369   0.408 -99.000    22.7    21.3    21.0    21.8    20.4
54811 20160907  2.422  -88.85   41.84    31.3    22.6    26.9    25.1     4.9    12.28 C    35.5    21.0    25.1    92.8    61.5    83.4   0.289   0.373   0.368   0.406 -99.000    23.4    22.2    21.8    22.3    20.3
54811 20160908  2.422  -88.85   41.84    27.8    16.8    22.3    22.4     7.1    12.54 C    30.7    14.9    22.4    94.5    62.6    85.4   0.384   0.388   0.367   0.406 -99.000    23.2    22.3    22.1    22.6    20.4
54811 20160909  2.422  -88.85   41.84    25.7    13.7    19.7    19.3     0.9     7.34 C    31.3    12.5    19.2    96.8    68.3    89.2   0.376   0.383   0.370   0.403 -99.000    21.7    21.2    21.5    22.7    20.5
54811 20160910  2.422  -88.85   41.84    22.5    11.5    17.0    17.8     0.6    14.25 C    25.4     9.4    17.4    95.3    50.9    80.5   0.371   0.382   0.367   0.402 -99.000    20.8    20.4    20.9    22.5    20.5
54811 20160911  2.422  -88.85   41.84    23.8     9.1    16.4    16.3     0.0    21.11 C    29.8     7.3    16.7    94.0    39.8    71.0   0.357   0.375   0.364   0.400 -99.000    19.4    19.0    19.9    22.2    20.5
54811 20160912  2.422  -88.85   41.84    25.7    11.2    18.4    18.4     0.0    20.62 C    30.1     9.6    18.1    91.3    41.8    68.3   0.338   0.368   0.361   0.396 -99.000    19.3    18.7    19.5    21.7    20.5
54811 20160913  2.422  -88.85   41.84    27.3    13.9    20.6    20.4     0.0    15.61 C    32.0    12.3    20.3    90.5    50.2    75.7   0.320   0.361   0.358   0.397 -99.000    19.9    19.2    19.5    21.5    20.4
54811 20160914  2.422  -88.85   41.84    23.9    11.4    17.6    18.3     0.0    13.22 C    30.4     9.6    18.5    93.5    51.0    78.4   0.305   0.353   0.356   0.394 -99.000    20.0    19.5    19.8    21.5    20.2
54811 20160915  2.422  -88.85   41.84    25.9    11.1    18.5    18.8     0.0    19.79 C    30.5     9.6    18.8    94.5    47.9    74.8   0.287   0.345   0.354   0.393 -99.000    19.1    18.5    19.2    21.4    20.2
54811 20160916  2.422  -88.85   41.84    27.8    17.0    22.4    21.9     0.2    13.85 C    32.2    15.4    21.7    92.0    60.3    77.2   0.275   0.337   0.350   0.389 -99.000    20.0    19.2    19.4    21.2    20.1
54811 20160917  2.422  -88.85   41.84    27.2    13.1    20.1    20.3     0.0    17.09 C    30.3    11.0    19.8    94.5    34.1    73.8   0.266   0.331   0.347   0.390 -99.000    20.4    19.8    19.9    21.3    20.0
54811 20160918  2.422  -88.85   41.84    26.8     9.3    18.0    17.8     0.0    18.86 C    32.4     7.9    17.7    95.5    38.1    73.2   0.253   0.322   0.344   0.389 -99.000    18.9    18.5    19.2    21.3    20.0
54811 20160919  2.422  -88.85   41.84    30.1    10.9    20.5    21.6     0.0    19.87 C    34.3     9.0    20.4    91.4    23.2    57.2   0.243   0.312   0.338   0.383 -99.000    19.0    18.3    18.9    21.1    20.0
54811 20160920  2.422  -88.85   41.84    29.6    15.0    22.3    21.5     1.4    19.56 C    33.2    13.2    20.2    95.9    28.3    63.1   0.237   0.307   0.335   0.380 -99.000    19.7    18.8    19.2    20.9    19.9
54811 20160921  2.422  -88.85   41.84    24.9    17.7    21.3    19.6    31.3     6.59 C    27.3    14.6    18.8    92.9    58.7    83.2   0.351   0.389   0.378   0.380 -99.000    19.2    18.6    19.1    21.0    19.8
54811 20160922  2.422  -88.85   41.84    27.3    16.0    21.6    21.3     0.4     8.46 C    28.7    14.1    20.1    93.0    49.9    77.0   0.406   0.432   0.396   0.389 -99.000    19.5    18.8    19.1    20.9    19.8
54811 20160923  2.422  -88.85   41.84    25.4    18.1    21.8    20.5     0.0     8.64 C    30.1    17.2    20.4    94.6    65.1    84.6   0.394   0.425   0.390   0.397 -99.000    19.9    19.3    19.4    21.0    19.8
54811 20160924  2.422  -88.85   41.84    25.5    17.5    21.5    20.1     0.0    11.58 C    29.7    15.9    20.2    92.0    63.5    82.4   0.381   0.419   0.386   0.396 -99.000    20.0    19.3    19.5    21.1    19.8
54811 20160925  2.422  -88.85   41.84    31.1    16.1    23.6    22.1     0.0    14.42 C    33.6    14.6    21.7    93.2    47.0    72.2   0.362   0.413   0.382   0.396 -99.000    20.3    19.6    19.7    21.1    19.8
54811 20160926  2.422  -88.85   41.84    20.2    11.7    15.9    15.6     0.0    19.14 C    22.3     7.5    14.5    83.1    25.3    50.9   0.336   0.401   0.377   0.393 -99.000    18.6    18.5    19.2    21.2    19.8
54811 20160927  2.422  -88.85   41.84    20.4     9.1    14.7    13.9     0.0    17.84 C    23.2     6.7    12.8    78.3    26.0    52.4   0.310   0.389   0.370   0.389 -99.000    16.6    16.6    17.8    20.7    19.8
54811 20160928  2.422  -88.85   41.84    16.9     8.5    12.7    12.2     0.2     8.08 C    21.1     7.6    11.8    90.2    55.6    75.9   0.293   0.380   0.365   0.387 -99.000    15.7    15.6    16.8    20.1    19.7
54811 20160929  2.422  -88.85   41.84    20.1    12.1    16.1    15.6     0.0     8.15 C    24.5    11.0    15.2    91.3    59.2    80.3   0.282   0.372   0.362   0.384 -99.000    16.0    15.6    16.5    19.6    19.5
54811 20160930  2.422  -88.85   41.84    19.5    14.5    17.0    16.3     1.6     4.36 C    23.0    14.5    16.2    94.9    72.4    87.0   0.274   0.367   0.361   0.384 -99.000    16.5    16.2    16.7    19.4    19.3
54811 20161001  2.422  -88.85   41.84    18.6    11.4    15.0    15.3     2.8     6.48 C    23.0    10.1    15.7    97.2    75.6    90.2   0.273   0.361   0.358   0.385 -99.000    16.8    16.4    16.8    19.3    19.2
54811 20161002  2.422  -88.85   41.84    18.4    11.5    14.9    15.4     0.0     5.57 C    22.1     9.2    15.3    96.1    69.2    84.4   0.280   0.359   0.357   0.383 -99.000    16.8    16.4    16.8    19.3    19.1
54811 20161003  2.422  -88.85   41.84    19.4    12.3    15.9    16.1     0.0     5.76 C    22.2     9.2    15.7    93.2    56.3    79.0   0.281   0.356   0.355   0.381 -99.000    16.9    16.5    16.9    19.2    19.0
54811 20161004  2.422  -88.85   41.84    24.5    14.6    19.5    18.4     0.0    10.24 C    28.2    12.9    17.2    89.4    44.4    70.1   0.276   0.352   0.353   0.380 -99.000    16.9    16.5    16.8    19.2    18.9
54811 20161005  2.422  -88.85   41.84    26.1    10.1    18.1    18.2     0.0    12.96 C    29.6     8.4    17.0    92.4    37.8    71.8   0.269   0.347   0.350   0.377 -99.000    17.3    16.8    17.0    19.2    18.9
54811 20161006  2.422  -88.85   41.84    22.9    11.9    17.4    18.4    14.8     4.98 C    25.4     9.2    17.7    95.0    77.7    88.6   0.358   0.391   0.359   0.377 -99.000    17.0    16.5    16.9    19.2    18.7
54811 20161007  2.422  -88.85   41.84    19.6     5.2    12.4    13.5     0.0    11.42 C    18.2     3.1    12.4    89.1    46.0    72.0   0.377   0.397   0.369   0.378 -99.000    16.9    16.7    17.1    19.2    18.7
54811 20161008  2.422  -88.85   41.84    18.9     2.6    10.7    10.0     0.0    16.45 C    22.6     0.6     9.3    91.6    39.5    68.5   0.359   0.388   0.364   0.378 -99.000    14.3    14.3    15.6    19.0    18.7
54811 20161009  2.422  -88.85   41.84    19.0     3.1    11.1    10.7     0.0    16.00 C    24.4     1.7    10.0    95.5    46.4    76.5   0.341   0.382   0.360   0.375 -99.000    13.6    13.5    14.7    18.5    18.6
54811 20161010  2.422  -88.85   41.84    22.9     4.6    13.7    14.3     0.0    13.76 C    27.3     2.1    12.6    91.0    37.7    66.2   0.324   0.379   0.357   0.372 -99.000    13.4    13.1    14.2    18.0    18.4
54811 20161011  2.422  -88.85   41.84    24.0    12.5    18.2    17.2     0.0    13.44 C    27.3     9.5    15.8    77.9    34.4    59.0   0.310   0.375   0.355   0.371 -99.000    14.9    14.2    14.8    17.7    18.2
54811 20161012  2.422  -88.85   41.84    19.4     6.3    12.8    13.1     2.1     2.58 C    21.0     5.5    12.4    91.2    61.7    81.9   0.295   0.370   0.352   0.373 -99.000    15.0    14.6    15.2    17.8    18.1
54811 20161013  2.422  -88.85   41.84    13.0    -0.1     6.5     6.0     0.0    16.20 C    18.2    -1.8     6.2    94.8    40.9    71.9   0.287   0.364   0.350   0.372 -99.000    12.9    13.0    14.2    17.7    17.9
54811 20161014  2.422  -88.85   41.84    18.6    -1.4     8.6     9.5     0.0    15.35 C    21.7    -3.0     8.5    95.8    40.8    70.1   0.277   0.353   0.347   0.370 -99.000    11.5    11.3    12.9    17.2    17.8
54811 20161015  2.422  -88.85   41.84    21.6     9.7    15.6    16.4     0.0     3.89 C    21.3     7.2    15.5    96.1    68.4    84.7   0.273   0.351   0.345   0.371 -99.000    13.4    12.7    13.3    16.8    17.6
54811 20161016  2.422  -88.85   41.84    22.5    17.7    20.1    19.7     1.0     4.46 C    24.9    15.5    19.0    90.1    73.5    85.1   0.274   0.351   0.347   0.370 -99.000    15.6    14.6    14.6    16.9    17.4
54811 20161017  2.422  -88.85   41.84    28.1    18.7    23.4    22.7     0.0     8.35 C    28.7    17.1    21.1    90.9    50.7    72.6   0.271   0.350   0.347   0.369 -99.000    17.0    16.0    15.7    17.3    17.3
54811 20161018  2.422  -88.85   41.84    23.1     9.9    16.5    18.8     0.0    13.34 C    25.7     6.6    16.9    81.2    36.8    63.9   0.262   0.345   0.345   0.367 -99.000    17.1    16.6    16.5    17.9    17.4
54811 20161019  2.422  -88.85   41.84    20.7     5.2    12.9    13.6     1.7     9.19 C    25.5     3.4    12.4    93.4    36.5    68.3   0.251   0.334   0.341   0.367 -99.000    14.8    14.7    15.4    18.0    17.4
54811 20161020  2.422  -88.85   41.84    12.1     2.8     7.5     8.9     0.0     4.03 C    14.3     1.5     8.3    92.4    61.0    77.6   0.246   0.328   0.338   0.366 -99.000    13.7    13.7    14.7    17.8    17.5
54811 20161021  2.422  -88.85   41.84    11.9    -0.6     5.6     5.4     0.0    13.62 C    17.0    -2.0     5.1    91.4    39.0    67.7   0.238   0.320   0.335   0.363 -99.000    11.9    12.1    13.5    17.3    17.4
54811 20161022  2.422  -88.85   41.84    16.7    -1.4     7.7     8.0     0.0    11.58 C    20.8    -2.1     7.0    94.1    44.2    71.0   0.233   0.314   0.331   0.363 -99.000    10.8    10.8    12.3    16.7    17.3
54811 20161023  2.422  -88.85   41.84    22.1     3.6    12.9    12.4     0.0    13.24 C    23.3     1.2    10.9    92.8    32.9    65.8   0.228   0.310   0.328   0.361 -99.000    11.5    11.2    12.2    16.2    17.1
54811 20161024  2.422  -88.85   41.84    14.2     0.0     7.1     7.5     0.0    13.95 C    19.5    -1.9     6.6    93.4    39.8    71.1   0.227   0.305   0.327   0.357 -99.000    11.3    11.3    12.3    16.0    16.9
54811 20161025  2.422  -88.85   41.84    10.2    -0.5     4.8     6.6     0.8     3.89 C    11.3    -2.4     5.9    94.3    53.0    73.2   0.218   0.299   0.324   0.359 -99.000     9.8     9.9    11.4    15.7    16.7
54811 20161026  2.422  -88.85   41.84     8.9     6.2     7.5     7.7    19.2     0.67 C     9.1     6.1     7.6    96.7    75.8    91.7   0.321   0.376   0.366   0.356 -99.000     9.8     9.9    11.0    15.3    16.6
54811 20161027  2.422  -88.85   41.84     8.3     4.4     6.3     6.9     0.0     3.09 C    10.1     1.8     7.1    94.8    78.2    87.2   0.373   0.406   0.382   0.358 -99.000    10.2    10.1    11.0    15.0    16.4
54811 20161028  2.422  -88.85   41.84    17.0     4.3    10.6    11.6     0.0     8.37 C    17.3     2.1    10.8    93.8    79.1    87.1   0.365   0.400   0.375   0.359 -99.000    10.6    10.3    11.0    14.8    16.2
54811 20161029  2.422  -88.85   41.84    22.5    12.7    17.6    18.5     0.0     6.63 C    23.3    12.1    17.1    87.8    65.9    76.7   0.360   0.399   0.372   0.361 -99.000    13.0    12.3    12.2    14.8    16.0
54811 20161030  2.422  -88.85   41.84    14.3     2.5     8.4    10.2    13.5     6.98 C    19.6     0.3     9.7    97.0    59.8    83.6   0.410   0.440   0.399   0.364 -99.000    12.7    12.6    12.9    15.3    15.9
54811 20161031  2.422  -88.85   41.84    15.6     2.2     8.9    10.0     0.0     8.08 C    15.8     0.3     9.2    97.4    71.1    85.6   0.393   0.429   0.385   0.374 -99.000    11.0    11.0    11.9    15.3    15.9
54811 20161101  2.422  -88.85   41.84    23.8    13.7    18.8    17.8     0.0    10.62 C    26.0    11.0    16.6    91.4    54.8    78.1   0.382   0.424   0.381   0.373 -99.000    13.3    12.5    12.6    15.2    15.8
54811 20161102  2.422  -88.85   41.84    18.0    12.0    15.0    14.8    11.1     2.92 C    22.9    11.0    14.3    95.2    82.5    90.8   0.423   0.447   0.397   0.375 -99.000    13.8    13.3    13.3    15.5    15.8
54811 20161103  2.422  -88.85   41.84    17.5     5.1    11.3    11.3     0.0    10.75 C    19.8     2.6    10.5    99.8    55.3    86.1   0.425   0.449   0.398   0.383 -99.000    13.3    13.1    13.5    15.8    15.8
54811 20161104  2.422  -88.85   41.84    16.0     2.3     9.1     8.6     0.0    11.59 C    19.0     0.9     7.4   100.0    51.1    83.3   0.409   0.439   0.389   0.386 -99.000    11.7    11.7    12.6    15.7    15.9
54811 20161105  2.422  -88.85   41.84    20.1     5.2    12.6    11.6     0.0    10.74 C    20.4     2.3     8.9    93.4    45.0    74.8   0.399   0.432   0.384   0.384 -99.000    11.3    11.2    12.0    15.4    15.9
54811 20161106  2.422  -88.85   41.84    19.9     4.4    12.2    11.7     0.0    11.24 C    22.4     1.5     9.2    92.0    43.4    72.0   0.390   0.427   0.380   0.383 -99.000    11.3    11.0    11.9    15.2    15.8
54811 20161107  2.422  -88.85   41.84    18.1     2.2    10.2    10.5     0.0    10.61 C    20.7    -0.1     8.4    95.3    45.8    74.6   0.381   0.422   0.378   0.382 -99.000    10.7    10.5    11.5    15.0    15.7
54811 20161108  2.422  -88.85   41.84    16.4     5.5    10.9    11.6     0.0     9.31 C    17.9     2.8    10.3    86.7    44.8    72.2   0.373   0.421   0.375   0.380 -99.000    11.5    11.1    11.7    14.8    15.7
54811 20161109  2.422  -88.85   41.84    13.3     0.4     6.8     6.5     0.0    10.81 C    16.2    -1.4     5.3    91.7    38.2    69.0   0.362   0.415   0.373   0.378 -99.000    10.3    10.2    11.3    14.7    15.5
54811 20161110  2.422  -88.85   41.84    17.2     4.5    10.8    10.3     0.0    11.08 C    17.9     0.2     8.5    75.8    38.0    57.8   0.353   0.409   0.370   0.377 -99.000     9.9     9.8    10.7    14.4    15.5
54811 20161111  2.422  -88.85   41.84    12.0    -1.3     5.3     5.6     0.0     8.92 C    16.5    -4.4     3.9    88.1    43.2    70.6   0.337   0.403   0.368   0.377 -99.000     9.5     9.7    10.6    14.2    15.3
54811 20161112  2.422  -88.85   41.84    10.4    -4.2     3.1     3.0     0.0    10.85 C    13.6    -6.3     1.1    95.1    49.3    75.2   0.328   0.390   0.364   0.375 -99.000     7.6     8.0     9.4    13.9    15.2
54811 20161113  2.422  -88.85   41.84    14.0    -0.6     6.7     5.9     0.0    11.02 C    16.8    -4.0     3.4    81.9    36.3    64.1   0.322   0.381   0.361   0.373 -99.000     7.5     7.5     8.8    13.4    15.0
54811 20161114  2.422  -88.85   41.84    16.5     3.0     9.7     8.5     0.0     9.60 C    19.5    -0.8     6.9    88.9    54.0    72.9   0.316   0.379   0.361   0.371 -99.000     8.2     8.0     8.9    13.0    14.9
54811 20161115  2.422  -88.85   41.84    14.7     1.0     7.9     7.2     0.0     9.39 C    17.0    -0.2     5.6    95.3    53.5    80.2   0.310   0.376   0.359   0.370 -99.000     8.6     8.5     9.2    12.9    14.6
54811 20161116  2.422  -88.85   41.84    15.3     1.4     8.4     8.0     0.0     9.83 C    18.1    -1.3     6.5    94.8    52.8    78.8   0.301   0.373   0.357   0.369 -99.000     8.4     8.3     9.1    12.9    14.5
54811 20161117  2.422  -88.85   41.84    22.2     7.5    14.9    14.3     0.0     7.66 C    22.8     5.1    12.5    85.0    44.7    67.4   0.293   0.367   0.356   0.369 -99.000     9.8     9.3     9.6    12.8    14.4
54811 20161118  2.422  -88.85   41.84    18.2     2.1    10.1    11.2     0.0     3.31 C    18.8     1.4    10.2    77.6    49.9    66.1   0.287   0.362   0.356   0.370 -99.000    10.6    10.3    10.5    13.1    14.3
54811 20161119  2.422  -88.85   41.84     2.4    -4.3    -0.9     0.4     0.0     2.70 C     2.6    -5.7    -0.1    77.6    52.3    61.7   0.273   0.350   0.353   0.370 -99.000     7.4     8.0     9.4    13.2    14.2
54811 20161120  2.422  -88.85   41.84     0.8    -7.1    -3.1    -4.0     0.0     8.40 C     6.8   -10.2    -4.6    82.6    45.2    67.9   0.266   0.344   0.347   0.367 -99.000     5.0     5.6     7.5    12.6    14.2
54811 20161121  2.422  -88.85   41.84     4.6    -8.8    -2.1    -2.8     0.0     9.63 C    10.0   -11.3    -4.3    85.9    35.5    65.6   0.261   0.339   0.343   0.365 -99.000     3.4     4.0     6.0    11.7    14.0
54811 20161122  2.422  -88.85   41.84     3.4    -4.1    -0.3     0.8     3.5     2.37 C     4.4    -7.0     0.4    86.5    65.2    76.1   0.259   0.335   0.341   0.361 -99.000     3.6     3.8     5.4    11.0    13.8
54811 20161123  2.422  -88.85   41.84     6.2     1.8     4.0     4.4    10.7     0.38 C     6.9     1.4     4.3    96.6    87.1    94.7   0.354   0.366   0.349   0.359 -99.000     4.9     4.8     5.8    10.6    13.5
54811 20161124  2.422  -88.85   41.84     4.1     1.4     2.8     2.0     0.0     0.93 C     3.9     1.2     2.0    91.8    83.4    87.6   0.396   0.397   0.372   0.362 -99.000     5.5     5.5     6.3    10.5    13.2
54811 20161125  2.422  -88.85   41.84     4.2     1.6     2.9     2.6     0.0     1.85 C     5.0    -0.4     2.4    93.0    79.1    86.3   0.388   0.392   0.371   0.364 -99.000     5.4     5.4     6.2    10.5    13.0
54811 20161126  2.422  -88.85   41.84     8.8     0.9     4.9     3.8     0.0     7.73 C    12.1    -1.7     3.6    94.7    64.9    84.4   0.384   0.390   0.368   0.365 -99.000     5.8     5.7     6.3    10.4    12.8
54811 20161127  2.422  -88.85   41.84     5.0     0.1     2.6     2.5     6.0     1.84 C     4.6    -0.6     2.6    98.2    88.2    95.7   0.383   0.391   0.366   0.365 -99.000     5.4     5.6     6.4    10.4    12.7
54811 20161128  2.422  -88.85   41.84    10.2     4.4     7.3     7.3    28.3     0.15 C     9.4     3.9     6.8    95.2    81.3    91.5   0.460   0.464   0.414   0.383 -99.000     6.2     6.0     6.4    10.1    12.6
54811 20161129  2.422  -88.85   41.84    12.2     2.7     7.5     6.7     0.0     7.02 C    15.2     0.4     4.9    91.9    66.9    82.4   0.436   0.452   0.397   0.408 -99.000     6.9     6.8     7.2    10.1    12.4
54811 20161130  2.422  -88.85   41.84     2.7    -1.6     0.5     1.3     0.0     1.95 C     3.9    -4.5     0.3    89.0    75.5    82.5   0.421   0.445   0.386   0.401 -99.000     5.7     6.0     6.9    10.2    12.3
54811 20161201  2.422  -88.85   41.84     3.8     1.2     2.5     2.2     0.2     1.49 C     4.3     0.8     2.0    92.6    77.5    87.1   0.414   0.439   0.382   0.399 -99.000     5.2     5.4     6.3    10.1    12.3
54811 20161202  2.422  -88.85   41.84     3.6    -0.4     1.6     1.6     0.0     1.72 C     4.5    -0.7     1.3    92.3    70.5    82.5   0.410   0.435   0.379   0.394 -99.000     5.1     5.2     6.0     9.9    12.2
54811 20161203  2.422  -88.85   41.84     1.3    -1.0     0.2    -0.3     0.0     3.28 C     6.8    -2.4    -0.1    89.4    67.4    77.3   0.404   0.433   0.376   0.392 -99.000     4.5     4.7     5.7     9.7    12.1
54811 20161204  2.422  -88.85   41.84     0.1    -2.1    -1.0    -1.0    11.9     1.82 C    -0.3    -3.3    -1.1    96.1    83.9    91.8   0.399   0.435   0.374   0.392 -99.000     4.1     4.4     5.4     9.5    12.0
54811 20161205  2.422  -88.85   41.84     0.3    -1.3    -0.5    -0.6     0.0     5.01 C     0.5    -1.2    -0.5    97.8    90.3    95.3   0.412   0.434   0.374   0.392 -99.000     4.3     4.5     5.3     9.3    11.9
54811 20161206  2.422  -88.85   41.84     0.4    -5.6    -2.6    -1.6     0.0     4.32 C     1.2    -8.7    -2.4    97.8    70.6    90.1   0.434   0.443   0.379   0.390 -99.000     4.0     4.4     5.2     9.1    11.7
54811 20161207  2.422  -88.85   41.84    -4.2    -6.7    -5.4    -5.4     0.0     6.69 C    -4.5    -8.9    -6.7    82.0    71.0    77.5   0.422   0.443   0.381   0.390 -99.000     2.4     3.2     4.5     8.9    11.6
54811 20161208  2.422  -88.85   41.84    -5.6    -9.8    -7.7    -7.3     0.0     4.63 C    -6.3   -11.4    -7.7    82.4    70.9    77.2   0.408   0.440   0.378   0.388 -99.000     1.3     2.2     3.6     8.4    11.5
54811 20161209  2.422  -88.85   41.84    -5.0   -12.2    -8.6    -7.6     0.0     6.03 C    -3.6   -16.1    -9.2    84.4    65.3    78.1   0.389   0.438   0.375   0.388 -99.000     0.9     1.6     2.9     7.9    11.3
54811 20161210  2.422  -88.85   41.84    -5.1    -9.2    -7.1    -7.0     1.5     4.90 C    -3.6   -11.3    -7.3    90.3    71.0    83.1   0.383   0.435   0.373   0.387 -99.000     0.7     1.4     2.6     7.6    11.1
54811 20161211  2.422  -88.85   41.84     0.1    -5.1    -2.5    -2.1     7.2     2.82 C    -0.2    -5.4    -2.3    96.5    81.1    90.7   0.385   0.433   0.371   0.386 -99.000     0.9     1.4     2.5     7.3    10.9
54811 20161212  2.422  -88.85   41.84    -2.1   -16.6    -9.3    -9.5     0.0     7.19 C    -2.4   -21.6   -11.2    89.2    78.6    84.5   0.400   0.433   0.370   0.384 -99.000     1.2     1.7     2.7     7.1    10.7
54811 20161213  2.422  -88.85   41.84    -5.0   -20.1   -12.5   -13.1     0.0     7.82 C    -6.3   -25.4   -15.5    85.9    58.3    72.0   0.401   0.430   0.370   0.384 -99.000     1.6     2.0     2.8     7.1    10.6
54811 20161214  2.422  -88.85   41.84    -8.3   -18.7   -13.5   -13.2     0.0     7.10 C    -8.7   -25.9   -15.7    73.5    61.9    66.3   0.401   0.430   0.369   0.383 -99.000     1.5     2.1     2.8     7.0    10.4
54811 20161215  2.422  -88.85   41.84   -13.0   -21.2   -17.1   -17.4     0.0     8.11 C   -12.8   -23.2   -18.3    75.9    64.4    71.1   0.397   0.432   0.368   0.382 -99.000     0.9     1.6     2.5     6.9    10.3
54811 20161216  2.422  -88.85   41.84    -6.7   -13.3   -10.0    -9.5     0.3     2.42 C    -6.6   -13.0    -9.6    93.0    65.9    78.0   0.418   0.432   0.366   0.382 -99.000     0.7     1.4     2.2     6.7    10.1
54811 20161217  2.422  -88.85   41.84    -6.6    -9.9    -8.2    -7.8     0.8     3.86 C    -6.3    -9.5    -7.4    92.6    77.9    85.7   0.399   0.432   0.366   0.381 -99.000     0.8     1.4     2.1     6.5    10.0
54811 20161218  2.422  -88.85   41.84    -9.9   -25.5   -17.7   -18.9     0.0     8.49 C    -9.5   -28.5   -20.3    86.6    61.5    73.2   0.417   0.430   0.365   0.380 -99.000     0.8     1.4     2.0     6.4     9.9
54811 20161219  2.422  -88.85   41.84   -11.5   -25.5   -18.5   -17.1     0.0     8.30 C   -11.2   -28.7   -19.5    79.1    62.5    72.9   0.426   0.430   0.363   0.380 -99.000     0.6     1.3     1.9     6.2     9.8
54811 20161220  2.422  -88.85   41.84    -3.6   -12.1    -7.9    -7.0     0.0     7.28 C    -3.9   -15.4    -9.8    76.9    61.1    71.2   0.421   0.427   0.363   0.379 -99.000     0.5     1.2     1.8     6.1     9.6
54811 20161221  2.422  -88.85   41.84     0.9    -8.1    -3.6    -3.3     0.0     3.29 C    -1.4   -10.3    -5.1    85.3    66.3    78.2   0.427   0.426   0.362   0.377 -99.000     0.6     1.3     1.7     6.0     9.5
54811 20161222  2.422  -88.85   41.84     2.1    -9.5    -3.7    -2.9     0.0     8.13 C     0.2   -13.4    -5.7    92.9    75.3    84.1   0.434   0.426   0.363   0.377 -99.000     0.8     1.4     1.8     5.9     9.3
54811 20161223  2.422  -88.85   41.84     1.1    -4.8    -1.9    -0.9     2.2     2.99 C     0.6    -7.7    -2.0    96.3    82.1    88.3   0.441   0.426   0.362   0.377 -99.000     0.9     1.5     1.8     5.9     9.3
54811 20161224  2.422  -88.85   41.84     1.2    -0.3     0.5     0.6     0.0     2.97 C     0.9    -0.2     0.2    96.8    82.9    90.0   0.494   0.432   0.368   0.376 -99.000     0.9     1.6     1.9     5.8     9.2
54811 20161225  2.422  -88.85   41.84     1.8    -0.5     0.6     0.2     1.4     2.01 C     0.7    -0.4    -0.1    97.1    92.9    95.1   0.436   0.440   0.373   0.381 -99.000     1.1     1.7     1.9     5.8     9.1
54811 20161226  2.422  -88.85   41.84     7.8    -3.0     2.4     3.0     3.0     5.76 C     6.9    -4.5     1.0    97.9    55.0    80.7   0.463   0.471   0.410   0.416 -99.000     1.1     1.6     1.8     5.6     9.0
54811 20161227  2.422  -88.85   41.84    -1.6    -7.2    -4.4    -3.8     0.0     5.70 C     1.0   -10.4    -5.1    88.9    69.9    79.2   0.424   0.453   0.388   0.404 -99.000     0.8     1.3     1.8     5.6     8.7
54811 20161228  2.422  -88.85   41.84     5.2    -7.1    -1.0    -0.4     0.0     6.39 C     8.7   -10.1    -1.7    90.9    61.1    79.3   0.407   0.447   0.381   0.396 -99.000     0.6     1.1     1.6     5.5     8.6
54811 20161229  2.422  -88.85   41.84     1.1    -2.5    -0.7    -0.7     0.0     3.60 C     1.4    -4.0    -1.5    85.2    59.7    73.6   0.410   0.448   0.378   0.392 -99.000     0.6     1.0     1.6     5.4     8.6
54811 20161230  2.422  -88.85   41.84     0.5    -6.2    -2.9    -2.4     0.3     5.27 C     1.7    -8.3    -3.0    86.2    53.2    71.4   0.398   0.445   0.376   0.390 -99.000     0.5     0.9     1.5     5.4     8.5
54811 20161231  2.422  -88.85   41.84     3.1    -7.2    -2.0    -0.6     0.0     4.25 C     5.0    -9.7    -2.2    87.2    49.9    66.9   0.393   0.443   0.374   0.390 -99.000     0.5     0.9     1.5     5.3     8.4
