25711 20160101  2.424 -170.21   57.16     2.6    -2.2     0.2     1.0     1.2     0.45 C     0.5    -4.9    -0.6    96.4    78.5    89.8 -99.000 -99.000 -99.000 -99.000 -99.000 -9999.0 -9999.0 -9999.0 -9999.0 -9999.0
25711 20160102  2.424 -170.21   57.16     1.5    -3.2    -0.8     0.0     0.2     1.39 C     1.9    -5.2    -1.0   100.0    94.1    97.5 -99.000 -99.000 -99.000 -99.000 -99.000 -9999.0 -9999.0 -9999.0 -9999.0 -9999.0
25711 20160103  2.424 -170.21   57.16     1.1    -1.3    -0.1     0.4     2.3     0.84 C     1.1    -2.5    -0.3   100.0    96.6    99.0 -99.000 -99.000 -99.000 -99.000 -99.000 -9999.0 -9999.0 -9999.0 -9999.0 -9999.0
25711 20160104  2.424 -170.21   57.16     1.0    -1.3    -0.2     0.3     0.5     0.82 C     0.4    -2.0    -0.3    97.1    78.0    90.9 -99.000 -99.000 -99.000 -99.000 -99.000 -9999.0 -9999.0 -9999.0 -9999.0 -9999.0
25711 20160105  2.424 -170.21   57.16     2.5    -2.1     0.2    -0.1     0.3     2.00 C     0.6    -5.0    -2.0    90.1    62.5    74.8 -99.000 -99.000 -99.000 -99.000 -99.000 -9999.0 -9999.0 -9999.0 -9999.0 -9999.0
25711 20160106  2.424 -170.21   57.16     4.2     1.2     2.7     3.2     3.4     0.31 C     3.0     0.1     2.2    93.1    73.3    86.0 -99.000 -99.000 -99.000 -99.000 -99.000 -9999.0 -9999.0 -9999.0 -9999.0 -9999.0
25711 20160107  2.424 -170.21   57.16     3.6    -6.2    -1.3     2.0     0.2     1.52 C     2.4    -8.3     0.1    91.8    59.4    75.0 -99.000 -99.000 -99.000 -99.000 -99.000 -9999.0 -9999.0 -9999.0 -9999.0 -9999.0
25711 20160108  2.424 -170.21   57.16     1.4    -6.5    -2.6    -1.4     2.4     0.71 C     0.5    -9.4    -2.7    99.9    75.8    89.6 -99.000 -99.000 -99.000 -99.000 -99.000 -9999.0 -9999.0 -9999.0 -9999.0 -9999.0
25711 20160109  2.424 -170.21   57.16     1.1    -0.3     0.4     0.4     8.8     0.68 C     0.7    -0.3     0.2   100.0    86.8    98.8 -99.000 -99.000 -99.000 -99.000 -99.000 -9999.0 -9999.0 -9999.0 -9999.0 -9999.0
25711 20160110  2.424 -170.21   57.16     1.5    -1.1     0.2     0.7     0.4     1.98 C     0.1    -5.5    -2.0    87.8    54.0    68.1 -99.000 -99.000 -99.000 -99.000 -99.000 -9999.0 -9999.0 -9999.0 -9999.0 -9999.0
25711 20160111  2.424 -170.21   57.16     0.3   -10.6    -5.1    -4.7     0.0     2.80 C    -1.7   -15.2    -8.5    95.5    61.0    81.0 -99.000 -99.000 -99.000 -99.000 -99.000 -9999.0 -9999.0 -9999.0 -9999.0 -9999.0
25711 20160112  2.424 -170.21   57.16    -0.2   -11.5    -5.8    -5.4     0.0     1.95 C    -2.6   -16.0    -9.7    93.7    73.9    82.7 -99.000 -99.000 -99.000 -99.000 -99.000 -9999.0 -9999.0 -9999.0 -9999.0 -9999.0
25711 20160113  2.424 -170.21   57.16     2.2   -12.5    -5.2    -4.0     0.0     1.61 C     0.4   -16.5    -7.0    90.6    73.9    81.9 -99.000 -99.000 -99.000 -99.000 -99.000 -9999.0 -9999.0 -9999.0 -9999.0 -9999.0
25711 20160114  2.424 -170.21   57.16     3.2     1.1     2.1     2.0     1.9     0.57 C     2.8     0.0     0.8    95.7    73.1    84.3 -99.000 -99.000 -99.000 -99.000 -99.000 -9999.0 -9999.0 -9999.0 -9999.0 -9999.0
25711 20160115  2.424 -170.21   57.16     3.0     0.9     2.0     2.3     0.0     0.95 C     2.4    -0.5     1.2    89.6    82.0    85.3 -99.000 -99.000 -99.000 -99.000 -99.000 -9999.0 -9999.0 -9999.0 -9999.0 -9999.0
25711 20160116  2.424 -170.21   57.16     0.9    -3.8    -1.5    -1.4     0.0     2.08 C    -0.5    -4.4    -2.3    90.9    63.5    78.0 -99.000 -99.000 -99.000 -99.000 -99.000 -9999.0 -9999.0 -9999.0 -9999.0 -9999.0
25711 20160117  2.424 -170.21   57.16     2.9    -4.8    -1.0    -1.3     1.7     0.78 C     2.6    -6.7    -1.9    97.2    61.3    85.0 -99.000 -99.000 -99.000 -99.000 -99.000 -9999.0 -9999.0 -9999.0 -9999.0 -9999.0
25711 20160118  2.424 -170.21   57.16     2.9    -1.8     0.5     1.1     0.4     0.83 C     2.6    -2.2     0.9    98.9    90.0    96.4 -99.000 -99.000 -99.000 -99.000 -99.000 -9999.0 -9999.0 -9999.0 -9999.0 -9999.0
25711 20160119  2.424 -170.21   57.16    -1.7    -3.8    -2.8    -3.2     0.0     0.13 C    -2.1    -4.1    -3.5    89.8    80.0    84.9 -99.000 -99.000 -99.000 -99.000 -99.000 -9999.0 -9999.0 -9999.0 -9999.0 -9999.0
25711 20160120  2.424 -170.21   57.16     0.9    -3.3    -1.2    -0.5     2.2     0.88 C     0.4    -3.7    -0.9    98.4    86.4    94.6 -99.000 -99.000 -99.000 -99.000 -99.000 -9999.0 -9999.0 -9999.0 -9999.0 -9999.0
25711 20160121  2.424 -170.21   57.16     0.5    -0.6     0.0     0.1     0.2     0.90 C     0.2    -0.9    -0.2    97.2    93.2    95.5 -99.000 -99.000 -99.000 -99.000 -99.000 -9999.0 -9999.0 -9999.0 -9999.0 -9999.0
25711 20160122  2.424 -170.21   57.16    -0.5    -3.2    -1.9    -1.5     0.0     1.96 C    -0.4    -3.9    -1.9    93.2    86.0    90.5 -99.000 -99.000 -99.000 -99.000 -99.000 -9999.0 -9999.0 -9999.0 -9999.0 -9999.0
25711 20160123  2.424 -170.21   57.16    -0.3    -4.1    -2.2    -2.8     0.8     1.78 C    -1.0    -5.3    -3.2    97.3    79.3    88.5 -99.000 -99.000 -99.000 -99.000 -99.000 -9999.0 -9999.0 -9999.0 -9999.0 -9999.0
25711 20160124  2.424 -170.21   57.16    -1.7    -4.0    -2.8    -2.8     0.8     1.30 C    -2.0    -4.4    -3.3    91.0    82.2    86.7 -99.000 -99.000 -99.000 -99.000 -99.000 -9999.0 -9999.0 -9999.0 -9999.0 -9999.0
25711 20160125  2.424 -170.21   57.16     0.1    -2.9    -1.4    -1.1     0.0     1.70 C    -0.1    -3.3    -1.5    94.9    88.5    91.1 -99.000 -99.000 -99.000 -99.000 -99.000 -9999.0 -9999.0 -9999.0 -9999.0 -9999.0
25711 20160126  2.424 -170.21   57.16     0.6    -5.8    -2.6    -0.5     0.0     1.56 C     0.3   -10.7    -1.4    99.2    84.2    92.5 -99.000 -99.000 -99.000 -99.000 -99.000 -9999.0 -9999.0 -9999.0 -9999.0 -9999.0
25711 20160127  2.424 -170.21   57.16    -0.1    -9.0    -4.6    -4.9     0.6     2.94 C     0.6   -12.7    -6.9    99.9    94.3    96.8 -99.000 -99.000 -99.000 -99.000 -99.000 -9999.0 -9999.0 -9999.0 -9999.0 -9999.0
25711 20160128  2.424 -170.21   57.16     0.2    -2.5    -1.2    -1.4     3.9     1.49 C    -0.3    -4.0    -2.0    99.9    82.4    93.3 -99.000 -99.000 -99.000 -99.000 -99.000 -9999.0 -9999.0 -9999.0 -9999.0 -9999.0
25711 20160129  2.424 -170.21   57.16     2.5    -4.1    -0.8    -0.6     1.9     1.42 C     1.4    -5.5    -1.7    97.6    74.5    85.7 -99.000 -99.000 -99.000 -99.000 -99.000 -9999.0 -9999.0 -9999.0 -9999.0 -9999.0
25711 20160130  2.424 -170.21   57.16     3.7    -0.5     1.6     1.9     1.2     2.40 C     3.3    -3.4     0.3    97.6    62.1    82.2 -99.000 -99.000 -99.000 -99.000 -99.000 -9999.0 -9999.0 -9999.0 -9999.0 -9999.0
25711 20160131  2.424 -170.21   57.16     3.2     0.5     1.9     2.1     0.0     3.27 C     2.3    -1.1     0.3    92.8    65.5    77.9 -99.000 -99.000 -99.000 -99.000 -99.000 -9999.0 -9999.0 -9999.0 -9999.0 -9999.0
25711 20160201  2.424 -170.21   57.16     2.5    -1.8     0.3     0.9     0.0     4.37 C     2.5    -3.9    -0.6    82.1    59.9    70.5 -99.000 -99.000 -99.000 -99.000 -99.000 -9999.0 -9999.0 -9999.0 -9999.0 -9999.0
25711 20160202  2.424 -170.21   57.16     2.1     0.3     1.2     1.4     0.9     1.63 C     1.1    -0.8     0.1    90.9    75.4    85.0 -99.000 -99.000 -99.000 -99.000 -99.000 -9999.0 -9999.0 -9999.0 -9999.0 -9999.0
25711 20160203  2.424 -170.21   57.16     1.0    -0.7     0.2     0.2     2.6     0.96 C     0.3    -1.1    -0.3    98.2    84.7    92.3 -99.000 -99.000 -99.000 -99.000 -99.000 -9999.0 -9999.0 -9999.0 -9999.0 -9999.0
25711 20160204  2.424 -170.21   57.16     0.8    -0.9    -0.1    -0.1     1.7     1.59 C     0.1    -1.6    -0.4    98.0    92.4    95.3 -99.000 -99.000 -99.000 -99.000 -99.000 -9999.0 -9999.0 -9999.0 -9999.0 -9999.0
25711 20160205  2.424 -170.21   57.16     1.0    -2.3    -0.7     0.2     0.0     2.18 C     3.2    -3.5    -0.1   100.0    95.1    99.3 -99.000 -99.000 -99.000 -99.000 -99.000 -9999.0 -9999.0 -9999.0 -9999.0 -9999.0
25711 20160206  2.424 -170.21   57.16     2.5    -2.7    -0.1     0.9     0.2     3.51 C     3.3    -4.4    -0.2   100.0    78.5    93.1 -99.000 -99.000 -99.000 -99.000 -99.000 -9999.0 -9999.0 -9999.0 -9999.0 -9999.0
25711 20160207  2.424 -170.21   57.16     1.9    -3.4    -0.8     0.8     0.0     2.77 C     1.6    -3.7    -0.7   100.0    62.5    79.7 -99.000 -99.000 -99.000 -99.000 -99.000 -9999.0 -9999.0 -9999.0 -9999.0 -9999.0
25711 20160208  2.424 -170.21   57.16     1.8    -1.0     0.4     0.5     0.0     4.67 C     1.7    -2.7    -0.3    95.3    81.2    89.2 -99.000 -99.000 -99.000 -99.000 -99.000 -9999.0 -9999.0 -9999.0 -9999.0 -9999.0
25711 20160209  2.424 -170.21   57.16     3.4     0.7     2.1     2.2     0.0     3.60 C     4.0    -0.5     1.1    94.7    85.3    91.3 -99.000 -99.000 -99.000 -99.000 -99.000 -9999.0 -9999.0 -9999.0 -9999.0 -9999.0
25711 20160210  2.424 -170.21   57.16     2.7     0.1     1.4     1.2     0.0     3.36 C     1.9    -0.5     0.5    96.2    82.4    90.1 -99.000 -99.000 -99.000 -99.000 -99.000 -9999.0 -9999.0 -9999.0 -9999.0 -9999.0
25711 20160211  2.424 -170.21   57.16     2.5     0.4     1.4     1.6     0.0     1.41 C     3.0    -0.5     1.2    99.0    89.9    94.7 -99.000 -99.000 -99.000 -99.000 -99.000 -9999.0 -9999.0 -9999.0 -9999.0 -9999.0
25711 20160212  2.424 -170.21   57.16     2.0    -1.0     0.5     0.6     0.3     1.95 C     2.8    -1.1     0.4    99.6    93.0    96.2 -99.000 -99.000 -99.000 -99.000 -99.000 -9999.0 -9999.0 -9999.0 -9999.0 -9999.0
25711 20160213  2.424 -170.21   57.16     2.4    -1.1     0.6     0.5     0.2     1.22 C     2.6    -1.4     0.2    99.8    92.7    96.3 -99.000 -99.000 -99.000 -99.000 -99.000 -9999.0 -9999.0 -9999.0 -9999.0 -9999.0
25711 20160214  2.424 -170.21   57.16     2.4     0.5     1.4     1.5     0.2     2.37 C     3.2     0.1     1.3    99.7    94.9    97.0 -99.000 -99.000 -99.000 -99.000 -99.000 -9999.0 -9999.0 -9999.0 -9999.0 -9999.0
25711 20160215  2.424 -170.21   57.16     2.3    -0.7     0.8     0.7     0.0     2.22 C     4.7    -0.6     0.7   100.0    91.8    97.0 -99.000 -99.000 -99.000 -99.000 -99.000 -9999.0 -9999.0 -9999.0 -9999.0 -9999.0
25711 20160216  2.424 -170.21   57.16     4.0     0.5     2.3     2.7    11.3     0.70 C     3.9    -0.2     2.2    98.4    82.2    94.4 -99.000 -99.000 -99.000 -99.000 -99.000 -9999.0 -9999.0 -9999.0 -9999.0 -9999.0
25711 20160217  2.424 -170.21   57.16     1.6    -3.0    -0.7    -1.2     1.2     4.76 C     0.3    -5.5    -2.5    88.0    56.6    72.9 -99.000 -99.000 -99.000 -99.000 -99.000 -9999.0 -9999.0 -9999.0 -9999.0 -9999.0
25711 20160218  2.424 -170.21   57.16     2.3    -2.1     0.1     0.8     2.7     1.66 C     1.1    -4.6    -0.6    97.3    57.7    80.4 -99.000 -99.000 -99.000 -99.000 -99.000 -9999.0 -9999.0 -9999.0 -9999.0 -9999.0
25711 20160219  2.424 -170.21   57.16     2.8    -3.2    -0.2     0.3     0.0     2.05 C     1.4    -3.4    -0.3    90.9    63.2    75.4 -99.000 -99.000 -99.000 -99.000 -99.000 -9999.0 -9999.0 -9999.0 -9999.0 -9999.0
25711 20160220  2.424 -170.21   57.16    -1.5    -3.7    -2.6    -2.7     0.0     2.96 C     0.4    -4.1    -2.6    80.5    72.3    76.3 -99.000 -99.000 -99.000 -99.000 -99.000 -9999.0 -9999.0 -9999.0 -9999.0 -9999.0
25711 20160221  2.424 -170.21   57.16    -2.5    -4.4    -3.5    -3.4     0.2     1.74 C    -1.4    -4.7    -3.4    89.6    75.8    82.6 -99.000 -99.000 -99.000 -99.000 -99.000 -9999.0 -9999.0 -9999.0 -9999.0 -9999.0
25711 20160222  2.424 -170.21   57.16     0.1    -5.4    -2.7    -2.0     0.2     3.87 C     1.9    -6.9    -2.3    93.7    76.3    82.9 -99.000 -99.000 -99.000 -99.000 -99.000 -9999.0 -9999.0 -9999.0 -9999.0 -9999.0
25711 20160223  2.424 -170.21   57.16     1.3    -2.0    -0.3    -0.2     2.2     4.01 C     1.7    -4.5    -1.1    95.0    79.8    89.0 -99.000 -99.000 -99.000 -99.000 -99.000 -9999.0 -9999.0 -9999.0 -9999.0 -9999.0
25711 20160224  2.424 -170.21   57.16    -0.7    -3.2    -2.0    -1.7     0.0     2.22 C    -1.1    -3.2    -1.9    89.4    84.3    87.0 -99.000 -99.000 -99.000 -99.000 -99.000 -9999.0 -9999.0 -9999.0 -9999.0 -9999.0
25711 20160225  2.424 -170.21   57.16     1.8    -3.2    -0.7    -1.3     0.5     2.48 C     1.2    -3.5    -1.5    99.4    86.7    91.7 -99.000 -99.000 -99.000 -99.000 -99.000 -9999.0 -9999.0 -9999.0 -9999.0 -9999.0
25711 20160226  2.424 -170.21   57.16     3.9     1.7     2.8     2.3     0.3     4.69 C     7.2     0.7     2.4   100.0    98.2    99.6 -99.000 -99.000 -99.000 -99.000 -99.000 -9999.0 -9999.0 -9999.0 -9999.0 -9999.0
25711 20160227  2.424 -170.21   57.16     3.4     0.9     2.2     2.2     2.2     3.51 C     4.3     0.2     1.9   100.0    92.2    96.9 -99.000 -99.000 -99.000 -99.000 -99.000 -9999.0 -9999.0 -9999.0 -9999.0 -9999.0
25711 20160228  2.424 -170.21   57.16     3.2     0.7     1.9     2.0     2.3     3.12 C     3.9     0.4     1.7    98.2    90.5    95.9 -99.000 -99.000 -99.000 -99.000 -99.000 -9999.0 -9999.0 -9999.0 -9999.0 -9999.0
25711 20160229  2.424 -170.21   57.16     3.5     0.7     2.1     2.3     2.7     2.46 C     3.1    -1.6     0.9    97.0    73.3    86.1 -99.000 -99.000 -99.000 -99.000 -99.000 -9999.0 -9999.0 -9999.0 -9999.0 -9999.0
25711 20160301  2.424 -170.21   57.16     4.2     2.0     3.1     3.0     0.2     8.33 C     5.7     0.4     2.5    94.7    83.6    89.6 -99.000 -99.000 -99.000 -99.000 -99.000 -9999.0 -9999.0 -9999.0 -9999.0 -9999.0
25711 20160302  2.424 -170.21   57.16     4.5     1.7     3.1     3.0     1.1     6.49 C     7.4     0.1     2.4    93.6    77.6    88.4 -99.000 -99.000 -99.000 -99.000 -99.000 -9999.0 -9999.0 -9999.0 -9999.0 -9999.0
25711 20160303  2.424 -170.21   57.16     3.8     1.2     2.5     2.2     0.0     6.91 C     6.5    -0.7     1.5    94.2    76.5    87.0 -99.000 -99.000 -99.000 -99.000 -99.000 -9999.0 -9999.0 -9999.0 -9999.0 -9999.0
25711 20160304  2.424 -170.21   57.16     1.7    -5.5    -1.9    -0.8     0.0     6.97 C     4.4    -5.5    -1.0    89.2    67.9    78.2 -99.000 -99.000 -99.000 -99.000 -99.000 -9999.0 -9999.0 -9999.0 -9999.0 -9999.0
25711 20160305  2.424 -170.21   57.16    -5.0    -7.7    -6.4    -6.2     0.4     3.25 C    -3.9    -8.0    -6.1    84.9    70.0    78.1 -99.000 -99.000 -99.000 -99.000 -99.000 -9999.0 -9999.0 -9999.0 -9999.0 -9999.0
25711 20160306  2.424 -170.21   57.16    -1.5    -5.7    -3.6    -3.1     5.8     4.44 C    -2.0    -6.0    -3.5    93.4    76.7    85.7 -99.000 -99.000 -99.000 -99.000 -99.000 -9999.0 -9999.0 -9999.0 -9999.0 -9999.0
25711 20160307  2.424 -170.21   57.16    -0.8    -2.9    -1.8    -1.8     2.2     7.24 C    -0.4    -3.3    -2.0    93.9    82.0    89.5 -99.000 -99.000 -99.000 -99.000 -99.000 -9999.0 -9999.0 -9999.0 -9999.0 -9999.0
25711 20160308  2.424 -170.21   57.16    -2.7    -8.7    -5.7    -3.6     0.7     4.36 C    -2.6   -13.2    -4.1    91.1    83.2    87.2 -99.000 -99.000 -99.000 -99.000 -99.000 -9999.0 -9999.0 -9999.0 -9999.0 -9999.0
25711 20160309  2.424 -170.21   57.16     0.6   -14.5    -7.0    -4.4     2.3     8.30 C     0.0   -17.1    -5.5    98.3    66.0    86.2 -99.000 -99.000 -99.000 -99.000 -99.000 -9999.0 -9999.0 -9999.0 -9999.0 -9999.0
25711 20160310  2.424 -170.21   57.16     1.1    -0.7     0.2     0.4     3.1     4.33 C     0.9    -0.9     0.1    98.3    92.2    95.7 -99.000 -99.000 -99.000 -99.000 -99.000 -9999.0 -9999.0 -9999.0 -9999.0 -9999.0
25711 20160311  2.424 -170.21   57.16     0.6    -0.5     0.1     0.2     1.7     4.79 C     0.7    -0.7     0.0   100.0    94.7    97.4 -99.000 -99.000 -99.000 -99.000 -99.000 -9999.0 -9999.0 -9999.0 -9999.0 -9999.0
25711 20160312  2.424 -170.21   57.16     0.5    -2.3    -0.9    -0.5     0.9     5.90 C     0.9    -2.6    -0.8    96.4    86.3    91.0 -99.000 -99.000 -99.000 -99.000 -99.000 -9999.0 -9999.0 -9999.0 -9999.0 -9999.0
25711 20160313  2.424 -170.21   57.16    -0.1    -2.6    -1.4    -1.1     0.3     6.23 C     0.9    -2.9    -1.3    95.5    87.8    92.1 -99.000 -99.000 -99.000 -99.000 -99.000 -9999.0 -9999.0 -9999.0 -9999.0 -9999.0
25711 20160314  2.424 -170.21   57.16     0.6    -2.3    -0.8    -0.3     2.1     5.64 C     0.6    -3.0    -0.6    99.8    79.4    94.9 -99.000 -99.000 -99.000 -99.000 -99.000 -9999.0 -9999.0 -9999.0 -9999.0 -9999.0
25711 20160315  2.424 -170.21   57.16    -2.2    -5.6    -3.9    -4.2     0.0     4.98 C    -2.9    -7.6    -4.9    81.0    69.3    73.7 -99.000 -99.000 -99.000 -99.000 -99.000 -9999.0 -9999.0 -9999.0 -9999.0 -9999.0
25711 20160316  2.424 -170.21   57.16    -0.8    -5.6    -3.2    -3.3     0.0     5.63 C    -2.4    -7.5    -4.2    77.0    63.9    69.8 -99.000 -99.000 -99.000 -99.000 -99.000 -9999.0 -9999.0 -9999.0 -9999.0 -9999.0
25711 20160317  2.424 -170.21   57.16     1.0    -1.1     0.0    -0.2     0.5     7.70 C    -0.3    -2.6    -1.4    89.1    62.9    74.6 -99.000 -99.000 -99.000 -99.000 -99.000 -9999.0 -9999.0 -9999.0 -9999.0 -9999.0
25711 20160318  2.424 -170.21   57.16    -0.6    -3.6    -2.1    -1.8     0.0    12.53 C    -0.8    -5.5    -2.9    80.4    71.1    76.1 -99.000 -99.000 -99.000 -99.000 -99.000 -9999.0 -9999.0 -9999.0 -9999.0 -9999.0
25711 20160319  2.424 -170.21   57.16    -3.0    -6.1    -4.5    -4.1     0.0    11.62 C    -2.1    -6.9    -4.8    79.8    71.9    76.1 -99.000 -99.000 -99.000 -99.000 -99.000 -9999.0 -9999.0 -9999.0 -9999.0 -9999.0
25711 20160320  2.424 -170.21   57.16    -4.9    -7.3    -6.1    -6.1     0.0     7.10 C    -3.3    -7.6    -6.1    81.2    73.7    78.3 -99.000 -99.000 -99.000 -99.000 -99.000 -9999.0 -9999.0 -9999.0 -9999.0 -9999.0
25711 20160321  2.424 -170.21   57.16    -5.3    -6.7    -6.0    -6.0     0.0     6.16 C    -5.1    -7.5    -6.2    85.0    70.7    78.9 -99.000 -99.000 -99.000 -99.000 -99.000 -9999.0 -9999.0 -9999.0 -9999.0 -9999.0
25711 20160322  2.424 -170.21   57.16    -0.8    -5.5    -3.1    -2.8     0.2     5.68 C    -1.1    -5.9    -3.0    93.9    82.5    89.6 -99.000 -99.000 -99.000 -99.000 -99.000 -9999.0 -9999.0 -9999.0 -9999.0 -9999.0
25711 20160323  2.424 -170.21   57.16     0.8    -0.9    -0.1    -0.2     2.0     7.24 C     0.5    -1.3    -0.5    99.4    92.5    95.1 -99.000 -99.000 -99.000 -99.000 -99.000 -9999.0 -9999.0 -9999.0 -9999.0 -9999.0
25711 20160324  2.424 -170.21   57.16     0.9     0.0     0.5     0.4     2.4     7.89 C     1.4    -0.4     0.3   100.0    94.6    97.7 -99.000 -99.000 -99.000 -99.000 -99.000 -9999.0 -9999.0 -9999.0 -9999.0 -9999.0
25711 20160325  2.424 -170.21   57.16     0.4    -3.2    -1.4    -1.4     0.7     8.86 C     0.2    -3.4    -1.1    99.3    87.3    92.7 -99.000 -99.000 -99.000 -99.000 -99.000 -9999.0 -9999.0 -9999.0 -9999.0 -9999.0
25711 20160326  2.424 -170.21   57.16    -2.1    -4.5    -3.3    -3.3     0.0     9.67 C    -1.6    -4.5    -3.4    90.9    78.0    85.5 -99.000 -99.000 -99.000 -99.000 -99.000 -9999.0 -9999.0 -9999.0 -9999.0 -9999.0
25711 20160327  2.424 -170.21   57.16    -1.9    -3.7    -2.8    -2.8     0.0    11.11 C    -1.5    -4.6    -3.4    83.2    75.3    79.1 -99.000 -99.000 -99.000 -99.000 -99.000 -9999.0 -9999.0 -9999.0 -9999.0 -9999.0
25711 20160328  2.424 -170.21   57.16    -2.2    -4.0    -3.1    -2.9     0.0    15.46 C    -0.7    -5.5    -3.1    82.9    68.9    77.9 -99.000 -99.000 -99.000 -99.000 -99.000 -9999.0 -9999.0 -9999.0 -9999.0 -9999.0
25711 20160329  2.424 -170.21   57.16    -2.5    -5.4    -3.9    -4.0     0.0    12.91 C     0.8    -7.5    -4.3    79.0    72.6    75.4 -99.000 -99.000 -99.000 -99.000 -99.000 -9999.0 -9999.0 -9999.0 -9999.0 -9999.0
25711 20160330  2.424 -170.21   57.16    -1.9    -5.0    -3.5    -3.6     0.0    14.59 C    -0.2    -6.7    -4.0    86.4    66.2    74.9 -99.000 -99.000 -99.000 -99.000 -99.000 -9999.0 -9999.0 -9999.0 -9999.0 -9999.0
25711 20160331  2.424 -170.21   57.16    -0.9    -3.1    -2.0    -2.2     0.3     7.62 C    -0.9    -3.4    -2.3    94.1    86.3    90.3 -99.000 -99.000 -99.000 -99.000 -99.000 -9999.0 -9999.0 -9999.0 -9999.0 -9999.0
25711 20160401  2.424 -170.21   57.16    -0.4    -1.6    -1.0    -0.8     0.0     6.59 C     0.4    -1.6    -0.7    98.5    91.5    94.9 -99.000 -99.000 -99.000 -99.000 -99.000 -9999.0 -9999.0 -9999.0 -9999.0 -9999.0
25711 20160402  2.424 -170.21   57.16    -0.9    -2.3    -1.6    -1.7     0.2     9.16 C     3.5    -2.6    -0.8    92.3    85.2    88.4 -99.000 -99.000 -99.000 -99.000 -99.000 -9999.0 -9999.0 -9999.0 -9999.0 -9999.0
25711 20160403  2.424 -170.21   57.16     0.3    -1.0    -0.3    -0.3     0.6     6.91 C     0.5    -1.7    -0.4    97.9    86.6    93.6 -99.000 -99.000 -99.000 -99.000 -99.000 -9999.0 -9999.0 -9999.0 -9999.0 -9999.0
25711 20160404  2.424 -170.21   57.16     0.2    -2.7    -1.3    -1.2     0.2    10.11 C    -0.1    -2.6    -1.2    97.8    92.6    95.3 -99.000 -99.000 -99.000 -99.000 -99.000 -9999.0 -9999.0 -9999.0 -9999.0 -9999.0
25711 20160405  2.424 -170.21   57.16    -0.1    -2.3    -1.2    -1.6     0.0     9.02 C    -0.1    -2.3    -1.3    96.9    92.4    94.7 -99.000 -99.000 -99.000 -99.000 -99.000 -9999.0 -9999.0 -9999.0 -9999.0 -9999.0
25711 20160406  2.424 -170.21   57.16     2.4    -1.6     0.4     1.0     0.0     9.38 C     2.7    -1.7     0.4    95.4    88.1    91.3 -99.000 -99.000 -99.000 -99.000 -99.000 -9999.0 -9999.0 -9999.0 -9999.0 -9999.0
25711 20160407  2.424 -170.21   57.16     3.9 -9999.0 -9999.0 -9999.0     0.5    12.31 C     7.9    -0.2     2.7    97.0    85.6    93.1 -99.000 -99.000 -99.000 -99.000 -99.000 -9999.0 -9999.0 -9999.0 -9999.0 -9999.0
25711 20160408  2.424 -170.21   57.16     3.5 -9999.0 -9999.0 -9999.0     1.6     7.98 C     5.1    -0.4     1.9    97.3    89.1    93.9 -99.000 -99.000 -99.000 -99.000 -99.000 -9999.0 -9999.0 -9999.0 -9999.0 -9999.0
25711 20160409  2.424 -170.21   57.16     5.4     0.2     2.8     3.4     0.5    19.05 C    10.8    -2.0     4.4    98.9    84.4    91.9 -99.000 -99.000 -99.000 -99.000 -99.000 -9999.0 -9999.0 -9999.0 -9999.0 -9999.0
25711 20160410  2.424 -170.21   57.16     4.3    -1.4     1.5     2.1     1.3    10.46 C     9.2    -3.2     2.4   100.0    89.4    96.0 -99.000 -99.000 -99.000 -99.000 -99.000 -9999.0 -9999.0 -9999.0 -9999.0 -9999.0
25711 20160411  2.424 -170.21   57.16     4.6     0.5     2.5     2.6     0.4    13.79 C    13.0    -0.4     3.4    93.5    77.4    88.5 -99.000 -99.000 -99.000 -99.000 -99.000 -9999.0 -9999.0 -9999.0 -9999.0 -9999.0
25711 20160412  2.424 -170.21   57.16     5.8    -6.3    -0.2     0.9     0.0    14.25 C    18.3   -10.6     1.7    95.7    59.5    76.8 -99.000 -99.000 -99.000 -99.000 -99.000 -9999.0 -9999.0 -9999.0 -9999.0 -9999.0
25711 20160413  2.424 -170.21   57.16 -9999.0 -9999.0 -9999.0 -9999.0     1.4     8.50 C    10.4   -10.5     0.6    97.7    71.6    89.7 -99.000 -99.000 -99.000 -99.000 -99.000 -9999.0 -9999.0 -9999.0 -9999.0 -9999.0
25711 20160414  2.424 -170.21   57.16 -9999.0    -0.6 -9999.0 -9999.0     2.1    10.73 C     7.8    -0.7     2.2    97.6    88.5    94.3 -99.000 -99.000 -99.000 -99.000 -99.000 -9999.0 -9999.0 -9999.0 -9999.0 -9999.0
25711 20160415  2.424 -170.21   57.16    -0.5    -2.4    -1.5    -1.7     0.0     5.21 C     1.2    -2.6    -1.4    94.3    68.5    80.7 -99.000 -99.000 -99.000 -99.000 -99.000 -9999.0 -9999.0 -9999.0 -9999.0 -9999.0
25711 20160416  2.424 -170.21   57.16     1.4    -5.7    -2.1    -1.2     0.0    12.94 C     9.6    -8.3     0.7    85.4    64.5    73.4 -99.000 -99.000 -99.000 -99.000 -99.000 -9999.0 -9999.0 -9999.0 -9999.0 -9999.0
25711 20160417  2.424 -170.21   57.16 -9999.0 -9999.0 -9999.0 -9999.0     5.4     8.29 C    10.2     0.3     3.1   100.0    84.7    94.4 -99.000 -99.000 -99.000 -99.000 -99.000 -9999.0 -9999.0 -9999.0 -9999.0 -9999.0
25711 20160418  2.424 -170.21   57.16     4.5     2.3     3.4     3.5     4.7    12.54 C    10.6     2.0     4.7   100.0    89.4    97.0 -99.000 -99.000 -99.000 -99.000 -99.000 -9999.0 -9999.0 -9999.0 -9999.0 -9999.0
25711 20160419  2.424 -170.21   57.16     5.7 -9999.0 -9999.0 -9999.0     1.7    17.55 C    12.6     0.3     4.8   100.0    78.1    88.8 -99.000 -99.000 -99.000 -99.000 -99.000 -9999.0 -9999.0 -9999.0 -9999.0 -9999.0
25711 20160420  2.424 -170.21   57.16 -9999.0 -9999.0 -9999.0 -9999.0     5.6     7.82 C     7.3     0.3     3.4    99.2    90.2    95.6 -99.000 -99.000 -99.000 -99.000 -99.000 -9999.0 -9999.0 -9999.0 -9999.0 -9999.0
25711 20160421  2.424 -170.21   57.16     5.5     3.2     4.4     4.1     2.4    12.83 C    11.3     2.9     5.6    99.3    90.4    96.2 -99.000 -99.000 -99.000 -99.000 -99.000 -9999.0 -9999.0 -9999.0 -9999.0 -9999.0
25711 20160422  2.424 -170.21   57.16     5.7     3.3     4.5 -9999.0     2.7     9.14 C     9.3     2.6     4.5    99.6    90.6    96.3 -99.000 -99.000 -99.000 -99.000 -99.000 -9999.0 -9999.0 -9999.0 -9999.0 -9999.0
25711 20160423  2.424 -170.21   57.16     6.1     3.3     4.7     4.3     0.0    14.30 C    17.4     2.7     6.2    99.3    75.1    90.9 -99.000 -99.000 -99.000 -99.000 -99.000 -9999.0 -9999.0 -9999.0 -9999.0 -9999.0
25711 20160424  2.424 -170.21   57.16     7.4 -9999.0 -9999.0 -9999.0     1.4    17.12 C    13.6     1.9     5.7    98.9    79.3    90.6 -99.000 -99.000 -99.000 -99.000 -99.000 -9999.0 -9999.0 -9999.0 -9999.0 -9999.0
25711 20160425  2.424 -170.21   57.16     7.9     2.2     5.1     4.8     0.0    17.48 C    15.4     0.7     5.9    95.8    73.9    85.5 -99.000 -99.000 -99.000 -99.000 -99.000 -9999.0 -9999.0 -9999.0 -9999.0 -9999.0
25711 20160426  2.424 -170.21   57.16     7.2     2.3     4.8     4.6     0.0    14.62 C    14.3     0.4     5.8    97.6    72.3    86.2 -99.000 -99.000 -99.000 -99.000 -99.000 -9999.0 -9999.0 -9999.0 -9999.0 -9999.0
25711 20160427  2.424 -170.21   57.16     7.4 -9999.0 -9999.0     4.9     1.0    13.10 C    14.4     2.1     5.9    95.5    71.9    87.7 -99.000 -99.000 -99.000 -99.000 -99.000 -9999.0 -9999.0 -9999.0 -9999.0 -9999.0
25711 20160428  2.424 -170.21   57.16 -9999.0 -9999.0 -9999.0 -9999.0     0.2    14.80 C    15.8     1.3     6.3    96.9    78.5    90.3 -99.000 -99.000 -99.000 -99.000 -99.000 -9999.0 -9999.0 -9999.0 -9999.0 -9999.0
25711 20160429  2.424 -170.21   57.16     4.6     0.4     2.5     2.7     0.4    11.47 C    11.0     0.2     4.0   100.0    75.5    90.7 -99.000 -99.000 -99.000 -99.000 -99.000 -9999.0 -9999.0 -9999.0 -9999.0 -9999.0
25711 20160430  2.424 -170.21   57.16     3.1     0.2     1.7     1.5     0.0     8.14 C     8.0    -0.3     2.5    91.9    76.1    84.7 -99.000 -99.000 -99.000 -99.000 -99.000 -9999.0 -9999.0 -9999.0 -9999.0 -9999.0
25711 20160501  2.424 -170.21   57.16     2.6    -0.4     1.1     0.8     2.6     9.22 C    10.9    -0.8     2.3    97.9    69.1    84.6 -99.000 -99.000 -99.000 -99.000 -99.000 -9999.0 -9999.0 -9999.0 -9999.0 -9999.0
25711 20160502  2.424 -170.21   57.16 -9999.0 -9999.0 -9999.0 -9999.0     1.0    13.21 C    13.1    -0.6     4.5    94.2    68.0    78.2 -99.000 -99.000 -99.000 -99.000 -99.000 -9999.0 -9999.0 -9999.0 -9999.0 -9999.0
25711 20160503  2.424 -170.21   57.16 -9999.0 -9999.0 -9999.0 -9999.0     1.8    16.14 C    15.3     0.5     5.5    95.9    74.1    88.3 -99.000 -99.000 -99.000 -99.000 -99.000 -9999.0 -9999.0 -9999.0 -9999.0 -9999.0
25711 20160504  2.424 -170.21   57.16     4.8     0.2     2.5     2.9     0.0    15.30 C    10.6    -2.0     4.5    85.6    63.3    74.3 -99.000 -99.000 -99.000 -99.000 -99.000 -9999.0 -9999.0 -9999.0 -9999.0 -9999.0
25711 20160505  2.424 -170.21   57.16     4.0    -0.6     1.7     1.3     0.0    18.74 C    15.4    -3.5     3.6    89.5    54.9    68.1 -99.000 -99.000 -99.000 -99.000 -99.000 -9999.0 -9999.0 -9999.0 -9999.0 -9999.0
25711 20160506  2.424 -170.21   57.16 -9999.0 -9999.0 -9999.0 -9999.0     1.8    17.30 C    16.5   -10.5     3.5    91.6    62.7    78.3 -99.000 -99.000 -99.000 -99.000 -99.000 -9999.0 -9999.0 -9999.0 -9999.0 -9999.0
25711 20160507  2.424 -170.21   57.16     5.6 -9999.0 -9999.0 -9999.0     3.2     5.74 C     8.8     3.6     5.7   100.0    91.8    98.4 -99.000 -99.000 -99.000 -99.000 -99.000 -9999.0 -9999.0 -9999.0 -9999.0 -9999.0
25711 20160508  2.424 -170.21   57.16 -9999.0     4.4 -9999.0 -9999.0     0.0    11.92 C    16.4     4.3     7.3   100.0    84.2    96.8 -99.000 -99.000 -99.000 -99.000 -99.000 -9999.0 -9999.0 -9999.0 -9999.0 -9999.0
25711 20160509  2.424 -170.21   57.16     7.0 -9999.0 -9999.0 -9999.0     1.2     8.95 C    11.1     3.7     5.4    97.0    86.3    92.6 -99.000 -99.000 -99.000 -99.000 -99.000 -9999.0 -9999.0 -9999.0 -9999.0 -9999.0
25711 20160510  2.424 -170.21   57.16 -9999.0 -9999.0 -9999.0 -9999.0     2.9    12.66 C    10.7     3.1     5.7    95.7    84.5    90.4 -99.000 -99.000 -99.000 -99.000 -99.000 -9999.0 -9999.0 -9999.0 -9999.0 -9999.0
25711 20160511  2.424 -170.21   57.16 -9999.0 -9999.0 -9999.0 -9999.0     0.5    13.37 C    13.1     1.8     6.7    94.9    84.3    90.8 -99.000 -99.000 -99.000 -99.000 -99.000 -9999.0 -9999.0 -9999.0 -9999.0 -9999.0
25711 20160512  2.424 -170.21   57.16     8.6    -3.8     2.4     5.6     0.0    25.51 C    22.2    -7.0     9.4    99.9    55.4    83.2 -99.000 -99.000 -99.000 -99.000 -99.000 -9999.0 -9999.0 -9999.0 -9999.0 -9999.0
25711 20160513  2.424 -170.21   57.16     8.5    -4.2     2.1     2.6     0.0    20.55 C    20.1    -8.0     5.1   100.0    70.3    90.0 -99.000 -99.000 -99.000 -99.000 -99.000 -9999.0 -9999.0 -9999.0 -9999.0 -9999.0
25711 20160514  2.424 -170.21   57.16     8.6     2.6     5.6     5.3     0.0    18.23 C    16.5     1.5     6.9    95.9    68.4    84.6 -99.000 -99.000 -99.000 -99.000 -99.000 -9999.0 -9999.0 -9999.0 -9999.0 -9999.0
25711 20160515  2.424 -170.21   57.16     7.9     2.4     5.1     4.8     0.0    20.56 C    16.0     1.9     6.6    89.0    68.9    80.7 -99.000 -99.000 -99.000 -99.000 -99.000 -9999.0 -9999.0 -9999.0 -9999.0 -9999.0
25711 20160516  2.424 -170.21   57.16     4.9     1.6     3.2     2.9     0.0    11.94 C    12.6     1.6     4.9    90.8    73.1    83.1 -99.000 -99.000 -99.000 -99.000 -99.000 -9999.0 -9999.0 -9999.0 -9999.0 -9999.0
25711 20160517  2.424 -170.21   57.16     6.5     0.9     3.7     3.1     0.0    11.57 C    15.5     0.3     5.3    89.7    57.7    75.2 -99.000 -99.000 -99.000 -99.000 -99.000 -9999.0 -9999.0 -9999.0 -9999.0 -9999.0
25711 20160518  2.424 -170.21   57.16     6.8     1.1     3.9     4.0     1.0    14.82 C    13.8    -0.9     5.0    90.8    72.2    83.8 -99.000 -99.000 -99.000 -99.000 -99.000 -9999.0 -9999.0 -9999.0 -9999.0 -9999.0
25711 20160519  2.424 -170.21   57.16     6.8 -9999.0 -9999.0 -9999.0     0.8    15.97 C    17.2    -8.8     5.8    99.5    70.6    83.3 -99.000 -99.000 -99.000 -99.000 -99.000 -9999.0 -9999.0 -9999.0 -9999.0 -9999.0
25711 20160520  2.424 -170.21   57.16     7.4    -4.8     1.3     4.3     1.4    17.36 C    17.7    -8.8     5.4    99.9    61.5    81.1 -99.000 -99.000 -99.000 -99.000 -99.000 -9999.0 -9999.0 -9999.0 -9999.0 -9999.0
25711 20160521  2.424 -170.21   57.16 -9999.0 -9999.0 -9999.0 -9999.0     1.9    11.45 C    15.0    -1.6     5.1    92.9    76.0    85.9 -99.000 -99.000 -99.000 -99.000 -99.000 -9999.0 -9999.0 -9999.0 -9999.0 -9999.0
25711 20160522  2.424 -170.21   57.16     8.5    -1.9     3.3     4.5     0.0    18.32 C    18.9    -4.4     6.1    97.8    66.6    82.8 -99.000 -99.000 -99.000 -99.000 -99.000 -9999.0 -9999.0 -9999.0 -9999.0 -9999.0
25711 20160523  2.424 -170.21   57.16     7.7     5.4     6.5     6.1     0.4     7.71 C    12.4     4.9     6.9    96.6    80.8    89.1 -99.000 -99.000 -99.000 -99.000 -99.000 -9999.0 -9999.0 -9999.0 -9999.0 -9999.0
25711 20160524  2.424 -170.21   57.16     8.9     4.6     6.7     6.2     0.0    17.50 C    18.5     4.3     8.4    96.2    73.6    87.2 -99.000 -99.000 -99.000 -99.000 -99.000 -9999.0 -9999.0 -9999.0 -9999.0 -9999.0
25711 20160525  2.424 -170.21   57.16     8.2     5.4     6.8     6.5     0.0    11.27 C    13.3     5.3     7.7    93.7    76.9    85.6 -99.000 -99.000 -99.000 -99.000 -99.000 -9999.0 -9999.0 -9999.0 -9999.0 -9999.0
25711 20160526  2.424 -170.21   57.16     8.5     5.8     7.1     6.5     0.0    13.90 C    18.2     4.7     8.5    98.3    79.2    89.1 -99.000 -99.000 -99.000 -99.000 -99.000 -9999.0 -9999.0 -9999.0 -9999.0 -9999.0
25711 20160527  2.424 -170.21   57.16    11.4     5.4     8.4     6.8     0.0    18.11 C    23.6     5.0    11.0    99.8    59.0    90.0 -99.000 -99.000 -99.000 -99.000 -99.000 -9999.0 -9999.0 -9999.0 -9999.0 -9999.0
25711 20160528  2.424 -170.21   57.16     9.6     4.1     6.8 -9999.0     0.0    21.06 C    22.0     3.8     9.8   100.0    76.4    91.3 -99.000 -99.000 -99.000 -99.000 -99.000 -9999.0 -9999.0 -9999.0 -9999.0 -9999.0
25711 20160529  2.424 -170.21   57.16     9.9     0.3     5.1     6.5     0.0    20.38 C    19.2    -1.9     8.6   100.0    76.3    92.0 -99.000 -99.000 -99.000 -99.000 -99.000 -9999.0 -9999.0 -9999.0 -9999.0 -9999.0
25711 20160530  2.424 -170.21   57.16     9.4     6.2     7.8     7.3     0.0    11.27 C    15.8     5.2     8.6    97.2    80.2    90.3 -99.000 -99.000 -99.000 -99.000 -99.000 -9999.0 -9999.0 -9999.0 -9999.0 -9999.0
25711 20160531  2.424 -170.21   57.16     8.5 -9999.0 -9999.0     7.2     0.6    11.78 C    11.1     4.7     7.6    94.8    81.4    89.3 -99.000 -99.000 -99.000 -99.000 -99.000 -9999.0 -9999.0 -9999.0 -9999.0 -9999.0
25711 20160601  2.424 -170.21   57.16    13.4     4.2     8.8     8.1     0.6    23.13 C    24.1     4.6    11.0   100.0    68.5    87.7 -99.000 -99.000 -99.000 -99.000 -99.000 -9999.0 -9999.0 -9999.0 -9999.0 -9999.0
25711 20160602  2.424 -170.21   57.16    10.0     3.2     6.6     6.2     0.0    25.67 C    18.4     2.9     8.8   100.0    72.1    86.4 -99.000 -99.000 -99.000 -99.000 -99.000 -9999.0 -9999.0 -9999.0 -9999.0 -9999.0
25711 20160603  2.424 -170.21   57.16     9.7     3.5     6.6     6.4     0.0    28.80 C    20.5     1.7     9.0    92.0    64.3    78.4 -99.000 -99.000 -99.000 -99.000 -99.000 -9999.0 -9999.0 -9999.0 -9999.0 -9999.0
25711 20160604  2.424 -170.21   57.16     7.6     2.6     5.1     5.4     0.0    12.83 C    17.8    -0.4     7.5    96.7    72.3    85.5 -99.000 -99.000 -99.000 -99.000 -99.000 -9999.0 -9999.0 -9999.0 -9999.0 -9999.0
25711 20160605  2.424 -170.21   57.16    10.9     5.2     8.0     7.6     0.0    20.11 C    21.5     2.6    10.5   100.0    74.4    88.6 -99.000 -99.000 -99.000 -99.000 -99.000 -9999.0 -9999.0 -9999.0 -9999.0 -9999.0
25711 20160606  2.424 -170.21   57.16    12.0     4.1     8.1 -9999.0     0.0    25.17 C    27.9     4.9    12.4   100.0    67.4    92.1 -99.000 -99.000 -99.000 -99.000 -99.000 -9999.0 -9999.0 -9999.0 -9999.0 -9999.0
25711 20160607  2.424 -170.21   57.16     6.5     4.1     5.3     5.2     0.0    16.07 C    17.7     4.6     8.9   100.0    88.2    96.9 -99.000 -99.000 -99.000 -99.000 -99.000 -9999.0 -9999.0 -9999.0 -9999.0 -9999.0
25711 20160608  2.424 -170.21   57.16    10.1     5.8     7.9     7.4     3.8    11.77 C    20.7     4.6     9.2    99.2    82.0    94.4 -99.000 -99.000 -99.000 -99.000 -99.000 -9999.0 -9999.0 -9999.0 -9999.0 -9999.0
25711 20160609  2.424 -170.21   57.16     9.0     6.4     7.7     7.3    13.3    16.08 C    18.1     5.5     9.4   100.0    81.7    94.5 -99.000 -99.000 -99.000 -99.000 -99.000 -9999.0 -9999.0 -9999.0 -9999.0 -9999.0
25711 20160610  2.424 -170.21   57.16     9.9     6.2     8.0     7.6     0.0    22.32 C    19.8     5.0    10.0    93.6    78.5    88.7 -99.000 -99.000 -99.000 -99.000 -99.000 -9999.0 -9999.0 -9999.0 -9999.0 -9999.0
25711 20160611  2.424 -170.21   57.16    10.4     1.4     5.9     7.6     0.0    18.50 C    22.4    -0.9    10.7   100.0    69.5    84.0 -99.000 -99.000 -99.000 -99.000 -99.000 -9999.0 -9999.0 -9999.0 -9999.0 -9999.0
25711 20160612  2.424 -170.21   57.16    11.8     5.1     8.4     8.7     0.0    25.31 C    23.2     3.3    12.3    96.2    67.9    82.8 -99.000 -99.000 -99.000 -99.000 -99.000 -9999.0 -9999.0 -9999.0 -9999.0 -9999.0
25711 20160613  2.424 -170.21   57.16     9.6     6.8     8.2     7.8     0.0     9.28 C    14.9     5.8     9.0    94.6    78.7    86.9 -99.000 -99.000 -99.000 -99.000 -99.000 -9999.0 -9999.0 -9999.0 -9999.0 -9999.0
25711 20160614  2.424 -170.21   57.16     9.8     6.6     8.2     7.7     8.7     9.25 C    14.1     6.3     8.5    99.3    79.9    86.3 -99.000 -99.000 -99.000 -99.000 -99.000 -9999.0 -9999.0 -9999.0 -9999.0 -9999.0
25711 20160615  2.424 -170.21   57.16     9.3     6.8     8.0     7.8     0.2    15.08 C    16.7     6.7     9.5   100.0    84.2    94.9 -99.000 -99.000 -99.000 -99.000 -99.000 -9999.0 -9999.0 -9999.0 -9999.0 -9999.0
25711 20160616  2.424 -170.21   57.16     9.2 -9999.0 -9999.0 -9999.0     0.6     8.40 C    13.1     5.0     8.7   100.0    82.4    93.1 -99.000 -99.000 -99.000 -99.000 -99.000 -9999.0 -9999.0 -9999.0 -9999.0 -9999.0
25711 20160617  2.424 -170.21   57.16    11.3     5.4     8.3 -9999.0     0.3    11.49 C    18.1     3.9     8.8    97.0    79.3    91.3 -99.000 -99.000 -99.000 -99.000 -99.000 -9999.0 -9999.0 -9999.0 -9999.0 -9999.0
25711 20160618  2.424 -170.21   57.16     9.7     6.1     7.9     7.7     6.1    12.78 C    14.2     5.8     8.7    98.3    78.3    89.6 -99.000 -99.000 -99.000 -99.000 -99.000 -9999.0 -9999.0 -9999.0 -9999.0 -9999.0
25711 20160619  2.424 -170.21   57.16     8.7     4.7     6.7 -9999.0     2.3     5.05 C     9.9     2.6     7.9    99.7    89.3    95.5 -99.000 -99.000 -99.000 -99.000 -99.000 -9999.0 -9999.0 -9999.0 -9999.0 -9999.0
25711 20160620  2.424 -170.21   57.16    10.9     6.8     8.9     8.7     0.0    15.14 C    18.5     6.3    10.9    94.7    80.2    88.3 -99.000 -99.000 -99.000 -99.000 -99.000 -9999.0 -9999.0 -9999.0 -9999.0 -9999.0
25711 20160621  2.424 -170.21   57.16     8.9 -9999.0 -9999.0     8.0     1.8     7.34 C    10.6     7.0     8.5    99.8    90.5    95.3 -99.000 -99.000 -99.000 -99.000 -99.000 -9999.0 -9999.0 -9999.0 -9999.0 -9999.0
25711 20160622  2.424 -170.21   57.16 -9999.0 -9999.0 -9999.0 -9999.0     4.1    11.20 C    12.9     6.2     8.6    99.5    93.3    96.6 -99.000 -99.000 -99.000 -99.000 -99.000 -9999.0 -9999.0 -9999.0 -9999.0 -9999.0
25711 20160623  2.424 -170.21   57.16     9.9     7.0     8.4     8.3     0.0     6.91 C    11.5     7.2     8.6    98.5    90.6    95.9 -99.000 -99.000 -99.000 -99.000 -99.000 -9999.0 -9999.0 -9999.0 -9999.0 -9999.0
25711 20160624  2.424 -170.21   57.16    11.9     7.4     9.7     8.6     0.0    11.99 C    16.6     7.4     9.8   100.0    86.9    95.3 -99.000 -99.000 -99.000 -99.000 -99.000 -9999.0 -9999.0 -9999.0 -9999.0 -9999.0
25711 20160625  2.424 -170.21   57.16    14.0     5.9     9.9     8.8     0.0    26.64 C    25.4     6.1    12.9   100.0    72.1    91.8 -99.000 -99.000 -99.000 -99.000 -99.000 -9999.0 -9999.0 -9999.0 -9999.0 -9999.0
25711 20160626  2.424 -170.21   57.16    16.3     6.4    11.3     9.7     0.0    23.94 C    23.1     6.0    12.0   100.0    57.3    87.4 -99.000 -99.000 -99.000 -99.000 -99.000 -9999.0 -9999.0 -9999.0 -9999.0 -9999.0
25711 20160627  2.424 -170.21   57.16    16.0     6.0    11.0    10.7     0.0    29.20 C    24.3     3.8    13.2    97.5    44.3    80.9 -99.000 -99.000 -99.000 -99.000 -99.000 -9999.0 -9999.0 -9999.0 -9999.0 -9999.0
25711 20160628  2.424 -170.21   57.16    10.1     3.8     7.0     8.3     0.0    14.25 C    17.6     0.4     9.2   100.0    90.3    95.8 -99.000 -99.000 -99.000 -99.000 -99.000 -9999.0 -9999.0 -9999.0 -9999.0 -9999.0
25711 20160629  2.424 -170.21   57.16    12.4     8.7    10.6    10.2     0.0    24.73 C    19.9     7.9    12.2    95.9    81.6    89.9 -99.000 -99.000 -99.000 -99.000 -99.000 -9999.0 -9999.0 -9999.0 -9999.0 -9999.0
25711 20160630  2.424 -170.21   57.16    12.4     7.4     9.9    10.1     0.0    21.56 C    19.2     5.8    12.2    99.5    83.4    92.6 -99.000 -99.000 -99.000 -99.000 -99.000 -9999.0 -9999.0 -9999.0 -9999.0 -9999.0
25711 20160701  2.424 -170.21   57.16     9.8     4.2     7.0     7.6     0.0    23.86 C    20.6     1.4    11.1   100.0    93.8    98.6 -99.000 -99.000 -99.000 -99.000 -99.000 -9999.0 -9999.0 -9999.0 -9999.0 -9999.0
25711 20160702  2.424 -170.21   57.16    11.5     6.1     8.8     8.2     0.0    22.17 C    20.8     5.2    11.5   100.0    83.8    96.3 -99.000 -99.000 -99.000 -99.000 -99.000 -9999.0 -9999.0 -9999.0 -9999.0 -9999.0
25711 20160703  2.424 -170.21   57.16    11.6     6.2     8.9     9.4     0.0    16.96 C    19.5     6.4    11.8   100.0    83.3    93.6 -99.000 -99.000 -99.000 -99.000 -99.000 -9999.0 -9999.0 -9999.0 -9999.0 -9999.0
25711 20160704  2.424 -170.21   57.16 -9999.0 -9999.0 -9999.0 -9999.0     0.7     6.98 C    13.2     8.4    10.0   100.0    93.2    97.0 -99.000 -99.000 -99.000 -99.000 -99.000 -9999.0 -9999.0 -9999.0 -9999.0 -9999.0
25711 20160705  2.424 -170.21   57.16    12.7 -9999.0 -9999.0 -9999.0     5.0    14.54 C    18.2     8.3    10.6   100.0    81.7    95.1 -99.000 -99.000 -99.000 -99.000 -99.000 -9999.0 -9999.0 -9999.0 -9999.0 -9999.0
25711 20160706  2.424 -170.21   57.16    12.2     3.2     7.7    10.1     0.2    16.22 C    16.2     1.1    11.1    99.9    77.5    89.7 -99.000 -99.000 -99.000 -99.000 -99.000 -9999.0 -9999.0 -9999.0 -9999.0 -9999.0
25711 20160707  2.424 -170.21   57.16    10.4     2.6     6.5     8.8     0.9     8.87 C    14.4     0.9     9.5   100.0    91.3    97.2 -99.000 -99.000 -99.000 -99.000 -99.000 -9999.0 -9999.0 -9999.0 -9999.0 -9999.0
25711 20160708  2.424 -170.21   57.16    10.9 -9999.0 -9999.0     9.6     0.2     7.91 C    14.9     9.0    10.4   100.0    97.5    99.8 -99.000 -99.000 -99.000 -99.000 -99.000 -9999.0 -9999.0 -9999.0 -9999.0 -9999.0
25711 20160709  2.424 -170.21   57.16    11.5     9.4    10.4    10.0     0.2     9.33 C    15.5     9.2    10.6   100.0    86.6    95.9 -99.000 -99.000 -99.000 -99.000 -99.000 -9999.0 -9999.0 -9999.0 -9999.0 -9999.0
25711 20160710  2.424 -170.21   57.16    11.4     9.0    10.2    10.2     0.0     4.37 C    13.8     9.0    10.8    99.5    88.2    94.6 -99.000 -99.000 -99.000 -99.000 -99.000 -9999.0 -9999.0 -9999.0 -9999.0 -9999.0
25711 20160711  2.424 -170.21   57.16    13.0     8.5    10.8    10.1     0.0    12.22 C    20.9     8.6    11.8   100.0    77.3    91.2 -99.000 -99.000 -99.000 -99.000 -99.000 -9999.0 -9999.0 -9999.0 -9999.0 -9999.0
25711 20160712  2.424 -170.21   57.16    12.2     9.0    10.6    10.3     0.2    12.39 C    18.1     8.8    12.2    99.9    86.5    93.6 -99.000 -99.000 -99.000 -99.000 -99.000 -9999.0 -9999.0 -9999.0 -9999.0 -9999.0
25711 20160713  2.424 -170.21   57.16    13.7     9.4    11.5    10.7     0.0    12.34 C    21.0     9.4    12.1   100.0    84.4    94.4 -99.000 -99.000 -99.000 -99.000 -99.000 -9999.0 -9999.0 -9999.0 -9999.0 -9999.0
25711 20160714  2.424 -170.21   57.16    13.4     9.6    11.5    11.4     0.0    14.02 C    17.9     9.5    12.8   100.0    89.8    97.8 -99.000 -99.000 -99.000 -99.000 -99.000 -9999.0 -9999.0 -9999.0 -9999.0 -9999.0
25711 20160715  2.424 -170.21   57.16    16.0     9.4    12.7    13.1     0.0    20.19 C    22.3     9.2    14.6   100.0    80.5    91.9 -99.000 -99.000 -99.000 -99.000 -99.000 -9999.0 -9999.0 -9999.0 -9999.0 -9999.0
25711 20160716  2.424 -170.21   57.16    14.9    10.4    12.7    12.3     0.0    21.62 C    21.9     9.6    14.3   100.0    80.1    92.6 -99.000 -99.000 -99.000 -99.000 -99.000 -9999.0 -9999.0 -9999.0 -9999.0 -9999.0
25711 20160717  2.424 -170.21   57.16    14.7    10.6    12.6    12.8     0.0    12.47 C    18.5     9.5    13.9   100.0    83.5    91.3 -99.000 -99.000 -99.000 -99.000 -99.000 -9999.0 -9999.0 -9999.0 -9999.0 -9999.0
25711 20160718  2.424 -170.21   57.16    13.8    11.0    12.4    12.1     0.0    10.34 C    18.6    11.0    13.4   100.0    92.2    98.5 -99.000 -99.000 -99.000 -99.000 -99.000 -9999.0 -9999.0 -9999.0 -9999.0 -9999.0
25711 20160719  2.424 -170.21   57.16    12.2     9.7    10.9    11.0     3.3     7.24 C    13.3     9.6    11.5   100.0    88.3    96.8 -99.000 -99.000 -99.000 -99.000 -99.000 -9999.0 -9999.0 -9999.0 -9999.0 -9999.0
25711 20160720  2.424 -170.21   57.16    13.6    10.3    11.9    11.4     0.9    12.08 C    17.2    10.0    12.0   100.0    83.6    94.9 -99.000 -99.000 -99.000 -99.000 -99.000 -9999.0 -9999.0 -9999.0 -9999.0 -9999.0
25711 20160721  2.424 -170.21   57.16    11.4     9.8    10.6    10.4     1.3     5.12 C    13.4     9.8    10.9    99.8    89.0    94.5 -99.000 -99.000 -99.000 -99.000 -99.000 -9999.0 -9999.0 -9999.0 -9999.0 -9999.0
25711 20160722  2.424 -170.21   57.16    14.4     9.2    11.8    11.3     4.7    13.49 C    18.9     8.8    12.1    99.1    76.8    90.4 -99.000 -99.000 -99.000 -99.000 -99.000 -9999.0 -9999.0 -9999.0 -9999.0 -9999.0
25711 20160723  2.424 -170.21   57.16    14.9     9.9    12.4    11.4     0.0    14.87 C    18.4     9.8    12.2    99.9    81.5    91.1 -99.000 -99.000 -99.000 -99.000 -99.000 -9999.0 -9999.0 -9999.0 -9999.0 -9999.0
25711 20160724  2.424 -170.21   57.16    13.8    10.0    11.9    11.2     0.0    12.36 C    17.8     9.9    12.4    98.4    83.0    91.5 -99.000 -99.000 -99.000 -99.000 -99.000 -9999.0 -9999.0 -9999.0 -9999.0 -9999.0
25711 20160725  2.424 -170.21   57.16    14.8     5.4    10.1    11.1     0.0    23.44 C    20.8     1.7    12.3   100.0    67.4    85.4 -99.000 -99.000 -99.000 -99.000 -99.000 -9999.0 -9999.0 -9999.0 -9999.0 -9999.0
25711 20160726  2.424 -170.21   57.16    14.4     8.0    11.2    11.1     1.2    13.68 C    22.0     6.6    12.3   100.0    74.9    89.1 -99.000 -99.000 -99.000 -99.000 -99.000 -9999.0 -9999.0 -9999.0 -9999.0 -9999.0
25711 20160727  2.424 -170.21   57.16    14.9    11.1    13.0    12.3     0.0    10.02 C    22.2    10.8    13.5   100.0    86.6    95.5 -99.000 -99.000 -99.000 -99.000 -99.000 -9999.0 -9999.0 -9999.0 -9999.0 -9999.0
25711 20160728  2.424 -170.21   57.16    13.3    11.3    12.3    12.1     0.0     9.66 C    16.8    11.3    13.2    98.6    87.3    92.9 -99.000 -99.000 -99.000 -99.000 -99.000 -9999.0 -9999.0 -9999.0 -9999.0 -9999.0
25711 20160729  2.424 -170.21   57.16    12.6    10.3    11.5    11.2     0.0     7.90 C    15.2    10.4    11.6   100.0    88.9    95.6 -99.000 -99.000 -99.000 -99.000 -99.000 -9999.0 -9999.0 -9999.0 -9999.0 -9999.0
25711 20160730  2.424 -170.21   57.16    12.2    10.1    11.1    11.1     0.0     5.73 C    14.1     9.8    11.6    99.6    95.0    97.8 -99.000 -99.000 -99.000 -99.000 -99.000 -9999.0 -9999.0 -9999.0 -9999.0 -9999.0
25711 20160731  2.424 -170.21   57.16    14.4     8.2    11.3    11.2     0.0    22.08 C    20.3     6.6    12.4    96.3    62.6    77.5 -99.000 -99.000 -99.000 -99.000 -99.000 -9999.0 -9999.0 -9999.0 -9999.0 -9999.0
25711 20160801  2.424 -170.21   57.16    14.2     7.3    10.7    10.7     0.0    21.88 C    21.8     5.4    12.3    93.0    62.2    78.3 -99.000 -99.000 -99.000 -99.000 -99.000 -9999.0 -9999.0 -9999.0 -9999.0 -9999.0
25711 20160802  2.424 -170.21   57.16    14.0     2.0     8.0    10.1     0.0    22.03 C    21.3    -1.1    11.6    93.7    68.3    79.3 -99.000 -99.000 -99.000 -99.000 -99.000 -9999.0 -9999.0 -9999.0 -9999.0 -9999.0
25711 20160803  2.424 -170.21   57.16    12.1    10.2    11.1    11.1     5.7     6.14 C    13.1     9.3    11.2    98.0    87.3    92.6 -99.000 -99.000 -99.000 -99.000 -99.000 -9999.0 -9999.0 -9999.0 -9999.0 -9999.0
25711 20160804  2.424 -170.21   57.16    13.7    10.2    12.0    11.1     5.9     7.73 C    16.7    10.3    11.7    99.2    85.1    95.8 -99.000 -99.000 -99.000 -99.000 -99.000 -9999.0 -9999.0 -9999.0 -9999.0 -9999.0
25711 20160805  2.424 -170.21   57.16    13.8     9.6    11.7    11.1     1.1    12.20 C    17.8     9.5    11.6    99.1    77.1    89.6 -99.000 -99.000 -99.000 -99.000 -99.000 -9999.0 -9999.0 -9999.0 -9999.0 -9999.0
25711 20160806  2.424 -170.21   57.16    13.7    10.0    11.9    11.4     8.4     8.87 C    16.0    10.1    11.9    99.3    90.3    96.3 -99.000 -99.000 -99.000 -99.000 -99.000 -9999.0 -9999.0 -9999.0 -9999.0 -9999.0
25711 20160807  2.424 -170.21   57.16    15.0    10.4    12.7    12.1     0.0    15.56 C    18.9    10.4    12.9    98.9    76.9    90.2 -99.000 -99.000 -99.000 -99.000 -99.000 -9999.0 -9999.0 -9999.0 -9999.0 -9999.0
25711 20160808  2.424 -170.21   57.16    14.3    10.0    12.2    11.9     0.0    13.91 C    18.4     9.8    12.7    99.1    78.2    90.1 -99.000 -99.000 -99.000 -99.000 -99.000 -9999.0 -9999.0 -9999.0 -9999.0 -9999.0
25711 20160809  2.424 -170.21   57.16    13.2    10.5    11.8    11.4     0.5     7.11 C    15.7    10.2    11.7    99.3    85.3    94.0 -99.000 -99.000 -99.000 -99.000 -99.000 -9999.0 -9999.0 -9999.0 -9999.0 -9999.0
25711 20160810  2.424 -170.21   57.16    14.2     9.3    11.7    11.8     0.0    20.40 C    22.8     8.7    14.1   100.0    76.9    91.0 -99.000 -99.000 -99.000 -99.000 -99.000 -9999.0 -9999.0 -9999.0 -9999.0 -9999.0
25711 20160811  2.424 -170.21   57.16    13.5    10.1    11.8    11.6     9.0     9.35 C    17.2     8.6    12.0    99.7    82.6    92.3 -99.000 -99.000 -99.000 -99.000 -99.000 -9999.0 -9999.0 -9999.0 -9999.0 -9999.0
25711 20160812  2.424 -170.21   57.16    14.9     9.9    12.4    11.7    18.0    10.69 C    19.7     9.8    12.4    99.6    83.9    95.1 -99.000 -99.000 -99.000 -99.000 -99.000 -9999.0 -9999.0 -9999.0 -9999.0 -9999.0
25711 20160813  2.424 -170.21   57.16    14.8    11.1    13.0    12.4     1.7    12.61 C    18.1    11.0    12.9    98.0    82.4    91.4 -99.000 -99.000 -99.000 -99.000 -99.000 -9999.0 -9999.0 -9999.0 -9999.0 -9999.0
25711 20160814  2.424 -170.21   57.16    12.8    10.6    11.7    11.6     0.0    10.47 C    16.1    10.0    12.1    96.3    83.7    89.9 -99.000 -99.000 -99.000 -99.000 -99.000 -9999.0 -9999.0 -9999.0 -9999.0 -9999.0
25711 20160815  2.424 -170.21   57.16    12.5     9.9    11.2    10.9     0.0     7.04 C    14.0     9.5    11.1    96.0    77.1    87.4 -99.000 -99.000 -99.000 -99.000 -99.000 -9999.0 -9999.0 -9999.0 -9999.0 -9999.0
25711 20160816  2.424 -170.21   57.16    14.2     8.6    11.4    11.4     0.0    10.42 C    16.9     8.2    11.9    98.2    75.6    87.9 -99.000 -99.000 -99.000 -99.000 -99.000 -9999.0 -9999.0 -9999.0 -9999.0 -9999.0
25711 20160817  2.424 -170.21   57.16    14.5    10.1    12.3    12.0     0.0    11.76 C    17.3    10.2    12.7   100.0    86.8    94.6 -99.000 -99.000 -99.000 -99.000 -99.000 -9999.0 -9999.0 -9999.0 -9999.0 -9999.0
25711 20160818  2.424 -170.21   57.16    12.7     9.5    11.1    10.9     0.0     6.42 C    15.0     9.5    11.4    99.1    82.8    91.1 -99.000 -99.000 -99.000 -99.000 -99.000 -9999.0 -9999.0 -9999.0 -9999.0 -9999.0
25711 20160819  2.424 -170.21   57.16    13.3     9.3    11.3    10.9     0.0     7.29 C    17.5     8.7    11.2    98.1    75.5    87.8 -99.000 -99.000 -99.000 -99.000 -99.000 -9999.0 -9999.0 -9999.0 -9999.0 -9999.0
25711 20160820  2.424 -170.21   57.16    12.1    11.0    11.6    11.4     9.2     2.97 C    12.4    11.0    11.4   100.0    95.4    98.7 -99.000 -99.000 -99.000 -99.000 -99.000 -9999.0 -9999.0 -9999.0 -9999.0 -9999.0
25711 20160821  2.424 -170.21   57.16    13.8    10.2    12.0    11.8     0.0     9.06 C    16.4    10.0    12.3   100.0    83.9    95.9 -99.000 -99.000 -99.000 -99.000 -99.000 -9999.0 -9999.0 -9999.0 -9999.0 -9999.0
25711 20160822  2.424 -170.21   57.16    13.5     9.5    11.5    10.8     0.8     9.38 C    18.9     9.0    11.4    99.8    77.1    92.3 -99.000 -99.000 -99.000 -99.000 -99.000 -9999.0 -9999.0 -9999.0 -9999.0 -9999.0
25711 20160823  2.424 -170.21   57.16    10.5     7.5     9.0     8.9     4.7     7.16 C    12.1     7.6     9.1    98.3    77.7    90.3 -99.000 -99.000 -99.000 -99.000 -99.000 -9999.0 -9999.0 -9999.0 -9999.0 -9999.0
25711 20160824  2.424 -170.21   57.16    12.1     8.3    10.2    10.0     0.2     6.82 C    14.1     8.1    10.5    98.6    87.7    93.1 -99.000 -99.000 -99.000 -99.000 -99.000 -9999.0 -9999.0 -9999.0 -9999.0 -9999.0
25711 20160825  2.424 -170.21   57.16    11.7     9.4    10.6    10.5     1.5     5.62 C    13.1     8.6    10.5    97.9    80.2    90.5 -99.000 -99.000 -99.000 -99.000 -99.000 -9999.0 -9999.0 -9999.0 -9999.0 -9999.0
25711 20160826  2.424 -170.21   57.16    11.8     9.7    10.7    11.0     3.5     4.57 C    12.7     9.7    10.9    95.9    88.2    91.6 -99.000 -99.000 -99.000 -99.000 -99.000 -9999.0 -9999.0 -9999.0 -9999.0 -9999.0
25711 20160827  2.424 -170.21   57.16    13.3    10.4    11.8    11.8     0.0     6.83 C    15.6     8.9    12.1    99.9    91.4    97.2 -99.000 -99.000 -99.000 -99.000 -99.000 -9999.0 -9999.0 -9999.0 -9999.0 -9999.0
25711 20160828  2.424 -170.21   57.16    12.7    11.3    12.0    11.9     4.8     4.44 C    14.1    11.3    12.2   100.0    97.3    99.3 -99.000 -99.000 -99.000 -99.000 -99.000 -9999.0 -9999.0 -9999.0 -9999.0 -9999.0
25711 20160829  2.424 -170.21   57.16 -9999.0 -9999.0 -9999.0 -9999.0 -9999.0 -9999.00 U -9999.0 -9999.0 -9999.0 -9999.0 -9999.0 -9999.0 -99.000 -99.000 -99.000 -99.000 -99.000 -9999.0 -9999.0 -9999.0 -9999.0 -9999.0
25711 20160830  2.424 -170.21   57.16    14.1     9.3    11.7    11.1     0.0     9.33 C    19.5     9.5    12.2   100.0    87.2    97.8 -99.000 -99.000 -99.000 -99.000 -99.000 -9999.0 -9999.0 -9999.0 -9999.0 -9999.0
25711 20160831  2.424 -170.21   57.16    13.6    10.6    12.1    11.9     0.0     5.77 C    16.2    10.6    12.4   100.0    92.2    97.9 -99.000 -99.000 -99.000 -99.000 -99.000 -9999.0 -9999.0 -9999.0 -9999.0 -9999.0
25711 20160901  2.424 -170.21   57.16    13.5    11.3    12.4    12.2     5.8     8.87 C    18.6    11.3    13.6   100.0    85.5    96.7 -99.000 -99.000 -99.000 -99.000 -99.000 -9999.0 -9999.0 -9999.0 -9999.0 -9999.0
25711 20160902  2.424 -170.21   57.16    12.7    11.3    12.0    12.2    17.5     1.72 C    13.4    11.3    12.4   100.0    92.6    98.9 -99.000 -99.000 -99.000 -99.000 -99.000 -9999.0 -9999.0 -9999.0 -9999.0 -9999.0
25711 20160903  2.424 -170.21   57.16    13.9     9.9    11.9    11.7     3.5     9.13 C    19.1    10.1    12.7   100.0    88.5    97.1 -99.000 -99.000 -99.000 -99.000 -99.000 -9999.0 -9999.0 -9999.0 -9999.0 -9999.0
25711 20160904  2.424 -170.21   57.16    13.1     5.5     9.3    11.2     3.1     8.45 C    19.0     3.5    12.0   100.0    78.4    94.6 -99.000 -99.000 -99.000 -99.000 -99.000 -9999.0 -9999.0 -9999.0 -9999.0 -9999.0
25711 20160905  2.424 -170.21   57.16    14.4     4.5     9.4    10.6     0.0     9.88 C    19.9     1.3    10.6   100.0    79.2    93.7 -99.000 -99.000 -99.000 -99.000 -99.000 -9999.0 -9999.0 -9999.0 -9999.0 -9999.0
25711 20160906  2.424 -170.21   57.16    12.5     8.0    10.3    10.2     0.0    10.03 C    17.7     6.7    10.7    98.6    65.4    86.5 -99.000 -99.000 -99.000 -99.000 -99.000 -9999.0 -9999.0 -9999.0 -9999.0 -9999.0
25711 20160907  2.424 -170.21   57.16    11.2     6.9     9.0     8.7     0.0    10.14 C    17.9     6.3     9.3    83.2    59.7    70.4 -99.000 -99.000 -99.000 -99.000 -99.000 -9999.0 -9999.0 -9999.0 -9999.0 -9999.0
25711 20160908  2.424 -170.21   57.16    11.8     6.4     9.1     8.8     0.0     9.39 C    17.3     5.6     9.4    92.5    64.4    79.5 -99.000 -99.000 -99.000 -99.000 -99.000 -9999.0 -9999.0 -9999.0 -9999.0 -9999.0
25711 20160909  2.424 -170.21   57.16    12.1     8.0    10.0     9.9     0.0     4.93 C    14.7     7.5    10.0    95.1    68.4    82.7 -99.000 -99.000 -99.000 -99.000 -99.000 -9999.0 -9999.0 -9999.0 -9999.0 -9999.0
25711 20160910  2.424 -170.21   57.16    12.2     9.6    10.9    10.8    10.3     2.73 C    12.9     8.7    10.4    98.8    75.9    85.4 -99.000 -99.000 -99.000 -99.000 -99.000 -9999.0 -9999.0 -9999.0 -9999.0 -9999.0
25711 20160911  2.424 -170.21   57.16    11.7     9.3    10.5    10.3    10.6     5.75 C    13.6     7.9    10.3    99.4    76.5    92.5 -99.000 -99.000 -99.000 -99.000 -99.000 -9999.0 -9999.0 -9999.0 -9999.0 -9999.0
25711 20160912  2.424 -170.21   57.16    13.5     7.0    10.2    10.3     0.0    14.00 C    20.9     5.7    11.0    92.9    54.3    75.9 -99.000 -99.000 -99.000 -99.000 -99.000 -9999.0 -9999.0 -9999.0 -9999.0 -9999.0
25711 20160913  2.424 -170.21   57.16    11.8     9.7    10.7    10.9     2.9     3.03 C    12.5     9.0    10.4    95.7    63.0    79.1 -99.000 -99.000 -99.000 -99.000 -99.000 -9999.0 -9999.0 -9999.0 -9999.0 -9999.0
25711 20160914  2.424 -170.21   57.16    13.4     9.4    11.4    11.0     5.8     7.98 C    17.0     9.5    11.5    98.3    85.1    94.7 -99.000 -99.000 -99.000 -99.000 -99.000 -9999.0 -9999.0 -9999.0 -9999.0 -9999.0
25711 20160915  2.424 -170.21   57.16    12.4     7.2     9.8    10.0     0.8     5.55 C    15.2     6.6    10.2    98.6    78.8    94.6 -99.000 -99.000 -99.000 -99.000 -99.000 -9999.0 -9999.0 -9999.0 -9999.0 -9999.0
25711 20160916  2.424 -170.21   57.16     9.4     4.5     6.9     6.8     0.2    12.52 C    13.2     2.9     6.7    86.1    57.4    72.2 -99.000 -99.000 -99.000 -99.000 -99.000 -9999.0 -9999.0 -9999.0 -9999.0 -9999.0
25711 20160917  2.424 -170.21   57.16    11.9     4.6     8.2     8.5     1.0    11.34 C    15.4     2.7     8.1    93.9    66.8    80.9 -99.000 -99.000 -99.000 -99.000 -99.000 -9999.0 -9999.0 -9999.0 -9999.0 -9999.0
25711 20160918  2.424 -170.21   57.16    11.1     9.0    10.0    10.2     0.8     2.96 C    12.3     8.9     9.9    97.4    74.3    85.8 -99.000 -99.000 -99.000 -99.000 -99.000 -9999.0 -9999.0 -9999.0 -9999.0 -9999.0
25711 20160919  2.424 -170.21   57.16    11.6     8.7    10.1    10.1    14.5    10.90 C    14.1     8.2    10.4   100.0    76.1    88.0 -99.000 -99.000 -99.000 -99.000 -99.000 -9999.0 -9999.0 -9999.0 -9999.0 -9999.0
25711 20160920  2.424 -170.21   57.16    11.5     7.0     9.3     9.2     6.0    10.90 C    14.4     5.8     9.1    91.4    76.5    84.7 -99.000 -99.000 -99.000 -99.000 -99.000 -9999.0 -9999.0 -9999.0 -9999.0 -9999.0
25711 20160921  2.424 -170.21   57.16    11.2     6.2     8.7     8.3     2.2     8.49 C    13.8     4.7     8.0    92.5    74.8    85.5 -99.000 -99.000 -99.000 -99.000 -99.000 -9999.0 -9999.0 -9999.0 -9999.0 -9999.0
25711 20160922  2.424 -170.21   57.16    10.7 -9999.0 -9999.0 -9999.0     2.8     8.17 C    13.3     4.5     7.7    91.2    76.3    85.4 -99.000 -99.000 -99.000 -99.000 -99.000 -9999.0 -9999.0 -9999.0 -9999.0 -9999.0
25711 20160923  2.424 -170.21   57.16    10.3     2.8     6.5     7.6     0.5     8.97 C    13.7     0.5     7.3    92.7    64.1    81.2 -99.000 -99.000 -99.000 -99.000 -99.000 -9999.0 -9999.0 -9999.0 -9999.0 -9999.0
25711 20160924  2.424 -170.21   57.16    10.6    -0.1     5.3     5.8     0.0    10.08 C    15.1    -2.3     4.9    99.2    53.3    79.5 -99.000 -99.000 -99.000 -99.000 -99.000 -9999.0 -9999.0 -9999.0 -9999.0 -9999.0
25711 20160925  2.424 -170.21   57.16    10.2     5.5     7.8     8.7     5.6     1.97 C    10.7     2.9     8.1    96.1    78.2    87.6 -99.000 -99.000 -99.000 -99.000 -99.000 -9999.0 -9999.0 -9999.0 -9999.0 -9999.0
25711 20160926  2.424 -170.21   57.16    11.9     6.8     9.4     9.3     2.9     6.02 C    14.7     6.7     9.0    93.0    70.0    85.1 -99.000 -99.000 -99.000 -99.000 -99.000 -9999.0 -9999.0 -9999.0 -9999.0 -9999.0
25711 20160927  2.424 -170.21   57.16    10.5     7.7     9.1     9.3     0.0     3.70 C    12.9     7.4     9.1    91.9    74.0    83.3 -99.000 -99.000 -99.000 -99.000 -99.000 -9999.0 -9999.0 -9999.0 -9999.0 -9999.0
25711 20160928  2.424 -170.21   57.16    11.4     9.2    10.3    10.1     0.0     6.01 C    13.9     7.9    10.3   100.0    86.1    93.8 -99.000 -99.000 -99.000 -99.000 -99.000 -9999.0 -9999.0 -9999.0 -9999.0 -9999.0
25711 20160929  2.424 -170.21   57.16    10.9     9.8    10.3    10.1     4.9     1.64 C    11.4     8.5     9.8    98.2    84.7    91.0 -99.000 -99.000 -99.000 -99.000 -99.000 -9999.0 -9999.0 -9999.0 -9999.0 -9999.0
25711 20160930  2.424 -170.21   57.16    10.8     9.8    10.3    10.3    14.1     0.88 C    11.1     9.8    10.4   100.0    97.1    98.8 -99.000 -99.000 -99.000 -99.000 -99.000 -9999.0 -9999.0 -9999.0 -9999.0 -9999.0
25711 20161001  2.424 -170.21   57.16    10.4     6.2     8.3     9.0     1.9     8.01 C    12.0     6.2     8.7   100.0    60.8    84.5 -99.000 -99.000 -99.000 -99.000 -99.000 -9999.0 -9999.0 -9999.0 -9999.0 -9999.0
25711 20161002  2.424 -170.21   57.16    10.2    -0.4     4.9     7.9     1.5     3.18 C    11.0    -3.2     7.2    99.4    76.1    88.9 -99.000 -99.000 -99.000 -99.000 -99.000 -9999.0 -9999.0 -9999.0 -9999.0 -9999.0
25711 20161003  2.424 -170.21   57.16    10.3    -1.3     4.5     8.4     0.3     4.91 C    12.5    -3.4     7.9   100.0    81.4    90.4 -99.000 -99.000 -99.000 -99.000 -99.000 -9999.0 -9999.0 -9999.0 -9999.0 -9999.0
25711 20161004  2.424 -170.21   57.16    10.4     8.1     9.3     9.2     3.2     2.94 C    12.1     7.7     8.9    96.2    81.1    90.0 -99.000 -99.000 -99.000 -99.000 -99.000 -9999.0 -9999.0 -9999.0 -9999.0 -9999.0
25711 20161005  2.424 -170.21   57.16    10.2     8.3     9.3     9.4    13.7     1.29 C    10.2     8.5     9.2    97.8    83.7    92.4 -99.000 -99.000 -99.000 -99.000 -99.000 -9999.0 -9999.0 -9999.0 -9999.0 -9999.0
25711 20161006  2.424 -170.21   57.16    10.0     9.5     9.7     9.7    10.8     1.04 C    10.3     9.2     9.8    99.6    95.5    97.4 -99.000 -99.000 -99.000 -99.000 -99.000 -9999.0 -9999.0 -9999.0 -9999.0 -9999.0
25711 20161007  2.424 -170.21   57.16     9.9     7.8     8.8     9.2     3.2     1.41 C     9.5     8.0     8.9    97.1    74.6    91.5 -99.000 -99.000 -99.000 -99.000 -99.000 -9999.0 -9999.0 -9999.0 -9999.0 -9999.0
25711 20161008  2.424 -170.21   57.16    10.6     7.4     9.0     8.9     0.0     9.16 C    13.7     5.8     8.8    87.9    75.2    80.6 -99.000 -99.000 -99.000 -99.000 -99.000 -9999.0 -9999.0 -9999.0 -9999.0 -9999.0
25711 20161009  2.424 -170.21   57.16     9.8     7.0     8.4     8.3     0.0     8.94 C    12.7     5.5     7.6    86.2    72.3    78.4 -99.000 -99.000 -99.000 -99.000 -99.000 -9999.0 -9999.0 -9999.0 -9999.0 -9999.0
25711 20161010  2.424 -170.21   57.16     9.4     7.7     8.6     8.6    14.4     2.66 C    10.1     5.8     8.1    98.8    78.2    92.4 -99.000 -99.000 -99.000 -99.000 -99.000 -9999.0 -9999.0 -9999.0 -9999.0 -9999.0
25711 20161011  2.424 -170.21   57.16    10.1     8.8     9.4     9.3     3.4     2.64 C    10.7     8.4     9.2    98.7    91.7    95.7 -99.000 -99.000 -99.000 -99.000 -99.000 -9999.0 -9999.0 -9999.0 -9999.0 -9999.0
25711 20161012  2.424 -170.21   57.16     9.7     8.5     9.1     9.1     2.1     1.70 C    10.0     8.6     9.0    99.5    90.2    97.2 -99.000 -99.000 -99.000 -99.000 -99.000 -9999.0 -9999.0 -9999.0 -9999.0 -9999.0
25711 20161013  2.424 -170.21   57.16    10.3     8.6     9.4     9.3     0.0     3.94 C    12.8     8.4     9.5    97.4    90.9    94.7 -99.000 -99.000 -99.000 -99.000 -99.000 -9999.0 -9999.0 -9999.0 -9999.0 -9999.0
25711 20161014  2.424 -170.21   57.16    10.0     6.9     8.4     8.3     0.3     4.46 C    13.5     6.3     8.9   100.0    92.0    96.4 -99.000 -99.000 -99.000 -99.000 -99.000 -9999.0 -9999.0 -9999.0 -9999.0 -9999.0
25711 20161015  2.424 -170.21   57.16     9.7     5.4     7.5     7.5     0.9     2.47 C    11.8     4.0     7.3   100.0    75.2    91.3 -99.000 -99.000 -99.000 -99.000 -99.000 -9999.0 -9999.0 -9999.0 -9999.0 -9999.0
25711 20161016  2.424 -170.21   57.16     8.3     0.9     4.6     5.1     0.0     5.18 C    12.6    -1.8     4.4    88.1    59.4    74.7 -99.000 -99.000 -99.000 -99.000 -99.000 -9999.0 -9999.0 -9999.0 -9999.0 -9999.0
25711 20161017  2.424 -170.21   57.16     5.3    -0.5     2.4     2.5     3.1     4.41 C     6.8    -3.1     1.3    89.8    56.2    77.7 -99.000 -99.000 -99.000 -99.000 -99.000 -9999.0 -9999.0 -9999.0 -9999.0 -9999.0
25711 20161018  2.424 -170.21   57.16     5.5     0.4     2.9     3.9     0.8     2.65 C     6.3     0.1     3.1    89.4    57.4    72.0 -99.000 -99.000 -99.000 -99.000 -99.000 -9999.0 -9999.0 -9999.0 -9999.0 -9999.0
25711 20161019  2.424 -170.21   57.16     6.7     1.6     4.2     4.6     0.0     3.05 C    10.3     0.0     4.2    83.4    60.5    69.9 -99.000 -99.000 -99.000 -99.000 -99.000 -9999.0 -9999.0 -9999.0 -9999.0 -9999.0
25711 20161020  2.424 -170.21   57.16     6.6     0.0     3.3     3.6     2.4     3.87 C     9.0    -2.2     3.0    96.5    58.0    83.5 -99.000 -99.000 -99.000 -99.000 -99.000 -9999.0 -9999.0 -9999.0 -9999.0 -9999.0
25711 20161021  2.424 -170.21   57.16     6.5    -1.2     2.7     2.6     0.0     4.70 C     9.0    -4.3     0.9    90.0    56.8    78.3 -99.000 -99.000 -99.000 -99.000 -99.000 -9999.0 -9999.0 -9999.0 -9999.0 -9999.0
25711 20161022  2.424 -170.21   57.16     7.6     4.9     6.2     6.5     0.0     2.00 C     7.8     2.1     5.7    80.5    61.5    70.4 -99.000 -99.000 -99.000 -99.000 -99.000 -9999.0 -9999.0 -9999.0 -9999.0 -9999.0
25711 20161023  2.424 -170.21   57.16     8.3     6.2     7.3     7.2     8.0     2.08 C     9.4     6.1     7.2    97.4    80.4    93.1 -99.000 -99.000 -99.000 -99.000 -99.000 -9999.0 -9999.0 -9999.0 -9999.0 -9999.0
25711 20161024  2.424 -170.21   57.16     8.4     7.3     7.8     7.8     9.3     2.85 C     8.6     5.8     7.4    96.0    84.8    90.6 -99.000 -99.000 -99.000 -99.000 -99.000 -9999.0 -9999.0 -9999.0 -9999.0 -9999.0
25711 20161025  2.424 -170.21   57.16     7.9     3.9     5.9     6.6    12.9     4.32 C     8.1     3.0     5.8    99.9    71.7    82.2 -99.000 -99.000 -99.000 -99.000 -99.000 -9999.0 -9999.0 -9999.0 -9999.0 -9999.0
25711 20161026  2.424 -170.21   57.16     8.4    -0.4     4.0     5.5     0.9     5.30 C    11.5    -2.6     4.2    88.1    70.7    80.2 -99.000 -99.000 -99.000 -99.000 -99.000 -9999.0 -9999.0 -9999.0 -9999.0 -9999.0
25711 20161027  2.424 -170.21   57.16     8.3     2.5     5.4     6.8     6.1     1.87 C     9.6     0.4     5.9    97.2    75.5    86.7 -99.000 -99.000 -99.000 -99.000 -99.000 -9999.0 -9999.0 -9999.0 -9999.0 -9999.0
25711 20161028  2.424 -170.21   57.16     8.3     2.1     5.2     6.3    18.7     1.41 C     8.3     2.1     5.8    98.8    71.0    90.5 -99.000 -99.000 -99.000 -99.000 -99.000 -9999.0 -9999.0 -9999.0 -9999.0 -9999.0
25711 20161029  2.424 -170.21   57.16     7.9     2.9     5.4 -9999.0     4.2     3.76 C     8.9     2.0     4.8    88.5    71.5    80.7 -99.000 -99.000 -99.000 -99.000 -99.000 -9999.0 -9999.0 -9999.0 -9999.0 -9999.0
25711 20161030  2.424 -170.21   57.16     7.6     4.1     5.8 -9999.0    12.6     1.55 C     7.7     3.9     5.5    94.3    72.6    89.1 -99.000 -99.000 -99.000 -99.000 -99.000 -9999.0 -9999.0 -9999.0 -9999.0 -9999.0
25711 20161031  2.424 -170.21   57.16     7.0     4.5     5.8     5.9     2.6     1.47 C     7.7     3.9     5.3    93.3    86.5    90.3 -99.000 -99.000 -99.000 -99.000 -99.000 -9999.0 -9999.0 -9999.0 -9999.0 -9999.0
25711 20161101  2.424 -170.21   57.16     6.0     1.8     3.9 -9999.0     4.1     2.03 C     6.6     0.0     3.7    92.2    82.8    89.1 -99.000 -99.000 -99.000 -99.000 -99.000 -9999.0 -9999.0 -9999.0 -9999.0 -9999.0
25711 20161102  2.424 -170.21   57.16     4.4     0.6     2.5     2.4     3.4     1.31 C     4.2    -1.5     1.1    91.8    72.7    83.6 -99.000 -99.000 -99.000 -99.000 -99.000 -9999.0 -9999.0 -9999.0 -9999.0 -9999.0
25711 20161103  2.424 -170.21   57.16     5.9    -2.8     1.6     2.2     0.0     5.59 C     8.9    -4.1     0.6    79.3    57.8    73.9 -99.000 -99.000 -99.000 -99.000 -99.000 -9999.0 -9999.0 -9999.0 -9999.0 -9999.0
25711 20161104  2.424 -170.21   57.16     5.0    -4.1     0.4     2.0     0.0     1.94 C     4.5    -6.4     0.0    89.8    70.9    79.6 -99.000 -99.000 -99.000 -99.000 -99.000 -9999.0 -9999.0 -9999.0 -9999.0 -9999.0
25711 20161105  2.424 -170.21   57.16     4.9    -1.1     1.9     2.5     1.5     2.67 C     6.1    -3.4     1.4    90.5    74.8    85.5 -99.000 -99.000 -99.000 -99.000 -99.000 -9999.0 -9999.0 -9999.0 -9999.0 -9999.0
25711 20161106  2.424 -170.21   57.16     4.4    -1.9     1.2     2.0     1.7     2.36 C     4.7    -4.5     0.7    92.2    62.2    78.2 -99.000 -99.000 -99.000 -99.000 -99.000 -9999.0 -9999.0 -9999.0 -9999.0 -9999.0
25711 20161107  2.424 -170.21   57.16     3.8    -2.9     0.4     2.3    14.1     0.06 C     2.8    -4.6     1.7    95.6    59.3    85.3 -99.000 -99.000 -99.000 -99.000 -99.000 -9999.0 -9999.0 -9999.0 -9999.0 -9999.0
25711 20161108  2.424 -170.21   57.16     2.7     1.0     1.8     1.6     3.6     1.13 C     2.1     0.3     1.2    95.2    75.4    88.5 -99.000 -99.000 -99.000 -99.000 -99.000 -9999.0 -9999.0 -9999.0 -9999.0 -9999.0
25711 20161109  2.424 -170.21   57.16     3.1    -0.1     1.5     1.8     2.8     1.15 C     2.6    -0.9     0.9    89.4    63.6    77.1 -99.000 -99.000 -99.000 -99.000 -99.000 -9999.0 -9999.0 -9999.0 -9999.0 -9999.0
25711 20161110  2.424 -170.21   57.16     2.0    -0.7     0.7     0.7     4.5     2.46 C     1.4    -2.0    -0.5    87.5    66.9    78.5 -99.000 -99.000 -99.000 -99.000 -99.000 -9999.0 -9999.0 -9999.0 -9999.0 -9999.0
25711 20161111  2.424 -170.21   57.16     1.6    -1.0     0.3     0.5     4.8     3.24 C     0.6    -2.5    -0.5    91.0    59.5    80.3 -99.000 -99.000 -99.000 -99.000 -99.000 -9999.0 -9999.0 -9999.0 -9999.0 -9999.0
25711 20161112  2.424 -170.21   57.16 -9999.0     0.5 -9999.0 -9999.0     9.5     0.96 C     2.3     0.0     1.2    93.9    86.9    90.7 -99.000 -99.000 -99.000 -99.000 -99.000 -9999.0 -9999.0 -9999.0 -9999.0 -9999.0
25711 20161113  2.424 -170.21   57.16     2.0    -2.2    -0.1     0.3     3.6     0.98 C     1.3    -3.9    -0.3    94.5    69.9    86.8 -99.000 -99.000 -99.000 -99.000 -99.000 -9999.0 -9999.0 -9999.0 -9999.0 -9999.0
25711 20161114  2.424 -170.21   57.16     0.4   -10.8    -5.2    -3.0     1.5     2.69 C     0.7   -15.0    -5.2    84.2    56.2    75.6 -99.000 -99.000 -99.000 -99.000 -99.000 -9999.0 -9999.0 -9999.0 -9999.0 -9999.0
25711 20161115  2.424 -170.21   57.16     4.6     0.3     2.4     3.0     0.0     1.06 C     3.3    -4.2     0.7    76.3    54.2    67.9 -99.000 -99.000 -99.000 -99.000 -99.000 -9999.0 -9999.0 -9999.0 -9999.0 -9999.0
25711 20161116  2.424 -170.21   57.16     5.2     3.0     4.1     4.6     0.9     1.23 C     5.5     2.6     3.6    88.7    72.1    79.4 -99.000 -99.000 -99.000 -99.000 -99.000 -9999.0 -9999.0 -9999.0 -9999.0 -9999.0
25711 20161117  2.424 -170.21   57.16     5.5     0.3     2.9     4.4     5.6     0.18 C     5.5    -0.4     3.9    97.1    75.2    85.0 -99.000 -99.000 -99.000 -99.000 -99.000 -9999.0 -9999.0 -9999.0 -9999.0 -9999.0
25711 20161118  2.424 -170.21   57.16     4.9    -3.4     0.7     2.0     0.0     2.71 C     4.7    -6.2     0.2    94.8    73.6    84.1 -99.000 -99.000 -99.000 -99.000 -99.000 -9999.0 -9999.0 -9999.0 -9999.0 -9999.0
25711 20161119  2.424 -170.21   57.16     4.3 -9999.0 -9999.0 -9999.0     3.4     0.70 C     3.0    -4.8     1.4    90.1    73.8    83.9 -99.000 -99.000 -99.000 -99.000 -99.000 -9999.0 -9999.0 -9999.0 -9999.0 -9999.0
25711 20161120  2.424 -170.21   57.16     2.8    -0.7     1.0     1.8     0.0     1.47 C     3.0    -3.1     0.7    88.9    61.8    73.3 -99.000 -99.000 -99.000 -99.000 -99.000 -9999.0 -9999.0 -9999.0 -9999.0 -9999.0
25711 20161121  2.424 -170.21   57.16     3.8    -7.0    -1.6     0.0     7.0     1.10 C     3.4    -9.9    -1.9    94.7    67.3    81.2 -99.000 -99.000 -99.000 -99.000 -99.000 -9999.0 -9999.0 -9999.0 -9999.0 -9999.0
25711 20161122  2.424 -170.21   57.16     3.7    -4.7    -0.5     1.3     2.6     2.00 C     3.2    -8.6    -0.5    94.8    72.6    83.8 -99.000 -99.000 -99.000 -99.000 -99.000 -9999.0 -9999.0 -9999.0 -9999.0 -9999.0
25711 20161123  2.424 -170.21   57.16     4.7    -5.1    -0.2     0.6     0.0     1.47 C     4.3    -9.5    -1.4    95.1    74.5    87.5 -99.000 -99.000 -99.000 -99.000 -99.000 -9999.0 -9999.0 -9999.0 -9999.0 -9999.0
25711 20161124  2.424 -170.21   57.16     4.8     0.3     2.6     3.5     4.5     0.89 C     4.6     0.0     2.4    94.0    66.3    80.2 -99.000 -99.000 -99.000 -99.000 -99.000 -9999.0 -9999.0 -9999.0 -9999.0 -9999.0
25711 20161125  2.424 -170.21   57.16     3.7     0.5     2.1 -9999.0     7.3     0.80 C     2.7    -0.9     1.1    97.1    66.2    82.5 -99.000 -99.000 -99.000 -99.000 -99.000 -9999.0 -9999.0 -9999.0 -9999.0 -9999.0
25711 20161126  2.424 -170.21   57.16     2.3    -1.3     0.5     1.2     6.4     0.58 C     2.0    -2.8     0.8    98.1    78.8    90.9 -99.000 -99.000 -99.000 -99.000 -99.000 -9999.0 -9999.0 -9999.0 -9999.0 -9999.0
25711 20161127  2.424 -170.21   57.16     2.7    -4.0    -0.6 -9999.0     4.8     0.16 C     0.9    -6.7    -0.7   100.0    83.1    93.8 -99.000 -99.000 -99.000 -99.000 -99.000 -9999.0 -9999.0 -9999.0 -9999.0 -9999.0
25711 20161128  2.424 -170.21   57.16     0.9    -3.6    -1.4    -1.3     1.9     0.83 C     0.6    -4.8    -1.6    96.2    75.8    83.7 -99.000 -99.000 -99.000 -99.000 -99.000 -9999.0 -9999.0 -9999.0 -9999.0 -9999.0
25711 20161129  2.424 -170.21   57.16    -0.7    -3.2    -2.0    -1.7     0.0     0.37 C    -1.2    -4.4    -2.4    76.0    65.9    71.8 -99.000 -99.000 -99.000 -99.000 -99.000 -9999.0 -9999.0 -9999.0 -9999.0 -9999.0
25711 20161130  2.424 -170.21   57.16    -1.4    -5.3    -3.3    -4.1     0.0     0.50 C    -1.8    -6.3    -4.5    79.4    52.7    67.4 -99.000 -99.000 -99.000 -99.000 -99.000 -9999.0 -9999.0 -9999.0 -9999.0 -9999.0
25711 20161201  2.424 -170.21   57.16    -0.1    -7.3    -3.7    -3.4     1.7     1.07 C    -2.1   -11.2    -5.0    79.4    54.6    67.5 -99.000 -99.000 -99.000 -99.000 -99.000 -9999.0 -9999.0 -9999.0 -9999.0 -9999.0
25711 20161202  2.424 -170.21   57.16     2.3   -10.0    -3.8    -2.1     0.7     1.63 C     0.6   -14.7    -5.1    96.3    52.3    78.5 -99.000 -99.000 -99.000 -99.000 -99.000 -9999.0 -9999.0 -9999.0 -9999.0 -9999.0
25711 20161203  2.424 -170.21   57.16     4.7   -10.5    -2.9    -0.8     0.8     0.51 C     3.5   -14.9    -3.3    95.9    71.2    84.8 -99.000 -99.000 -99.000 -99.000 -99.000 -9999.0 -9999.0 -9999.0 -9999.0 -9999.0
25711 20161204  2.424 -170.21   57.16     4.7     0.8     2.7     3.3     6.4     0.24 C     3.9    -0.1     2.7    95.4    79.5    91.0 -99.000 -99.000 -99.000 -99.000 -99.000 -9999.0 -9999.0 -9999.0 -9999.0 -9999.0
25711 20161205  2.424 -170.21   57.16     3.4    -3.0     0.2     0.7     1.1     1.86 C     3.1    -5.4    -0.8    98.5    87.5    93.0 -99.000 -99.000 -99.000 -99.000 -99.000 -9999.0 -9999.0 -9999.0 -9999.0 -9999.0
25711 20161206  2.424 -170.21   57.16     1.4    -3.4    -1.0     0.0     1.8     0.93 C     0.5    -5.2    -1.0    97.9    82.0    91.5 -99.000 -99.000 -99.000 -99.000 -99.000 -9999.0 -9999.0 -9999.0 -9999.0 -9999.0
25711 20161207  2.424 -170.21   57.16     0.7    -4.0    -1.7    -1.8     0.0     1.34 C    -0.1    -6.0    -2.8    91.5    75.6    79.9 -99.000 -99.000 -99.000 -99.000 -99.000 -9999.0 -9999.0 -9999.0 -9999.0 -9999.0
25711 20161208  2.424 -170.21   57.16    -2.0    -6.0    -4.0    -3.7     0.0     2.15 C    -2.3    -8.3    -5.5    81.4    67.8    77.2 -99.000 -99.000 -99.000 -99.000 -99.000 -9999.0 -9999.0 -9999.0 -9999.0 -9999.0
25711 20161209  2.424 -170.21   57.16    -0.4    -6.1    -3.2    -2.7     0.0     0.35 C    -0.7    -6.3    -3.2    87.3    71.3    81.5 -99.000 -99.000 -99.000 -99.000 -99.000 -9999.0 -9999.0 -9999.0 -9999.0 -9999.0
25711 20161210  2.424 -170.21   57.16    -0.7    -2.8    -1.8    -1.8     0.0     0.20 C    -1.1    -3.8    -2.7    77.6    56.9    68.2 -99.000 -99.000 -99.000 -99.000 -99.000 -9999.0 -9999.0 -9999.0 -9999.0 -9999.0
25711 20161211  2.424 -170.21   57.16     4.4    -2.5     0.9     1.3     0.5     0.50 C     3.4    -3.3     0.1    87.7    66.1    75.1 -99.000 -99.000 -99.000 -99.000 -99.000 -9999.0 -9999.0 -9999.0 -9999.0 -9999.0
25711 20161212  2.424 -170.21   57.16     4.5     0.9     2.7     3.7     2.8     0.47 C     4.7    -0.6     3.1    98.5    83.5    91.8 -99.000 -99.000 -99.000 -99.000 -99.000 -9999.0 -9999.0 -9999.0 -9999.0 -9999.0
25711 20161213  2.424 -170.21   57.16     5.8     3.5     4.7     5.0     5.7     0.28 C     5.4     2.2     4.5    99.1    86.2    93.1 -99.000 -99.000 -99.000 -99.000 -99.000 -9999.0 -9999.0 -9999.0 -9999.0 -9999.0
25711 20161214  2.424 -170.21   57.16     4.9     2.7     3.8     4.2     0.3     1.21 C     4.5     2.0     2.9    89.3    76.1    82.9 -99.000 -99.000 -99.000 -99.000 -99.000 -9999.0 -9999.0 -9999.0 -9999.0 -9999.0
25711 20161215  2.424 -170.21   57.16     5.0     1.4     3.2 -9999.0     5.3     0.03 C     4.3     1.4     3.2    94.7    75.9    85.5 -99.000 -99.000 -99.000 -99.000 -99.000 -9999.0 -9999.0 -9999.0 -9999.0 -9999.0
25711 20161216  2.424 -170.21   57.16     4.4     0.7     2.6     3.3     3.5     0.62 C     3.6     0.6     2.7    92.4    79.3    87.9 -99.000 -99.000 -99.000 -99.000 -99.000 -9999.0 -9999.0 -9999.0 -9999.0 -9999.0
25711 20161217  2.424 -170.21   57.16     3.8     1.0     2.4     2.8     0.7     0.29 C     3.0    -0.5     1.6    91.0    73.0    77.6 -99.000 -99.000 -99.000 -99.000 -99.000 -9999.0 -9999.0 -9999.0 -9999.0 -9999.0
25711 20161218  2.424 -170.21   57.16     3.3     1.0     2.1     2.2     8.1     0.48 C     2.9     0.9     2.0    97.2    80.3    94.3 -99.000 -99.000 -99.000 -99.000 -99.000 -9999.0 -9999.0 -9999.0 -9999.0 -9999.0
25711 20161219  2.424 -170.21   57.16     3.5    -1.6     0.9     1.2     1.4     0.24 C     3.1    -2.0     1.0    97.9    83.1    92.8 -99.000 -99.000 -99.000 -99.000 -99.000 -9999.0 -9999.0 -9999.0 -9999.0 -9999.0
25711 20161220  2.424 -170.21   57.16     1.7    -3.3    -0.8    -0.5     0.5     1.28 C     1.3    -5.2    -1.6    89.8    66.7    76.7 -99.000 -99.000 -99.000 -99.000 -99.000 -9999.0 -9999.0 -9999.0 -9999.0 -9999.0
25711 20161221  2.424 -170.21   57.16     2.0   -11.6    -4.8    -1.9     0.0     1.13 C     0.8   -13.9    -4.2    90.3    62.3    79.9 -99.000 -99.000 -99.000 -99.000 -99.000 -9999.0 -9999.0 -9999.0 -9999.0 -9999.0
25711 20161222  2.424 -170.21   57.16     2.5    -2.1     0.2     1.1     1.3     1.22 C     1.1    -4.0    -0.5    93.6    63.4    78.6 -99.000 -99.000 -99.000 -99.000 -99.000 -9999.0 -9999.0 -9999.0 -9999.0 -9999.0
25711 20161223  2.424 -170.21   57.16     3.5     1.2     2.3 -9999.0     9.4     0.00 C     3.0     0.6     1.7    94.7    66.0    85.6 -99.000 -99.000 -99.000 -99.000 -99.000 -9999.0 -9999.0 -9999.0 -9999.0 -9999.0
25711 20161224  2.424 -170.21   57.16     4.4     1.6     3.0     3.2     6.0     0.41 C     4.3     0.4     2.8    97.3    93.0    95.0 -99.000 -99.000 -99.000 -99.000 -99.000 -9999.0 -9999.0 -9999.0 -9999.0 -9999.0
25711 20161225  2.424 -170.21   57.16     3.3     1.3     2.3     2.3     1.2     0.91 C     3.4     0.2     1.4    94.1    90.6    92.2 -99.000 -99.000 -99.000 -99.000 -99.000 -9999.0 -9999.0 -9999.0 -9999.0 -9999.0
25711 20161226  2.424 -170.21   57.16     3.3    -1.4     1.0     1.9     1.4     0.38 C     3.4    -4.1     0.9    98.6    80.2    91.1 -99.000 -99.000 -99.000 -99.000 -99.000 -9999.0 -9999.0 -9999.0 -9999.0 -9999.0
25711 20161227  2.424 -170.21   57.16     1.3    -3.9    -1.3    -1.1     1.2     0.13 C     0.4    -5.2    -1.9    95.7    70.8    83.1 -99.000 -99.000 -99.000 -99.000 -99.000 -9999.0 -9999.0 -9999.0 -9999.0 -9999.0
25711 20161228  2.424 -170.21   57.16     6.2    -4.0     1.1     3.3     6.5     0.02 C     5.7    -4.3     2.7    98.7    75.3    90.5 -99.000 -99.000 -99.000 -99.000 -99.000 -9999.0 -9999.0 -9999.0 -9999.0 -9999.0
25711 20161229  2.424 -170.21   57.16     6.0     0.0     3.0     3.2     2.5     1.03 C     5.7    -1.0     2.3    96.9    58.2    82.8 -99.000 -99.000 -99.000 -99.000 -99.000 -9999.0 -9999.0 -9999.0 -9999.0 -9999.0
25711 20161230  2.424 -170.21   57.16     4.5     0.6     2.5     3.0     0.3     1.78 C     3.9    -0.9     1.6    79.7    62.5    73.6 -99.000 -99.000 -99.000 -99.000 -99.000 -9999.0 -9999.0 -9999.0 -9999.0 -9999.0
25711 20161231  2.424 -170.21   57.16     6.7     0.0     3.3 -9999.0    11.3     0.04 C     5.7    -0.1     3.7    97.5    74.0    88.9 -99.000 -99.000 -99.000 -99.000 -99.000 -9999.0 -9999.0 -9999.0 -9999.0 -9999.0
