92826 20160101  2.423  -81.32   25.90    31.2    20.0    25.6    23.9     0.0    12.81 C    39.2    19.4    25.0    98.0    55.5    86.3   0.098   0.119 -99.000 -99.000 -99.000    24.1    24.5 -9999.0 -9999.0 -9999.0
92826 20160102  2.423  -81.32   25.90    28.2    20.6    24.4    22.8     0.0     9.88 C    35.9    20.1    23.9    97.7    60.7    86.8   0.095   0.118 -99.000 -99.000 -99.000    24.0    24.4 -9999.0 -9999.0 -9999.0
92826 20160103  2.423  -81.32   25.90    25.3    15.9    20.6    19.6     7.4     5.85 C    30.9    15.9    20.4    95.7    68.3    86.6   0.110   0.117 -99.000 -99.000 -99.000    23.0    23.6 -9999.0 -9999.0 -9999.0
92826 20160104  2.423  -81.32   25.90    21.9    12.4    17.2    16.4     0.0    13.42 C    27.3    10.9    17.4    96.0    29.8    65.6   0.152   0.131 -99.000 -99.000 -99.000    20.8    21.7 -9999.0 -9999.0 -9999.0
92826 20160105  2.423  -81.32   25.90    21.1    10.8    16.0    16.3     0.0     4.40 C    22.4    10.0    16.5    84.9    59.1    72.7   0.139   0.133 -99.000 -99.000 -99.000    19.4    20.2 -9999.0 -9999.0 -9999.0
92826 20160106  2.423  -81.32   25.90    23.8    16.3    20.1    18.7     2.3     9.80 C    29.7    15.8    19.3    94.8    61.3    81.0   0.149   0.135 -99.000 -99.000 -99.000    20.4    20.9 -9999.0 -9999.0 -9999.0
92826 20160107  2.423  -81.32   25.90    26.8    15.8    21.3    19.0     0.0    14.81 C    35.6    14.7    20.9    97.8    51.0    84.5   0.144   0.137 -99.000 -99.000 -99.000    20.9    21.4 -9999.0 -9999.0 -9999.0
92826 20160108  2.423  -81.32   25.90    27.5    15.7    21.6    20.8     0.0     8.22 C    33.1    14.7    21.4    97.3    62.9    87.7   0.139   0.136 -99.000 -99.000 -99.000    21.4    21.7 -9999.0 -9999.0 -9999.0
92826 20160109  2.423  -81.32   25.90    29.1    17.7    23.4    22.6     5.1    13.77 C    35.6    17.1    24.2   100.0    61.0    86.7   0.136   0.133 -99.000 -99.000 -99.000    22.4    22.6 -9999.0 -9999.0 -9999.0
92826 20160110  2.423  -81.32   25.90    24.4    17.2    20.8    20.8    14.1     4.80 C    27.0    17.2    20.9    97.3    74.3    87.8   0.194   0.190 -99.000 -99.000 -99.000    22.2    22.6 -9999.0 -9999.0 -9999.0
92826 20160111  2.423  -81.32   25.90    20.7    13.2    17.0    16.2     0.0    13.99 C    26.1    13.2    17.5    91.0    43.8    69.2   0.173   0.174 -99.000 -99.000 -99.000    20.3    21.1 -9999.0 -9999.0 -9999.0
92826 20160112  2.423  -81.32   25.90    19.3    11.0    15.2    14.5     3.7     5.99 C    23.3    10.8    14.8    93.3    56.4    80.0   0.178   0.178 -99.000 -99.000 -99.000    19.1    19.8 -9999.0 -9999.0 -9999.0
92826 20160113  2.423  -81.32   25.90    20.4    11.1    15.7    15.0     0.0     7.79 C    23.5    10.5    15.5    75.7    41.0    58.4   0.166   0.167 -99.000 -99.000 -99.000    18.1    18.8 -9999.0 -9999.0 -9999.0
92826 20160114  2.423  -81.32   25.90    21.3    13.7    17.5    16.4     2.2     2.75 C    24.0    13.5    16.5    97.1    67.4    82.9   0.163   0.161 -99.000 -99.000 -99.000    18.5    19.0 -9999.0 -9999.0 -9999.0
92826 20160115  2.423  -81.32   25.90    24.8    16.6    20.7    19.6     8.2     4.48 C    27.5    15.8    19.5    97.8    82.3    94.1   0.183   0.189 -99.000 -99.000 -99.000    20.1    20.3 -9999.0 -9999.0 -9999.0
92826 20160116  2.423  -81.32   25.90    28.3    13.6    20.9    20.1     2.5    16.13 C    36.2    12.6    22.2   100.0    33.1    79.9   0.179   0.185 -99.000 -99.000 -99.000    20.0    20.3 -9999.0 -9999.0 -9999.0
92826 20160117  2.423  -81.32   25.90    25.5    13.4    19.5    19.9    15.6    14.97 C    29.7    13.0    20.6    96.7    58.3    77.3   0.203   0.227 -99.000 -99.000 -99.000    20.9    21.4 -9999.0 -9999.0 -9999.0
92826 20160118  2.423  -81.32   25.90    17.0     9.3    13.2    12.8     0.0     8.73 C    21.1     8.6    13.3    81.4    44.1    65.0   0.177   0.184 -99.000 -99.000 -99.000    18.1    19.0 -9999.0 -9999.0 -9999.0
92826 20160119  2.423  -81.32   25.90    18.3     8.4    13.4    11.9     0.0    12.78 C    22.8     7.9    12.5    74.2    35.6    56.4   0.166   0.169 -99.000 -99.000 -99.000    16.6    17.4 -9999.0 -9999.0 -9999.0
92826 20160120  2.423  -81.32   25.90    22.6     7.7    15.2    14.1     0.0    15.74 C    29.4     7.5    15.5    85.8    43.2    63.5   0.159   0.161 -99.000 -99.000 -99.000    16.7    17.3 -9999.0 -9999.0 -9999.0
92826 20160121  2.423  -81.32   25.90    23.5    11.2    17.3    16.8     0.0    11.61 C    30.9    10.3    17.7    94.5    46.7    73.3   0.155   0.157 -99.000 -99.000 -99.000    17.7    18.0 -9999.0 -9999.0 -9999.0
92826 20160122  2.423  -81.32   25.90    20.4    15.3    17.8    18.2    39.2     0.85 C    20.4    14.3    17.7    96.5    83.3    91.5   0.214   0.216 -99.000 -99.000 -99.000    18.5    18.8 -9999.0 -9999.0 -9999.0
92826 20160123  2.423  -81.32   25.90    18.1    10.5    14.3    15.4     0.0    14.57 C    21.5     8.8    15.6    93.5    44.5    67.8   0.200   0.204 -99.000 -99.000 -99.000    17.5    18.1 -9999.0 -9999.0 -9999.0
92826 20160124  2.423  -81.32   25.90    17.7     6.5    12.1    11.2     0.0    17.94 C    24.6     6.0    12.6    89.4    38.0    70.7   0.177   0.178 -99.000 -99.000 -99.000    16.0    16.8 -9999.0 -9999.0 -9999.0
92826 20160125  2.423  -81.32   25.90    24.5     6.9    15.7    14.3     0.0    15.97 C    32.0     5.3    15.7    93.6    42.9    75.4   0.167   0.167 -99.000 -99.000 -99.000    16.0    16.5 -9999.0 -9999.0 -9999.0
92826 20160126  2.423  -81.32   25.90    28.7    13.9    21.3    20.9     0.2    14.63 C    36.3    12.8    22.5    91.9    47.0    73.2   0.163   0.162 -99.000 -99.000 -99.000    18.7    18.7 -9999.0 -9999.0 -9999.0
92826 20160127  2.423  -81.32   25.90    23.4    18.7    21.0    20.5    76.4     2.47 C    24.7    18.5    20.5    97.3    90.1    95.1   0.270   0.263 -99.000 -99.000 -99.000    20.2    20.4 -9999.0 -9999.0 -9999.0
92826 20160128  2.423  -81.32   25.90    23.4    18.4    20.9    20.2    26.8     4.42 C    25.8    17.7    20.2    97.8    80.9    93.5   0.259   0.259 -99.000 -99.000 -99.000    20.4    20.6 -9999.0 -9999.0 -9999.0
92826 20160129  2.423  -81.32   25.90    18.4    12.6    15.5    15.8     0.0    10.17 C    23.8    10.5    16.3    94.5    40.3    71.8   0.200   0.208 -99.000 -99.000 -99.000    18.8    19.5 -9999.0 -9999.0 -9999.0
92826 20160130  2.423  -81.32   25.90    22.0    10.3    16.2    15.5     0.0    14.43 C    32.2     8.1    16.4    92.3    39.4    71.2   0.180   0.185 -99.000 -99.000 -99.000    17.4    18.0 -9999.0 -9999.0 -9999.0
92826 20160131  2.423  -81.32   25.90    26.5    13.5    20.0    19.2     0.0    11.86 C    36.1    11.8    20.5    94.2    49.1    77.5   0.173   0.176 -99.000 -99.000 -99.000    18.6    18.9 -9999.0 -9999.0 -9999.0
92826 20160201  2.423  -81.32   25.90    28.2    19.9    24.0    22.8     0.0    10.88 C    36.7    19.7    24.5    96.5    64.2    84.4   0.170   0.172 -99.000 -99.000 -99.000    20.7    20.8 -9999.0 -9999.0 -9999.0
92826 20160202  2.423  -81.32   25.90    30.0    19.8    24.9    23.5     0.0    12.63 C    38.1    19.0    24.9    98.2    56.7    84.7   0.166   0.168 -99.000 -99.000 -99.000    21.5    21.6 -9999.0 -9999.0 -9999.0
92826 20160203  2.423  -81.32   25.90    29.3    21.4    25.4    24.3     0.0    14.24 C    35.6    20.0    25.4    95.5    57.6    80.8   0.163   0.166 -99.000 -99.000 -99.000    22.1    22.3 -9999.0 -9999.0 -9999.0
92826 20160204  2.423  -81.32   25.90    29.2    20.6    24.9    23.9     3.9    13.39 C    35.4    19.4    24.9    94.6    62.3    82.7   0.161   0.163 -99.000 -99.000 -99.000    22.2    22.4 -9999.0 -9999.0 -9999.0
92826 20160205  2.423  -81.32   25.90    22.0    12.9    17.4    16.2     0.0    16.22 C    23.1    12.6    17.2    93.7    34.3    60.5   0.178   0.175 -99.000 -99.000 -99.000    20.0    20.9 -9999.0 -9999.0 -9999.0
92826 20160206  2.423  -81.32   25.90    26.4    13.0    19.7    17.0    19.3     9.85 C    34.8    12.6    18.3    94.7    57.5    80.3   0.194   0.198 -99.000 -99.000 -99.000    19.5    20.0 -9999.0 -9999.0 -9999.0
92826 20160207  2.423  -81.32   25.90    17.7     9.7    13.7    13.3     0.0    16.57 C    23.3     8.9    14.3    90.4    38.3    70.3   0.203   0.215 -99.000 -99.000 -99.000    18.1    19.0 -9999.0 -9999.0 -9999.0
92826 20160208  2.423  -81.32   25.90    20.6     8.0    14.3    14.0     0.0    17.45 C    28.1     6.0    15.3    91.0    46.8    71.2   0.178   0.183 -99.000 -99.000 -99.000    17.1    17.8 -9999.0 -9999.0 -9999.0
92826 20160209  2.423  -81.32   25.90    19.2    15.0    17.1    16.9     0.0    11.53 C    24.6    14.2    17.7    85.5    49.5    63.8   0.170   0.173 -99.000 -99.000 -99.000    17.9    18.5 -9999.0 -9999.0 -9999.0
92826 20160210  2.423  -81.32   25.90    19.7    10.4    15.1    14.7     0.0    16.61 C    27.0     9.1    16.3    89.6    44.2    66.2   0.163   0.167 -99.000 -99.000 -99.000    17.6    18.3 -9999.0 -9999.0 -9999.0
92826 20160211  2.423  -81.32   25.90    20.4     8.0    14.2    12.9     0.0    15.18 C    27.4     6.6    13.7    93.1    32.9    70.4   0.158   0.162 -99.000 -99.000 -99.000    16.3    17.0 -9999.0 -9999.0 -9999.0
92826 20160212  2.423  -81.32   25.90    25.3     8.9    17.1    16.2     0.0    19.64 C    34.4     7.1    18.1    96.2    34.1    67.9   0.154   0.159 -99.000 -99.000 -99.000    16.8    17.3 -9999.0 -9999.0 -9999.0
92826 20160213  2.423  -81.32   25.90    25.0    11.7    18.3    17.4     0.0    17.96 C    32.5     9.8    18.4    93.0    42.4    73.2   0.150   0.157 -99.000 -99.000 -99.000    17.5    17.9 -9999.0 -9999.0 -9999.0
92826 20160214  2.423  -81.32   25.90    24.7    10.4    17.6    17.1     0.0    19.04 C    32.5     9.6    18.8    89.8    44.1    69.2   0.147   0.155 -99.000 -99.000 -99.000    18.1    18.5 -9999.0 -9999.0 -9999.0
92826 20160215  2.423  -81.32   25.90    25.3    15.0    20.1    19.3     1.1     8.99 C    31.7    14.1    19.8    94.0    58.6    84.8   0.148   0.154 -99.000 -99.000 -99.000    18.9    19.1 -9999.0 -9999.0 -9999.0
92826 20160216  2.423  -81.32   25.90    28.3    18.0    23.2    21.3    10.7    15.65 C    36.7    16.8    22.7    95.2    44.6    79.6   0.191   0.194 -99.000 -99.000 -99.000    20.4    20.6 -9999.0 -9999.0 -9999.0
92826 20160217  2.423  -81.32   25.90    25.1    14.9    20.0    19.2     0.0    20.40 C    33.0    14.0    21.0    95.1    24.5    69.3   0.178   0.181 -99.000 -99.000 -99.000    19.8    20.3 -9999.0 -9999.0 -9999.0
92826 20160218  2.423  -81.32   25.90    25.8    12.0    18.9    18.7     0.0    19.65 C    32.5    10.8    20.0    92.3    38.2    67.5   0.166   0.169 -99.000 -99.000 -99.000    19.4    19.8 -9999.0 -9999.0 -9999.0
92826 20160219  2.423  -81.32   25.90    25.0    13.6    19.3    18.9     0.0    16.45 C    32.0    13.1    20.2    93.1    42.9    68.8   0.159   0.162 -99.000 -99.000 -99.000    19.6    20.0 -9999.0 -9999.0 -9999.0
92826 20160220  2.423  -81.32   25.90    26.3    14.6    20.5    19.1     0.0    12.06 C    33.1    13.9    20.1    88.8    48.4    72.1   0.153   0.158 -99.000 -99.000 -99.000    19.7    20.0 -9999.0 -9999.0 -9999.0
92826 20160221  2.423  -81.32   25.90    27.1    14.7    20.9    20.5     0.0    14.57 C    36.0    13.9    22.4    93.9    44.0    71.7   0.149   0.155 -99.000 -99.000 -99.000    20.1    20.4 -9999.0 -9999.0 -9999.0
92826 20160222  2.423  -81.32   25.90    29.9    16.8    23.4    22.0     0.0    14.38 C    38.5    15.8    23.3    94.4    45.7    75.1   0.145   0.153 -99.000 -99.000 -99.000    20.7    21.0 -9999.0 -9999.0 -9999.0
92826 20160223  2.423  -81.32   25.90    27.8    19.1    23.4    23.0     2.3    15.69 C    34.0    18.1    24.0    93.1    60.7    82.2   0.153   0.154 -99.000 -99.000 -99.000    21.8    21.9 -9999.0 -9999.0 -9999.0
92826 20160224  2.423  -81.32   25.90    27.5    18.6    23.0    23.0     4.9     8.87 C    31.7    17.9    23.4    95.9    74.2    88.2   0.166   0.161 -99.000 -99.000 -99.000    22.4    22.5 -9999.0 -9999.0 -9999.0
92826 20160225  2.423  -81.32   25.90    20.9    12.8    16.9    17.0     0.0    20.73 C    26.5    11.1    18.4    90.5    44.4    69.7   0.174   0.171 -99.000 -99.000 -99.000    20.5    21.3 -9999.0 -9999.0 -9999.0
92826 20160226  2.423  -81.32   25.90    23.6    10.2    16.9    15.5     0.0    20.37 C    28.4     8.9    16.8    92.8    27.7    63.7   0.161   0.161 -99.000 -99.000 -99.000    18.7    19.5 -9999.0 -9999.0 -9999.0
92826 20160227  2.423  -81.32   25.90    20.2     7.6    13.9    13.4     0.0    22.24 C    26.7     6.2    15.0    88.0    28.4    62.4   0.151   0.156 -99.000 -99.000 -99.000    17.6    18.4 -9999.0 -9999.0 -9999.0
92826 20160228  2.423  -81.32   25.90    26.0    10.5    18.3    16.8     0.0    18.07 C    35.2     9.6    18.4    86.0    39.6    66.2   0.145   0.152 -99.000 -99.000 -99.000    18.3    18.7 -9999.0 -9999.0 -9999.0
92826 20160229  2.423  -81.32   25.90    28.1    15.1    21.6    20.3     0.0    21.03 C    37.7    14.6    22.8    86.2    38.1    65.0   0.140   0.150 -99.000 -99.000 -99.000    20.0    20.2 -9999.0 -9999.0 -9999.0
92826 20160301  2.423  -81.32   25.90    28.9    14.6    21.8    20.8     0.0    18.41 C    38.8    13.5    23.0    92.9    44.5    72.8   0.134   0.147 -99.000 -99.000 -99.000    20.5    20.8 -9999.0 -9999.0 -9999.0
92826 20160302  2.423  -81.32   25.90    28.9    16.7    22.8    21.7     0.0    19.73 C    37.6    16.0    23.6    95.3    45.5    76.0   0.130   0.145 -99.000 -99.000 -99.000    21.4    21.5 -9999.0 -9999.0 -9999.0
92826 20160303  2.423  -81.32   25.90    28.6    16.8    22.7    21.4     0.0    13.64 C    37.1    16.2    23.0    95.4    51.3    79.1   0.125   0.142 -99.000 -99.000 -99.000    21.5    21.8 -9999.0 -9999.0 -9999.0
92826 20160304  2.423  -81.32   25.90    29.5    16.7    23.1    22.4     0.0    18.97 C    35.8    15.9    23.8    95.9    48.1    76.9   0.122   0.140 -99.000 -99.000 -99.000    22.1    22.2 -9999.0 -9999.0 -9999.0
92826 20160305  2.423  -81.32   25.90    27.0    14.4    20.7    19.3     0.0    16.16 C    35.3    13.7    21.1    94.9    38.8    76.4   0.117   0.138 -99.000 -99.000 -99.000    21.3    21.7 -9999.0 -9999.0 -9999.0
92826 20160306  2.423  -81.32   25.90    26.0    13.7    19.8    19.2     0.0    22.80 C    31.3    13.3    20.9    91.3    30.3    63.6   0.113   0.135 -99.000 -99.000 -99.000    21.2    21.6 -9999.0 -9999.0 -9999.0
92826 20160307  2.423  -81.32   25.90    27.3    13.2    20.2    19.3     0.0    19.55 C    34.1    12.2    21.1    92.1    41.7    67.0   0.109   0.133 -99.000 -99.000 -99.000    20.9    21.2 -9999.0 -9999.0 -9999.0
92826 20160308  2.423  -81.32   25.90    28.2    17.9    23.0    22.1     0.0    17.40 C    34.1    17.4    23.9    80.0    43.1    59.3   0.105   0.130 -99.000 -99.000 -99.000    21.8    22.0 -9999.0 -9999.0 -9999.0
92826 20160309  2.423  -81.32   25.90    29.7    19.2    24.4    23.0     0.0    16.96 C    35.9    18.3    24.5    83.3    43.2    61.6   0.101   0.128 -99.000 -99.000 -99.000    22.5    22.7 -9999.0 -9999.0 -9999.0
92826 20160310  2.423  -81.32   25.90    30.6    18.6    24.6    23.3     0.0    19.56 C    36.1    17.6    24.7    90.2    47.5    71.2   0.098   0.126 -99.000 -99.000 -99.000    22.8    23.0 -9999.0 -9999.0 -9999.0
92826 20160311  2.423  -81.32   25.90    30.0    18.5    24.3    23.0     0.0    19.22 C    35.6    17.7    24.3    94.4    45.0    73.9   0.094   0.123 -99.000 -99.000 -99.000    23.0    23.2 -9999.0 -9999.0 -9999.0
92826 20160312  2.423  -81.32   25.90    31.1    19.5    25.3    23.8     0.0    18.49 C    38.0    18.7    25.1    96.0    46.1    75.2   0.091   0.120 -99.000 -99.000 -99.000    23.5    23.6 -9999.0 -9999.0 -9999.0
92826 20160313  2.423  -81.32   25.90    30.2    19.3    24.7    23.8     0.0    16.41 C    36.6    18.6    25.0    96.1    54.2    81.0   0.089   0.118 -99.000 -99.000 -99.000    23.8    23.9 -9999.0 -9999.0 -9999.0
92826 20160314  2.423  -81.32   25.90    30.4    19.8    25.1    24.4     0.0    21.76 C    37.5    19.3    26.0    97.6    54.7    82.8   0.087   0.116 -99.000 -99.000 -99.000    24.5    24.6 -9999.0 -9999.0 -9999.0
92826 20160315  2.423  -81.32   25.90    31.3    20.2    25.8    24.8     0.0    22.88 C    39.4    19.7    26.7    96.8    54.0    82.3   0.085   0.114 -99.000 -99.000 -99.000    25.2    25.2 -9999.0 -9999.0 -9999.0
92826 20160316  2.423  -81.32   25.90    31.9    19.7    25.8    23.8     0.0    21.49 C    41.6    19.0    26.1   100.0    39.4    80.7   0.083   0.110 -99.000 -99.000 -99.000    25.2    25.3 -9999.0 -9999.0 -9999.0
92826 20160317  2.423  -81.32   25.90    30.9    18.1    24.5    23.3     0.0    20.15 C    39.2    17.8    25.2    99.9    35.2    78.4   0.080   0.107 -99.000 -99.000 -99.000    24.8    25.0 -9999.0 -9999.0 -9999.0
92826 20160318  2.423  -81.32   25.90    31.2    18.9    25.0    24.0     0.0    20.36 C    38.1    18.5    25.7    96.7    41.5    77.7   0.078   0.105 -99.000 -99.000 -99.000    25.1    25.2 -9999.0 -9999.0 -9999.0
92826 20160319  2.423  -81.32   25.90    29.9    20.2    25.1    24.3     1.6    16.69 C    35.7    19.7    25.2    95.3    61.3    83.2   0.077   0.103 -99.000 -99.000 -99.000    25.2    25.3 -9999.0 -9999.0 -9999.0
92826 20160320  2.423  -81.32   25.90    28.8    20.5    24.7    23.6     6.9    10.86 C    33.8    19.8    24.4    93.6    64.6    84.0   0.089   0.106 -99.000 -99.000 -99.000    24.6    24.9 -9999.0 -9999.0 -9999.0
92826 20160321  2.423  -81.32   25.90    20.6     9.3    15.0    16.2     0.0    21.07 C    24.4     8.1    17.3    91.4    32.1    59.4   0.119   0.125 -99.000 -99.000 -99.000    21.8    22.8 -9999.0 -9999.0 -9999.0
92826 20160322  2.423  -81.32   25.90    26.4     8.9    17.6    16.9     0.0    23.73 C    32.9     7.5    18.5    88.9    38.4    63.6   0.110   0.122 -99.000 -99.000 -99.000    20.5    21.2 -9999.0 -9999.0 -9999.0
92826 20160323  2.423  -81.32   25.90    30.2    13.4    21.8    20.7     0.0    20.83 C    37.6    12.8    23.1    89.9    38.2    67.3   0.105   0.120 -99.000 -99.000 -99.000    21.9    22.2 -9999.0 -9999.0 -9999.0
92826 20160324  2.423  -81.32   25.90    28.1    18.5    23.3    22.7    17.0     9.89 C    32.3    18.1    23.5    97.2    67.7    87.4   0.136   0.152 -99.000 -99.000 -99.000    22.9    23.1 -9999.0 -9999.0 -9999.0
92826 20160325  2.423  -81.32   25.90    30.3    20.9    25.6    24.3     0.0    15.87 C    37.9    20.6    25.6    97.8    57.5    87.6   0.164   0.172 -99.000 -99.000 -99.000    24.2    24.2 -9999.0 -9999.0 -9999.0
92826 20160326  2.423  -81.32   25.90    33.2    21.3    27.2    25.7     0.0    21.25 C    40.9    20.8    27.7    98.4    50.7    82.6   0.154   0.160 -99.000 -99.000 -99.000    25.1    25.2 -9999.0 -9999.0 -9999.0
92826 20160327  2.423  -81.32   25.90    31.8    21.4    26.6    25.5     0.0    17.70 C    38.4    21.0    26.8    97.7    56.9    83.7   0.145   0.152 -99.000 -99.000 -99.000    25.3    25.5 -9999.0 -9999.0 -9999.0
92826 20160328  2.423  -81.32   25.90    29.4    22.2    25.8    25.0     0.0    11.07 C    33.4    21.8    25.8    97.6    69.4    87.4   0.139   0.148 -99.000 -99.000 -99.000    25.0    25.2 -9999.0 -9999.0 -9999.0
92826 20160329  2.423  -81.32   25.90    31.9    18.8    25.3    23.8     0.0    17.58 C    38.5    18.5    25.4    97.8    50.2    80.2   0.134   0.144 -99.000 -99.000 -99.000    24.7    25.0 -9999.0 -9999.0 -9999.0
92826 20160330  2.423  -81.32   25.90    29.9    18.8    24.4    22.9     0.0    19.33 C    36.6    18.5    24.6    94.6    54.9    80.2   0.126   0.140 -99.000 -99.000 -99.000    24.5    24.9 -9999.0 -9999.0 -9999.0
92826 20160331  2.423  -81.32   25.90    32.4    19.5    25.9    24.9     0.0    21.91 C    39.0    18.9    26.6    97.9    55.1    81.0   0.120   0.135 -99.000 -99.000 -99.000    25.2    25.4 -9999.0 -9999.0 -9999.0
92826 20160401  2.423  -81.32   25.90    31.8    21.8    26.8    26.1     0.0    23.05 C    38.3    21.0    27.7    97.3    59.2    81.9   0.113   0.131 -99.000 -99.000 -99.000    25.9    26.1 -9999.0 -9999.0 -9999.0
92826 20160402  2.423  -81.32   25.90    31.4    23.4    27.4    26.5     0.0    21.14 C    37.7    22.9    27.9    95.4    60.4    81.8   0.107   0.127 -99.000 -99.000 -99.000    26.7    26.7 -9999.0 -9999.0 -9999.0
92826 20160403  2.423  -81.32   25.90    27.5    18.9    23.2    22.8     0.0    15.84 C    34.7    18.6    24.3    92.8    37.5    67.0   0.101   0.123 -99.000 -99.000 -99.000    25.3    25.8 -9999.0 -9999.0 -9999.0
92826 20160404  2.423  -81.32   25.90    28.9    17.8    23.4    21.8     0.5    15.72 C    36.8    17.3    23.4    91.2    46.6    73.3   0.097   0.120 -99.000 -99.000 -99.000    24.2    24.7 -9999.0 -9999.0 -9999.0
92826 20160405  2.423  -81.32   25.90    29.4    14.6    22.0    21.5     0.0    25.27 C    37.1    13.8    23.6    89.1    32.9    61.5   0.093   0.117 -99.000 -99.000 -99.000    24.1    24.6 -9999.0 -9999.0 -9999.0
92826 20160406  2.423  -81.32   25.90    27.4    13.9    20.6    20.2     0.0    11.83 C    33.4    12.9    21.2    91.2    54.5    78.1   0.089   0.113 -99.000 -99.000 -99.000    23.1    23.6 -9999.0 -9999.0 -9999.0
92826 20160407  2.423  -81.32   25.90    29.0    15.8    22.4    22.0     0.0    24.25 C    33.6    15.2    23.5    96.7    43.1    75.4   0.087   0.112 -99.000 -99.000 -99.000    24.3    24.5 -9999.0 -9999.0 -9999.0
92826 20160408  2.423  -81.32   25.90    28.7    14.3    21.5    21.3     0.0    24.79 C    38.2    13.7    23.1    97.3    43.9    75.8   0.083   0.108 -99.000 -99.000 -99.000    24.3    24.7 -9999.0 -9999.0 -9999.0
92826 20160409  2.423  -81.32   25.90    27.4    14.3    20.9    20.3     0.0    26.71 C    33.7    13.6    22.0    96.2    24.7    60.5   0.079   0.104 -99.000 -99.000 -99.000    24.1    24.5 -9999.0 -9999.0 -9999.0
92826 20160410  2.423  -81.32   25.90    28.8    10.8    19.8    19.6     0.0    24.58 C    35.9     9.6    21.5    92.1    37.1    64.2   0.076   0.101 -99.000 -99.000 -99.000    23.7    24.1 -9999.0 -9999.0 -9999.0
92826 20160411  2.423  -81.32   25.90    32.5    15.6    24.1    22.0     0.0    21.50 C    39.6    14.8    24.3    93.0    39.2    70.2   0.074   0.099 -99.000 -99.000 -99.000    24.4    24.7 -9999.0 -9999.0 -9999.0
92826 20160412  2.423  -81.32   25.90    31.3    14.9    23.1    22.4     0.0    23.38 C    41.4    14.2    24.9    94.7    39.8    70.5   0.072   0.096 -99.000 -99.000 -99.000    24.7    25.0 -9999.0 -9999.0 -9999.0
92826 20160413  2.423  -81.32   25.90    32.9    15.9    24.4    23.3     0.0    23.45 C    40.6    15.2    25.6    96.0    40.0    74.8   0.071   0.093 -99.000 -99.000 -99.000    25.4    25.5 -9999.0 -9999.0 -9999.0
92826 20160414  2.423  -81.32   25.90    32.5    17.1    24.8    24.0     0.0    22.47 C    41.4    16.5    26.1    96.3    46.5    76.4   0.069   0.091 -99.000 -99.000 -99.000    26.0    26.0 -9999.0 -9999.0 -9999.0
92826 20160415  2.423  -81.32   25.90    31.9    19.7    25.8    24.8     0.0    21.21 C    38.4    19.3    26.9    95.6    45.7    76.5   0.068   0.089 -99.000 -99.000 -99.000    26.6    26.6 -9999.0 -9999.0 -9999.0
92826 20160416  2.423  -81.32   25.90    31.3    18.3    24.8    23.5     0.0    13.77 C    37.4    18.1    24.8    96.7    46.8    78.0   0.067   0.088 -99.000 -99.000 -99.000    25.9    26.2 -9999.0 -9999.0 -9999.0
92826 20160417  2.423  -81.32   25.90    29.4    17.1    23.3    22.9     0.0    21.88 C    34.9    16.7    24.6    90.2    42.2    66.4   0.066   0.086 -99.000 -99.000 -99.000    26.0    26.3 -9999.0 -9999.0 -9999.0
92826 20160418  2.423  -81.32   25.90    30.3    13.0    21.6    21.0     0.0    22.67 C    37.1    12.3    22.9    92.9    36.7    66.8   0.065   0.084 -99.000 -99.000 -99.000    25.2    25.6 -9999.0 -9999.0 -9999.0
92826 20160419  2.423  -81.32   25.90    31.2    13.2    22.2    21.5     0.0    24.30 C    39.9    12.5    23.8    90.8    33.3    64.1   0.064   0.082 -99.000 -99.000 -99.000    25.3    25.6 -9999.0 -9999.0 -9999.0
92826 20160420  2.423  -81.32   25.90    31.2    14.6    22.9    22.0     0.0    20.86 C    39.3    13.7    24.1    91.1    31.4    65.3   0.062   0.080 -99.000 -99.000 -99.000    25.2    25.6 -9999.0 -9999.0 -9999.0
92826 20160421  2.423  -81.32   25.90    33.6    15.8    24.7    23.4     0.0    22.57 C    41.5    14.9    25.8    91.1    33.3    65.7   0.062   0.079 -99.000 -99.000 -99.000    25.9    26.1 -9999.0 -9999.0 -9999.0
92826 20160422  2.423  -81.32   25.90    31.7    18.9    25.3    23.9     4.6    18.32 C    38.1    18.2    25.7    93.4    47.9    75.1   0.074   0.081 -99.000 -99.000 -99.000    26.0    26.3 -9999.0 -9999.0 -9999.0
92826 20160423  2.423  -81.32   25.90    31.7    19.0    25.4    24.8     0.0    25.51 C    37.8    18.5    26.8    97.0    42.2    73.4   0.086   0.083 -99.000 -99.000 -99.000    26.1    26.5 -9999.0 -9999.0 -9999.0
92826 20160424  2.423  -81.32   25.90    34.0    16.5    25.3    23.9     0.0    23.41 C    41.5    16.1    26.1    97.6    30.7    71.7   0.080   0.081 -99.000 -99.000 -99.000    25.8    26.2 -9999.0 -9999.0 -9999.0
92826 20160425  2.423  -81.32   25.90    33.8    18.7    26.3    23.1    14.2    19.01 C    41.9    18.4    25.0    96.7    36.5    78.6   0.103   0.092 -99.000 -99.000 -99.000    25.7    26.1 -9999.0 -9999.0 -9999.0
92826 20160426  2.423  -81.32   25.90    32.3    17.9    25.1    23.9     0.0    24.85 C    40.5    17.4    26.6    97.5    40.1    76.4   0.143   0.142 -99.000 -99.000 -99.000    25.5    25.8 -9999.0 -9999.0 -9999.0
92826 20160427  2.423  -81.32   25.90    33.1    17.5    25.3    24.3     0.0    19.31 C    42.8    17.0    26.6    96.9    41.7    74.1   0.128   0.133 -99.000 -99.000 -99.000    25.4    25.8 -9999.0 -9999.0 -9999.0
92826 20160428  2.423  -81.32   25.90    34.4    18.2    26.3    25.1     0.0    24.48 C    41.4    18.0    27.5    96.0    36.6    74.2   0.118   0.127 -99.000 -99.000 -99.000    26.1    26.3 -9999.0 -9999.0 -9999.0
92826 20160429  2.423  -81.32   25.90    35.0    19.7    27.3    25.2     1.2    21.55 C    41.3    19.2    27.5    96.9    40.5    77.5   0.109   0.122 -99.000 -99.000 -99.000    26.3    26.6 -9999.0 -9999.0 -9999.0
92826 20160430  2.423  -81.32   25.90    33.2    18.1    25.7    24.5     0.0    23.02 C    41.1    17.6    27.0    98.7    40.5    74.1   0.104   0.117 -99.000 -99.000 -99.000    25.8    26.3 -9999.0 -9999.0 -9999.0
92826 20160501  2.423  -81.32   25.90    34.2    19.6    26.9    25.4     0.0    19.00 C    40.3    19.2    27.6    96.3    42.4    72.0   0.099   0.113 -99.000 -99.000 -99.000    26.0    26.4 -9999.0 -9999.0 -9999.0
92826 20160502  2.423  -81.32   25.90    34.3    20.4    27.3    26.4     0.0    18.89 C    39.9    19.9    28.1    97.0    49.7    77.5   0.094   0.110 -99.000 -99.000 -99.000    26.5    26.7 -9999.0 -9999.0 -9999.0
92826 20160503  2.423  -81.32   25.90    33.8    20.8    27.3    26.7     0.0    25.57 C    40.1    20.5    28.6    97.0    54.2    79.8   0.089   0.105 -99.000 -99.000 -99.000    27.7    27.7 -9999.0 -9999.0 -9999.0
92826 20160504  2.423  -81.32   25.90    29.9    20.9    25.4    23.7    49.8     7.41 C    33.8    20.2    24.0   100.0    69.0    90.6   0.141   0.164 -99.000 -99.000 -99.000    25.5    26.0 -9999.0 -9999.0 -9999.0
92826 20160505  2.423  -81.32   25.90    28.7    17.4    23.0    22.7     0.0    28.45 C    34.2    16.3    24.4    93.3    38.0    67.5   0.179   0.192 -99.000 -99.000 -99.000    24.8    25.3 -9999.0 -9999.0 -9999.0
92826 20160506  2.423  -81.32   25.90    28.4    15.2    21.8    21.4     0.0    27.46 C    34.2    14.3    23.5    92.0    33.3    62.4   0.157   0.164 -99.000 -99.000 -99.000    24.4    25.0 -9999.0 -9999.0 -9999.0
92826 20160507  2.423  -81.32   25.90    28.2    13.0    20.6    20.7     0.0    28.59 C    34.9    11.7    22.8    88.8    27.5    58.7   0.144   0.152 -99.000 -99.000 -99.000    23.6    24.2 -9999.0 -9999.0 -9999.0
92826 20160508  2.423  -81.32   25.90    31.4    13.4    22.4    22.2     0.0    28.07 C    39.3    12.2    24.9    93.4    25.4    61.1   0.132   0.143 -99.000 -99.000 -99.000    23.9    24.3 -9999.0 -9999.0 -9999.0
92826 20160509  2.423  -81.32   25.90    32.1    15.0    23.6    23.5     0.0    27.42 C    39.9    14.2    26.4    90.5    36.1    63.0   0.122   0.138 -99.000 -99.000 -99.000    24.6    24.9 -9999.0 -9999.0 -9999.0
92826 20160510  2.423  -81.32   25.90    33.4    17.8    25.6    25.1     0.0    22.97 C    41.5    17.0    27.7    90.8    40.5    70.3   0.114   0.133 -99.000 -99.000 -99.000    25.6    25.7 -9999.0 -9999.0 -9999.0
92826 20160511  2.423  -81.32   25.90    32.9    19.3    26.1    25.4     0.0    17.31 C    41.8    18.9    27.6    95.0    44.4    72.6   0.108   0.129 -99.000 -99.000 -99.000    25.9    26.1 -9999.0 -9999.0 -9999.0
92826 20160512  2.423  -81.32   25.90    31.4    18.3    24.8    24.8     0.0    20.06 C    39.3    17.6    26.9    95.1    45.8    70.8   0.101   0.125 -99.000 -99.000 -99.000    25.9    26.1 -9999.0 -9999.0 -9999.0
92826 20160513  2.423  -81.32   25.90    32.9    18.5    25.7    25.2     0.0    22.09 C    39.8    18.2    27.6    96.1    44.7    73.9   0.096   0.120 -99.000 -99.000 -99.000    26.3    26.4 -9999.0 -9999.0 -9999.0
92826 20160514  2.423  -81.32   25.90    32.6    19.9    26.3    25.9     0.0    25.69 C    39.6    19.4    28.3    94.3    48.2    74.3   0.091   0.116 -99.000 -99.000 -99.000    27.2    27.3 -9999.0 -9999.0 -9999.0
92826 20160515  2.423  -81.32   25.90    34.0    19.3    26.6    26.2     0.0    27.80 C    41.5    19.0    28.9    97.8    38.3    66.4   0.086   0.109 -99.000 -99.000 -99.000    27.7    27.8 -9999.0 -9999.0 -9999.0
92826 20160516  2.423  -81.32   25.90    34.8    19.4    27.1    26.1     6.4    22.85 C    43.6    18.8    28.5    93.8    46.2    75.5   0.096   0.105 -99.000 -99.000 -99.000    27.5    27.7 -9999.0 -9999.0 -9999.0
92826 20160517  2.423  -81.32   25.90    33.4    22.7    28.1    26.4     0.5    15.04 C    39.2    22.4    27.9    96.8    61.5    84.1   0.112   0.110 -99.000 -99.000 -99.000    27.2    27.5 -9999.0 -9999.0 -9999.0
92826 20160518  2.423  -81.32   25.90    33.9    21.9    27.9    27.2    26.2    24.86 C    41.4    21.5    29.5    96.1    53.3    78.2   0.192   0.208 -99.000 -99.000 -99.000    27.6    27.8 -9999.0 -9999.0 -9999.0
92826 20160519  2.423  -81.32   25.90    31.8    22.2    27.0    26.7     2.9    19.24 C    37.2    22.0    28.4    95.7    56.2    77.7   0.171   0.178 -99.000 -99.000 -99.000    27.7    27.9 -9999.0 -9999.0 -9999.0
92826 20160520  2.423  -81.32   25.90    33.6    22.0    27.8    26.6     0.0    22.58 C    41.5    21.7    28.7    96.0    55.9    80.3   0.155   0.161 -99.000 -99.000 -99.000    28.0    28.3 -9999.0 -9999.0 -9999.0
92826 20160521  2.423  -81.32   25.90    33.7    22.3    28.0    27.7     0.0    26.26 C    39.1    21.8    29.8    96.7    51.8    77.4   0.141   0.151 -99.000 -99.000 -99.000    28.4    28.6 -9999.0 -9999.0 -9999.0
92826 20160522  2.423  -81.32   25.90    33.7    22.2    28.0    27.3     0.0    26.22 C    39.7    21.6    29.7    94.5    47.2    73.3   0.128   0.142 -99.000 -99.000 -99.000    28.3    28.7 -9999.0 -9999.0 -9999.0
92826 20160523  2.423  -81.32   25.90    32.2    22.4    27.3    26.1     0.0    20.34 C    39.4    21.5    27.9    90.4    53.4    73.9   0.117   0.136 -99.000 -99.000 -99.000    27.7    28.1 -9999.0 -9999.0 -9999.0
92826 20160524  2.423  -81.32   25.90    33.9    21.0    27.5    26.0     0.4    22.94 C    42.6    20.3    28.6    95.0    41.7    73.2   0.109   0.131 -99.000 -99.000 -99.000    27.7    28.0 -9999.0 -9999.0 -9999.0
92826 20160525  2.423  -81.32   25.90    34.1    20.4    27.3    26.4     0.0    23.47 C    40.3    19.5    28.6    96.3    43.0    69.8   0.102   0.125 -99.000 -99.000 -99.000    27.8    28.1 -9999.0 -9999.0 -9999.0
92826 20160526  2.423  -81.32   25.90    32.0    18.4    25.2    24.9     0.0    27.41 C    38.5    17.7    27.2    91.3    37.6    65.3   0.095   0.118 -99.000 -99.000 -99.000    27.6    27.9 -9999.0 -9999.0 -9999.0
92826 20160527  2.423  -81.32   25.90    33.6    18.6    26.1    24.9    13.7    21.91 C    40.1    18.1    26.9    96.0    40.6    76.1   0.111   0.126 -99.000 -99.000 -99.000    27.4    27.7 -9999.0 -9999.0 -9999.0
92826 20160528  2.423  -81.32   25.90    32.8    21.1    27.0    25.0     1.3    15.53 C    41.5    20.7    27.1    97.0    51.7    81.9   0.154   0.154 -99.000 -99.000 -99.000    26.6    27.0 -9999.0 -9999.0 -9999.0
92826 20160529  2.423  -81.32   25.90    34.9    20.5    27.7    25.5     0.0    22.74 C    42.4    20.2    27.8    97.2    39.1    77.3   0.145   0.147 -99.000 -99.000 -99.000    26.9    27.2 -9999.0 -9999.0 -9999.0
92826 20160530  2.423  -81.32   25.90    34.3    20.2    27.3    24.0    97.6    15.80 C    41.3    19.9    25.6    97.6    40.4    85.1   0.193   0.200 -99.000 -99.000 -99.000    25.5    25.9 -9999.0 -9999.0 -9999.0
92826 20160531  2.423  -81.32   25.90    34.0    20.0    27.0    24.8     0.0    20.91 C    43.0    19.6    27.2    97.7    43.9    79.7   0.194   0.204 -99.000 -99.000 -99.000    25.6    25.9 -9999.0 -9999.0 -9999.0
92826 20160601  2.423  -81.32   25.90    34.9    21.2    28.1    25.6    16.0    20.01 C    43.4    20.8    27.7    97.1    45.4    82.8   0.200   0.209 -99.000 -99.000 -99.000    26.4    26.7 -9999.0 -9999.0 -9999.0
92826 20160602  2.423  -81.32   25.90    35.5    22.0    28.7    26.8     0.0    20.84 C    44.6    21.7    29.4    97.1    43.8    80.4   0.193   0.202 -99.000 -99.000 -99.000    27.2    27.3 -9999.0 -9999.0 -9999.0
92826 20160603  2.423  -81.32   25.90    35.8    23.8    29.8    27.6     0.0    22.09 C    43.9    23.2    30.1    97.1    45.3    80.4   0.169   0.174 -99.000 -99.000 -99.000    27.8    28.0 -9999.0 -9999.0 -9999.0
92826 20160604  2.423  -81.32   25.90    35.5    24.2    29.8    27.8     0.0    17.37 C    42.8    23.8    30.0    96.4    49.7    79.6   0.157   0.161 -99.000 -99.000 -99.000    27.9    28.2 -9999.0 -9999.0 -9999.0
92826 20160605  2.423  -81.32   25.90    33.5    24.0    28.7    27.7     5.5    12.10 C    40.5    23.5    28.8    96.2    60.9    82.4   0.170   0.170 -99.000 -99.000 -99.000    27.5    27.8 -9999.0 -9999.0 -9999.0
92826 20160606  2.423  -81.32   25.90    32.1    24.4    28.3    27.9    11.1     9.44 C    36.0    23.9    28.3    90.8    64.3    83.7   0.196   0.203 -99.000 -99.000 -99.000    27.6    28.0 -9999.0 -9999.0 -9999.0
92826 20160607  2.423  -81.32   25.90    30.8    25.2    28.0    28.1    16.4    18.25 C    34.7    24.6    28.9    92.0    69.9    80.7   0.220   0.232 -99.000 -99.000 -99.000    28.0    28.2 -9999.0 -9999.0 -9999.0
92826 20160608  2.423  -81.32   25.90    29.2    23.6    26.4    26.0    11.4     8.70 C    32.7    23.2    26.0    95.3    75.2    88.5   0.219   0.234 -99.000 -99.000 -99.000    27.4    27.8 -9999.0 -9999.0 -9999.0
92826 20160609  2.423  -81.32   25.90    30.6    24.4    27.5    26.4    10.7    12.24 C    35.0    23.9    27.0    97.1    71.6    88.4   0.209   0.219 -99.000 -99.000 -99.000    27.4    27.7 -9999.0 -9999.0 -9999.0
92826 20160610  2.423  -81.32   25.90    32.1    24.4    28.3    26.8     2.1    13.78 C    37.0    24.1    27.9    97.5    67.0    88.1   0.198   0.205 -99.000 -99.000 -99.000    27.5    27.8 -9999.0 -9999.0 -9999.0
92826 20160611  2.423  -81.32   25.90    33.7    23.9    28.8    27.1     4.1    17.52 C    41.1    23.3    28.8    97.4    56.7    85.5   0.191   0.194 -99.000 -99.000 -99.000    27.8    28.1 -9999.0 -9999.0 -9999.0
92826 20160612  2.423  -81.32   25.90    33.8    23.7    28.8    28.0     0.0    23.06 C    41.7    23.3    30.4    95.9    49.0    78.3   0.179   0.181 -99.000 -99.000 -99.000    28.4    28.6 -9999.0 -9999.0 -9999.0
92826 20160613  2.423  -81.32   25.90    34.4    23.9    29.1    27.7     6.2    16.85 C    41.7    23.4    29.7    95.1    52.6    80.3   0.172   0.170 -99.000 -99.000 -99.000    28.3    28.6 -9999.0 -9999.0 -9999.0
92826 20160614  2.423  -81.32   25.90    35.2    24.9    30.0    28.9    20.3    27.51 C    44.1    23.5    31.4    95.1    50.0    77.6   0.209   0.213 -99.000 -99.000 -99.000    28.7    29.0 -9999.0 -9999.0 -9999.0
92826 20160615  2.423  -81.32   25.90    34.1    25.4    29.7    29.1     0.0    21.85 C    40.0    24.7    31.0    96.0    53.4    76.6   0.197   0.204 -99.000 -99.000 -99.000    29.1    29.3 -9999.0 -9999.0 -9999.0
92826 20160616  2.423  -81.32   25.90    32.3    26.1    29.2    29.1     0.0    26.00 C    36.4    25.8    30.6    88.7    59.6    74.9   0.173   0.174 -99.000 -99.000 -99.000    29.6    29.8 -9999.0 -9999.0 -9999.0
92826 20160617  2.423  -81.32   25.90    31.9    24.7    28.3    28.3     0.4    14.60 C    35.9    25.0    29.5    86.0    60.5    76.7   0.161   0.163 -99.000 -99.000 -99.000    28.7    29.1 -9999.0 -9999.0 -9999.0
92826 20160618  2.423  -81.32   25.90    34.1    22.6    28.3    28.9     1.1    23.37 C    40.6    21.9    30.9    92.6    54.6    75.7   0.152   0.156 -99.000 -99.000 -99.000    29.2    29.4 -9999.0 -9999.0 -9999.0
92826 20160619  2.423  -81.32   25.90    33.9    22.6    28.2    26.2     0.6    20.47 C    40.1    21.8    27.5    96.7    45.9    81.3   0.147   0.152 -99.000 -99.000 -99.000    28.4    28.9 -9999.0 -9999.0 -9999.0
92826 20160620  2.423  -81.32   25.90    33.1    22.4    27.8    27.0     0.0    24.46 C    38.7    22.0    28.9    94.4    47.2    72.3   0.138   0.148 -99.000 -99.000 -99.000    28.4    28.8 -9999.0 -9999.0 -9999.0
92826 20160621  2.423  -81.32   25.90    31.2    21.7    26.5    26.4     0.0    19.93 C    37.1    21.6    28.5    92.0    51.9    74.1   0.128   0.143 -99.000 -99.000 -99.000    28.0    28.3 -9999.0 -9999.0 -9999.0
92826 20160622  2.423  -81.32   25.90    35.4    23.1    29.3    26.9     8.2    17.60 C    44.0    22.6    29.0    95.7    47.2    82.3   0.144   0.151 -99.000 -99.000 -99.000    28.0    28.3 -9999.0 -9999.0 -9999.0
92826 20160623  2.423  -81.32   25.90    33.9    23.8    28.9    28.2     0.0    19.97 C    42.7    23.5    31.0    97.5    49.9    78.4   0.160   0.160 -99.000 -99.000 -99.000    28.3    28.5 -9999.0 -9999.0 -9999.0
92826 20160624  2.423  -81.32   25.90    34.5    24.5    29.5    27.1    10.6    13.11 C    44.5    24.1    28.8    96.2    53.2    85.8   0.172   0.176 -99.000 -99.000 -99.000    27.9    28.3 -9999.0 -9999.0 -9999.0
92826 20160625  2.423  -81.32   25.90    35.9    24.1    30.0    27.8    14.1    22.54 C    45.7    23.8    30.4    97.1    46.2    82.5   0.193   0.203 -99.000 -99.000 -99.000    28.4    28.6 -9999.0 -9999.0 -9999.0
92826 20160626  2.423  -81.32   25.90    35.3    22.7    29.0    27.1    17.8    20.46 C    43.8    22.1    29.1    97.3    49.0    83.7   0.219   0.230 -99.000 -99.000 -99.000    28.3    28.6 -9999.0 -9999.0 -9999.0
92826 20160627  2.423  -81.32   25.90    34.8    22.7    28.8    26.5     4.7    20.37 C    42.7    22.3    28.7    96.8    47.9    82.9   0.206   0.216 -99.000 -99.000 -99.000    28.2    28.5 -9999.0 -9999.0 -9999.0
92826 20160628  2.423  -81.32   25.90    34.3    23.9    29.1    27.6     0.4    25.55 C    43.1    23.3    30.2    97.4    43.0    80.7   0.185   0.192 -99.000 -99.000 -99.000    28.6    28.8 -9999.0 -9999.0 -9999.0
92826 20160629  2.423  -81.32   25.90    34.1    24.0    29.0    28.2    21.0    27.17 C    42.4    23.3    31.2    95.1    52.2    77.5   0.190   0.194 -99.000 -99.000 -99.000    29.1    29.3 -9999.0 -9999.0 -9999.0
92826 20160630  2.423  -81.32   25.90    34.8    24.4    29.6    28.2     0.0    24.93 C    42.7    24.0    30.5    97.0    54.7    80.3   0.202   0.211 -99.000 -99.000 -99.000    29.3    29.4 -9999.0 -9999.0 -9999.0
92826 20160701  2.423  -81.32   25.90    34.9    25.1    30.0    29.1     0.0    21.62 C    42.0    24.6    31.4    95.2    52.6    77.6   0.173   0.177 -99.000 -99.000 -99.000    29.5    29.7 -9999.0 -9999.0 -9999.0
92826 20160702  2.423  -81.32   25.90    34.9    25.6    30.2    27.8     1.7    13.37 C    44.9    25.1    29.5    95.2    54.0    84.5   0.165   0.167 -99.000 -99.000 -99.000    28.8    29.2 -9999.0 -9999.0 -9999.0
92826 20160703  2.423  -81.32   25.90    35.2    25.6    30.4    29.8     0.0    20.88 C    45.0    25.2    33.0    96.2    54.1    76.9   0.159   0.163 -99.000 -99.000 -99.000    29.2    29.4 -9999.0 -9999.0 -9999.0
92826 20160704  2.423  -81.32   25.90    36.6    22.1    29.4    28.4    19.1    17.09 C    45.8    21.9    30.7    96.5    51.3    82.1   0.169   0.181 -99.000 -99.000 -99.000    29.0    29.3 -9999.0 -9999.0 -9999.0
92826 20160705  2.423  -81.32   25.90    36.3    23.6    29.9    29.3     0.0    25.17 C    45.2    23.0    32.4    97.8    46.2    76.2   0.193   0.204 -99.000 -99.000 -99.000    29.2    29.4 -9999.0 -9999.0 -9999.0
92826 20160706  2.423  -81.32   25.90    36.4    26.0    31.2    30.4     0.0    26.93 C    46.1    25.4    33.5    95.8    50.3    74.8   0.167   0.173 -99.000 -99.000 -99.000    30.1    30.2 -9999.0 -9999.0 -9999.0
92826 20160707  2.423  -81.32   25.90    35.6    26.2    30.9    30.0     0.0    22.30 C    45.7    25.5    32.5    93.4    51.1    74.9   0.150   0.161 -99.000 -99.000 -99.000    30.1    30.4 -9999.0 -9999.0 -9999.0
92826 20160708  2.423  -81.32   25.90    36.0    26.1    31.0    29.3     0.0    17.62 C    44.4    25.7    31.4    96.2    47.8    76.4   0.139   0.154 -99.000 -99.000 -99.000    29.8    30.2 -9999.0 -9999.0 -9999.0
92826 20160709  2.423  -81.32   25.90    37.0    25.9    31.5    30.3     0.0    23.32 C    45.7    25.3    33.3    94.9    43.0    73.2   0.128   0.148 -99.000 -99.000 -99.000    30.2    30.4 -9999.0 -9999.0 -9999.0
92826 20160710  2.423  -81.32   25.90    35.8    24.6    30.2    29.0    12.7    22.99 C    45.9    23.8    31.6    95.0    46.7    77.5   0.144   0.164 -99.000 -99.000 -99.000    29.9    30.3 -9999.0 -9999.0 -9999.0
92826 20160711  2.423  -81.32   25.90    36.6    24.8    30.7    28.2    17.0    18.10 C    45.5    24.3    30.1    96.1    49.0    83.4   0.192   0.207 -99.000 -99.000 -99.000    29.2    29.5 -9999.0 -9999.0 -9999.0
92826 20160712  2.423  -81.32   25.90    35.9    24.9    30.4    28.4     0.0    21.71 C    45.9    24.6    30.7    96.7    51.8    80.4   0.186   0.197 -99.000 -99.000 -99.000    29.5    29.8 -9999.0 -9999.0 -9999.0
92826 20160713  2.423  -81.32   25.90    36.6    23.1    29.9    27.0    30.5    14.43 C    46.0    22.6    28.8    96.0    49.0    84.3   0.208   0.213 -99.000 -99.000 -99.000    28.3    28.8 -9999.0 -9999.0 -9999.0
92826 20160714  2.423  -81.32   25.90    35.3    23.8    29.5    28.2     0.0    21.83 C    44.5    23.4    30.8    96.3    51.8    80.1   0.195   0.202 -99.000 -99.000 -99.000    28.9    29.1 -9999.0 -9999.0 -9999.0
92826 20160715  2.423  -81.32   25.90    34.4    24.4    29.4    28.1     1.3    20.50 C    43.6    24.1    30.5    96.3    54.1    80.9   0.174   0.178 -99.000 -99.000 -99.000    29.1    29.4 -9999.0 -9999.0 -9999.0
92826 20160716  2.423  -81.32   25.90    36.5    23.5    30.0    27.7    21.1    20.42 C    45.6    22.9    30.0    95.4    47.9    79.8   0.192   0.200 -99.000 -99.000 -99.000    28.9    29.3 -9999.0 -9999.0 -9999.0
92826 20160717  2.423  -81.32   25.90    35.9    24.1    30.0    28.3     0.2    19.82 C    44.3    23.5    30.5    96.3    52.2    81.4   0.198   0.207 -99.000 -99.000 -99.000    29.0    29.3 -9999.0 -9999.0 -9999.0
92826 20160718  2.423  -81.32   25.90    35.1    24.0    29.5    29.3     0.0    25.10 C    42.7    23.2    32.0    92.2    46.7    70.8   0.173   0.178 -99.000 -99.000 -99.000    29.5    29.7 -9999.0 -9999.0 -9999.0
92826 20160719  2.423  -81.32   25.90    33.9    25.1    29.5    28.3     1.7    19.92 C    41.7    24.8    30.4    92.7    51.0    76.9   0.161   0.165 -99.000 -99.000 -99.000    29.2    29.6 -9999.0 -9999.0 -9999.0
92826 20160720  2.423  -81.32   25.90    35.2    24.9    30.1    28.3     0.0    17.93 C    42.6    24.5    30.3    95.4    52.8    78.2   0.157   0.162 -99.000 -99.000 -99.000    29.0    29.3 -9999.0 -9999.0 -9999.0
92826 20160721  2.423  -81.32   25.90    31.8    24.4    28.1    27.1     2.5    11.68 C    38.7    24.1    28.6    95.6    66.3    86.0   0.160   0.160 -99.000 -99.000 -99.000    28.3    28.8 -9999.0 -9999.0 -9999.0
92826 20160722  2.423  -81.32   25.90    34.9    23.0    28.9    26.0     8.9    11.43 C    44.2    22.5    27.5    96.7    52.8    88.2   0.180   0.180 -99.000 -99.000 -99.000    27.8    28.2 -9999.0 -9999.0 -9999.0
92826 20160723  2.423  -81.32   25.90    35.2    22.9    29.1    26.7    34.6    20.35 C    44.9    22.4    29.0    97.0    46.5    83.0   0.220   0.225 -99.000 -99.000 -99.000    27.8    28.1 -9999.0 -9999.0 -9999.0
92826 20160724  2.423  -81.32   25.90    31.5    24.0    27.7    25.5     0.9     9.36 C    40.0    23.5    26.7    95.9    69.0    87.7   0.206   0.216 -99.000 -99.000 -99.000    27.3    27.8 -9999.0 -9999.0 -9999.0
92826 20160725  2.423  -81.32   25.90    34.9    23.6    29.2    27.7     1.5    20.36 C    43.8    23.1    30.2    96.3    51.7    80.1   0.186   0.190 -99.000 -99.000 -99.000    28.1    28.3 -9999.0 -9999.0 -9999.0
92826 20160726  2.423  -81.32   25.90    37.0    24.8    30.9    29.0     0.0    24.35 C    46.1    24.4    31.9    96.7    46.7    77.1   0.172   0.176 -99.000 -99.000 -99.000    29.1    29.3 -9999.0 -9999.0 -9999.0
92826 20160727  2.423  -81.32   25.90    36.5    25.7    31.1    29.9     0.0    24.66 C    45.1    25.3    33.0    91.3    47.6    72.3   0.157   0.164 -99.000 -99.000 -99.000    29.7    29.9 -9999.0 -9999.0 -9999.0
92826 20160728  2.423  -81.32   25.90    35.5    24.4    29.9    28.4    24.7    17.79 C    43.8    23.4    30.4    95.6    51.4    81.9   0.177   0.187 -99.000 -99.000 -99.000    29.1    29.4 -9999.0 -9999.0 -9999.0
92826 20160729  2.423  -81.32   25.90    35.1    25.4    30.2    28.4     0.0    21.74 C    42.5    25.0    30.8    97.9    50.6    82.7   0.198   0.207 -99.000 -99.000 -99.000    29.2    29.4 -9999.0 -9999.0 -9999.0
92826 20160730  2.423  -81.32   25.90    35.9    23.0    29.4    27.9    63.9    23.28 C    44.7    22.4    30.5    95.6    51.7    80.5   0.207   0.209 -99.000 -99.000 -99.000    28.7    29.0 -9999.0 -9999.0 -9999.0
92826 20160731  2.423  -81.32   25.90    34.9    24.3    29.6    27.2     0.8    19.94 C    44.9    23.7    29.3    97.5    51.0    84.8   0.204   0.212 -99.000 -99.000 -99.000    28.3    28.5 -9999.0 -9999.0 -9999.0
92826 20160801  2.423  -81.32   25.90    35.4    24.3    29.9    29.1     0.0    21.63 C    43.6    23.8    31.8    96.8    49.8    76.9   0.181   0.185 -99.000 -99.000 -99.000    29.2    29.4 -9999.0 -9999.0 -9999.0
92826 20160802  2.423  -81.32   25.90    35.6    22.9    29.3    26.3    66.1    13.16 C    44.3    22.4    27.7    95.1    51.6    85.1   0.222   0.223 -99.000 -99.000 -99.000    27.8    28.3 -9999.0 -9999.0 -9999.0
92826 20160803  2.423  -81.32   25.90    32.8    23.3    28.0    25.6     0.4    10.92 C    40.8    22.9    26.8    95.4    65.7    87.7   0.206   0.213 -99.000 -99.000 -99.000    27.3    27.6 -9999.0 -9999.0 -9999.0
92826 20160804  2.423  -81.32   25.90    34.7    24.4    29.5    28.2     0.0    23.88 C    42.3    23.9    30.9    96.2    55.0    79.1   0.182   0.185 -99.000 -99.000 -99.000    28.6    28.7 -9999.0 -9999.0 -9999.0
92826 20160805  2.423  -81.32   25.90    34.5    25.1    29.8    29.0     1.2    22.10 C    42.9    24.6    31.3    96.2    50.7    77.3   0.170   0.173 -99.000 -99.000 -99.000    28.9    29.1 -9999.0 -9999.0 -9999.0
92826 20160806  2.423  -81.32   25.90    34.0    25.7    29.8    28.9     1.0    21.52 C    42.2    25.0    30.5    96.4    57.6    80.4   0.161   0.167 -99.000 -99.000 -99.000    29.4    29.6 -9999.0 -9999.0 -9999.0
92826 20160807  2.423  -81.32   25.90    33.2    23.8    28.5    27.5     7.6     9.36 C    40.7    23.0    28.2    96.3    66.0    86.7   0.168   0.169 -99.000 -99.000 -99.000    28.7    29.1 -9999.0 -9999.0 -9999.0
92826 20160808  2.423  -81.32   25.90    31.8    23.0    27.4    26.0    16.7     6.97 C    37.6    22.7    26.4    97.1    72.1    92.2   0.221   0.231 -99.000 -99.000 -99.000    27.9    28.3 -9999.0 -9999.0 -9999.0
92826 20160809  2.423  -81.32   25.90    34.7    24.3    29.5    28.5     0.4    20.83 C    41.9    23.9    30.5    96.4    59.2    81.8   0.197   0.205 -99.000 -99.000 -99.000    28.8    29.0 -9999.0 -9999.0 -9999.0
92826 20160810  2.423  -81.32   25.90    35.6    24.6    30.1    28.4     0.2    20.99 C    45.1    24.1    31.3    94.9    44.0    77.0   0.178   0.181 -99.000 -99.000 -99.000    29.1    29.3 -9999.0 -9999.0 -9999.0
92826 20160811  2.423  -81.32   25.90    35.3    24.7    30.0    28.2     0.0    18.55 C    44.4    24.3    30.6    94.4    52.4    80.6   0.165   0.170 -99.000 -99.000 -99.000    29.0    29.3 -9999.0 -9999.0 -9999.0
92826 20160812  2.423  -81.32   25.90    36.2    24.3    30.3    27.6     5.4    18.89 C    45.1    23.8    29.6    95.3    51.8    83.2   0.168   0.168 -99.000 -99.000 -99.000    29.1    29.4 -9999.0 -9999.0 -9999.0
92826 20160813  2.423  -81.32   25.90    36.0    24.4    30.2    28.9     0.3    24.91 C    43.7    23.9    31.5    96.5    46.0    75.4   0.172   0.171 -99.000 -99.000 -99.000    29.3    29.6 -9999.0 -9999.0 -9999.0
92826 20160814  2.423  -81.32   25.90    34.9    24.5    29.7    28.0     0.0    14.07 C    44.0    24.0    29.5    94.0    55.4    80.5   0.160   0.164 -99.000 -99.000 -99.000    29.0    29.3 -9999.0 -9999.0 -9999.0
92826 20160815  2.423  -81.32   25.90    34.5    25.8    30.2    27.9     1.5    12.18 C    42.0    25.2    29.2    96.0    55.4    85.5   0.158   0.161 -99.000 -99.000 -99.000    28.7    29.0 -9999.0 -9999.0 -9999.0
92826 20160816  2.423  -81.32   25.90    34.3    25.8    30.0    28.9     0.0    20.98 C    43.4    25.4    31.3    95.9    56.8    79.1   0.155   0.160 -99.000 -99.000 -99.000    29.2    29.4 -9999.0 -9999.0 -9999.0
92826 20160817  2.423  -81.32   25.90    35.0    25.0    30.0    28.1     1.2    18.15 C    43.2    24.6    29.8    95.7    50.2    81.9   0.147   0.156 -99.000 -99.000 -99.000    29.2    29.5 -9999.0 -9999.0 -9999.0
92826 20160818  2.423  -81.32   25.90    37.0    24.5    30.8    27.8     3.7    17.27 C    46.7    23.3    29.7    96.5    48.3    84.2   0.156   0.156 -99.000 -99.000 -99.000    29.0    29.4 -9999.0 -9999.0 -9999.0
92826 20160819  2.423  -81.32   25.90    36.9    24.7    30.8    29.0     0.0    21.84 C    45.5    24.2    31.8    97.8    45.8    77.2   0.161   0.160 -99.000 -99.000 -99.000    29.0    29.3 -9999.0 -9999.0 -9999.0
92826 20160820  2.423  -81.32   25.90    36.1    25.2    30.7    29.7     0.0    24.68 C    44.7    24.4    32.4    97.2    49.0    76.1   0.145   0.154 -99.000 -99.000 -99.000    29.7    29.9 -9999.0 -9999.0 -9999.0
92826 20160821  2.423  -81.32   25.90    36.4    26.4    31.4    30.0     0.0    22.92 C    46.8    25.8    32.7    94.8    49.9    74.9   0.131   0.148 -99.000 -99.000 -99.000    30.1    30.3 -9999.0 -9999.0 -9999.0
92826 20160822  2.423  -81.32   25.90    36.0    25.3    30.6    29.1     0.0    19.14 C    45.6    24.9    31.8    96.1    49.3    78.1   0.121   0.143 -99.000 -99.000 -99.000    29.9    30.1 -9999.0 -9999.0 -9999.0
92826 20160823  2.423  -81.32   25.90    36.4    25.4    30.9    29.8     0.0    22.11 C    43.3    24.9    32.2    96.5    45.7    74.4   0.113   0.137 -99.000 -99.000 -99.000    30.1    30.4 -9999.0 -9999.0 -9999.0
92826 20160824  2.423  -81.32   25.90    36.2    23.5    29.8    27.3    24.8    13.20 C    43.5    22.4    28.4    96.4    50.9    86.7   0.149   0.176 -99.000 -99.000 -99.000    29.0    29.5 -9999.0 -9999.0 -9999.0
92826 20160825  2.423  -81.32   25.90    34.3    24.4    29.4    27.2    10.8    14.90 C    40.8    24.3    28.3    96.0    56.5    87.7   0.201   0.221 -99.000 -99.000 -99.000    28.7    29.0 -9999.0 -9999.0 -9999.0
92826 20160826  2.423  -81.32   25.90    35.8    22.9    29.4    27.5    69.6    17.56 C    44.5    22.7    29.3    96.6    51.7    84.7   0.232   0.240 -99.000 -99.000 -99.000    28.4    28.8 -9999.0 -9999.0 -9999.0
92826 20160827  2.423  -81.32   25.90    33.7    24.1    28.9    26.8     3.4    11.42 C    40.4    23.8    27.7    97.2    60.1    88.8   0.212   0.223 -99.000 -99.000 -99.000    27.9    28.2 -9999.0 -9999.0 -9999.0
92826 20160828  2.423  -81.32   25.90    33.8    25.2    29.5    27.9     1.6    18.76 C    40.9    24.6    29.4    93.7    55.6    81.8   0.191   0.197 -99.000 -99.000 -99.000    28.6    28.9 -9999.0 -9999.0 -9999.0
92826 20160829  2.423  -81.32   25.90    32.9    24.2    28.5    26.2     4.3    13.04 C    40.4    23.8    27.5    95.1    61.0    87.0   0.192   0.193 -99.000 -99.000 -99.000    28.2    28.5 -9999.0 -9999.0 -9999.0
92826 20160830  2.423  -81.32   25.90    26.0    23.4    24.7    24.6    96.3     3.14 C    27.4    23.2    24.6    97.1    92.7    95.3   0.270   0.268 -99.000 -99.000 -99.000    26.7    27.2 -9999.0 -9999.0 -9999.0
92826 20160831  2.423  -81.32   25.90    31.6    24.3    27.9    27.1     4.3    14.81 C    37.2    23.8    28.1    97.1    66.0    86.0   0.221   0.234 -99.000 -99.000 -99.000    27.7    27.8 -9999.0 -9999.0 -9999.0
92826 20160901  2.423  -81.32   25.90    31.2    24.5    27.8    28.0    13.0    15.05 C    35.8    23.8    28.8    95.3    69.1    85.0   0.220   0.227 -99.000 -99.000 -99.000    28.4    28.6 -9999.0 -9999.0 -9999.0
92826 20160902  2.423  -81.32   25.90    32.8    26.1    29.5    29.2     0.0    19.41 C    39.8    25.7    31.0    90.4    64.3    79.0   0.200   0.208 -99.000 -99.000 -99.000    29.2    29.4 -9999.0 -9999.0 -9999.0
92826 20160903  2.423  -81.32   25.90    34.1    25.3    29.7    29.3     0.0    24.08 C    42.0    25.0    32.0    95.5    53.9    77.3   0.183   0.189 -99.000 -99.000 -99.000    29.6    29.8 -9999.0 -9999.0 -9999.0
92826 20160904  2.423  -81.32   25.90    36.1    25.8    30.9    29.5     0.9    22.62 C    46.0    25.1    32.6    95.0    47.0    76.5   0.172   0.179 -99.000 -99.000 -99.000    29.8    30.0 -9999.0 -9999.0 -9999.0
92826 20160905  2.423  -81.32   25.90    35.7    24.3    30.0    27.2     1.6    13.92 C    46.1    23.9    29.0    94.8    54.0    84.6   0.170   0.175 -99.000 -99.000 -99.000    28.9    29.3 -9999.0 -9999.0 -9999.0
92826 20160906  2.423  -81.32   25.90    34.6    23.7    29.1    25.8     5.1    12.93 C    45.3    23.3    27.2    96.0    54.0    88.7   0.187   0.187 -99.000 -99.000 -99.000    28.3    28.7 -9999.0 -9999.0 -9999.0
92826 20160907  2.423  -81.32   25.90    33.5    23.9    28.7    26.8    22.3    16.60 C    42.6    23.5    28.6    96.9    53.6    85.3   0.213   0.217 -99.000 -99.000 -99.000    27.9    28.3 -9999.0 -9999.0 -9999.0
92826 20160908  2.423  -81.32   25.90    33.7    24.3    29.0    27.4     5.2    17.74 C    41.3    24.0    29.1    96.3    56.8    85.1   0.209   0.217 -99.000 -99.000 -99.000    28.4    28.6 -9999.0 -9999.0 -9999.0
92826 20160909  2.423  -81.32   25.90    33.6    25.1    29.4    28.6     0.0    20.51 C    41.5    24.8    30.5    95.9    54.5    78.6   0.192   0.198 -99.000 -99.000 -99.000    28.9    29.1 -9999.0 -9999.0 -9999.0
92826 20160910  2.423  -81.32   25.90    34.7    25.1    29.9    28.2     0.0    19.57 C    43.8    24.5    31.0    94.9    54.2    79.7   0.175   0.179 -99.000 -99.000 -99.000    28.9    29.2 -9999.0 -9999.0 -9999.0
92826 20160911  2.423  -81.32   25.90    33.2    24.8    29.0    26.5    21.1    10.47 C    43.6    24.3    27.7    96.4    55.2    87.5   0.209   0.213 -99.000 -99.000 -99.000    27.8    28.3 -9999.0 -9999.0 -9999.0
92826 20160912  2.423  -81.32   25.90    34.1    24.8    29.5    27.6     0.0    16.16 C    43.5    24.4    29.6    96.7    54.3    83.2   0.195   0.202 -99.000 -99.000 -99.000    28.2    28.5 -9999.0 -9999.0 -9999.0
92826 20160913  2.423  -81.32   25.90    32.7    24.7    28.7    27.6     1.7    14.93 C    39.9    24.3    29.0    94.8    58.2    82.9   0.184   0.185 -99.000 -99.000 -99.000    28.4    28.7 -9999.0 -9999.0 -9999.0
92826 20160914  2.423  -81.32   25.90    33.9    24.9    29.4    28.0     0.5    15.23 C    41.5    24.4    29.8    95.6    58.9    82.6   0.176   0.178 -99.000 -99.000 -99.000    28.5    28.8 -9999.0 -9999.0 -9999.0
92826 20160915  2.423  -81.32   25.90    35.4    25.1    30.3    28.8     0.0    24.25 C    45.4    24.6    31.8    96.8    48.1    77.0   0.167   0.171 -99.000 -99.000 -99.000    28.9    29.1 -9999.0 -9999.0 -9999.0
92826 20160916  2.423  -81.32   25.90    34.7    25.5    30.1    28.3     0.0    16.03 C    42.9    25.0    30.5    96.2    52.7    80.5   0.156   0.165 -99.000 -99.000 -99.000    28.7    29.0 -9999.0 -9999.0 -9999.0
92826 20160917  2.423  -81.32   25.90    35.3    24.8    30.0    28.5     0.0    22.42 C    45.4    24.4    31.2    96.9    54.4    81.4   0.148   0.161 -99.000 -99.000 -99.000    29.1    29.3 -9999.0 -9999.0 -9999.0
92826 20160918  2.423  -81.32   25.90    34.3    25.6    29.9    28.7     0.0    15.58 C    43.9    25.0    30.3    95.4    59.2    81.3   0.140   0.157 -99.000 -99.000 -99.000    29.0    29.3 -9999.0 -9999.0 -9999.0
92826 20160919  2.423  -81.32   25.90    34.4    25.3    29.9    29.1     0.0    22.20 C    43.0    24.8    31.6    97.2    51.8    76.9   0.133   0.153 -99.000 -99.000 -99.000    29.2    29.4 -9999.0 -9999.0 -9999.0
92826 20160920  2.423  -81.32   25.90    34.9    25.6    30.3    29.7     0.0    22.48 C    44.2    25.0    32.2    96.7    45.3    74.4   0.124   0.149 -99.000 -99.000 -99.000    29.6    29.8 -9999.0 -9999.0 -9999.0
92826 20160921  2.423  -81.32   25.90    35.3    24.5    29.9    27.4    11.0    14.69 C    45.5    23.6    29.0    95.0    47.9    81.5   0.151   0.168 -99.000 -99.000 -99.000    28.7    29.1 -9999.0 -9999.0 -9999.0
92826 20160922  2.423  -81.32   25.90    35.2    23.8    29.5    26.9     4.2    16.48 C    44.5    23.3    28.8    96.7    50.2    83.5   0.182   0.184 -99.000 -99.000 -99.000    28.1    28.5 -9999.0 -9999.0 -9999.0
92826 20160923  2.423  -81.32   25.90    35.1    22.5    28.8    26.2    85.4    15.79 C    44.8    22.3    27.9    96.8    48.6    84.3   0.221   0.226 -99.000 -99.000 -99.000    27.1    27.5 -9999.0 -9999.0 -9999.0
92826 20160924  2.423  -81.32   25.90    34.1    23.2    28.6    26.2    29.5    15.79 C    43.7    23.1    28.1    97.7    51.7    85.7   0.229   0.241 -99.000 -99.000 -99.000    26.8    27.1 -9999.0 -9999.0 -9999.0
92826 20160925  2.423  -81.32   25.90    33.8    23.4    28.6    26.4    19.4    13.83 C    42.4    22.6    28.0    97.1    55.1    86.2   0.227   0.236 -99.000 -99.000 -99.000    27.0    27.3 -9999.0 -9999.0 -9999.0
92826 20160926  2.423  -81.32   25.90    32.1    22.7    27.4    25.3    15.0     7.66 C    40.5    22.4    26.0    97.3    62.2    92.0   0.225   0.233 -99.000 -99.000 -99.000    26.6    27.0 -9999.0 -9999.0 -9999.0
92826 20160927  2.423  -81.32   25.90    33.6    23.5    28.5    25.7     5.1    15.69 C    43.6    22.9    27.4    96.6    50.8    87.1   0.206   0.214 -99.000 -99.000 -99.000    27.1    27.3 -9999.0 -9999.0 -9999.0
92826 20160928  2.423  -81.32   25.90    32.7    23.6    28.2    27.5     0.0    21.13 C    40.3    23.2    29.5    96.7    55.2    80.4   0.188   0.193 -99.000 -99.000 -99.000    27.6    27.8 -9999.0 -9999.0 -9999.0
92826 20160929  2.423  -81.32   25.90    31.1    23.2    27.1    26.6    12.6     9.08 C    36.8    22.3    27.0    95.4    65.6    87.2   0.211   0.218 -99.000 -99.000 -99.000    27.0    27.4 -9999.0 -9999.0 -9999.0
92826 20160930  2.423  -81.32   25.90    34.0    24.3    29.2    28.2     0.0    21.22 C    43.0    23.8    30.9    97.2    47.9    77.7   0.189   0.195 -99.000 -99.000 -99.000    27.8    28.0 -9999.0 -9999.0 -9999.0
92826 20161001  2.423  -81.32   25.90    34.3    22.6    28.5    27.5     0.0    21.08 C    43.9    22.0    30.3    94.9    44.3    75.5   0.172   0.177 -99.000 -99.000 -99.000    27.9    28.1 -9999.0 -9999.0 -9999.0
92826 20161002  2.423  -81.32   25.90    34.5    23.7    29.1    27.4     0.5    14.42 C    43.2    23.2    29.3    95.5    52.7    80.5   0.164   0.169 -99.000 -99.000 -99.000    27.9    28.1 -9999.0 -9999.0 -9999.0
92826 20161003  2.423  -81.32   25.90    35.3    22.7    29.0    26.7     8.3    16.22 C    44.5    22.3    29.0    96.4    50.3    83.8   0.180   0.182 -99.000 -99.000 -99.000    27.9    28.2 -9999.0 -9999.0 -9999.0
92826 20161004  2.423  -81.32   25.90    35.1    23.1    29.1    26.5    18.0    18.35 C    44.2    22.3    28.8    97.6    49.9    84.5   0.214   0.225 -99.000 -99.000 -99.000    27.6    27.9 -9999.0 -9999.0 -9999.0
92826 20161005  2.423  -81.32   25.90    33.1    23.9    28.5    27.1     4.1    17.31 C    38.6    23.6    28.6    97.1    57.8    84.8   0.208   0.216 -99.000 -99.000 -99.000    27.8    28.1 -9999.0 -9999.0 -9999.0
92826 20161006  2.423  -81.32   25.90    30.4    25.3    27.8    26.6     1.5     8.19 C    33.3    25.0    27.0    94.7    70.2    86.3   0.196   0.199 -99.000 -99.000 -99.000    27.3    27.8 -9999.0 -9999.0 -9999.0
92826 20161007  2.423  -81.32   25.90    32.0    25.4    28.7    27.6     0.9    13.08 C    37.0    24.9    28.5    90.8    65.1    81.2   0.184   0.186 -99.000 -99.000 -99.000    27.6    27.9 -9999.0 -9999.0 -9999.0
92826 20161008  2.423  -81.32   25.90    33.7    25.2    29.4    28.4     0.0    17.98 C    40.6    24.8    30.4    94.5    55.0    79.1   0.173   0.176 -99.000 -99.000 -99.000    28.0    28.3 -9999.0 -9999.0 -9999.0
92826 20161009  2.423  -81.32   25.90    32.7    23.1    27.9    27.0     0.0    19.88 C    38.1    22.6    28.4    95.9    50.7    73.4   0.162   0.168 -99.000 -99.000 -99.000    27.7    28.1 -9999.0 -9999.0 -9999.0
92826 20161010  2.423  -81.32   25.90    30.3    20.1    25.2    24.6     0.0    17.44 C    35.3    19.7    25.8    90.2    43.9    68.4   0.151   0.162 -99.000 -99.000 -99.000    26.4    27.0 -9999.0 -9999.0 -9999.0
92826 20161011  2.423  -81.32   25.90    29.4    22.0    25.7    24.8     0.0    11.46 C    33.7    21.9    25.7    83.4    53.7    70.7   0.144   0.158 -99.000 -99.000 -99.000    26.1    26.6 -9999.0 -9999.0 -9999.0
92826 20161012  2.423  -81.32   25.90    31.0    21.1    26.1    24.5     0.7    15.34 C    36.6    20.9    25.7    92.5    54.7    80.0   0.139   0.155 -99.000 -99.000 -99.000    26.2    26.6 -9999.0 -9999.0 -9999.0
92826 20161013  2.423  -81.32   25.90    31.0    22.1    26.5    25.7     0.3    15.63 C    36.4    21.8    26.9    95.0    55.4    78.3   0.137   0.153 -99.000 -99.000 -99.000    26.4    26.9 -9999.0 -9999.0 -9999.0
92826 20161014  2.423  -81.32   25.90    32.5    21.0    26.8    25.8     0.0    15.58 C    38.8    20.6    27.3    93.6    50.7    74.6   0.133   0.150 -99.000 -99.000 -99.000    26.5    26.8 -9999.0 -9999.0 -9999.0
92826 20161015  2.423  -81.32   25.90    33.5    21.4    27.4    26.0     0.0    15.49 C    39.8    21.0    27.6    95.7    55.7    79.5   0.127   0.147 -99.000 -99.000 -99.000    26.6    26.9 -9999.0 -9999.0 -9999.0
92826 20161016  2.423  -81.32   25.90    32.1    22.5    27.3    25.6     7.6    14.71 C    39.6    22.1    26.6    94.6    58.1    84.0   0.137   0.149 -99.000 -99.000 -99.000    26.8    27.2 -9999.0 -9999.0 -9999.0
92826 20161017  2.423  -81.32   25.90    31.8    22.0    26.9    26.0     0.0    17.61 C    38.2    21.4    27.4    94.8    49.3    75.7   0.153   0.158 -99.000 -99.000 -99.000    26.5    27.0 -9999.0 -9999.0 -9999.0
92826 20161018  2.423  -81.32   25.90    32.4    20.4    26.4    25.2     0.0    16.60 C    40.6    19.8    26.7    95.4    52.3    77.5   0.144   0.154 -99.000 -99.000 -99.000    26.2    26.6 -9999.0 -9999.0 -9999.0
92826 20161019  2.423  -81.32   25.90    31.6    19.8    25.7    25.1     0.0    18.66 C    37.9    19.3    26.8    91.9    42.8    71.7   0.136   0.151 -99.000 -99.000 -99.000    26.0    26.4 -9999.0 -9999.0 -9999.0
92826 20161020  2.423  -81.32   25.90    29.4    20.1    24.7    23.8     0.0    13.73 C    33.9    19.7    24.9    95.3    62.6    82.8   0.129   0.148 -99.000 -99.000 -99.000    25.8    26.2 -9999.0 -9999.0 -9999.0
92826 20161021  2.423  -81.32   25.90    30.6    18.8    24.7    24.0     0.0    17.58 C    36.6    18.0    25.5    94.6    45.4    76.0   0.124   0.145 -99.000 -99.000 -99.000    25.4    25.9 -9999.0 -9999.0 -9999.0
92826 20161022  2.423  -81.32   25.90    26.5    14.6    20.5    21.0     0.0    19.99 C    32.9    13.8    22.5    94.1    28.8    64.9   0.118   0.142 -99.000 -99.000 -99.000    24.5    25.3 -9999.0 -9999.0 -9999.0
92826 20161023  2.423  -81.32   25.90    28.2    12.6    20.4    20.1     0.0    19.51 C    35.3    11.9    21.6    89.9    42.2    66.9   0.113   0.139 -99.000 -99.000 -99.000    23.5    24.1 -9999.0 -9999.0 -9999.0
92826 20161024  2.423  -81.32   25.90    28.6    16.2    22.4    21.8     0.0    16.76 C    34.8    15.9    23.3    90.5    46.4    71.5   0.109   0.137 -99.000 -99.000 -99.000    24.3    24.7 -9999.0 -9999.0 -9999.0
92826 20161025  2.423  -81.32   25.90    29.6    17.5    23.5    22.4     0.0    16.31 C    36.1    16.9    23.7    94.1    43.7    71.8   0.106   0.134 -99.000 -99.000 -99.000    24.4    24.8 -9999.0 -9999.0 -9999.0
92826 20161026  2.423  -81.32   25.90    30.0    17.7    23.9    23.4     0.0    13.80 C    35.2    17.2    24.6    93.1    50.7    72.2   0.102   0.131 -99.000 -99.000 -99.000    24.6    24.9 -9999.0 -9999.0 -9999.0
92826 20161027  2.423  -81.32   25.90    26.8    20.9    23.8    23.1     2.4     6.47 C    29.0    20.5    23.4    96.0    61.1    81.2   0.111   0.130 -99.000 -99.000 -99.000    24.5    24.9 -9999.0 -9999.0 -9999.0
92826 20161028  2.423  -81.32   25.90    29.1    21.0    25.0    24.3     0.0     9.05 C    33.3    20.5    25.0    88.0    57.4    75.3   0.109   0.131 -99.000 -99.000 -99.000    24.5    24.8 -9999.0 -9999.0 -9999.0
92826 20161029  2.423  -81.32   25.90    29.0    22.8    25.9    25.1     0.0     8.45 C    32.1    22.8    25.7    88.8    66.9    79.7   0.107   0.131 -99.000 -99.000 -99.000    25.0    25.3 -9999.0 -9999.0 -9999.0
92826 20161030  2.423  -81.32   25.90    30.2    22.5    26.4    25.3     0.0     9.25 C    34.4    22.2    26.1    91.4    64.0    79.6   0.105   0.131 -99.000 -99.000 -99.000    25.5    25.7 -9999.0 -9999.0 -9999.0
92826 20161031  2.423  -81.32   25.90    31.0    20.7    25.9    24.6     0.0    13.78 C    37.5    20.4    25.8    93.0    58.4    76.8   0.104   0.129 -99.000 -99.000 -99.000    25.3    25.6 -9999.0 -9999.0 -9999.0
92826 20161101  2.423  -81.32   25.90    29.8    18.5    24.1    23.2     0.0    18.04 C    36.4    18.0    24.9    91.4    46.2    72.4   0.101   0.126 -99.000 -99.000 -99.000    25.0    25.4 -9999.0 -9999.0 -9999.0
92826 20161102  2.423  -81.32   25.90    31.9    19.0    25.5    23.7     0.0    14.78 C    39.5    18.5    25.3    94.5    47.7    76.8   0.098   0.123 -99.000 -99.000 -99.000    25.0    25.3 -9999.0 -9999.0 -9999.0
92826 20161103  2.423  -81.32   25.90    30.7    18.6    24.6    23.1     0.0    15.93 C    38.3    18.1    24.5    95.3    45.2    77.5   0.095   0.121 -99.000 -99.000 -99.000    25.0    25.3 -9999.0 -9999.0 -9999.0
92826 20161104  2.423  -81.32   25.90    29.4    18.5    23.9    22.6     0.0    16.46 C    34.8    18.0    24.1    95.8    45.0    74.7   0.092   0.118 -99.000 -99.000 -99.000    24.7    25.1 -9999.0 -9999.0 -9999.0
92826 20161105  2.423  -81.32   25.90    29.8    17.6    23.7    22.4     0.0    15.10 C    34.8    16.9    23.5    95.1    49.2    76.7   0.090   0.115 -99.000 -99.000 -99.000    24.4    24.8 -9999.0 -9999.0 -9999.0
92826 20161106  2.423  -81.32   25.90    29.2    17.0    23.1    22.0     0.0    12.69 C    35.2    16.6    23.1    92.6    49.5    75.3   0.088   0.113 -99.000 -99.000 -99.000    24.2    24.6 -9999.0 -9999.0 -9999.0
92826 20161107  2.423  -81.32   25.90    28.2    16.8    22.5    21.8     0.0    10.76 C    32.5    16.0    22.6    93.4    53.9    74.4   0.087   0.111 -99.000 -99.000 -99.000    24.0    24.3 -9999.0 -9999.0 -9999.0
92826 20161108  2.423  -81.32   25.90    30.2    16.0    23.1    21.5     0.0    15.69 C    39.3    15.5    23.3    91.0    41.3    71.7   0.085   0.109 -99.000 -99.000 -99.000    23.9    24.3 -9999.0 -9999.0 -9999.0
92826 20161109  2.423  -81.32   25.90    30.5    15.8    23.1    22.0     0.0    16.81 C    40.4    14.8    24.3    94.9    41.5    75.8   0.084   0.106 -99.000 -99.000 -99.000    23.8    24.1 -9999.0 -9999.0 -9999.0
92826 20161110  2.423  -81.32   25.90    29.5    17.2    23.4    22.4     0.0    15.86 C    38.6    16.2    24.5    95.6    43.3    74.9   0.082   0.104 -99.000 -99.000 -99.000    24.1    24.4 -9999.0 -9999.0 -9999.0
92826 20161111  2.423  -81.32   25.90    30.3    15.7    23.0    21.6     0.0    16.87 C    39.2    15.0    23.8    96.1    41.1    75.8   0.080   0.102 -99.000 -99.000 -99.000    23.8    24.2 -9999.0 -9999.0 -9999.0
92826 20161112  2.423  -81.32   25.90    29.7    14.4    22.1    20.3     0.0    16.71 C    38.1    13.1    22.1    96.2    40.7    77.1   0.079   0.100 -99.000 -99.000 -99.000    23.3    23.8 -9999.0 -9999.0 -9999.0
92826 20161113  2.423  -81.32   25.90    31.2    15.8    23.5    21.6     0.0    13.12 C    40.3    15.0    23.6    95.5    43.0    78.8   0.079   0.116 -99.000 -99.000 -99.000    23.3    23.7 -9999.0 -9999.0 -9999.0
92826 20161114  2.423  -81.32   25.90    29.4    18.1    23.8    22.7     0.0    12.44 C    38.1    17.6    24.4    93.8    44.0    75.8   0.077   0.118 -99.000 -99.000 -99.000    23.9    24.1 -9999.0 -9999.0 -9999.0
92826 20161115  2.423  -81.32   25.90    26.6    18.1    22.3    21.1     0.0    10.91 C    32.3    17.4    22.1    89.2    46.5    70.9   0.077   0.117 -99.000 -99.000 -99.000    24.0    24.3 -9999.0 -9999.0 -9999.0
92826 20161116  2.423  -81.32   25.90    25.6    12.7    19.1    18.6     0.0    16.97 C    29.8    11.6    19.6    92.7    31.5    64.7   0.075   0.115 -99.000 -99.000 -99.000    22.6    23.3 -9999.0 -9999.0 -9999.0
92826 20161117  2.423  -81.32   25.90    28.1    12.0    20.1    19.1     0.0    16.05 C    34.2    10.6    20.2    92.3    39.8    70.5   0.074   0.114 -99.000 -99.000 -99.000    22.2    22.7 -9999.0 -9999.0 -9999.0
92826 20161118  2.423  -81.32   25.90    28.8    14.3    21.6    20.0     0.0    15.12 C    36.4    13.7    21.3    96.1    44.0    74.1   0.073   0.112 -99.000 -99.000 -99.000    22.6    23.0 -9999.0 -9999.0 -9999.0
92826 20161119  2.423  -81.32   25.90    28.2    15.1    21.7    20.0     0.0    14.42 C    36.4    14.5    21.6    94.5    42.5    74.4   0.073   0.111 -99.000 -99.000 -99.000    22.5    22.9 -9999.0 -9999.0 -9999.0
92826 20161120  2.423  -81.32   25.90    23.7    10.6    17.2    16.9     0.0    16.85 C    29.7     9.2    18.0    95.5    33.8    68.5   0.072   0.110 -99.000 -99.000 -99.000    21.7    22.4 -9999.0 -9999.0 -9999.0
92826 20161121  2.423  -81.32   25.90    24.7     7.5    16.1    14.5     0.0    17.12 C    32.6     6.5    16.1    87.0    17.3    58.5   0.070   0.110 -99.000 -99.000 -99.000    20.0    21.1 -9999.0 -9999.0 -9999.0
92826 20161122  2.423  -81.32   25.90    27.9     8.1    18.0    17.3     0.0    16.52 C    36.0     7.2    19.1    87.7    36.2    66.3   0.070   0.108 -99.000 -99.000 -99.000    20.3    21.0 -9999.0 -9999.0 -9999.0
92826 20161123  2.423  -81.32   25.90    30.5    13.7    22.1    20.4     0.0    12.90 C    38.3    13.1    22.2    93.2    42.9    74.7   0.070   0.109 -99.000 -99.000 -99.000    21.5    21.9 -9999.0 -9999.0 -9999.0
92826 20161124  2.423  -81.32   25.90    30.4    17.9    24.1    22.3     0.0    12.02 C    37.0    17.1    23.9    93.0    47.1    76.8   0.071   0.109 -99.000 -99.000 -99.000    22.6    22.8 -9999.0 -9999.0 -9999.0
92826 20161125  2.423  -81.32   25.90    31.0    15.5    23.2    21.5     0.0    12.86 C    39.4    14.8    23.0    95.5    45.5    76.6   0.071   0.109 -99.000 -99.000 -99.000    22.5    22.9 -9999.0 -9999.0 -9999.0
92826 20161126  2.423  -81.32   25.90    28.1    15.3    21.7    21.0     0.0    15.46 C    35.0    14.7    22.6    94.2    41.2    73.1   0.070   0.108 -99.000 -99.000 -99.000    22.5    22.9 -9999.0 -9999.0 -9999.0
92826 20161127  2.423  -81.32   25.90    27.9    14.0    21.0    20.1     0.0    14.87 C    33.8    13.6    21.4    92.7    37.4    70.1   0.069   0.107 -99.000 -99.000 -99.000    22.3    22.8 -9999.0 -9999.0 -9999.0
92826 20161128  2.423  -81.32   25.90    29.7    14.9    22.3    20.9     0.0    11.14 C    36.6    14.3    22.2    94.1    51.8    80.0   0.069   0.106 -99.000 -99.000 -99.000    22.3    22.7 -9999.0 -9999.0 -9999.0
92826 20161129  2.423  -81.32   25.90    32.0    18.5    25.3    23.5     0.0    13.16 C    40.1    17.7    25.2    95.7    47.1    78.0   0.070   0.106 -99.000 -99.000 -99.000    23.2    23.4 -9999.0 -9999.0 -9999.0
92826 20161130  2.423  -81.32   25.90    30.7    19.0    24.9    23.4     0.0     9.67 C    35.1    18.5    24.4    97.3    58.7    83.1   0.070   0.106 -99.000 -99.000 -99.000    23.3    23.6 -9999.0 -9999.0 -9999.0
92826 20161201  2.423  -81.32   25.90    31.5    19.3    25.4    23.5     0.0     9.46 C    37.4    18.9    24.7    97.4    66.6    88.7   0.071   0.107 -99.000 -99.000 -99.000    23.7    23.9 -9999.0 -9999.0 -9999.0
92826 20161202  2.423  -81.32   25.90    30.1    19.6    24.9    23.6     0.0    13.15 C    35.9    19.6    25.1    97.9    56.4    81.2   0.071   0.107 -99.000 -99.000 -99.000    24.2    24.4 -9999.0 -9999.0 -9999.0
92826 20161203  2.423  -81.32   25.90    29.5    15.9    22.7    21.7     0.0    13.97 C    35.8    15.7    23.3    89.8    52.3    74.8   0.070   0.106 -99.000 -99.000 -99.000    23.6    24.0 -9999.0 -9999.0 -9999.0
92826 20161204  2.423  -81.32   25.90    31.7    17.5    24.6    22.8     0.0    12.56 C    39.8    17.0    24.7    93.5    51.3    78.7   0.070   0.105 -99.000 -99.000 -99.000    23.5    23.9 -9999.0 -9999.0 -9999.0
92826 20161205  2.423  -81.32   25.90    30.2    20.1    25.2    24.1     0.0     9.87 C    35.3    19.7    25.0    97.4    60.1    84.0   0.071   0.105 -99.000 -99.000 -99.000    23.9    24.1 -9999.0 -9999.0 -9999.0
92826 20161206  2.423  -81.32   25.90    29.6    21.8    25.7    25.0     0.0    10.28 C    34.7    21.3    25.9    95.5    74.7    87.6   0.071   0.106 -99.000 -99.000 -99.000    24.6    24.6 -9999.0 -9999.0 -9999.0
92826 20161207  2.423  -81.32   25.90    30.1    19.7    24.9    23.5     0.0     9.03 C    37.9    19.7    24.9    99.0    64.1    87.2   0.071   0.105 -99.000 -99.000 -99.000    24.5    24.7 -9999.0 -9999.0 -9999.0
92826 20161208  2.423  -81.32   25.90    28.7    18.3    23.5    22.1     0.0    11.28 C    36.7    18.2    23.7    91.6    59.0    79.7   0.071   0.105 -99.000 -99.000 -99.000    24.4    24.6 -9999.0 -9999.0 -9999.0
92826 20161209  2.423  -81.32   25.90    23.1    14.7    18.9    18.7     0.0    10.61 C    27.0    14.6    19.4    84.1    54.4    74.2   0.070   0.105 -99.000 -99.000 -99.000    23.4    24.0 -9999.0 -9999.0 -9999.0
92826 20161210  2.423  -81.32   25.90    24.4    13.8    19.1    18.9     0.0     6.34 C    26.4    13.7    19.4    87.9    68.8    76.9   0.069   0.104 -99.000 -99.000 -99.000    22.4    23.0 -9999.0 -9999.0 -9999.0
92826 20161211  2.423  -81.32   25.90    26.5    18.2    22.3    21.6     1.1     8.30 C    31.5    17.9    22.5    97.6    74.7    87.7   0.069   0.105 -99.000 -99.000 -99.000    23.0    23.4 -9999.0 -9999.0 -9999.0
92826 20161212  2.423  -81.32   25.90    30.3    17.9    24.1    22.3     0.0    10.76 C    36.6    17.6    23.6   100.0    65.3    89.4   0.070   0.105 -99.000 -99.000 -99.000    23.1    23.5 -9999.0 -9999.0 -9999.0
92826 20161213  2.423  -81.32   25.90    31.2    16.5    23.9    22.4     0.0    12.96 C    40.0    16.3    24.2   100.0    55.9    86.1   0.071   0.105 -99.000 -99.000 -99.000    23.1    23.5 -9999.0 -9999.0 -9999.0
92826 20161214  2.423  -81.32   25.90    29.2    16.2    22.7    21.4     0.0    13.73 C    36.5    16.0    23.1    98.7    62.2    85.5   0.070   0.105 -99.000 -99.000 -99.000    22.9    23.4 -9999.0 -9999.0 -9999.0
92826 20161215  2.423  -81.32   25.90    28.2    15.2    21.7    21.0     0.0     8.97 C    32.6    14.8    21.9   100.0    55.9    85.4   0.069   0.104 -99.000 -99.000 -99.000    22.6    23.1 -9999.0 -9999.0 -9999.0
92826 20161216  2.423  -81.32   25.90    30.3    14.7    22.5    20.7     0.0    12.21 C    37.7    14.1    22.4    96.1    45.9    76.0   0.069   0.105 -99.000 -99.000 -99.000    22.3    22.9 -9999.0 -9999.0 -9999.0
92826 20161217  2.423  -81.32   25.90    31.9    16.6    24.2    23.3     0.0    13.09 C    39.6    15.9    25.0    96.5    53.0    79.8   0.070   0.103 -99.000 -99.000 -99.000    23.1    23.3 -9999.0 -9999.0 -9999.0
92826 20161218  2.423  -81.32   25.90    32.3    21.0    26.6    25.0     0.0    12.64 C    39.4    20.3    26.1    96.6    56.8    82.2   0.070   0.103 -99.000 -99.000 -99.000    24.0    24.0 -9999.0 -9999.0 -9999.0
92826 20161219  2.423  -81.32   25.90    33.9    19.4    26.6    24.6     0.0    12.28 C    40.6    19.3    26.6    98.4    47.3    82.3   0.071   0.103 -99.000 -99.000 -99.000    24.2    24.2 -9999.0 -9999.0 -9999.0
92826 20161220  2.423  -81.32   25.90    30.5    18.4    24.4    23.2     0.0    13.79 C    36.6    18.1    24.7   100.0    48.7    82.4   0.070   0.103 -99.000 -99.000 -99.000    24.0    24.1 -9999.0 -9999.0 -9999.0
92826 20161221  2.423  -81.32   25.90    25.3    16.5    20.9    20.3     0.0    12.27 C    30.0    15.9    21.4    95.4    65.3    86.4   0.070   0.103 -99.000 -99.000 -99.000    23.8    24.1 -9999.0 -9999.0 -9999.0
92826 20161222  2.423  -81.32   25.90    27.8    16.5    22.2    20.4     0.0    11.79 C    34.6    16.6    21.7    97.6    57.3    84.0   0.069   0.102 -99.000 -99.000 -99.000    23.3    23.6 -9999.0 -9999.0 -9999.0
92826 20161223  2.423  -81.32   25.90    28.6    17.7    23.2    21.9     0.0     7.24 C    32.6    17.4    22.5    97.0    47.7    79.1   0.068   0.103 -99.000 -99.000 -99.000    23.1    23.5 -9999.0 -9999.0 -9999.0
92826 20161224  2.423  -81.32   25.90    32.8    17.8    25.3    22.9     0.0    11.95 C    40.2    17.2    24.7    96.7    47.4    77.9   0.069   0.103 -99.000 -99.000 -99.000    23.2    23.6 -9999.0 -9999.0 -9999.0
92826 20161225  2.423  -81.32   25.90    31.6    18.0    24.8    23.2     0.0    12.89 C    39.1    17.2    24.7    96.9    47.1    77.8   0.069   0.102 -99.000 -99.000 -99.000    23.5    23.7 -9999.0 -9999.0 -9999.0
92826 20161226  2.423  -81.32   25.90    30.9    18.5    24.7    23.3     0.0    11.82 C    37.5    18.0    24.7    96.4    50.6    77.3   0.070   0.102 -99.000 -99.000 -99.000    23.7    23.9 -9999.0 -9999.0 -9999.0
92826 20161227  2.423  -81.32   25.90    31.9    17.7    24.8    22.7     0.0    13.75 C    40.2    17.3    24.7    97.1    44.4    79.4   0.071   0.101 -99.000 -99.000 -99.000    23.7    23.9 -9999.0 -9999.0 -9999.0
92826 20161228  2.423  -81.32   25.90    30.6    15.6    23.1    21.5     0.0    11.09 C    38.0    15.3    23.3    98.2    43.4    80.4   0.070   0.101 -99.000 -99.000 -99.000    23.1    23.4 -9999.0 -9999.0 -9999.0
92826 20161229  2.423  -81.32   25.90    30.0    13.6    21.8    20.9     0.0    14.99 C    36.5    13.4    22.6    98.7    45.0    80.6   0.068   0.100 -99.000 -99.000 -99.000    22.7    23.1 -9999.0 -9999.0 -9999.0
92826 20161230  2.423  -81.32   25.90    19.7     6.7    13.2    14.8     0.0    14.80 C    23.3     5.7    15.7    98.2    24.8    56.6   0.067   0.099 -99.000 -99.000 -99.000    21.1    22.0 -9999.0 -9999.0 -9999.0
92826 20161231  2.423  -81.32   25.90    28.4     6.2    17.3    15.8     0.0    15.19 C    35.1     5.3    17.6    90.8    39.5    66.1   0.065   0.098 -99.000 -99.000 -99.000    19.9    20.7 -9999.0 -9999.0 -9999.0
