03761 20160101  2.422  -75.79   39.86     3.9    -1.4     1.3     2.3     0.0     3.84 C     7.8    -5.2     1.4    70.0    50.2    60.8   0.353   0.316   0.332   0.356   0.283     7.1     7.8     8.5     9.3    10.0
03761 20160102  2.422  -75.79   39.86     5.0    -4.5     0.2    -0.5     0.0     8.95 C     9.3    -6.9    -1.9    89.0    42.2    68.9   0.346   0.310   0.327   0.351   0.280     5.1     6.0     7.1     8.7     9.7
03761 20160103  2.422  -75.79   39.86     7.8    -4.9     1.4     1.3     0.0     9.68 C    10.8    -7.0    -0.6    90.8    35.1    61.7   0.343   0.305   0.324   0.349   0.278     4.1     4.9     6.0     7.9     9.4
03761 20160104  2.422  -75.79   39.86     1.2   -10.9    -4.9    -3.7     0.0     9.83 C     3.2   -11.2    -4.1    78.8    33.2    47.5   0.339   0.302   0.321   0.346   0.277     3.6     4.3     5.4     7.3     9.0
03761 20160105  2.422  -75.79   39.86    -1.7   -11.6    -6.7    -7.7     0.0    10.17 C     3.5   -12.4    -7.6    80.1    25.7    47.4   0.328   0.297   0.318   0.344   0.274     2.3     3.2     4.4     6.6     8.6
03761 20160106  2.422  -75.79   39.86     4.1   -12.5    -4.2    -5.1     0.0    10.12 C     8.9   -13.4    -6.1    86.7    15.6    54.8   0.314   0.291   0.314   0.341   0.273     1.6     2.4     3.7     5.9     8.1
03761 20160107  2.422  -75.79   39.86     5.0    -7.4    -1.2    -0.2     0.0     5.19 C     9.8    -8.8     0.3    94.2    60.9    79.4   0.312   0.287   0.310   0.339   0.271     1.4     2.1     3.2     5.3     7.7
03761 20160108  2.422  -75.79   39.86     6.8     0.3     3.5     3.7     0.0     2.95 C     8.0    -0.5     2.9    95.5    49.3    75.0   0.324   0.290   0.308   0.337   0.269     1.5     2.0     3.0     4.9     7.2
03761 20160109  2.422  -75.79   39.86    11.0     3.5     7.2     6.9     0.5     4.02 C    12.7     2.6     6.6    95.6    72.9    86.7   0.332   0.296   0.309   0.335   0.268     3.3     3.2     3.5     4.7     6.9
03761 20160110  2.422  -75.79   39.86    16.5     2.0     9.3    10.7    27.4     4.57 C    18.0     0.3     9.6    95.9    46.9    77.0   0.377   0.339   0.344   0.363   0.280     6.5     6.0     5.4     5.3     6.8
03761 20160111  2.422  -75.79   39.86     2.1    -8.0    -3.0    -2.6     0.0    10.48 C     3.9   -10.0    -3.6    79.9    31.3    46.6   0.361   0.324   0.334   0.359   0.283     4.0     4.8     5.3     5.9     6.9
03761 20160112  2.422  -75.79   39.86     5.0    -8.7    -1.9    -1.5     0.0     5.11 C     7.1   -10.0    -2.6    84.3    36.5    58.2   0.349   0.315   0.328   0.353   0.281     2.2     3.0     4.0     5.5     6.9
03761 20160113  2.422  -75.79   39.86    -3.9    -8.2    -6.0    -5.7     0.0    10.39 C     1.0    -9.6    -5.5    57.2    37.2    45.5   0.344   0.310   0.324   0.350   0.278     1.7     2.4     3.3     4.9     6.7
03761 20160114  2.422  -75.79   39.86     7.1    -5.9     0.6     0.2     0.0     9.73 C    10.2    -8.5    -1.1    69.9    35.4    50.5   0.334   0.303   0.320   0.347   0.276     1.4     2.0     2.9     4.5     6.4
03761 20160115  2.422  -75.79   39.86     9.7    -3.5     3.1     3.8     4.6     6.24 C    13.8    -5.7     1.8    94.8    47.9    72.5   0.341   0.303   0.317   0.345   0.274     1.4     1.9     2.7     4.1     6.1
03761 20160116  2.422  -75.79   39.86    10.5     3.1     6.8     5.9     0.9     5.94 C    12.9    -0.5     4.9    95.3    54.2    74.0   0.375   0.324   0.328   0.343   0.272     2.9     2.8     3.1     4.1     5.9
03761 20160117  2.422  -75.79   39.86     3.6    -3.7     0.0     0.2     1.0     1.56 C     2.6    -8.4    -1.3    93.2    53.1    71.1   0.367   0.317   0.328   0.344   0.270     3.0     3.3     3.6     4.3     5.8
03761 20160118  2.422  -75.79   39.86    -1.9   -10.2    -6.0    -7.0     0.0    10.40 C    -2.5   -10.9    -7.5    91.7    39.3    50.3   0.353   0.306   0.327   0.344   0.269     1.8     2.4     3.1     4.3     5.8
03761 20160119  2.422  -75.79   39.86    -4.1   -10.8    -7.5    -7.6     0.0    11.28 C    -0.5   -11.7    -7.5    54.0    37.4    47.2   0.324   0.298   0.323   0.344   0.268     0.9     1.6     2.5     4.0     5.7
03761 20160120  2.422  -75.79   39.86    -1.1    -7.1    -4.1    -4.1     0.0     7.19 C     6.0   -10.0    -3.8    66.9    51.2    57.1   0.315   0.287   0.318   0.342   0.267     0.5     1.2     2.0     3.6     5.5
03761 20160121  2.422  -75.79   39.86     0.4    -6.6    -3.1    -3.1     0.0    10.07 C     6.0   -10.4    -4.0    79.5    39.9    57.9   0.326   0.283   0.314   0.340   0.266     0.5     1.0     1.8     3.3     5.2
03761 20160122  2.422  -75.79   39.86    -4.3   -11.2    -7.7    -6.4     8.3     3.36 C    -0.1   -12.7    -6.6    89.1    46.2    67.4 -99.000   0.277   0.311   0.339   0.265     0.3     0.9     1.6     3.0     5.0
03761 20160123  2.422  -75.79   39.86    -2.5    -6.2    -4.4    -4.4    69.8     1.05 C    -3.9    -6.3    -4.9    91.0    49.0    85.1 -99.000   0.274   0.308   0.336   0.264     0.3     0.8     1.5     2.9     4.8
03761 20160124  2.422  -75.79   39.86    -2.2    -8.9    -5.5    -5.1     0.0    12.33 C    -5.0   -17.2   -10.4    66.3    42.5    53.2 -99.000   0.276   0.306   0.335   0.263     0.3     0.7     1.4     2.7     4.7
03761 20160125  2.422  -75.79   39.86     2.8   -12.8    -5.0    -4.0     0.0    10.74 C    -0.1   -19.1   -11.1    80.1    36.5    58.6 -99.000   0.281   0.309   0.333   0.262     0.3     0.7     1.4     2.6     4.5
03761 20160126  2.422  -75.79   39.86     7.3    -7.2     0.0     2.0     0.0     7.77 C     1.4   -13.5    -3.5    91.4    51.5    69.8 -99.000   0.285   0.307   0.331   0.261     0.3     0.7     1.3     2.5     4.4
03761 20160127  2.422  -75.79   39.86     7.4    -6.8     0.3     2.2     0.0     9.98 C     0.8   -14.4    -3.1    75.2    41.9    55.1   0.345   0.287   0.308   0.330   0.260     0.3     0.7     1.3     2.4     4.3
03761 20160128  2.422  -75.79   39.86     3.7   -12.0    -4.1    -3.4     0.0    12.23 C     0.7   -18.5    -8.5    87.3    43.0    67.8   0.353   0.288   0.309   0.329   0.259     0.4     0.7     1.3     2.4     4.1
03761 20160129  2.422  -75.79   39.86     3.5    -7.4    -2.0    -1.0     0.0    10.08 C     0.7   -13.4    -5.2    90.4    42.9    64.2   0.357   0.290   0.311   0.328   0.258     0.4     0.7     1.3     2.3     4.0
03761 20160130  2.422  -75.79   39.86     3.6    -6.7    -1.6    -1.3     0.0    12.58 C     0.7   -12.7    -6.1    68.5    40.4    53.7   0.363   0.291   0.311   0.327   0.258     0.4     0.8     1.3     2.3     4.0
03761 20160131  2.422  -75.79   39.86    12.2    -4.4     3.9     4.3     0.0    11.27 C     2.0    -9.8    -2.9    83.2    35.0    62.1   0.378   0.293   0.312   0.327   0.256     0.5     0.8     1.3     2.2     3.9
03761 20160201  2.422  -75.79   39.86    11.3     0.5     5.9     6.9     2.4     5.00 C     2.1    -2.1     0.5    97.4    60.1    76.5   0.417   0.310   0.321   0.327   0.256     0.6     0.9     1.3     2.2     3.8
03761 20160202  2.422  -75.79   39.86     8.3    -2.6     2.8     3.0     0.0     8.79 C     1.6    -7.2    -2.5    97.2    37.0    66.5   0.417   0.324   0.331   0.341   0.261     0.7     0.9     1.3     2.2     3.8
03761 20160203  2.422  -75.79   39.86    10.9    -0.2     5.3     7.2    21.2     0.98 C     4.5    -3.9     2.0    97.2    77.6    92.2   0.426   0.339   0.352   0.360   0.272     0.6     0.9     1.3     2.1     3.7
03761 20160204  2.422  -75.79   39.86    11.9     4.4     8.2     7.4     0.8     3.98 C     5.5     0.3     1.8    96.6    46.9    70.0   0.433   0.354   0.369   0.378   0.290     0.5     0.8     1.2     1.9     3.5
03761 20160205  2.422  -75.79   39.86     4.8    -2.6     1.1     1.7     4.3     9.65 C     0.7    -8.0    -1.3    93.6    45.1    66.2   0.401   0.342   0.359   0.368   0.292     0.8     0.9     1.3     1.9     3.4
03761 20160206  2.422  -75.79   39.86     3.8    -6.9    -1.6    -0.9     0.0    10.46 C     1.0   -10.8    -5.3    89.0    41.4    61.8   0.382   0.327   0.347   0.361   0.290     0.7     0.9     1.3     1.9     3.4
03761 20160207  2.422  -75.79   39.86     5.6    -7.1    -0.7    -0.1     0.0     6.98 C     0.8   -10.5    -4.0    91.0    35.3    65.1   0.389   0.319   0.340   0.356   0.286     0.5     0.8     1.2     2.0     3.4
03761 20160208  2.422  -75.79   39.86     4.1    -1.1     1.5     2.2     2.6     7.21 C     0.9    -3.1    -0.6    94.3    48.6    62.6   0.407   0.320   0.338   0.352   0.283     0.5     0.8     1.2     1.9     3.3
03761 20160209  2.422  -75.79   39.86     0.3    -1.4    -0.6    -0.7     7.5     3.44 C     0.0    -4.2    -1.1    96.3    87.3    92.2   0.410   0.327   0.341   0.352   0.281     0.6     0.9     1.2     1.9     3.3
03761 20160210  2.422  -75.79   39.86    -0.4    -5.3    -2.9    -2.0     0.6    10.13 C    -1.1    -9.4    -4.1    91.0    47.8    66.7   0.379   0.326   0.341   0.352   0.281     0.8     1.0     1.3     1.9     3.3
03761 20160211  2.422  -75.79   39.86    -5.3    -9.5    -7.4    -7.1     0.0    13.19 C    -5.4   -17.4   -11.3    57.7    37.0    48.2   0.368   0.324   0.340   0.352   0.279     0.9     1.1     1.4     2.0     3.3
03761 20160212  2.422  -75.79   39.86    -5.7   -16.5   -11.1    -8.9     0.3    10.93 C    -4.7   -22.7   -11.9    83.9    42.6    57.7   0.373   0.319   0.337   0.352   0.279     0.7     1.0     1.3     2.0     3.2
03761 20160213  2.422  -75.79   39.86    -7.1   -13.0   -10.1    -9.6     0.0    13.05 C    -6.7   -17.5   -12.3    89.8    33.9    53.5   0.375   0.314   0.333   0.349   0.277     0.5     0.8     1.2     2.0     3.2
03761 20160214  2.422  -75.79   39.86   -10.2   -15.0   -12.6   -12.6     0.0    15.96 C    -7.9   -18.2   -13.3    66.9    37.1    48.2   0.360   0.306   0.329   0.348   0.276     0.4     0.7     1.1     1.9     3.2
03761 20160215  2.422  -75.79   39.86    -1.9   -11.1    -6.5    -6.5     7.0     2.77 C     0.0   -10.8    -5.4    94.5    50.8    75.9 -99.000   0.296   0.324   0.346   0.274     0.3     0.5     1.0     1.8     3.1
03761 20160216  2.422  -75.79   39.86     9.7    -1.9     3.9     5.2    24.1     3.02 C     4.8    -1.7     1.6    97.3    62.7    84.6 -99.000 -99.000   0.362   0.366   0.287     0.1     0.3     0.8     1.6     3.0
03761 20160217  2.422  -75.79   39.86     3.7    -0.7     1.5     2.4     0.0     7.13 C     8.6    -5.5     0.5    75.6    54.4    64.2 -99.000 -99.000   0.356   0.366   0.294     0.1     0.3     0.7     1.5     2.8
03761 20160218  2.422  -75.79   39.86     0.4    -5.7    -2.7    -1.8     0.0    15.80 C     7.2   -10.8    -3.0    68.0    33.0    47.8 -99.000 -99.000   0.348   0.361   0.291     0.2     0.3     0.7     1.5     2.7
03761 20160219  2.422  -75.79   39.86     1.5    -9.1    -3.8    -2.8     0.0     8.21 C     7.7   -11.7    -2.7    82.9    35.0    61.9 -99.000 -99.000   0.342   0.357   0.287     0.2     0.4     0.7     1.5     2.7
03761 20160220  2.422  -75.79   39.86    15.6     1.4     8.5     8.0     0.0    10.06 C    17.7    -2.8     4.4    72.3    35.1    54.6 -99.000 -99.000   0.338   0.354   0.284     0.2     0.4     0.7     1.5     2.7
03761 20160221  2.422  -75.79   39.86    14.4     1.0     7.7     8.4     1.5     6.28 C    21.0    -2.8     5.5    93.8    41.1    69.0   0.396 -99.000   0.344   0.354   0.282     0.5     0.5     0.8     1.5     2.6
03761 20160222  2.422  -75.79   39.86     9.6     0.6     5.1     4.7     0.0    16.11 C    17.5    -4.8     3.1    94.2    41.5    65.5   0.389   0.343   0.353   0.362   0.285     1.4     1.1     1.2     1.6     2.6
03761 20160223  2.422  -75.79   39.86     4.8    -0.5     2.1     2.6    10.6     2.20 C     5.3    -3.1     1.9    93.0    63.8    87.0   0.392   0.349   0.356   0.365   0.287     1.6     1.5     1.6     1.9     2.7
03761 20160224  2.422  -75.79   39.86    15.7     2.9     9.3     9.5    51.9     1.14 C    15.2     2.5     9.0    96.1    87.8    94.3   0.416   0.369   0.374   0.381   0.306     3.4     2.7     2.3     2.1     2.7
03761 20160225  2.422  -75.79   39.86    15.1     1.9     8.5     6.8     0.0     3.93 C    13.3     0.1     5.3    89.5    45.8    65.1   0.388   0.345   0.354   0.369   0.314     5.6     5.3     4.4     3.2     2.9
03761 20160226  2.422  -75.79   39.86     2.6    -1.9     0.3     0.5     0.0    14.28 C     9.3    -4.6     0.3    61.2    29.5    44.4   0.371   0.332   0.343   0.360   0.297     2.9     3.2     3.5     3.5     3.3
03761 20160227  2.422  -75.79   39.86     4.8    -5.2    -0.2     0.2     0.0    17.05 C    14.0    -8.6    -0.6    62.3    37.1    48.3   0.361   0.325   0.337   0.355   0.291     1.9     2.2     2.6     3.2     3.5
03761 20160228  2.422  -75.79   39.86    15.9    -0.2     7.9     7.8     0.0    17.83 C    22.3    -5.6     5.0    61.5    23.5    44.8   0.357   0.321   0.334   0.352   0.287     2.6     2.4     2.5     2.9     3.5
03761 20160229  2.422  -75.79   39.86    15.1     1.5     8.3     8.9     0.4     9.75 C    18.5    -3.6     4.4    80.9    41.7    53.0   0.354   0.318   0.331   0.350   0.284     3.5     3.3     3.2     3.1     3.5
03761 20160301  2.422  -75.79   39.86    15.9    -0.8     7.5     8.6     0.0    17.47 C    23.3    -4.6     7.6    83.2    33.1    55.9   0.349   0.314   0.328   0.348   0.281     3.9     3.7     3.5     3.4     3.6
03761 20160302  2.422  -75.79   39.86    14.9    -2.7     6.1     4.1     3.4    17.75 C    11.3    -5.9     3.6    85.8    35.3    50.4   0.364   0.316   0.327   0.346   0.279     4.6     4.5     4.3     3.9     3.8
03761 20160303  2.422  -75.79   39.86     1.5    -4.8    -1.6    -1.5     1.4    15.16 C    13.7    -8.2     0.5    91.8    35.4    48.0   0.354   0.314   0.327   0.345   0.276     2.7     2.9     3.4     3.9     4.0
03761 20160304  2.422  -75.79   39.86     2.6    -2.2     0.2    -0.2     2.0     6.31 C     6.7    -6.4    -0.8    93.0    53.7    76.1   0.362   0.318   0.326   0.343   0.274     2.7     2.9     3.1     3.7     4.0
03761 20160305  2.422  -75.79   39.86     3.7    -4.6    -0.4    -0.1     0.0    12.60 C    13.1    -8.7    -0.2    78.1    40.9    56.1   0.362   0.320   0.328   0.342   0.272     2.1     2.3     2.7     3.4     3.9
03761 20160306  2.422  -75.79   39.86     6.6    -3.2     1.7     1.3     0.0     9.49 C    15.5    -6.9     1.0    85.9    42.5    64.8   0.356   0.317   0.328   0.341   0.270     2.5     2.5     2.7     3.3     3.9
03761 20160307  2.422  -75.79   39.86    14.7    -3.7     5.5     6.1     0.0    18.47 C    22.2    -6.9     4.9    93.7    43.1    68.8   0.349   0.315   0.326   0.340   0.269     3.0     2.9     2.9     3.3     3.8
03761 20160308  2.422  -75.79   39.86    22.2     3.3    12.7    13.8     0.0    15.60 C    28.3    -0.8    11.2    77.9    22.2    44.6   0.343   0.316   0.324   0.340   0.267     5.0     4.5     4.0     3.6     3.8
03761 20160309  2.422  -75.79   39.86    26.2     2.3    14.2    15.2     0.0    19.09 C    30.1    -1.6    12.3    85.3    21.5    49.8   0.335   0.318   0.321   0.338   0.266     6.2     5.7     5.1     4.3     4.1
03761 20160310  2.422  -75.79   39.86    26.2    10.8    18.5    19.1     0.0    16.55 C    31.8     5.4    16.6    76.3    35.2    54.0   0.325   0.311   0.317   0.337   0.265     8.1     7.3     6.3     5.1     4.4
03761 20160311  2.422  -75.79   39.86    18.8     4.6    11.7    14.8     0.0    17.49 C    25.5    -0.8    13.0    83.9    28.8    55.4   0.317   0.304   0.313   0.336   0.263     9.2     8.6     7.6     6.0     4.9
03761 20160312  2.422  -75.79   39.86    13.9    -0.6     6.7     7.8     0.0    11.39 C    23.7    -3.8     7.3    86.3    40.0    64.0   0.311   0.298   0.309   0.334   0.263     7.4     7.4     7.2     6.6     5.4
03761 20160313  2.422  -75.79   39.86    14.3     7.9    11.1    10.3     7.4     3.26 C    14.5     5.8     9.2    94.4    42.6    72.4   0.326   0.297   0.306   0.332   0.262     7.5     7.4     7.1     6.6     5.7
03761 20160314  2.422  -75.79   39.86     8.6     5.5     7.0     7.2    17.5     3.83 C     9.9     5.5     7.3    94.1    76.1    90.7   0.401   0.358   0.350   0.354   0.261     7.4     7.3     7.1     6.7     5.9
03761 20160315  2.422  -75.79   39.86    11.5     4.9     8.2     7.6     1.2     5.10 C    15.2     2.5     7.2    95.8    76.2    90.4   0.384   0.351   0.347   0.360   0.265     7.2     7.1     7.0     6.8     6.1
03761 20160316  2.422  -75.79   39.86    19.2     2.3    10.8    10.6     0.0    14.46 C    26.4     1.2    10.1    97.4    56.4    81.4   0.370   0.343   0.342   0.357   0.269     7.5     7.3     7.0     6.8     6.2
03761 20160317  2.422  -75.79   39.86    16.1     2.5     9.3     9.5     0.3    11.56 C    23.7     0.8     8.3    98.0    32.4    65.2   0.358   0.334   0.336   0.354   0.268     7.8     7.7     7.5     7.0     6.3
03761 20160318  2.422  -75.79   39.86    15.5     3.8     9.7     9.9     0.0    20.54 C    22.0    -2.1     7.0    66.9    17.7    37.9   0.346   0.327   0.332   0.351   0.267     7.2     7.3     7.3     7.1     6.5
03761 20160319  2.422  -75.79   39.86     6.2    -0.9     2.7     2.6     0.8     5.17 C     8.3    -3.4     2.2    92.0    42.9    71.7   0.339   0.321   0.327   0.349   0.266     6.1     6.4     6.7     7.0     6.6
03761 20160320  2.422  -75.79   39.86     5.3     0.3     2.8     2.3     0.4     7.32 C    11.7    -0.9     2.5    92.2    38.5    57.1   0.338   0.319   0.324   0.346   0.265     5.5     5.7     6.0     6.6     6.5
03761 20160321  2.422  -75.79   39.86     7.9    -2.5     2.7     3.0     0.5    20.93 C    15.8    -6.3     2.7    95.9    27.8    55.6   0.336   0.316   0.321   0.343   0.264     5.1     5.3     5.7     6.3     6.4
03761 20160322  2.422  -75.79   39.86    13.0    -3.9     4.6     5.7     0.0    20.77 C    21.8    -7.6     4.7    74.2    33.3    48.9   0.328   0.310   0.317   0.341   0.263     5.0     5.1     5.4     6.0     6.3
03761 20160323  2.422  -75.79   39.86    20.6     6.0    13.3    13.0     0.0    16.45 C    23.7    -1.0     9.2    66.9    24.7    45.5   0.318   0.303   0.313   0.339   0.261     6.3     6.1     5.9     6.0     6.2
03761 20160324  2.422  -75.79   39.86    21.4     3.3    12.4    12.9     0.0    21.28 C    26.6    -0.1    11.7    84.2    38.0    61.0   0.307   0.295   0.308   0.337   0.261     7.5     7.1     6.7     6.3     6.2
03761 20160325  2.422  -75.79   39.86    20.2     6.8    13.5    15.6     0.0    10.36 C    25.6     3.7    14.1    80.0    40.6    61.8   0.298   0.288   0.304   0.336   0.260     9.3     8.7     8.0     7.0     6.4
03761 20160326  2.422  -75.79   39.86    13.1     0.4     6.8     6.8     0.0    23.15 C    22.3    -2.3     8.0    83.6    40.6    60.0   0.288   0.280   0.299   0.333   0.259     8.4     8.3     8.0     7.5     6.7
03761 20160327  2.422  -75.79   39.86    13.4     6.1     9.8     9.1     0.0     9.17 C    18.8     5.5    10.1    91.2    61.9    76.2   0.281   0.274   0.295   0.331   0.258     8.6     8.4     8.1     7.7     7.0
03761 20160328  2.422  -75.79   39.86    17.9     6.3    12.1    10.6    12.9    16.37 C    21.5     6.5    11.0    95.4    34.5    70.1   0.348   0.299   0.295   0.329   0.257     8.9     8.8     8.4     7.9     7.2
03761 20160329  2.422  -75.79   39.86    12.6     0.1     6.3     8.4     0.0    23.50 C    18.8    -4.3     7.8    60.0    20.0    39.0   0.328   0.297   0.297   0.327   0.256     8.3     8.4     8.4     8.1     7.4
03761 20160330  2.422  -75.79   39.86    14.3    -4.1     5.1     6.2     0.0    24.21 C    22.8    -7.2     6.3    77.7    23.6    48.5   0.306   0.287   0.296   0.325   0.255     7.4     7.5     7.7     7.9     7.5
03761 20160331  2.422  -75.79   39.86    21.5     7.0    14.3    15.7     0.0    10.78 C    22.4     1.0    13.1    81.9    46.5    61.9   0.291   0.279   0.293   0.323   0.254     8.4     8.2     7.9     7.9     7.5
03761 20160401  2.422  -75.79   39.86    24.4    13.9    19.2    19.1     4.9    13.62 C    29.1    12.0    18.5    94.3    52.7    78.0   0.285   0.272   0.290   0.322   0.254    11.2    10.3     9.3     8.3     7.6
03761 20160402  2.422  -75.79   39.86    15.9     5.3    10.6    11.1     5.0    10.70 C    21.9     3.6    10.4    87.4    30.0    63.6   0.312   0.273   0.289   0.318   0.253    11.0    10.8    10.2     9.1     7.9
03761 20160403  2.422  -75.79   39.86     6.2    -0.9     2.7     2.5     0.0    25.22 C    14.2    -3.5     3.3    76.3    27.5    40.9   0.314   0.276   0.288   0.314   0.252     8.1     8.7     9.1     9.2     8.2
03761 20160404  2.422  -75.79   39.86    15.8    -0.6     7.6     7.0     3.9     5.98 C    18.0    -0.9     6.4    87.0    39.1    65.3   0.306   0.274   0.286   0.312   0.251     7.4     7.6     8.0     8.6     8.2
03761 20160405  2.422  -75.79   39.86     5.2    -4.0     0.6     0.3     0.0    24.77 C    14.6    -7.6     2.1    76.1    21.9    45.0   0.313   0.276   0.286   0.310   0.250     6.9     7.3     7.6     8.2     8.1
03761 20160406  2.422  -75.79   39.86    11.5    -6.3     2.6     3.9     0.0    24.58 C    20.2    -8.8     5.2    84.1    29.3    55.2   0.297   0.272   0.285   0.309   0.249     6.2     6.4     6.9     7.8     8.0
03761 20160407  2.422  -75.79   39.86    14.3     6.7    10.5    10.3    11.9     8.80 C    19.9     2.7     9.3    92.9    50.7    79.4   0.330   0.286   0.285   0.307   0.249     7.8     7.6     7.5     7.7     7.8
03761 20160408  2.422  -75.79   39.86     8.3    -1.5     3.4     5.0     0.0    17.43 C    15.4    -3.9     4.2    84.3    36.7    57.9   0.348   0.298   0.292   0.307   0.248     7.6     7.7     7.7     7.9     7.8
03761 20160409  2.422  -75.79   39.86     3.3    -2.5     0.4     0.8     6.2     4.75 C     4.4    -4.7     0.5    94.6    44.5    80.3   0.361   0.309   0.296   0.306   0.247     5.9     6.3     6.9     7.7     7.8
03761 20160410  2.422  -75.79   39.86     8.7    -2.8     2.9     2.7     0.0    25.02 C    19.0    -6.3     4.4    57.6    21.3    45.8   0.354   0.316   0.306   0.305   0.246     5.7     5.9     6.3     7.2     7.7
03761 20160411  2.422  -75.79   39.86    18.9     4.4    11.6    11.5     0.2    13.82 C    24.1     3.1    10.7    83.1    41.1    61.3   0.332   0.305   0.306   0.305   0.246     7.2     6.9     6.8     7.1     7.5
03761 20160412  2.422  -75.79   39.86    16.3     5.8    11.0    12.4     7.0    16.31 C    21.0     1.2    11.3    92.4    28.3    57.0   0.357   0.312   0.308   0.306   0.245     8.9     8.4     7.9     7.6     7.4
03761 20160413  2.422  -75.79   39.86    12.1    -1.6     5.2     6.3     0.0    26.62 C    21.4    -3.9     6.6    83.9    27.4    50.2   0.340   0.308   0.310   0.307   0.245     8.2     8.1     8.0     7.9     7.6
03761 20160414  2.422  -75.79   39.86    15.3    -1.3     7.0     7.6     0.0    26.57 C    23.7    -3.7     7.8    93.7    26.4    59.6   0.317   0.297   0.307   0.307   0.244     8.1     7.9     7.9     8.0     7.7
03761 20160415  2.422  -75.79   39.86    16.4    -0.9     7.8     8.2     0.0    26.44 C    24.2    -3.3     8.6    93.3    26.6    59.8   0.299   0.287   0.303   0.308   0.243     8.4     8.1     8.0     8.1     7.8
03761 20160416  2.422  -75.79   39.86    17.7     0.5     9.1     9.9     0.0    26.72 C    25.0    -1.8     9.1    89.6    20.9    53.0   0.283   0.279   0.297   0.308   0.243     8.7     8.4     8.2     8.3     7.9
03761 20160417  2.422  -75.79   39.86    21.4     0.3    10.9    11.8     0.0    26.81 C    26.8    -2.4    10.9    91.1    23.3    54.4   0.266   0.269   0.290   0.308   0.243     9.1     8.7     8.4     8.5     7.9
03761 20160418  2.422  -75.79   39.86    24.5     5.1    14.8    16.4     0.0    27.21 C    29.3     1.8    13.9    85.4    18.9    43.1   0.248   0.257   0.284   0.307   0.241    10.1     9.5     9.0     8.7     8.0
03761 20160419  2.422  -75.79   39.86    22.4     6.7    14.5    15.6     0.0    22.40 C    27.6     3.3    13.1    81.4    19.1    40.2   0.228   0.245   0.276   0.306   0.241    10.6    10.1     9.6     9.2     8.2
03761 20160420  2.422  -75.79   39.86    18.8     1.5    10.2    11.8     0.0    28.09 C    26.2    -2.3    10.6    79.9    20.4    43.6   0.211   0.232   0.268   0.305   0.241    10.3     9.9     9.6     9.4     8.4
03761 20160421  2.422  -75.79   39.86    19.5     2.6    11.0    13.4     0.0    19.83 C    25.2    -0.8    12.1    89.2    27.1    60.2   0.199   0.221   0.261   0.303   0.240    10.0     9.6     9.5     9.5     8.6
03761 20160422  2.422  -75.79   39.86    22.6    13.1    17.8    18.3     0.0    14.96 C    31.7     8.2    17.8    91.5    49.8    72.0   0.191   0.214   0.257   0.302   0.240    11.7    10.9    10.2     9.7     8.7
03761 20160423  2.422  -75.79   39.86    19.4     8.7    14.1    14.9     5.5    16.20 C    26.4     4.0    14.1    92.1    23.0    61.9   0.190   0.212   0.254   0.301   0.240    12.4    11.7    11.0    10.2     8.9
03761 20160424  2.422  -75.79   39.86    17.1     4.7    10.9    11.2     0.0    27.57 C    29.6    -0.4    12.0    77.5    23.8    34.1   0.189   0.209   0.251   0.300   0.239    11.4    11.0    10.8    10.5     9.2
03761 20160425  2.422  -75.79   39.86    23.1     4.4    13.8    14.5     0.4    25.70 C    32.2     0.9    15.5    83.5    34.5    61.7   0.186   0.204   0.248   0.297   0.238    11.7    11.0    10.7    10.6     9.4
03761 20160426  2.422  -75.79   39.86    27.9    10.7    19.3    18.5     2.6    21.38 C    33.5     8.5    18.7    95.9    34.4    72.4   0.180   0.197   0.243   0.296   0.238    13.2    12.3    11.5    10.9     9.5
03761 20160427  2.422  -75.79   39.86    13.4     6.3     9.9     9.6     0.0     5.17 C    15.9     3.4    10.3    94.7    73.4    83.8   0.179   0.193   0.240   0.295   0.237    12.8    12.3    11.9    11.4     9.7
03761 20160428  2.422  -75.79   39.86    12.3     5.5     8.9     7.7     3.6     5.55 C    15.3     4.5     8.3    96.3    48.9    82.6   0.179   0.193   0.239   0.293   0.237    11.1    11.0    11.1    11.3    10.0
03761 20160429  2.422  -75.79   39.86    10.1     5.8     8.0     7.8     0.6     5.61 C    13.9     6.3     9.0    94.9    71.8    86.5   0.183   0.195   0.238   0.291   0.236    10.7    10.5    10.6    11.0    10.0
03761 20160430  2.422  -75.79   39.86    14.3     6.7    10.5    10.3     0.4    15.16 C    25.2     6.9    12.5    87.2    55.0    70.6   0.185   0.195   0.237   0.290   0.237    11.4    10.9    10.7    10.8    10.0
03761 20160501  2.422  -75.79   39.86    10.8     6.8     8.8     8.9    11.2     3.44 C    12.7     7.4     9.9    95.7    74.6    91.1   0.218   0.198   0.236   0.289   0.236    11.3    11.0    10.9    10.9    10.0
03761 20160502  2.422  -75.79   39.86    17.8     8.3    13.1    12.3    10.3     9.95 C    23.9     8.8    13.6    96.5    79.4    91.6   0.266   0.219   0.236   0.288   0.235    11.7    11.2    10.9    10.9    10.0
03761 20160503  2.422  -75.79   39.86    14.1    10.8    12.5    12.9     2.7     5.43 C    17.8    11.0    13.8    93.8    83.8    90.0   0.351   0.281   0.242   0.287   0.235    12.6    12.1    11.6    11.2    10.1
03761 20160504  2.422  -75.79   39.86    11.4     8.9    10.1    10.0     7.2     4.82 C    15.5     9.3    11.1    94.6    83.2    90.5   0.363   0.296   0.269   0.286   0.234    12.2    11.9    11.7    11.4    10.3
03761 20160505  2.422  -75.79   39.86    12.6     8.1    10.4    10.5     0.2     6.14 C    15.8     8.6    11.3    93.7    69.7    80.2   0.342   0.294   0.285   0.285   0.234    11.8    11.6    11.5    11.4    10.4
03761 20160506  2.422  -75.79   39.86    11.5     8.7    10.1    10.0    31.4     6.36 C    15.4     8.8    10.9    94.4    74.4    89.1   0.381   0.345   0.338   0.321   0.233    11.7    11.5    11.4    11.4    10.5
03761 20160507  2.422  -75.79   39.86    14.8     8.3    11.5    10.6     2.5    10.73 C    24.5     5.9    11.4    94.6    63.4    86.7   0.375   0.350   0.352   0.352   0.235    11.9    11.6    11.4    11.4    10.5
03761 20160508  2.422  -75.79   39.86    18.6     6.7    12.6    13.6     0.3    27.02 C    26.5     2.7    13.7    95.6    23.7    60.1   0.352   0.332   0.340   0.348   0.237    12.6    12.0    11.7    11.5    10.6
03761 20160509  2.422  -75.79   39.86 -9999.0 -9999.0 -9999.0 -9999.0 -9999.0 -9999.00 U -9999.0 -9999.0 -9999.0 -9999.0 -9999.0 -9999.0 -99.000 -99.000 -99.000 -99.000 -99.000 -9999.0 -9999.0 -9999.0 -9999.0 -9999.0
03761 20160510  2.422  -75.79   39.86    13.2     8.8    11.0    11.0     0.5     8.96 C    17.9     6.3    11.2    91.6    49.9    68.3   0.331   0.310   0.326   0.342   0.240    12.2    11.9    11.8    11.8    10.8
03761 20160511  2.422  -75.79   39.86    17.4     8.7    13.1    13.7     0.0     8.63 C    22.1     8.3    14.3    93.3    60.7    77.1   0.328   0.306   0.322   0.340   0.241    12.6    12.2    11.9    11.8    10.8
03761 20160512  2.422  -75.79   39.86    21.9    10.2    16.0    17.1     0.0    18.47 C    28.4     8.3    17.9    95.4    64.6    80.1   0.322   0.301   0.318   0.337   0.242    14.0    13.2    12.5    12.0    10.9
03761 20160513  2.422  -75.79   39.86    21.5    11.4    16.5    16.7     2.0     5.93 C    22.7     8.1    15.6    95.8    61.6    88.0   0.318   0.297   0.314   0.335   0.242    14.4    13.8    13.2    12.5    11.1
03761 20160514  2.422  -75.79   39.86    22.1     9.8    16.0    15.2     1.3    18.86 C    28.4     6.1    14.7    91.2    42.7    66.6   0.316   0.295   0.311   0.333   0.242    14.3    13.7    13.2    12.8    11.3
03761 20160515  2.422  -75.79   39.86    12.9     5.4     9.1     9.2     0.0    19.71 C    20.0     1.2     8.8    70.7    29.5    51.8   0.311   0.290   0.308   0.331   0.241    13.4    13.2    13.0    13.0    11.5
03761 20160516  2.422  -75.79   39.86    17.5     2.8    10.2    10.9     0.0    29.11 C    22.7    -1.0    10.6    69.6    28.5    45.1   0.302   0.284   0.303   0.328   0.241    12.7    12.4    12.3    12.7    11.6
03761 20160517  2.422  -75.79   39.86    14.8     6.2    10.5    11.0     3.6     6.38 C    15.5     4.8    10.6    96.6    48.5    76.3   0.297   0.279   0.299   0.326   0.241    12.8    12.6    12.4    12.7    11.5
03761 20160518  2.422  -75.79   39.86    18.0     6.2    12.1    12.8     0.0    13.42 C    24.1     4.8    13.3    96.8    38.0    67.1   0.302   0.281   0.297   0.324   0.240    12.9    12.5    12.3    12.6    11.5
03761 20160519  2.422  -75.79   39.86    20.9     7.8    14.4    14.7     0.0    17.88 C    28.4     4.4    14.5    91.6    29.6    62.6   0.298   0.277   0.294   0.322   0.240    14.0    13.4    12.8    12.6    11.5
03761 20160520  2.422  -75.79   39.86    22.8     5.8    14.3    15.6     0.0    27.63 C    30.3     2.7    15.7    88.7    28.9    56.2   0.287   0.270   0.290   0.320   0.240    14.3    13.6    13.1    12.9    11.6
03761 20160521  2.422  -75.79   39.86    15.5    10.3    12.9    12.3    19.0     6.84 C    17.7     8.5    12.5    92.6    63.1    82.3   0.298   0.279   0.287   0.318   0.240    14.2    13.8    13.4    13.2    11.8
03761 20160522  2.422  -75.79   39.86    17.9     9.9    13.9    13.4     2.9    10.58 C    21.6     9.3    13.9    95.2    52.8    79.3   0.375   0.338   0.316   0.316   0.239    14.0    13.5    13.2    13.2    11.9
03761 20160523  2.422  -75.79   39.86    23.8    10.7    17.2    15.7     1.9    19.94 C    30.9     9.3    17.0    95.9    43.0    79.0   0.355   0.322   0.320   0.316   0.239    15.1    14.3    13.6    13.3    12.0
03761 20160524  2.422  -75.79   39.86    26.5    11.9    19.2    19.6     0.0    25.42 C    30.3    10.5    18.8    95.2    28.3    58.6   0.343   0.311   0.316   0.316   0.238    16.2    15.3    14.4    13.7    12.1
03761 20160525  2.422  -75.79   39.86    28.6    11.4    20.0    21.2     0.0    27.15 C    32.7     7.6    19.3    84.7    27.9    52.4   0.320   0.298   0.310   0.317   0.238    16.9    16.0    15.0    14.2    12.4
03761 20160526  2.422  -75.79   39.86    30.0    12.1    21.0    22.3     0.0    27.00 C    34.3    10.0    21.8    93.8    36.3    62.2   0.299   0.284   0.302   0.316   0.237    17.8    16.7    15.7    14.7    12.7
03761 20160527  2.422  -75.79   39.86    30.1    17.5    23.8    24.3     0.0    24.13 C    42.9    15.0    25.8    90.7    51.3    69.5   0.288   0.274   0.296   0.316   0.237    19.4    18.0    16.7    15.4    13.0
03761 20160528  2.422  -75.79   39.86    30.4    17.3    23.8    24.2     0.0    26.88 C    42.1    14.9    26.2    90.6    46.0    67.6   0.280   0.267   0.292   0.315   0.237    20.5    19.2    17.7    16.1    13.4
03761 20160529  2.422  -75.79   39.86    29.3    15.9    22.6    22.4    19.3    25.98 C    42.3    13.5    25.9    95.2    42.2    75.8   0.272   0.266   0.287   0.315   0.237    21.0    19.7    18.4    16.8    13.9
03761 20160530  2.422  -75.79   39.86    26.8    18.9    22.8    22.1     0.2    18.49 C    40.2    19.4    25.1    95.4    55.5    81.9   0.357   0.313   0.300   0.314   0.237    21.7    20.5    19.2    17.4    14.4
03761 20160531  2.422  -75.79   39.86    28.8    16.4    22.6    23.3     0.0    27.62 C    40.9    15.4    26.4    95.2    33.8    67.6   0.329   0.298   0.303   0.313   0.236    22.3    21.0    19.7    18.0    14.9
03761 20160601  2.422  -75.79   39.86    30.2    14.7    22.5    22.4     0.0    24.05 C    42.8    13.6    24.4    95.7    32.6    65.6   0.305   0.285   0.299   0.313   0.237    21.7    20.8    19.8    18.5    15.4
03761 20160602  2.422  -75.79   39.86    27.4    16.1    21.7    21.4     0.0    24.16 C    39.8    14.5    25.1    94.1    55.2    76.5   0.291   0.274   0.295   0.312   0.237    21.6    20.7    19.8    18.6    15.7
03761 20160603  2.422  -75.79   39.86    23.6    18.1    20.9    20.1    14.1     8.68 C    28.7    17.5    21.8    94.8    75.4    88.9   0.336   0.302   0.298   0.312   0.236    21.3    20.7    20.0    18.9    16.0
03761 20160604  2.422  -75.79   39.86    27.7    17.9    22.8    21.9     0.0    17.75 C    38.6    17.1    24.6    93.7    56.2    78.4   0.344   0.305   0.307   0.312   0.236    21.6    20.7    19.9    18.9    16.2
03761 20160605  2.422  -75.79   39.86    27.0    17.8    22.4    21.1    18.0     8.07 C    33.7    16.3    22.0    95.9    69.5    87.7   0.351   0.318   0.318   0.312   0.235    21.4    20.8    20.2    19.1    16.5
03761 20160606  2.422  -75.79   39.86    28.9    16.7    22.8    22.9     0.0    25.88 C    38.0    15.3    24.4    95.9    38.4    66.7   0.365   0.332   0.338   0.329   0.235    21.5    20.7    20.1    19.2    16.7
03761 20160607  2.422  -75.79   39.86    27.6    17.2    22.4    21.9     0.8    22.39 C    38.2    13.5    22.7    94.3    36.4    61.9   0.344   0.312   0.329   0.337   0.234    21.5    20.9    20.3    19.3    16.9
03761 20160608  2.422  -75.79   39.86    20.1    11.8    15.9    15.7     3.5    21.31 C    29.0     8.5    16.3    84.3    41.2    56.9   0.338   0.308   0.323   0.337   0.234    19.6    19.5    19.5    19.2    17.1
03761 20160609  2.422  -75.79   39.86    23.1     9.7    16.4    16.8     0.0    29.67 C    31.6     6.6    17.8    75.9    25.6    46.6   0.330   0.303   0.319   0.335   0.235    18.4    18.3    18.4    18.7    17.0
03761 20160610  2.422  -75.79   39.86    24.0    10.4    17.2    17.1     0.0    28.92 C    36.4     8.1    19.1    90.1    22.5    50.1   0.314   0.294   0.313   0.333   0.235    18.8    18.5    18.3    18.3    16.9
03761 20160611  2.422  -75.79   39.86    32.3    10.9    21.6    23.3     0.0    24.72 C    41.5     9.9    24.9    91.1    37.4    63.2   0.301   0.285   0.307   0.331   0.235    20.2    19.4    18.8    18.3    16.8
03761 20160612  2.422  -75.79   39.86    29.9    17.8    23.8    25.5     0.0    29.23 C    38.6    14.1    25.6    71.4    13.6    41.1   0.283   0.272   0.300   0.330   0.235    21.8    21.0    20.0    18.9    16.9
03761 20160613  2.422  -75.79   39.86    23.5    14.5    19.0    19.1     0.0    28.32 C    38.0    10.5    22.6    73.2    40.2    51.7   0.263   0.259   0.292   0.327   0.234    21.0    20.4    19.9    19.2    17.1
03761 20160614  2.422  -75.79   39.86    23.9    11.8    17.8    18.7     0.0    28.78 C    38.0    10.1    22.2    88.9    30.2    50.3   0.247   0.248   0.285   0.325   0.234    21.6    20.9    20.2    19.4    17.3
03761 20160615  2.422  -75.79   39.86    23.5    10.6    17.0    18.3     1.1    17.02 C    33.8     9.2    20.9    92.5    53.1    73.2   0.236   0.239   0.279   0.322   0.234    20.7    20.3    20.0    19.5    17.4
03761 20160616  2.422  -75.79   39.86    19.9    16.2    18.1    17.8    16.4     4.41 C    25.1    16.3    19.1    93.7    76.7    90.2   0.275   0.287   0.279   0.319   0.234    20.3    20.1    19.8    19.5    17.5
03761 20160617  2.422  -75.79   39.86    27.7    15.5    21.6    20.9     0.0    24.55 C    39.0    13.7    23.7    93.5    37.8    63.8   0.290   0.291   0.288   0.316   0.234    21.6    20.8    20.0    19.3    17.6
03761 20160618  2.422  -75.79   39.86    27.7    11.5    19.6    20.5     0.0    27.98 C    38.7    10.7    23.6    92.8    37.4    61.5   0.270   0.272   0.286   0.314   0.232    22.6    21.7    20.8    19.8    17.7
03761 20160619  2.422  -75.79   39.86    30.1    14.0    22.1    23.3     0.0    28.68 C    39.7    12.7    24.8    89.4    29.1    55.1   0.252   0.257   0.281   0.312   0.232    23.1    22.3    21.4    20.2    18.0
03761 20160620  2.422  -75.79   39.86    30.1    15.7    22.9    24.1     0.0    26.95 C    40.6    14.4    25.8    82.4    33.3    55.1   0.235   0.241   0.275   0.310   0.231    23.8    22.8    21.9    20.7    18.2
03761 20160621  2.422  -75.79   39.86    27.5    19.4    23.5    23.8     0.0    15.90 C    39.4    17.6    24.9    94.5    57.5    72.3   0.222   0.228   0.268   0.308   0.231    23.8    23.1    22.2    21.1    18.5
03761 20160622  2.422  -75.79   39.86    27.6    18.4    23.0    22.9     0.0    26.46 C    37.8    14.9    24.9    95.3    34.3    63.5   0.213   0.217   0.262   0.306   0.231    23.6    22.9    22.2    21.3    18.8
03761 20160623  2.422  -75.79   39.86    27.7    16.2    21.9    21.3    18.7    19.20 C    40.8    14.5    24.3    95.5    52.3    77.7   0.216   0.227   0.260   0.303   0.231    23.3    22.6    22.1    21.3    18.9
03761 20160624  2.422  -75.79   39.86    25.5    17.3    21.4    21.2     0.7    14.15 C    34.2    16.1    22.7    95.1    63.3    83.1   0.248   0.268   0.275   0.302   0.231    23.3    22.7    22.2    21.4    19.1
03761 20160625  2.422  -75.79   39.86    27.6    15.4    21.5    21.2     0.0    26.62 C    38.9    14.4    24.2    95.7    38.5    70.4   0.238   0.251   0.273   0.301   0.230    23.6    22.9    22.2    21.4    19.2
03761 20160626  2.422  -75.79   39.86    27.7    13.5    20.6    20.8     0.0    26.82 C    39.0    12.7    23.4    94.5    43.0    65.1   0.224   0.235   0.268   0.299   0.230    23.8    23.2    22.5    21.6    19.4
03761 20160627  2.422  -75.79   39.86    27.8    12.7    20.3    20.8     1.3    22.05 C    38.9    12.0    24.2    93.9    55.7    79.4   0.211   0.220   0.262   0.298   0.230    23.7    23.1    22.5    21.7    19.6
03761 20160628  2.422  -75.79   39.86    27.7    19.7    23.7    22.6     0.3    11.09 C    35.1    19.4    24.3    95.3    70.7    88.4   0.206   0.213   0.259   0.297   0.229    24.1    23.5    22.8    21.9    19.6
03761 20160629  2.422  -75.79   39.86    25.9    15.8    20.8    21.5     0.0    29.07 C    37.6    14.4    24.3    94.8    43.5    70.4   0.200   0.206   0.254   0.294   0.229    24.4    23.7    23.0    22.0    19.8
03761 20160630  2.422  -75.79   39.86    27.2    14.3    20.7    21.4     0.0    26.54 C    40.6    12.9    24.1    90.6    42.4    65.7   0.186   0.190   0.248   0.291   0.228    24.1    23.4    22.9    22.1    20.0
03761 20160701  2.422  -75.79   39.86    28.9    16.2    22.5    22.2     0.5    19.75 C    39.8    15.4    24.5    94.4    59.1    80.9   0.176   0.179   0.242   0.289   0.227    24.2    23.6    23.0    22.2    20.1
03761 20160702  2.422  -75.79   39.86    23.8    14.7    19.3    20.1     0.0    25.77 C    36.6    13.7    22.3    87.5    35.9    59.1   0.168   0.170   0.236   0.287   0.227    23.8    23.4    22.9    22.2    20.2
03761 20160703  2.422  -75.79   39.86    23.7    14.5    19.1    19.3     0.0    19.09 C    35.7    13.6    21.9    91.5    52.1    70.3   0.159   0.161   0.230   0.284   0.227    23.1    22.7    22.4    22.1    20.3
03761 20160704  2.422  -75.79   39.86    23.9    15.7    19.8    20.1     5.7     9.53 C    32.0    15.4    22.0    95.3    70.7    86.1   0.158   0.158   0.225   0.281   0.226    22.6    22.3    22.1    21.9    20.2
03761 20160705  2.422  -75.79   39.86    29.6    20.5    25.0    24.6     0.5    22.06 C    37.3    19.6    26.0    93.9    56.3    78.2   0.176   0.176   0.223   0.280   0.226    24.2    23.3    22.5    21.8    20.2
03761 20160706  2.422  -75.79   39.86    31.8    19.5    25.6    26.0     0.0    25.47 C    39.8    18.4    27.6    94.3    42.4    71.4   0.170   0.173   0.220   0.277   0.225    25.4    24.3    23.4    22.2    20.3
03761 20160707  2.422  -75.79   39.86    31.6    19.9    25.7    26.1     0.0    22.66 C    40.0    19.0    27.6    94.8    48.1    73.9   0.162   0.165   0.216   0.274   0.224    26.0    25.0    24.0    22.7    20.4
03761 20160708  2.422  -75.79   39.86    31.5    21.5    26.5    25.6     0.2    22.48 C    41.9    20.0    27.6    92.0    47.3    75.5   0.153   0.157   0.212   0.271   0.224    26.3    25.3    24.4    23.0    20.7
03761 20160709  2.422  -75.79   39.86    27.1    19.3    23.2    22.6     8.4    10.22 C    36.4    18.2    24.0    95.2    78.3    89.9   0.159   0.178   0.217   0.269   0.224    25.2    24.7    24.2    23.3    21.0
03761 20160710  2.422  -75.79   39.86    27.2    17.5    22.3    22.3     0.0    24.04 C    34.5    15.3    23.0    95.8    45.2    66.8   0.170   0.206   0.229   0.269   0.223    24.2    23.8    23.6    23.1    21.1
03761 20160711  2.422  -75.79   39.86    27.3    14.7    21.0    21.1     0.0    27.19 C    36.3    13.1    23.0    92.0    41.5    68.3   0.163   0.186   0.224   0.266   0.222    24.1    23.6    23.3    22.9    21.1
03761 20160712  2.422  -75.79   39.86    28.7    15.5    22.1    22.5     0.0    25.29 C    38.5    14.3    24.9    94.8    49.6    76.2   0.155   0.169   0.218   0.263   0.222    24.7    24.0    23.4    22.8    21.1
03761 20160713  2.422  -75.79   39.86    27.5    19.9    23.7    23.2     5.4     9.46 C    37.8    18.5    24.5    93.2    74.2    86.1   0.160   0.171   0.213   0.262   0.221    24.6    24.1    23.6    22.9    21.1
03761 20160714  2.422  -75.79   39.86    32.4    22.4    27.4    27.0     6.8    21.40 C    37.7    21.7    27.7    95.4    46.4    77.2   0.182   0.220   0.218   0.261   0.221    25.9    24.9    24.1    22.9    21.2
03761 20160715  2.422  -75.79   39.86    30.0    21.2    25.6    26.3     0.0    21.67 C    36.9    19.9    26.4    91.2    52.2    68.8   0.173   0.202   0.217   0.259   0.220    26.1    25.3    24.5    23.4    21.3
03761 20160716  2.422  -75.79   39.86    31.1    20.1    25.6    24.7     2.5    19.72 C    38.9    18.8    25.5    92.5    52.1    75.2   0.171   0.187   0.214   0.257   0.219    25.9    25.1    24.6    23.6    21.5
03761 20160717  2.422  -75.79   39.86    30.2    18.4    24.3    24.6     0.0    27.41 C    37.2    17.4    25.6    94.9    42.8    71.2   0.165   0.179   0.211   0.255   0.219    25.8    25.0    24.5    23.6    21.6
03761 20160718  2.422  -75.79   39.86    32.4    20.2    26.3    24.5    13.3    20.52 C    38.9    18.3    25.5    94.3    46.2    80.3   0.172   0.203   0.217   0.252   0.218    25.7    25.1    24.6    23.7    21.7
03761 20160719  2.422  -75.79   39.86    28.6    18.9    23.8    23.5     1.0    27.03 C    34.1    17.9    24.7    94.6    33.5    69.4   0.185   0.225   0.226   0.251   0.218    25.6    24.9    24.5    23.7    21.8
03761 20160720  2.422  -75.79   39.86    27.6    17.1    22.3    22.5     0.0    27.64 C    34.6    15.0    23.7    93.0    40.1    62.0   0.174   0.203   0.221   0.249   0.218    25.4    24.8    24.4    23.7    21.9
03761 20160721  2.422  -75.79   39.86    29.5    15.7    22.6    23.1     0.0    24.19 C    36.5    14.3    23.9    95.0    44.0    71.7   0.162   0.184   0.217   0.248   0.217    25.1    24.5    24.1    23.6    21.9
03761 20160722  2.422  -75.79   39.86    31.9    18.6    25.2    25.8     0.0    22.96 C    38.5    17.1    26.1    94.3    52.1    72.8   0.153   0.169   0.212   0.246   0.216    25.6    24.8    24.2    23.5    21.9
03761 20160723  2.422  -75.79   39.86    33.4    19.7    26.5    25.0     8.4    21.67 C    39.3    18.1    25.8    94.6    47.5    76.3   0.154   0.168   0.207   0.245   0.215    26.0    25.3    24.7    23.7    21.9
03761 20160724  2.422  -75.79   39.86    31.7    18.0    24.8    25.1     0.0    24.07 C    37.2    16.4    26.0    95.1    37.2    72.1   0.159   0.177   0.204   0.244   0.215    25.8    25.1    24.5    23.7    22.0
03761 20160725  2.422  -75.79   39.86    33.3    21.2    27.3    26.5     8.5    22.32 C    38.3    21.0    27.9    94.7    57.4    79.7   0.177   0.190   0.202   0.243   0.215    27.1    26.2    25.3    23.9    22.1
03761 20160726  2.422  -75.79   39.86    30.7    20.8    25.8    25.6     0.0    22.89 C    36.1    20.1    26.7    95.1    50.4    76.9   0.181   0.211   0.202   0.242   0.215    26.8    26.1    25.4    24.3    22.3
03761 20160727  2.422  -75.79   39.86    31.0    20.0    25.5    25.8     0.0    24.42 C    37.1    19.0    27.1    93.4    42.5    68.1   0.167   0.191   0.201   0.241   0.214    27.0    26.2    25.5    24.4    22.4
03761 20160728  2.422  -75.79   39.86    30.9    19.2    25.1    23.2     7.6    11.94 C    36.7    18.3    24.2    94.4    56.1    84.6   0.172   0.178   0.199   0.241   0.213    25.7    25.4    25.2    24.5    22.6
03761 20160729  2.422  -75.79   39.86    29.5    20.6    25.0    24.4     5.8    23.27 C    36.5    20.6    26.2    94.1    53.9    80.3   0.217   0.226   0.199   0.240   0.213    26.2    25.4    25.0    24.2    22.6
03761 20160730  2.422  -75.79   39.86    28.2    20.5    24.4    23.0    30.1     9.13 C    35.8    19.7    23.9    95.3    70.2    90.6   0.280   0.278   0.251   0.240   0.213    25.6    25.4    25.1    24.3    22.6
03761 20160731  2.422  -75.79   39.86    30.1    22.3    26.2    25.2     0.0    22.07 C    36.3    22.0    27.0    95.1    56.1    82.6   0.324   0.304   0.328   0.241   0.217    26.2    25.5    25.0    24.2    22.7
03761 20160801  2.422  -75.79   39.86    24.8    22.1    23.4    23.4     0.0     6.54 C    28.5    21.4    24.2    94.5    84.2    89.4   0.298   0.283   0.314   0.242   0.238    25.9    25.5    25.3    24.5    22.7
03761 20160802  2.422  -75.79   39.86    26.6    18.1    22.3    22.6     0.0    15.84 C    34.5    16.8    23.9    94.6    64.3    80.2   0.287   0.274   0.306   0.244   0.238    25.4    25.0    24.9    24.3    22.8
03761 20160803  2.422  -75.79   39.86    26.5    15.9    21.2    21.1     0.0    24.90 C    33.8    14.5    22.8    95.0    46.2    74.6   0.269   0.262   0.297   0.245   0.238    25.0    24.7    24.6    24.2    22.8
03761 20160804  2.422  -75.79   39.86    26.9    15.1    21.0    21.2     0.0    23.05 C    33.6    13.8    22.3    95.0    49.6    74.8   0.251   0.249   0.288   0.245   0.237    24.6    24.4    24.3    23.9    22.7
03761 20160805  2.422  -75.79   39.86    26.5    15.7    21.1    21.9     0.0    18.32 C    31.3    14.6    22.7    94.8    57.0    76.6   0.236   0.239   0.280   0.246   0.236    24.2    23.9    23.9    23.7    22.7
03761 20160806  2.422  -75.79   39.86    30.1    21.7    25.9    25.3     0.0    16.69 C    35.6    19.7    25.9    93.5    63.0    80.9   0.225   0.229   0.274   0.246   0.236    25.2    24.6    24.2    23.7    22.6
03761 20160807  2.422  -75.79   39.86    28.6    16.4    22.5    22.6     0.0    25.71 C    34.8    14.6    23.3    92.7    38.1    71.4   0.209   0.218   0.266   0.246   0.236    24.9    24.5    24.3    23.7    22.6
03761 20160808  2.422  -75.79   39.86    27.7    17.4    22.5    22.2     0.0    17.58 C    35.4    15.9    23.0    94.6    51.3    76.8   0.194   0.206   0.259   0.246   0.235    24.4    24.2    24.0    23.6    22.6
03761 20160809  2.422  -75.79   39.86    28.9    17.4    23.2    23.3     0.0    19.41 C    35.3    16.1    24.5    99.8    49.1    78.6   0.184   0.197   0.252   0.246   0.235    24.6    24.2    23.9    23.6    22.5
03761 20160810  2.422  -75.79   39.86    30.2    22.4    26.3    26.2     0.0    17.42 C    35.6    21.7    26.9    94.9    63.3    81.0   0.174   0.188   0.245   0.246   0.234    25.7    25.0    24.4    23.6    22.5
03761 20160811  2.422  -75.79   39.86    31.8    23.9    27.8    27.5     0.9    19.35 C    36.8    22.9    27.9    92.4    64.0    78.1   0.166   0.182   0.239   0.246   0.234    26.5    25.7    25.0    23.9    22.6
03761 20160812  2.422  -75.79   39.86    32.7    24.3    28.5    28.1     0.0    22.61 C    38.0    22.8    28.7    94.6    60.0    78.2   0.157   0.174   0.232   0.245   0.233    26.9    26.2    25.4    24.3    22.7
03761 20160813  2.422  -75.79   39.86    33.5    24.8    29.2    29.0     0.0    23.08 C    38.3    23.4    29.6    94.7    56.2    77.4   0.147   0.165   0.223   0.245   0.232    27.5    26.7    25.9    24.6    22.9
03761 20160814  2.422  -75.79   39.86    33.0    23.5    28.2    28.5     0.0    22.76 C    36.8    22.0    28.5    91.6    49.6    69.8   0.138   0.156   0.215   0.243   0.232    27.5    26.7    26.1    25.0    23.1
03761 20160815  2.422  -75.79   39.86    31.0    21.9    26.4    25.9     1.3    22.64 C    37.2    20.0    27.3    94.4    53.6    76.4   0.132   0.147   0.206   0.241   0.231    27.1    26.4    25.9    25.0    23.3
03761 20160816  2.422  -75.79   39.86    31.3    21.2    26.2    25.5     0.0    16.51 C    36.3    20.3    26.3    95.6    63.8    84.6   0.132   0.143   0.200   0.240   0.230    26.8    26.3    25.8    25.0    23.4
03761 20160817  2.422  -75.79   39.86    29.3    22.0    25.6    25.6     4.6    22.20 C    35.3    21.3    26.4    94.8    49.2    71.5   0.132   0.141   0.195   0.238   0.230    26.6    26.0    25.7    25.0    23.5
03761 20160818  2.422  -75.79   39.86    29.3    20.6    24.9    24.2     1.1    21.63 C    33.7    19.5    25.5    95.1    51.8    79.5   0.158   0.155   0.192   0.236   0.229    26.4    25.8    25.5    24.8    23.5
03761 20160819  2.422  -75.79   39.86    29.6    18.7    24.1    23.6     0.0    23.44 C    36.2    17.0    24.5    95.2    40.5    76.4   0.139   0.148   0.189   0.235   0.229    25.9    25.5    25.3    24.7    23.5
03761 20160820  2.422  -75.79   39.86    30.4    16.6    23.5    24.0     0.0    22.75 C    36.8    15.0    24.7    95.0    43.7    74.2   0.129   0.141   0.185   0.233   0.228    25.2    24.9    24.8    24.5    23.5
03761 20160821  2.422  -75.79   39.86    28.1    21.0    24.6    23.5    13.8    10.31 C    33.8    18.1    23.8    95.1    65.3    86.9   0.162   0.178   0.184   0.232   0.228    25.1    24.9    24.7    24.3    23.3
03761 20160822  2.422  -75.79   39.86    25.0    13.3    19.1    20.3     0.0    23.78 C    31.2    11.2    20.1    93.0    41.5    66.8   0.187   0.211   0.186   0.232   0.228    24.2    24.1    24.2    24.1    23.2
03761 20160823  2.422  -75.79   39.86    25.8    11.2    18.5    18.7     0.0    24.68 C    31.9     9.1    19.5    95.4    40.3    71.6   0.166   0.189   0.186   0.231   0.227    22.6    22.7    23.1    23.6    23.0
03761 20160824  2.422  -75.79   39.86    27.5    13.4    20.5    20.7     0.0    23.30 C    33.9    11.8    21.1    95.3    41.9    73.8   0.149   0.171   0.185   0.229   0.226    22.7    22.7    22.7    23.1    22.8
03761 20160825  2.422  -75.79   39.86    27.7    17.0    22.3    22.7     0.0    14.77 C    32.4    14.4    22.7    93.4    68.3    82.4   0.138   0.157   0.183   0.229   0.225    23.1    22.9    22.8    22.9    22.5
03761 20160826  2.422  -75.79   39.86    31.2    19.7    25.5    25.3     0.0    21.61 C    35.3    17.3    25.5    94.8    46.4    74.9   0.131   0.146   0.182   0.226   0.224    24.3    23.7    23.3    22.8    22.4
03761 20160827  2.422  -75.79   39.86    30.9    17.3    24.1    23.9     0.0    22.00 C    37.1    15.6    24.3    94.6    38.8    70.7   0.122   0.135   0.178   0.225   0.223    24.2    23.8    23.5    23.0    22.3
03761 20160828  2.422  -75.79   39.86    29.6    16.0    22.8    23.0     0.0    22.60 C    36.6    14.3    23.8    95.4    43.2    72.4   0.116   0.127   0.174   0.223   0.221    24.0    23.6    23.4    23.0    22.3
03761 20160829  2.422  -75.79   39.86    31.2    17.3    24.3    24.1     0.0    21.18 C    39.0    15.4    24.5    94.8    41.6    69.5   0.112   0.121   0.170   0.220   0.219    24.2    23.7    23.4    23.0    22.3
03761 20160830  2.422  -75.79   39.86    29.5    16.0    22.8    22.3     0.0    22.10 C    38.6    13.9    22.9    92.5    37.2    66.4   0.108   0.116   0.166   0.218   0.217    23.9    23.6    23.3    22.9    22.3
03761 20160831  2.422  -75.79   39.86    30.6    14.5    22.5    22.5     2.3    19.53 C    39.7    13.0    24.0    94.7    47.7    77.0   0.109   0.111   0.162   0.215   0.214    23.6    23.2    23.0    22.8    22.2
03761 20160901  2.422  -75.79   39.86    25.5    18.2    21.9    21.8     5.9     9.12 C    28.7    14.9    21.6    95.1    59.9    80.6   0.148   0.112   0.161   0.215   0.215    23.8    23.5    23.2    22.8    22.1
03761 20160902  2.422  -75.79   39.86    25.6    15.0    20.3    19.6     0.0    20.49 C    32.7    12.1    20.1    92.9    40.5    67.1   0.129   0.114   0.160   0.214   0.214    22.6    22.6    22.6    22.6    22.1
03761 20160903  2.422  -75.79   39.86    24.8    13.9    19.3    19.1     0.0    17.49 C    32.5    12.0    19.3    92.8    46.0    70.3   0.117   0.113   0.160   0.213   0.209    21.9    22.0    22.1    22.3    21.9
03761 20160904  2.422  -75.79   39.86    26.3    12.8    19.6    18.9     0.0    21.51 C    34.1    10.4    19.7    92.7    34.7    66.7   0.109   0.110   0.159   0.212   0.189    21.6    21.6    21.7    22.0    21.8
03761 20160905  2.422  -75.79   39.86    28.4    12.2    20.3    19.7     0.0    17.08 C    34.2    10.3    19.7    93.4    40.2    70.7   0.104   0.108   0.157   0.210   0.189    21.2    21.2    21.3    21.7    21.6
03761 20160906  2.422  -75.79   39.86    30.1    15.7    22.9    22.8     0.0    21.09 C    36.6    12.3    22.4    89.6    36.7    59.6   0.102   0.106   0.155   0.209   0.186    21.8    21.6    21.4    21.5    21.4
03761 20160907  2.422  -75.79   39.86    31.0    18.7    24.8    23.9     0.0    21.63 C    39.1    15.6    24.8    89.7    36.5    66.4   0.100   0.104   0.152   0.207   0.184    22.8    22.3    21.9    21.6    21.3
03761 20160908  2.422  -75.79   39.86    33.7    20.1    26.9    26.8     0.0    16.62 C    41.5    18.6    27.4    94.3    48.8    71.2   0.098   0.101   0.150   0.205   0.182    24.0    23.2    22.5    21.8    21.3
03761 20160909  2.422  -75.79   39.86    32.8    22.7    27.7    27.3     0.0    18.30 C    41.7    21.3    28.4    92.9    46.3    69.4   0.097   0.100   0.149   0.204   0.180    25.1    24.2    23.3    22.2    21.4
03761 20160910  2.422  -75.79   39.86    34.0    21.2    27.6    26.8     0.0    17.07 C    43.3    19.8    28.2    94.6    43.9    74.7   0.094   0.098   0.148   0.202   0.179    25.3    24.5    23.7    22.6    21.6
03761 20160911  2.422  -75.79   39.86    27.5    16.1    21.8    23.3     0.0    17.86 C    37.8    11.7    23.6    88.7    36.0    62.5   0.092   0.096   0.146   0.202   0.178    24.7    24.3    23.8    22.9    21.7
03761 20160912  2.422  -75.79   39.86    26.8    10.6    18.7    18.9     0.0    21.67 C    36.6     7.8    19.6    91.6    30.5    59.4   0.089   0.093   0.143   0.200   0.176    22.5    22.5    22.7    22.6    21.8
03761 20160913  2.422  -75.79   39.86    28.1    12.6    20.4    20.3     0.0    18.07 C    38.0    10.6    21.5    96.0    48.1    74.9   0.088   0.092   0.141   0.198   0.176    22.3    22.1    22.1    22.1    21.7
03761 20160914  2.422  -75.79   39.86    31.7    14.1    22.9    23.2     0.0    20.17 C    41.1    12.2    24.5    95.0    27.4    62.8   0.087   0.090   0.140   0.197   0.174    22.9    22.5    22.2    22.0    21.6
03761 20160915  2.422  -75.79   39.86    24.4    11.9    18.1    19.1     0.0    20.09 C    34.5     9.1    20.7    90.5    30.8    54.2   0.086   0.089   0.139   0.195   0.172    22.9    22.7    22.4    22.0    21.5
03761 20160916  2.422  -75.79   39.86    24.5     9.3    16.9    17.2     0.0    18.99 C    35.0     7.2    18.6    95.1    36.7    67.1   0.083   0.087   0.137   0.194   0.171    21.4    21.4    21.5    21.8    21.4
03761 20160917  2.422  -75.79   39.86    26.1    12.9    19.5    19.7     0.0    13.39 C    37.8    10.6    21.1    92.8    51.2    74.7   0.083   0.086   0.136   0.193   0.170    21.8    21.5    21.4    21.4    21.3
03761 20160918  2.422  -75.79   39.86    28.7    17.9    23.3    23.0     0.0     9.48 C    37.1    15.6    23.6    94.1    52.6    80.8   0.066   0.085   0.135   0.193   0.169    22.4    22.0    21.6    21.4    21.2
03761 20160919  2.422  -75.79   39.86    22.8    18.7    20.8    21.0    49.1     3.54 C    23.5    17.8    21.0    95.2    87.0    91.8   0.210   0.216   0.194   0.192   0.170    22.2    22.0    21.8    21.5    21.1
03761 20160920  2.422  -75.79   39.86    25.9    17.5    21.7    21.0     0.0    11.22 C    30.2    16.0    21.5    95.5    64.4    85.8   0.237   0.229   0.217   0.194   0.170    22.3    22.0    21.8    21.4    21.1
03761 20160921  2.422  -75.79   39.86    28.3    16.1    22.2    21.0     0.0    15.95 C    34.6    14.4    21.4    95.6    44.3    77.5   0.222   0.217   0.214   0.194   0.171    22.2    21.9    21.7    21.5    21.1
03761 20160922  2.422  -75.79   39.86    28.6    12.8    20.7    19.9     0.0    19.03 C    35.0    11.4    20.5    95.3    32.9    69.4   0.208   0.207   0.210   0.194   0.170    21.6    21.4    21.4    21.4    21.1
03761 20160923  2.422  -75.79   39.86    30.5    11.1    20.8    20.4     0.0    18.75 C    35.9     9.7    21.0    95.6    35.7    72.2   0.195   0.197   0.206   0.194   0.170    21.0    20.9    21.0    21.1    21.0
03761 20160924  2.422  -75.79   39.86    20.6     9.9    15.2    17.3     0.0     8.32 C    26.6     7.6    17.3    92.6    56.7    77.3   0.185   0.191   0.204   0.194   0.171    20.8    20.8    20.9    21.0    20.9
03761 20160925  2.422  -75.79   39.86    21.0     6.3    13.7    13.3     0.0    19.52 C    29.9     4.6    14.4    92.8    31.5    66.0   0.177   0.186   0.200   0.194   0.171    18.7    19.1    19.6    20.5    20.7
03761 20160926  2.422  -75.79   39.86    20.4     6.5    13.4    14.9     0.0     7.93 C    26.8     5.4    15.1    95.4    47.0    74.4   0.170   0.181   0.198   0.194   0.170    17.8    18.1    18.7    19.8    20.4
03761 20160927  2.422  -75.79   39.86    23.3    10.8    17.0    17.7     1.0    15.93 C    30.5     8.9    18.5    94.7    34.8    72.8   0.165   0.177   0.196   0.195   0.170    19.3    19.1    19.1    19.4    20.1
03761 20160928  2.422  -75.79   39.86    20.3     9.9    15.1    15.4     0.4     4.76 C    22.9     8.5    15.1    96.0    80.9    88.1   0.161   0.173   0.195   0.195   0.169    17.9    18.2    18.6    19.3    19.9
03761 20160929  2.422  -75.79   39.86    17.2    13.9    15.5    15.7    38.8     1.79 C    17.3    13.6    15.4    92.6    83.7    90.5   0.292   0.285   0.208   0.195   0.170    17.8    18.0    18.4    19.0    19.6
03761 20160930  2.422  -75.79   39.86    15.9    12.3    14.1    14.1    43.3     3.47 C    16.4    12.0    14.1    92.7    85.9    90.0   0.342   0.330   0.343   0.264   0.197    16.4    16.6    17.3    18.4    19.4
03761 20161001  2.422  -75.79   39.86    16.1    13.3    14.7    14.9     1.4     2.97 C    17.6    13.3    15.2    94.8    86.4    91.8   0.312   0.301   0.325   0.296   0.190    17.0    17.1    17.4    18.0    19.0
03761 20161002  2.422  -75.79   39.86    19.4    14.9    17.2    16.3     0.0     4.47 C    23.1    13.5    16.7    95.5    80.9    92.4   0.310   0.298   0.322   0.301   0.188    17.8    17.6    17.6    17.9    18.8
03761 20161003  2.422  -75.79   39.86    22.5    11.5    17.0    17.0     0.3    13.78 C    29.2     9.9    17.8    95.6    44.4    81.1   0.300   0.291   0.318   0.305   0.186    18.5    18.2    18.1    18.1    18.7
03761 20161004  2.422  -75.79   39.86    19.1    10.7    14.9    14.5     0.0     6.76 C    23.5     9.3    14.2    95.6    67.1    85.6   0.290   0.284   0.314   0.306   0.186    17.4    17.5    17.8    18.1    18.6
03761 20161005  2.422  -75.79   39.86    20.4     9.1    14.8    14.7     0.0    17.53 C    26.7     7.2    15.3    95.5    41.5    75.1   0.283   0.278   0.309   0.306   0.187    17.4    17.4    17.6    17.8    18.6
03761 20161006  2.422  -75.79   39.86    22.4     8.8    15.6    14.9     0.0    15.93 C    28.5     7.3    16.0    95.6    49.8    81.0   0.272   0.271   0.305   0.306   0.187    17.3    17.2    17.4    17.7    18.4
03761 20161007  2.422  -75.79   39.86    23.0     9.2    16.1    15.8     0.0    15.12 C    29.2     7.8    16.1    95.6    40.7    79.7   0.265   0.265   0.300   0.305   0.188    17.2    17.1    17.3    17.6    18.3
03761 20161008  2.422  -75.79   39.86    18.5    12.5    15.5    16.2     1.1     3.01 C    19.6    11.2    16.1    94.9    86.8    92.4   0.261   0.262   0.296   0.304   0.188    17.3    17.2    17.3    17.6    18.2
03761 20161009  2.422  -75.79   39.86    17.3    10.0    13.7    14.1     0.6     9.57 C    19.8     7.6    13.1    92.8    38.5    59.4   0.264   0.263   0.294   0.302   0.188    16.9    17.0    17.2    17.6    18.1
03761 20161010  2.422  -75.79   39.86    16.6     4.1    10.3    10.2     0.0    17.50 C    22.5     1.6    10.2    88.5    25.7    55.0   0.260   0.259   0.292   0.300   0.188    15.3    15.7    16.2    17.1    18.0
03761 20161011  2.422  -75.79   39.86    18.4     2.1    10.3     9.1     0.0    16.73 C    25.0     0.2     9.6    93.0    32.3    69.6   0.252   0.254   0.288   0.299   0.188    14.1    14.6    15.3    16.5    17.7
03761 20161012  2.422  -75.79   39.86    19.4     3.4    11.4    10.8     0.0    14.80 C    28.2     1.9    11.3    96.0    50.4    80.7   0.246   0.249   0.285   0.297   0.189    14.1    14.3    14.8    16.0    17.3
03761 20161013  2.422  -75.79   39.86    18.9     6.3    12.6    12.6     0.0     7.52 C    23.0     5.2    12.2   100.0    62.5    84.0   0.241   0.246   0.282   0.295   0.189    14.4    14.5    14.8    15.7    17.0
03761 20161014  2.422  -75.79   39.86    16.8     4.3    10.6     9.9     0.0    16.25 C    23.3     1.8    10.2    93.9    37.1    71.3   0.237   0.243   0.279   0.293   0.189    14.0    14.2    14.7    15.6    16.8
03761 20161015  2.422  -75.79   39.86    18.4     1.6    10.0     9.8     0.0    15.96 C    24.7     0.1    10.0    96.2    42.9    77.4   0.232   0.239   0.276   0.292   0.189    13.3    13.6    14.1    15.2    16.6
03761 20161016  2.422  -75.79   39.86    20.3     4.6    12.5    12.5     0.0     9.58 C    25.4     2.9    12.5    96.2    62.7    85.7   0.228   0.237   0.273   0.290   0.196    13.5    13.6    13.9    14.9    16.3
03761 20161017  2.422  -75.79   39.86    27.1    10.8    18.9    18.2     0.0    13.75 C    32.7     9.7    18.3    95.9    45.4    78.5   0.225   0.234   0.271   0.289   0.220    15.2    14.8    14.6    14.9    16.1
03761 20161018  2.422  -75.79   39.86    27.1    11.9    19.5    19.0     0.0    13.64 C    31.8    10.8    18.8    95.8    50.6    80.3   0.220   0.230   0.269   0.288   0.220    16.2    15.8    15.4    15.3    16.0
03761 20161019  2.422  -75.79   39.86    27.9    16.5    22.2    21.7     0.0    12.63 C    32.9    14.9    20.9    93.7    47.1    71.4   0.216   0.227   0.266   0.287   0.220    17.1    16.6    16.1    15.8    16.2
03761 20161020  2.422  -75.79   39.86    25.6    14.8    20.2    20.0     0.0     9.07 C    30.7    12.5    19.4    90.5    53.0    70.5   0.212   0.223   0.263   0.286   0.214    17.4    17.0    16.6    16.2    16.3
03761 20161021  2.422  -75.79   39.86    25.8    12.4    19.1    18.5     0.0    11.35 C    30.4    11.4    19.0    94.2    47.8    79.1   0.208   0.220   0.261   0.285   0.193    17.9    17.5    17.1    16.5    16.5
03761 20161022  2.422  -75.79   39.86    12.4     7.5    10.0    10.1     0.8     5.60 C    13.7     5.0     9.1    83.2    41.1    60.4   0.206   0.217   0.259   0.284   0.190    15.6    16.0    16.4    16.7    16.7
03761 20161023  2.422  -75.79   39.86    17.4     6.0    11.7    11.0     0.0    12.25 C    22.0     3.7     9.8    86.3    39.2    59.2   0.204   0.215   0.256   0.282   0.191    13.8    14.1    14.9    16.0    16.7
03761 20161024  2.422  -75.79   39.86    17.2     6.5    11.8    13.1     0.0     9.93 C    22.4     1.9    11.6    81.9    38.1    53.9   0.201   0.212   0.253   0.280   0.190    13.6    13.9    14.4    15.4    16.4
03761 20161025  2.422  -75.79   39.86    12.0    -0.6     5.7     6.9     0.0     9.24 C    18.8    -2.8     5.6    90.1    34.6    61.8   0.197   0.209   0.251   0.278   0.189    12.3    12.8    13.7    14.9    16.1
03761 20161026  2.422  -75.79   39.86    10.6    -2.5     4.0     4.7     0.0    13.20 C    16.7    -4.7     5.1    92.6    37.3    63.7   0.196   0.206   0.249   0.277   0.190    10.7    11.3    12.4    14.2    15.8
03761 20161027  2.422  -75.79   39.86    15.0     5.8    10.4     9.7     9.1     1.27 C    14.5     4.6     9.2    95.3    51.6    77.1   0.216   0.208   0.247   0.275   0.192    11.4    11.7    12.2    13.6    15.3
03761 20161028  2.422  -75.79   39.86    12.1     0.7     6.4     8.2     0.0    13.47 C    16.2    -1.6     7.0    90.4    36.5    60.3   0.246   0.224   0.247   0.274   0.190    11.8    12.0    12.4    13.4    15.0
03761 20161029  2.422  -75.79   39.86    18.5    -0.2     9.2    10.8     0.0    10.95 C    23.6    -1.7    10.5    94.3    45.7    71.8   0.238   0.223   0.247   0.273   0.190    10.8    11.0    11.7    13.1    14.7
03761 20161030  2.422  -75.79   39.86    25.6    12.6    19.1    18.8     4.8    10.37 C    29.9    10.6    18.0    89.3    46.4    65.7   0.242   0.223   0.247   0.272   0.190    13.6    13.1    12.8    13.0    14.5
03761 20161031  2.422  -75.79   39.86    12.6     2.2     7.4     8.1     0.0    13.06 C    18.5    -0.3     7.5    91.6    41.1    64.1   0.251   0.228   0.248   0.271   0.189    13.0    13.1    13.3    13.5    14.4
03761 20161101  2.422  -75.79   39.86    13.2    -0.7     6.3     7.4     0.0     6.34 C    17.4    -2.8     6.9    95.5    55.4    77.6   0.243   0.227   0.248   0.270   0.190    10.8    11.2    12.0    13.2    14.4
03761 20161102  2.422  -75.79   39.86    21.1     6.2    13.7    13.1     0.0    10.86 C    26.1     4.3    13.1    95.2    58.7    82.6   0.237   0.225   0.248   0.270   0.189    12.0    11.9    12.1    12.9    14.2
03761 20161103  2.422  -75.79   39.86    22.1     9.2    15.6    15.5     0.3     4.13 C    21.5     4.9    13.5    95.9    53.4    78.0   0.231   0.223   0.248   0.269   0.190    12.9    12.7    12.7    13.0    14.1
03761 20161104  2.422  -75.79   39.86    14.5     1.9     8.2     9.9     0.0    12.10 C    19.5    -0.6     8.5    85.3    34.5    61.0   0.230   0.222   0.247   0.269   0.190    12.4    12.5    12.8    13.1    14.1
03761 20161105  2.422  -75.79   39.86    17.0     0.7     8.8     8.8     0.0    12.27 C    20.9    -1.4     7.1    85.2    36.6    63.2   0.225   0.219   0.246   0.267   0.190    10.6    11.0    11.7    12.9    14.0
03761 20161106  2.422  -75.79   39.86    15.8     5.4    10.6    11.5     0.0    10.53 C    20.7     0.9     9.0    67.0    21.3    45.4   0.221   0.216   0.244   0.267   0.189    10.7    11.0    11.5    12.5    13.8
03761 20161107  2.422  -75.79   39.86    12.7     0.0     6.4     5.7     0.0    12.30 C    20.7    -2.5     5.2    87.6    29.9    59.6   0.217   0.213   0.243   0.266   0.189     9.7    10.2    10.9    12.1    13.6
03761 20161108  2.422  -75.79   39.86    19.4    -0.5     9.4     8.9     0.0    11.86 C    24.3    -2.7     7.7    89.2    22.7    59.5   0.213   0.210   0.242   0.265   0.189     9.4     9.7    10.4    11.7    13.3
03761 20161109  2.422  -75.79   39.86    12.4     6.5     9.4     9.6     6.1     3.05 C    14.4     4.6     9.2    93.0    68.1    82.0   0.214   0.209   0.241   0.264   0.189    10.5    10.5    10.8    11.5    13.1
03761 20161110  2.422  -75.79   39.86    12.7     3.9     8.3     8.4     0.0    11.32 C    16.9     1.3     6.6    69.4    42.8    55.4   0.230   0.215   0.241   0.264   0.189     9.9    10.1    10.6    11.6    13.0
03761 20161111  2.422  -75.79   39.86    16.2     4.2    10.2    10.2     0.0     9.82 C    17.9     0.6     7.4    59.9    30.6    44.3   0.233   0.217   0.240   0.264   0.189     9.3     9.6    10.2    11.3    12.8
03761 20161112  2.422  -75.79   39.86     8.5    -3.1     2.7     3.3     0.0    11.74 C    15.2    -5.7     2.1    80.0    35.7    52.5   0.230   0.216   0.240   0.262   0.189     8.1     8.7     9.5    11.0    12.6
03761 20161113  2.422  -75.79   39.86    14.2     0.2     7.2     6.2     0.0    11.59 C    17.6    -4.7     2.9    70.3    22.0    47.2   0.227   0.215   0.240   0.261   0.189     7.1     7.7     8.6    10.4    12.3
03761 20161114  2.422  -75.79   39.86    15.5    -2.7     6.4     7.2     0.0     7.98 C    20.7    -5.7     5.2    79.4    19.8    50.3   0.224   0.213   0.239   0.260   0.188     7.1     7.4     8.2     9.9    11.9
03761 20161115  2.422  -75.79   39.86    16.6     3.2     9.9     9.5     0.0     9.78 C    22.5    -1.6     7.7    72.2    22.9    47.0   0.223   0.212   0.240   0.260   0.189     8.7     8.7     8.9     9.7    11.6
03761 20161116  2.422  -75.79   39.86    15.3     0.5     7.9     8.8     0.0     7.49 C    19.8    -3.0     6.7    73.6    39.1    60.2   0.218   0.211   0.239   0.260   0.189     7.9     8.2     8.7     9.8    11.5
03761 20161117  2.422  -75.79   39.86    14.6     3.6     9.1     9.3     0.0    10.75 C    19.5     0.1     6.9    86.3    43.7    64.3   0.216   0.209   0.238   0.260   0.188     8.7     8.8     9.0     9.7    11.4
03761 20161118  2.422  -75.79   39.86    19.4     1.7    10.5    10.4     0.0     9.57 C    22.6    -1.3     7.8    87.1    39.7    64.9   0.213   0.207   0.237   0.259   0.188     8.6     8.6     8.9     9.7    11.3
03761 20161119  2.422  -75.79   39.86    19.7     1.6    10.6     8.7     2.7     9.93 C    24.6     0.3     8.4    92.6    42.2    70.7   0.211   0.205   0.236   0.259   0.189     8.9     8.9     9.1     9.8    11.2
03761 20161120  2.422  -75.79   39.86     5.1     1.8     3.5     3.5     0.0     7.53 C     8.7    -0.6     3.1    67.7    42.1    49.6   0.211   0.204   0.235   0.259   0.189     7.3     7.9     8.6     9.8    11.1
03761 20161121  2.422  -75.79   39.86     5.2     1.7     3.5     2.8     0.0     9.55 C    10.4    -0.3     2.6    46.6    35.0    41.9   0.212   0.204   0.234   0.258   0.190     6.1     6.7     7.7     9.2    11.0
03761 20161122  2.422  -75.79   39.86     7.4    -3.5     2.0     3.1     0.0     9.37 C    12.5    -7.0     1.9    76.8    36.2    49.2   0.210   0.202   0.233   0.257   0.189     5.9     6.3     7.1     8.7    10.7
03761 20161123  2.422  -75.79   39.86     7.8    -3.3     2.2     2.5     0.0    10.35 C    13.9    -7.3     1.9    77.1    34.4    57.6   0.208   0.200   0.233   0.256   0.189     5.1     5.6     6.5     8.3    10.4
03761 20161124  2.422  -75.79   39.86    11.0    -0.3     5.3     5.9     0.3     3.33 C    13.3    -2.0     5.1    83.1    51.9    68.0   0.208   0.200   0.232   0.255   0.188     6.4     6.4     6.8     8.0    10.1
03761 20161125  2.422  -75.79   39.86    11.0     3.0     7.0     7.2     0.0     2.37 C    13.9     0.3     6.8    88.4    60.7    77.8   0.208   0.199   0.231   0.255   0.188     7.3     7.2     7.4     8.2     9.9
03761 20161126  2.422  -75.79   39.86     9.0     3.7     6.4     6.0     0.0     5.58 C    15.5    -0.2     4.8    80.8    55.3    65.8   0.207   0.198   0.230   0.255   0.187     7.4     7.5     7.7     8.3     9.9
03761 20161127  2.422  -75.79   39.86     8.8    -1.7     3.5     4.7     0.0     8.24 C    14.9    -4.8     2.9    80.3    40.0    58.8   0.205   0.196   0.230   0.254   0.187     6.4     6.8     7.3     8.3     9.8
03761 20161128  2.422  -75.79   39.86    11.1    -4.6     3.3     4.0     0.0     6.44 C    14.4    -6.5     3.0    89.8    40.4    67.2   0.203   0.196   0.229   0.254   0.187     5.5     5.9     6.6     8.0     9.7
03761 20161129  2.422  -75.79   39.86    14.4     7.3    10.8    11.6    25.5     0.50 C    13.7     5.0    10.4    95.2    66.8    89.0   0.277   0.248   0.241   0.253   0.186     7.8     7.4     7.4     7.9     9.5
03761 20161130  2.422  -75.79   39.86    15.8    11.6    13.7    13.6    35.7     0.89 C    15.8    10.7    13.2   100.0    93.9    96.6   0.354   0.317   0.307   0.267   0.186    10.2     9.5     9.0     8.5     9.6
03761 20161201  2.422  -75.79   39.86    14.9     4.5     9.7     9.4     0.5     6.30 C    14.9     0.8     8.4    95.8    47.3    62.3   0.346   0.316   0.337   0.338   0.212    10.2    10.1     9.9     9.4     9.8
03761 20161202  2.422  -75.79   39.86     8.6     2.0     5.3     5.3     0.0     8.76 C    11.7    -0.8     4.2    65.4    43.1    54.8   0.326   0.300   0.324   0.336   0.216     7.7     8.2     8.7     9.4    10.0
03761 20161203  2.422  -75.79   39.86     8.2     2.2     5.2     6.0     0.0     3.85 C    10.6    -0.7     4.8    68.3    51.7    57.4   0.317   0.293   0.318   0.333   0.216     6.9     7.3     7.9     8.9    10.0
03761 20161204  2.422  -75.79   39.86     6.9     2.6     4.8     5.0     0.0     6.68 C    12.0     1.0     4.9    74.9    44.8    56.9   0.313   0.289   0.315   0.332   0.216     7.0     7.2     7.7     8.6     9.9
03761 20161205  2.422  -75.79   39.86     9.1     1.1     5.1     4.4     3.5     5.93 C    13.9    -1.2     3.9    96.3    56.9    79.6   0.328   0.293   0.315   0.330   0.216     6.8     7.1     7.5     8.4     9.7
03761 20161206  2.422  -75.79   39.86     6.0    -0.7     2.7     3.4    15.9     1.92 C     6.9    -2.0     2.7    92.5    55.0    79.6   0.346   0.310   0.328   0.336   0.216     5.8     6.2     6.9     8.1     9.5
03761 20161207  2.422  -75.79   39.86     7.9    -2.0     2.9     3.6     1.4     4.20 C    10.6    -3.9     3.2    95.0    59.4    84.7   0.356   0.321   0.340   0.350   0.229     6.3     6.4     6.8     7.8     9.3
03761 20161208  2.422  -75.79   39.86     6.4    -2.3     2.1     1.3     0.0     3.90 C     7.5    -3.9     0.3    95.2    33.1    62.7   0.339   0.306   0.328   0.341   0.232     4.9     5.4     6.2     7.6     9.1
03761 20161209  2.422  -75.79   39.86     2.2    -2.9    -0.4    -0.9     0.0     6.77 C     6.6    -5.0    -1.7    62.3    42.1    52.5   0.329   0.299   0.322   0.337   0.231     3.5     4.2     5.3     7.1     8.9
03761 20161210  2.422  -75.79   39.86     1.8    -4.7    -1.5    -1.9     0.0     8.58 C     5.8    -7.4    -2.7    65.9    34.3    54.0   0.320   0.294   0.318   0.335   0.230     2.8     3.5     4.5     6.3     8.6
03761 20161211  2.422  -75.79   39.86     0.3    -5.5    -2.6    -2.0     0.0     2.91 C     3.3    -7.3    -1.7    74.5    48.2    62.5   0.315   0.291   0.315   0.333   0.228     2.4     3.0     4.0     5.8     8.1
03761 20161212  2.422  -75.79   39.86     8.6    -0.3     4.1     3.9    10.0     2.49 C    10.8    -2.7     2.5    96.6    60.8    83.7   0.351   0.321   0.336   0.337   0.227     3.5     3.6     4.1     5.5     7.8
03761 20161213  2.422  -75.79   39.86     5.4    -1.8     1.8     1.9     0.0     5.16 C    10.3    -3.4     1.6    81.4    50.8    64.9   0.338   0.311   0.332   0.342   0.230     3.7     3.9     4.4     5.5     7.5
03761 20161214  2.422  -75.79   39.86     4.2    -3.0     0.6     1.1     0.0     8.30 C     8.0    -5.2     0.0    86.3    36.5    61.3   0.331   0.304   0.326   0.339   0.231     3.7     4.0     4.4     5.5     7.3
03761 20161215  2.422  -75.79   39.86     0.9    -9.8    -4.5    -5.8     0.0     7.32 C    -0.9   -10.0    -5.7    80.6    23.1    38.4   0.322   0.298   0.321   0.337   0.232     2.4     2.9     3.8     5.3     7.2
03761 20161216  2.422  -75.79   39.86    -4.7   -11.3    -8.0    -7.7     0.0     4.85 C     2.9   -11.5    -5.9    58.7    41.7    50.3   0.302   0.288   0.316   0.334   0.231     1.3     2.0     3.0     4.8     7.0
03761 20161217  2.422  -75.79   39.86     0.3    -4.8    -2.2    -1.1    16.3     1.22 C     0.5    -3.8    -0.7    97.5    52.8    87.4   0.341   0.313   0.329   0.333   0.231     1.1     1.6     2.5     4.3     6.7
03761 20161218  2.422  -75.79   39.86    14.1    -0.5     6.8     6.2     1.9     0.95 C    10.6    -2.5     3.8   100.0    48.6    79.9   0.362   0.331   0.346   0.348   0.236     1.5     1.7     2.4     3.9     6.3
03761 20161219  2.422  -75.79   39.86    -0.5    -5.5    -3.0    -3.1     0.0     8.22 C     3.7    -5.8    -2.7    68.3    38.6    49.9   0.343   0.314   0.334   0.344   0.245     1.7     1.9     2.5     3.8     6.0
03761 20161220  2.422  -75.79   39.86     0.3   -10.3    -5.0    -4.7     0.0     8.98 C     5.1    -9.9    -4.4    83.4    39.2    58.0   0.321   0.302   0.325   0.339   0.246     1.3     1.6     2.3     3.7     5.8
03761 20161221  2.422  -75.79   39.86     5.0    -6.7    -0.8    -0.9     0.0     5.24 C     6.8    -7.4    -2.7    84.6    39.0    61.5   0.311   0.293   0.320   0.336   0.247     1.1     1.4     2.1     3.5     5.6
03761 20161222  2.422  -75.79   39.86     9.8    -4.5     2.6     3.4     0.0     8.16 C    10.2    -6.0     1.6    85.8    32.1    57.0   0.312   0.291   0.316   0.334   0.249     1.1     1.4     2.0     3.3     5.4
03761 20161223  2.422  -75.79   39.86     6.2    -4.4     0.9     2.1     0.0     7.72 C     8.5    -6.1     0.0    84.1    42.2    60.5   0.318   0.294   0.316   0.331   0.249     1.3     1.5     2.0     3.2     5.3
03761 20161224  2.422  -75.79   39.86     7.2     1.5     4.3     4.5    10.5     1.27 C     7.8    -0.4     3.0    96.2    65.7    84.9   0.354   0.323   0.336   0.337   0.249     2.1     2.0     2.3     3.2     5.2
03761 20161225  2.422  -75.79   39.86     8.2    -2.8     2.7     2.5     0.0     8.78 C    10.8    -4.8     0.2    94.3    50.3    77.0   0.343   0.318   0.335   0.344   0.252     2.7     2.6     2.8     3.4     5.1
03761 20161226  2.422  -75.79   39.86     7.6    -3.5     2.1     3.3     0.0     1.13 C     6.2    -5.0     2.2    95.6    69.0    82.2   0.333   0.310   0.329   0.340   0.255     2.2     2.3     2.7     3.6     5.1
03761 20161227  2.422  -75.79   39.86    16.2     5.6    10.9    11.4     0.3     5.17 C    17.8    -0.7     8.1    90.8    33.3    65.3   0.331   0.309   0.326   0.338   0.255     4.7     4.1     3.7     3.8     5.1
03761 20161228  2.422  -75.79   39.86     6.1    -4.9     0.6     1.7     0.0     5.40 C    11.8    -6.3    -0.3    87.0    48.0    63.6   0.325   0.304   0.323   0.337   0.254     3.8     3.9     4.1     4.3     5.3
03761 20161229  2.422  -75.79   39.86     5.8    -4.9     0.4     2.5     6.2     1.26 C     6.2    -5.9     0.6    95.3    48.8    78.5   0.344   0.316   0.328   0.336   0.254     2.6     2.8     3.4     4.2     5.4
03761 20161230  2.422  -75.79   39.86     3.9    -1.8     1.0     1.3     0.0     6.90 C     7.7    -6.4    -0.7    63.6    36.0    51.2   0.341   0.316   0.332   0.340   0.254     2.2     2.5     3.0     4.0     5.4
03761 20161231  2.422  -75.79   39.86     6.2    -4.1     1.0     2.0     0.0     6.93 C     8.5    -7.0     0.5    71.5    36.6    51.0   0.328   0.308   0.326   0.339   0.257     1.8     2.1     2.6     3.8     5.3
